NaN	-0.99976057262796	-1.61736355567272	-1.51380632311012	-1.85799756416513	-1.96190367783581
NaN	-0.635370085286306	-1.16708608049264	-0.148693633362839	-0.765307689475248	-0.925323647868107
NaN	1.86579172630283	2.01752557212632	2.56326093948816	2.63727510942261	4.00820563292374
NaN	-0.174912345544419	0.284645342649991	-1.93291332393781	-1.08048723297944	0.00974714979616022
NaN	-1.85183047370856	-1.24106068735964	-2.17736667227919	-2.08563920298468	-4.41115198658098
NaN	-0.626145157500117	-1.36933861633061	0.0403887109007061	-0.475538253701988	-1.27041012489772
NaN	1.9298805680889	1.5500543775875	2.38737930315133	2.56211260595773	4.22730138546596
NaN	-0.309881673855822	0.586971517682155	-1.33164185065315	-0.626092648027576	0.130079790460146
NaN	-1.29096442340736	-0.765729053494175	-0.856750198360974	-1.04139379140333	-3.66965954644306
NaN	-0.193871545205839	-0.870474257315971	0.742116294719719	0.439503338569543	-0.412522052147166
NaN	-0.192562073340521	-0.0773678360135531	0.792530378334796	0.544896559007702	0.953567732398257
NaN	-0.225944679765829	0.0265975779903051	-0.276803969393068	-0.0369847647408246	0.124648484449178
NaN	0.233360341603367	-0.314027682851307	0.194773203349214	0.0521677008181156	-0.295921478201654
NaN	0.161034149477239	0.00359494722290904	0.399082115888674	0.568022929651637	0.689003662907085
NaN	0.0251914932577322	0.238380025415801	-0.187778635026385	-0.322053015691724	0.159551749967268
NaN	0.29350605497899	0.116477976555476	-0.430876166638877	-0.560886483987934	-0.621297018903555
NaN	0.271533292777981	-0.125507015288458	-0.409751599114914	-0.458507339004669	-0.269036321049538
NaN	0.241391106121181	-0.0912126658334996	0.251628735497651	0.574500534220311	0.453513695126797
NaN	3.77703633861684	3.87228984761623	5.72997336937101	5.00964694367776	6.13674027239479
NaN	4.73945827689984	5.6254566515421	5.27618259943803	5.25283564084121	6.83669743925662
NaN	2.75141096460324	4.19288569620771	2.75025314455073	3.52377600938516	4.05106418593033
NaN	0.938141377844651	2.3222654129244	-0.132404261596238	0.961018530552661	1.92962927924636
NaN	-2.94374169248783	-1.90613864185621	-5.16105231199164	-3.93354913758087	-4.1908758632676
NaN	-3.41820738791042	-3.60340055116719	-2.7023804088824	-3.58961890661001	-6.23584926685787
NaN	0.555866002463938	-0.620259992093912	2.12615390045658	1.11931483396388	1.41181102277137
NaN	-0.0885949736608353	-0.353449781146927	-1.46104694372002	-1.06738621157926	0.763671389036268
NaN	-3.36244617219859	-2.63803184379178	-2.84295051915722	-2.75987866955623	-5.320986721018
NaN	1.66890139857368	0.381177911239697	2.52880346989718	2.0934158441691	2.74495140869465
NaN	-0.246219468981935	-0.44692062070814	-2.30220919925771	-1.14782289531852	0.629019469094803
NaN	-3.12188995893126	-1.91007678078069	-2.21691403090427	-1.80730075763468	-4.38723269517997
NaN	-0.605266768398013	-1.20268621158119	-0.128267487156226	-0.86743781056345	-0.918744590988876
NaN	0.24888512227222	-0.464432381747489	1.69352718301633	0.882815367877663	0.60084852259042
NaN	0.494753165444421	0.336263183541683	-0.434539403482493	-0.839303514908419	1.07006151910397
NaN	-2.65114780465458	-1.81376298543578	-3.97751262747102	-3.77467057369432	-4.49308940435822
NaN	-1.99709735045836	-3.10630971404149	-2.94933339420733	-3.72680932245543	-5.72287537867137
NaN	-1.03530447895738	-3.00216230873602	-1.7248918358015	-2.40132800660163	-2.1608184887545
NaN	-0.912351560162585	-2.21606643934005	-1.41978854716193	-1.98028374948956	-1.55445929443632
NaN	-0.685079283734458	-1.54668881445552	-1.02434601436799	-1.02021628556033	-0.903413344697286
NaN	-0.323680599577225	-1.21480018441095	-0.686618355836385	-0.582488861952415	-0.640516810151227
NaN	-0.178574881359865	-0.754814266094759	-0.0137651581790883	0.541045479392536	0.0782852092428394
NaN	-0.0689392642191466	-0.15721604948488	0.76205229296916	0.511992479935826	0.669482097653217
NaN	0.106750397391669	0.12154485862003	0.0304516291434376	0.179918087228959	0.0433363504562984
NaN	0.507625346206584	0.417991058721929	0.250928421467814	0.173524111603965	0.331903171083231
NaN	0.489184034368644	0.781454498280706	1.28319521876919	1.26867184789745	0.73305973377394
NaN	0.416048607486623	0.975984856588008	0.665492385205223	1.04172353730249	1.18671106594145
NaN	0.49743034122177	1.05927734474992	0.602634647598539	0.731477243035039	0.586169020201156
NaN	0.648638572569928	0.807093184455283	0.389028749956774	0.369565083962462	0.581344386069845
NaN	0.510828077043455	0.818933132925719	0.68307476817256	0.489582128149681	0.673842685441881
NaN	0.724003907363059	0.798658813855249	1.30827933707875	1.06068600331268	1.20073180981006
NaN	0.709872710342336	0.780181846955433	1.16028106037143	1.15252606668711	1.23682129158557
NaN	0.655143762759859	1.06246390410106	0.839603533667101	0.557391514930124	1.14954949623783
NaN	0.625062503351641	0.747434114087447	0.342629473895459	0.458189693583294	0.798078088464944
NaN	0.569469165235876	0.959356358247972	0.50402738907152	0.633943038709754	0.747376210172544
NaN	2.49110761068834	3.00938486696644	5.42699415404158	5.22811299202414	4.50765948112555
NaN	4.31051987435894	4.93287954423312	3.2333741863173	4.03215027431521	6.95446635297215
NaN	-0.775557251355245	1.51006158527096	-2.6443630661419	-1.04852294179233	-0.432430926987237
NaN	-2.04267727609936	-0.893778824127357	-1.61405345762087	-1.91042415522388	-4.62531441193836
NaN	-0.15172399606178	-1.3009611214792	-0.316785538321849	-1.04492210551421	-0.00365358830381918
NaN	-0.174992645501371	-0.833112794989916	-0.540864916006272	-0.496072219195667	0.148058966680997
NaN	-0.74917874117643	-0.565079338374176	-0.420586691298121	-0.597365216293548	-1.13354217078399
NaN	-0.220344854975568	-0.376755047798946	0.0667484612214573	0.141118705624781	-0.687833417700687
NaN	-0.203884430432601	-0.0831024980121007	0.725625323544497	0.712066730287653	0.541383511493591
NaN	-0.127687002279312	0.279889117398006	1.17394726926296	0.956971828872136	0.273995042856246
NaN	3.83929657242853	3.80017408363157	4.98370709578913	5.00307642131079	6.10631166630132
NaN	1.41062339728582	2.40848518211227	-0.595896332130675	1.05773182071083	2.91084300522729
NaN	-1.52610634821692	0.236959587273779	1.88874806667625	1.65993259302962	-1.54721093565736
NaN	0.919659979190962	0.432746178932906	-0.732698967645401	-0.305617678699716	2.04739186034435
NaN	-1.55014955821884	-1.57046901187412	-2.94800129050556	-2.39678919793575	-2.46323970365614
NaN	-0.0193770788262005	-0.510465331313834	1.70963091518344	0.848937750777857	-0.281666914540394
NaN	0.44865873020234	-0.339546209579876	-1.78243359112464	-1.20276382517707	0.568172678191072
NaN	-2.19161251890113	-1.91403113328403	-2.50211582976088	-2.61006894239926	-3.76997912033649
NaN	-2.16532050908802	-2.76129971496322	-2.67644808455796	-3.21016642984088	-4.43809346393493
NaN	-1.27485741735263	-2.70146979681252	-2.15751986613526	-3.03481807191263	-3.19111260838865
NaN	-1.20331875674906	-2.14181042414493	-1.87823015561635	-2.22417501449605	-2.59979342155437
NaN	-1.10331536621372	-1.59178530143383	-0.670937467892853	-1.15538072447971	-1.85065926411313
NaN	-0.74735893199031	-0.914802364433503	-0.215017814735835	-0.560302764543615	-0.485858893508499
NaN	-0.660505494516945	-0.411160808653712	-0.284341515310461	-0.576403971853546	0.184374912757366
NaN	-0.325533173904222	-0.180435130688045	-0.553324611412003	-0.839186239086939	-0.377538322375509
NaN	-0.0612565447735308	-0.566012819616332	0.0704946010904471	0.0355356414443326	-1.18092869286923
NaN	0.776611343687582	0.379709223946829	0.594367927398483	0.756014801637134	1.33619163568058
NaN	1.95734258568615	2.48016955303958	3.05911841826489	3.11018864105158	3.64778586004855
NaN	0.558822148222761	1.29712029644235	-1.17523426153052	-0.556849857898324	0.874294597936356
NaN	-1.76980265384812	-1.10326700527726	-2.4430980059532	-2.28531982215427	-3.69133088186912
NaN	-0.631811449183407	-1.85202400364066	-1.25854538890954	-1.56394880649885	-2.60202639928502
NaN	-0.128211755537213	-1.52724118208484	-0.793146354723	-0.909376977591778	-0.89056272393997
NaN	-0.449669094441455	-1.01130234120059	-0.617091753208799	-0.473300286009375	-0.850850378548031
NaN	-0.281962360214838	-0.803762164663407	-0.392190681926347	-0.544665793749875	-0.665503470944739
NaN	-0.0219927735904788	-0.723161457393408	-0.123846113088842	-0.345550051084656	-0.205014812549874
NaN	0.03325984472983	-0.237436057590769	0.0658516473820465	-0.0683410558175897	0.0753866253223029
NaN	0.197519258238191	-0.139765029607105	-0.0358859376524771	0.74969261304901	0.536042442092888
NaN	0.20276228270067	0.324570843191581	0.213178305247085	0.633265666209659	0.490976278964256
NaN	0.0943791606569251	0.198884162168405	0.390719852748437	0.138013814815088	0.0428044146204471
NaN	0.108079605405376	0.491347237674166	0.450967093528059	0.31069287439263	0.23470802321628
NaN	0.188005022440164	0.176519343533113	0.85141830254421	0.785295952824513	0.999762922704923
NaN	0.230330683859087	0.456876218913764	0.562155666011027	0.579943365874903	0.818914824562577
NaN	0.502210015556081	0.728069856061128	0.388001787559467	0.438056952175696	0.223059073254304
NaN	0.164804914210396	0.559238105182376	0.365847840408826	0.301235018902043	0.37748070131645
NaN	1.39681903164953	1.5571617195659	4.17261365113206	3.68089057360086	2.65899885121686
NaN	4.92213475866097	5.54897627020488	6.11984006717598	6.04513980754352	7.9583511700551
NaN	4.15649818837805	5.21449115774045	4.63731212822457	5.02660759006855	6.41557604246971
NaN	2.30523242615128	4.09496599199686	2.94312711084193	3.31984173728577	3.95197294557835
NaN	1.43454433861052	2.61070780826417	1.76925591020431	2.0318440494687	2.63839112023729
NaN	1.14695190312821	1.66803996374975	0.835026410977086	1.20513236818387	1.50885291145369
NaN	0.368640593070472	0.671535980165046	0.0630254182541244	0.329092020666784	0.827127929863666
NaN	-1.55137465914944	-0.936999496141699	-3.49470308739354	-2.75030658178776	-1.70640099025153
NaN	-5.54143508288357	-4.47654397803984	-7.08047121569194	-6.61043204902181	-8.74352038361292
NaN	-4.17199243344424	-5.6218922769222	-5.03393786166434	-5.64426421642783	-7.75388480886185
NaN	-3.2001026717366	-4.90922295587987	-2.98725334174126	-3.00716247698228	-3.55659914785813
NaN	-0.206613190365266	-1.05768491271109	1.11229508909327	0.892843340468059	1.45502761104374
NaN	-1.33284011872632	-1.43906039175661	-3.6684415886581	-3.1705675651889	-1.35406319749705
NaN	-3.92276882456792	-3.37260225223848	-4.45135584740164	-4.70841614466129	-7.74729913976557
NaN	-2.18259483179149	-3.49638906142803	-2.50127780541654	-3.53500975706205	-4.05871731247272
NaN	-1.49426168111599	-2.68677539680671	-1.46519283787344	-2.21757125233959	-1.69701099065195
NaN	-1.40315139213585	-1.65425493434309	-0.664855161026057	-1.23675821048225	-1.51881107795516
NaN	-0.937604899162986	-1.34787983661518	-1.21012170568257	-1.35102297428148	-1.55080990508609
NaN	-0.453916416665726	-0.998608132809714	-0.594902382373847	-0.110453188361199	-0.293317750844262
NaN	-0.12719261071435	-0.508761188708895	-0.157931814990676	-0.364078591056204	0.541560713686612
NaN	0.300070135069706	-0.335803082386059	0.174982455280057	0.121631434453913	-0.285143533740559
NaN	1.11935257580007	1.31710184080078	3.43923582599932	2.77583912861805	1.6365170066213
NaN	3.32758626841432	3.78118659678909	4.05873781607249	4.34461958400195	6.42205578344371
NaN	0.458924051498072	1.88251799904928	-1.33036039611875	0.0211088937631601	1.60500881382052
NaN	1.23592695089373	1.60524842120541	4.08047706418282	3.18222001552225	0.810480872018636
NaN	5.15953924948463	4.55179646321453	4.89001473748515	4.53307012506847	6.50112520912699
NaN	0.680699334925899	2.01278907389139	-1.79772089559015	-0.432519797174762	1.05081864446705
NaN	-2.27515303415087	-0.911465439113367	0.185480499908934	-0.378190334805604	-5.57513760848582
NaN	3.9773880525472	2.57817795860601	4.2937394340987	3.80674354580719	5.36733297358311
NaN	3.45922651231268	3.39731144332437	2.64231675701994	2.98636318035529	4.81749088754367
NaN	-1.78873234835129	0.108756302501875	-4.15647744358528	-2.34331341984515	-1.78878270918952
NaN	-3.81922974147518	-2.96944978947503	-3.76827725290717	-4.40711428046816	-8.49190181471247
NaN	-0.776655943318306	-2.81277237767722	0.814102500313536	-0.824414639000067	-1.14986038301532
NaN	1.77312810700066	0.22863285097458	0.690108740518829	0.371481165370083	3.83426850265272
NaN	-1.4801449436575	-1.35916751680821	-3.07467468112574	-2.41727251313321	-2.08295022281597
NaN	-2.19456755378707	-1.98055969585839	-1.25591239563748	-1.93766471014192	-4.01952034425491
NaN	-0.567119304482505	-1.89602827959365	-1.25786877789323	-1.66003207338811	-0.767280740974251
NaN	-0.360344196598627	-1.69064936390925	-0.992469624791954	-1.37861229054791	-0.357673140669693
NaN	-0.457867842266613	-1.07242779483268	-0.540337509535185	-0.732535934186941	-0.489277864710767
NaN	-0.0543523852782303	-0.623525490274726	-0.162008456556109	-0.444782551191664	-0.164357854569853
NaN	-0.0730740896518558	-0.309678387478416	0.0739698508145839	0.540195564978078	0.162393867011439
NaN	0.0721696353178474	0.0276856528617299	0.23117717913239	0.931858324648944	1.49752615689441
NaN	0.458590140158792	0.476091969176562	0.994729288594185	0.846716078815897	0.707932049912147
NaN	0.490035958337798	1.14283170553461	1.45574146228811	1.38777329940299	1.21164726660209
NaN	0.503047261504324	0.938479162586334	0.34494892471173	0.569604350756306	1.14319281795395
NaN	0.598399290439544	0.59379215980016	0.325216757871061	0.333928774951533	0.515715530526199
NaN	3.59926673362612	3.9827835049479	6.2123549198264	5.82545612967417	6.02373488383534
NaN	5.20413256055537	5.92836389082169	5.7349116386136	6.08696563525301	7.54336130639983
NaN	2.75590135296325	4.42880323223027	2.9960834395619	3.87551918430411	4.71361405217657
NaN	1.12257618989771	2.92581499114532	1.43351179016117	2.12934639573055	2.12500644916614
NaN	-1.22659535792519	-0.549888563108896	-3.80579617777163	-2.23078490691987	-1.81452544786971
NaN	-3.36410669596096	-3.3236658163974	-3.96601389570977	-3.45337740002608	-5.38896352597895
NaN	-2.19290869708393	-3.43595536280407	-1.47101848630797	-1.95068052491942	-2.59614456700735
NaN	0.953124237109068	-0.0336438842436215	2.72511389929684	1.67942620409139	1.92925128309081
NaN	2.82969105918181	3.06457159290914	3.44957061162871	2.85781547170648	3.85057450009625
NaN	1.27324260759044	2.11977393501182	0.536192331308549	0.598074728269745	1.31505104530993
NaN	-0.389809500162246	0.954946492782062	1.22482066804545	1.12663318618422	-0.188825195158476
NaN	1.41430971546159	1.53498624662324	1.26465551970994	1.11650622087602	1.36013330902606
NaN	0.765431602419028	0.775528282762642	0.406054462869086	0.622699381330019	0.672546468117648
NaN	-0.256327036669529	0.125662432177341	-0.300493405931442	-0.541495856669669	-0.564824735694275
NaN	-1.93826554109381	-1.37410929144728	-1.75759459606732	-2.01306415076762	-2.68938926457013
NaN	-1.00560680885256	-1.20627626046092	-1.45653034675404	-1.50499270543508	-1.55916211849782
NaN	-3.93878618733427	-3.42636308012299	-5.87442107810064	-5.37121238432264	-5.62264385854649
NaN	-2.4365656526386	-3.01103447659175	-1.89881679505053	-2.40948101454117	-3.80492045610024
NaN	-2.84343047902478	-3.34106223305815	-4.55873240332275	-4.47207856110496	-4.00791427873336
NaN	-4.69319109634396	-5.04620904831965	-5.73879246906877	-5.86996015983741	-8.14005334844146
NaN	-3.11889086631628	-4.88139151144463	-4.22215462615374	-4.10611830539517	-6.30925960354053
NaN	-2.1277281574643	-4.11063097318547	-2.40795055212967	-2.39448340240442	-2.71519909333296
NaN	-1.02826812511419	-2.0705621610941	1.44126404881767	1.02962244564908	-0.766018796958465
NaN	3.40329352749136	2.56190469613092	3.78039857839198	3.82218925409649	4.93829777493988
NaN	1.45277180480866	2.29858779576277	-0.19013233815955	0.254984102816342	2.45240547557394
NaN	-3.44429699854896	-1.46630750955615	-5.08262162460964	-4.23277102801677	-5.4728745531849
NaN	-2.03850461040706	-2.73350500469767	-1.32073968643672	-2.44873085996528	-5.74030773235862
NaN	-0.341600743147898	-1.6724978963566	0.421272143883668	-0.528261769990324	0.462324547344743
NaN	-0.509093580008094	-0.438893927385608	0.211266018928824	0.074168847580754	0.690774568214465
NaN	-0.127601074240399	-0.185115447660183	-0.759516074973041	-0.765247540863009	-0.419921503351169
NaN	0.173811146761792	-0.363568376577776	-0.198187668082454	-0.188233631913081	-0.283101718412164
NaN	0.483114783393379	0.397379191125814	1.06526779770874	0.913453552599946	1.20962377122434
NaN	0.970003639214673	0.908143129775506	0.833059790851781	0.945768621960663	1.56015543625142
NaN	0.828093276490515	0.529022743059604	0.39673817905832	0.408762326231277	0.977598759830724
NaN	1.13970845882079	0.296600222829013	1.15814348380923	1.7510897102019	2.21602655696293
NaN	1.57127207109798	1.00370558143457	1.96223389830378	1.92079309839623	3.63340213772399
NaN	1.66269833344043	1.45220618638778	0.750144819437355	0.728349082130696	2.26117143999718
NaN	0.999229736739655	1.66006970719735	1.56123535291262	1.36577504480313	1.54039118113544
NaN	1.31653545803421	1.57738893069976	1.30777903956463	1.37665550862821	1.42443985582563
NaN	1.34369734044273	1.35089418195529	1.34434198555164	1.86885314948747	1.62824158798367
NaN	1.576997191775	1.75988799750031	1.45060180404397	2.28735832801359	2.70420181900656
NaN	1.14367845331261	1.54100206877612	1.21601339618133	1.10265241488926	1.75727967024446
NaN	0.859583431602885	1.150960904208	1.37290337098643	0.99493758770195	1.23186866335582
NaN	0.959577455054243	1.08074660053378	0.916394237976961	0.78302622888461	1.28994238360131
NaN	2.51120366134003	2.65171375522985	3.54156319403357	3.11394160906664	3.59951849070634
NaN	1.15758160093875	2.22801812117518	1.03883718587321	1.44420102074693	2.21902872280627
NaN	2.64350903194783	3.8966960481441	5.58513928579086	5.26220410499898	5.02233289223538
NaN	4.86173337461788	5.52220997076569	5.17587034745928	5.19038344900995	6.45682147984197
NaN	1.05382440936352	2.89200560166676	-0.507348802860492	0.648099857234976	2.00527261967305
NaN	-3.65654611046727	-1.29180930729444	-4.47241306430302	-3.74815551350717	-6.52394922209715
NaN	-1.91172649821778	-2.70930251249507	-1.483316800192	-2.34659597881695	-4.43403934162887
NaN	-0.0890589664023285	-1.27305600899675	0.712661971562632	0.209983372461062	1.00230035465748
NaN	1.44793600763134	1.2228472296484	2.53345451283587	2.4421872795803	3.58708523242715
NaN	-0.768248058346631	-0.208794273890129	-1.71516903055043	-0.745081252642163	0.103033628871862
NaN	-2.75923369287858	-1.84264651608961	-2.33452409465454	-1.72290748772886	-4.02419383861142
NaN	-1.42213780737207	-2.12447537256743	-1.60286557049226	-2.14273252466581	-2.65594813313479
NaN	-1.2130156538122	-2.18015997706719	-2.03719573923009	-2.39374286066021	-2.37831381955634
