NaN	-1.45766175555472	-1.8093521006003	-2.11687250773339	-1.99773166341839	-2.36030895982997
NaN	-1.15752106928814	-1.29184092049905	-1.4140329787913	-1.29621014796951	-1.40438148785985
NaN	-0.848012945555957	-0.933888146639977	-1.11243386669749	-0.904078084619383	-0.839860430721304
NaN	-0.568745554438438	-0.729785031824696	-0.648246453987124	-0.760815769017013	0.0064869943438615
NaN	-0.221169399244586	-0.211992015926449	-0.249739013812954	-0.409645279091607	-0.273966103092205
NaN	-0.140977395247871	-0.0665712828053532	0.0669729065199527	-0.120364014198179	-0.464382091086684
NaN	0.223869284864099	0.291468369522182	0.763101213264955	0.484505518776	0.782260981151171
NaN	0.125130646232232	0.386483684182134	0.690775307551425	0.596541653665245	1.83893112434443
NaN	0.714758473143863	0.766922320638964	1.5485320798943	1.72765260261113	2.21533316404948
NaN	1.51656566428353	1.72327794031331	2.5237243478067	2.41075487604397	3.94468942412364
NaN	3.43001381133268	4.29653788684448	4.44571538740554	4.3914945483678	5.80746779835519
NaN	0.352299638582446	0.998941123685342	-1.02496421600613	-1.25066658982689	-7.59233842006986
NaN	-0.890354608110941	-1.3891667735235	-2.65929607895247	-1.31442769923237	-6.91236669655212
NaN	2.4186713159914	2.22228498731067	4.15368971194553	3.88933614996258	8.69126979714585
NaN	0.383326382981354	1.31661081118375	0.903179893003454	0.00317651256357441	0.200233310175112
NaN	-1.03161605774651	-1.54718680964055	-2.98348349224565	-2.71966711286725	-15.1128805516056
NaN	-0.37222135628005	-1.10934832791214	0.276782663198482	0.54601649537071	6.46932755003222
NaN	-0.644373256139113	-0.688847690499581	-0.836966976760897	-1.03316188889469	2.242401689676
NaN	-0.655460585476701	-1.08554535526711	-1.76327260629325	-1.67753235817603	-2.70404898019972
NaN	-0.618979309189472	-0.86184328971883	-0.990687405444338	-0.864394559746212	1.70821857397277
NaN	2.7591046270146	2.6056691506889	3.93251041113268	3.78118843497819	9.16806342867606
NaN	3.57929112589346	4.18907343400057	4.76756720240342	4.37134281191884	7.96459177826185
NaN	1.74484114769679	2.41549568059521	1.87138336267348	1.74307770252387	2.49887061288388
NaN	-1.93079477240852	-1.80724499815671	-4.60397582798056	-4.21833534348574	-15.2185250441628
NaN	-2.55541162855219	-3.57226783003919	-4.09177776088744	-3.31981538930555	-1.45700001299659
NaN	-1.18696369862989	-1.36075979949287	0.483525445669615	0.039101943974332	6.28717122147094
NaN	2.35549225865866	2.69417015356961	4.09603356972933	3.93462813242827	7.69187030609333
NaN	2.38421906615201	2.79513362874566	2.97358255355092	2.66401195089321	4.76799304091354
NaN	-0.153339018733986	0.229739058322547	-0.38644403005842	-0.616606611505798	-1.89543800522593
NaN	-3.2682718195406	-3.6804018518301	-5.27670998139454	-4.79295104858216	-16.2330452063227
NaN	-2.17594997470993	-2.92299481027685	-1.25123635301125	-1.07703405938711	3.82758221819289
NaN	-1.39218146998895	-1.30469608031331	-0.610161396374711	-0.928206196986943	3.38581124727739
NaN	0.679765160193104	1.04229076401716	1.35642685555697	1.25238239390262	3.59521276537899
NaN	-2.06747951081826	-1.8167061721516	-3.18751231209106	-3.25619086773727	-9.68355099505627
NaN	-2.60593129565553	-3.03426928104979	-3.4576736509036	-2.21206048426315	-3.74329143545229
NaN	-1.77848347867676	-1.5339550244668	-0.865360598678819	-0.485500132943692	2.68133273579415
NaN	-1.32716416752126	-1.33272840242016	-1.06862714392099	-1.64056277328989	-0.320181083842334
NaN	-1.00640388555284	-1.48448884449184	-1.96082213044837	-2.05437443908414	-2.47585587486022
NaN	-0.607098686846853	-1.08451226069929	-1.28477147195887	-1.11775318273673	-0.5056524688255
NaN	0.807084004245952	0.641408940018754	1.58800933352733	1.12561013623399	3.19544094081753
NaN	2.3820051793135	2.65423249974225	3.29539201987234	2.89797611300752	4.67623749879132
NaN	0.54960031105721	0.691289741591458	0.583810061299421	0.124635189503977	-1.13951795653327
NaN	2.75293708772881	2.56277157959587	3.80403813703842	3.71210114754718	5.36654523612118
NaN	3.04206290019357	3.54074614913648	3.60960967640978	3.52282578588688	4.22946471892308
NaN	1.33305267958637	1.91342752025048	1.3983265352512	1.23840448042884	-0.360020302171289
NaN	-2.32082557036587	-1.90811961491911	-3.38146654628514	-3.04318389416741	-15.878565352584
NaN	-2.6735520832566	-3.46432923440328	-4.29803211694721	-3.44376110468719	-3.67897084318314
NaN	-0.0337883578266176	-0.948490092694863	0.244731726314078	0.754052249924009	5.00041853101305
NaN	2.68718329631897	2.79420306071921	3.86496846053799	3.8436681889796	6.04177241195119
NaN	1.88795299706188	2.20110357909084	2.18582646354621	1.93949537761432	3.0747451786144
NaN	-0.666921581129277	-0.0686029100777074	-1.61393442254127	-1.5271339301971	-4.86884830940747
NaN	-1.05970823147993	-1.95861009750862	-2.39558791333499	-1.93345913246797	-0.449077951868303
NaN	0.310034774619408	0.811404372042471	1.40265242030901	1.07654268814166	2.65439835365572
NaN	-2.1213092582841	-1.80320056844351	-3.00818307415424	-3.76205439848639	-9.13696748793519
NaN	-1.99399452440453	-2.34878674456988	-2.68643426571159	-2.28910841925241	-4.68021450037467
NaN	-0.631712202206608	-1.47342277847637	-0.706056219440609	-0.942551097893461	3.0941587314752
NaN	0.190491837653102	1.01862733628355	1.06742458385789	0.972758294494331	2.60389504926715
NaN	-1.42040848112028	-1.25262932914001	-2.47480559046392	-2.61014477351639	-7.01694664332044
NaN	-1.47260141738686	-1.78404082650288	-2.0247168689773	-2.0914268826074	-3.46330865215313
NaN	-0.915734018779678	-0.833775574824201	-0.298233792241524	-0.474989010608716	1.17689285719519
NaN	-0.790863948559894	-0.183394190029402	0.0474592641291065	0.0178565295031832	0.455389164187492
NaN	0.818939623844746	1.28427826417084	1.79205513448003	1.45517469003911	3.53024660523603
NaN	2.47198811378814	2.41913495390511	3.28876123969753	2.85659370123547	5.59066343791841
NaN	0.0485252934259992	0.35131821216124	-0.537579699856678	-0.606883079025028	-3.30280587608544
NaN	0.438359728535002	-0.745568599714273	-0.164585629104518	0.13404762754293	0.977282689504405
NaN	2.69232749086967	2.81569569977097	3.74140216643731	3.68976798533337	6.83222258790071
NaN	3.10488034280222	3.40713721729596	3.95447413283173	3.66115968072514	5.21813443428341
NaN	2.23180093270576	2.82430703089424	2.34935247902161	2.504523361605	2.66810813245888
NaN	-0.802411409233012	-0.978724679226905	-2.6520659647039	-2.47601071224055	-8.67412924501491
NaN	-1.9616955993117	-2.94104335689601	-3.20397436599651	-2.60139467911745	-4.83631777449722
NaN	-1.64801778225209	-1.8541073509184	-1.39543229233939	-1.14263783536107	0.942722149580304
NaN	-1.37091367562775	-1.52014176743945	-1.65164943893794	-1.62189584818519	-2.09485268595169
NaN	-0.978016579110191	-1.30179787051151	-1.1697340489327	-0.899002598066186	-1.98041595291499
NaN	-0.760537573490106	-0.765375583521188	-0.785637325639373	-0.409631046982437	0.302350227512154
NaN	-0.51615792151896	-0.469977566766061	-0.381275033231754	0.0919563275989775	0.676580957165603
NaN	0.00781234423117497	-0.00274534146426547	0.230153611834336	0.331366848902241	0.644409046365066
NaN	3.44638278809835	3.77688935529258	5.18877528903259	4.78878849610174	8.30713127947623
NaN	3.96365419019127	4.60675706741868	5.15966698268372	5.08836940041452	7.06337718896179
NaN	3.09865907275323	3.86109242418517	3.83493950969325	3.59666612924675	4.4559686593567
NaN	0.549414856610304	1.261323657493	0.524905182771987	0.235400068328278	-1.49081787789511
NaN	-0.867885288456032	-0.92590164948348	-1.84090833040477	-1.5825774830912	-2.10900676260011
NaN	-1.91074563941348	-1.54845261452531	-1.83033191378268	-1.80191188599964	-1.31960725931588
NaN	-2.20794918544345	-2.59074600694274	-3.33940730229641	-3.25174163788845	-5.07087654749408
NaN	-1.9444569315211	-2.24535722314492	-1.95761606293856	-1.86172246699508	-1.77633327156492
NaN	0.339090065611926	0.169882623137498	1.49075569251061	1.40534844449203	3.29927951033374
NaN	-0.855089263028755	-0.531031999260937	-0.778376293447436	-1.21582052584696	-2.99184444940226
NaN	-1.3382097569263	-1.16536985961216	-1.99238046991577	-1.61371641179995	-5.14703340740494
NaN	-0.796432805917799	-1.33659918251534	-1.51896411704526	-1.51445700032648	-0.0425262872997185
NaN	-0.451449031792369	-0.924482055194782	-0.90458090868579	-0.74648039024185	0.648007880182788
NaN	-0.347622885816045	-0.482490516910456	-0.343158011483609	-0.0121763290545561	0.682325824710064
NaN	-0.211125471432234	0.0667275223843478	-0.17613455866203	-0.388695630503287	-0.296545990808456
NaN	0.921269905584531	0.855302754458104	1.4896062943529	1.08341038051048	2.34936007848816
NaN	0.0934813907227109	0.447986851702902	0.652888365917408	0.862146368741679	0.106760163077709
NaN	0.0450266380550556	-0.259993800002448	-0.43280716371552	0.1223341165421	-0.846939589288739
NaN	0.301486724148703	0.0202697265793766	-0.136027277043019	0.198233799501864	0.159793584505356
NaN	0.28424292169805	-0.00990226722646298	-0.064077328762339	-0.381449552350673	-0.514347476191335
NaN	0.174645326825765	0.185745488132445	0.208669631826939	-0.344198899278448	-0.515055109975108
NaN	0.436851580412064	0.503971897913007	0.603613847118297	0.48612049949236	1.13618565846556
NaN	0.407859874289422	0.385760468963814	0.343610976125667	0.200461587004631	0.293380395687259
NaN	0.380372330243348	0.0983190183320546	0.198206566168343	0.50943433048872	0.739742884159926
NaN	0.472430927223179	0.449142483392624	0.299790645490732	0.331172162656679	0.695993819745134
NaN	0.290592146788529	0.159508625878946	0.391130292331607	-0.176469281229994	0.173098890797223
NaN	3.14646569401874	2.89189305941127	4.30069298651929	3.62655128426544	7.51650756415928
NaN	2.08420101519371	3.07787202811251	3.11362496006871	2.00523472334315	3.40851668081916
NaN	-0.606336052607683	-0.497997731727434	-2.24003962787475	-2.29098933822982	-13.8851019886381
NaN	-0.932624654436503	-1.28034682000075	-1.72396272696025	-1.34134754001577	0.0951853003203549
NaN	-0.538948508151183	-0.653829601357192	-0.194354074716323	-0.368115282563157	3.23525076858658
NaN	0.5123509049926	0.194484784062933	0.982679207692958	0.788686050364589	3.72328421882125
NaN	-0.11751985551423	0.433165796045987	0.220595800920794	0.751877766005115	1.59164758593314
NaN	2.06776876955465	1.98657520732126	3.19385473074608	3.2998586791678	6.60562784542888
NaN	1.63291006002544	2.77971558941116	2.94996479631847	2.65098303580287	4.22270211740387
NaN	-1.46202905388371	-0.948257360423801	-3.04212833763835	-2.48099768859844	-12.1045496409374
NaN	0.511687280411242	-0.471439096949107	0.436851792146595	0.942778059719506	5.44015625584056
NaN	2.15267143881102	2.6698059390784	3.37285107824044	3.09221037102153	6.13514796408547
NaN	-0.681028160766457	-0.365565111525588	-1.16136812878643	-1.95636799085282	-3.77723922014834
NaN	-0.35157916696219	-0.372754016249318	-0.0783051732115389	-0.0505078611935358	0.760990467328623
NaN	-2.57715897856983	-2.78618237783782	-3.31939969804617	-3.36397540693152	-4.40732518973599
NaN	-0.45916580691123	-1.38407866064473	-0.5329324741416	-0.566742371066479	2.73866008425412
NaN	1.69996490045318	1.98097725599095	2.64388871295108	2.59648674233507	4.4261324810663
NaN	1.04078635012396	1.16729877306763	1.11921505849963	0.868157493674363	1.39310343909156
NaN	0.443536574471222	0.574816141214675	0.393752159993829	0.446036342070941	0.701642236282731
NaN	-0.209814661926626	-0.0884395363911221	-0.374486666106272	-0.315091684706568	0.00298389406689451
NaN	-0.228821767312985	-0.531602101806176	-0.289449595840327	-0.108603882295478	-0.369250687052244
NaN	-0.656069003456798	-0.635905788774626	-0.508011881556092	-0.244906916568903	-0.813185955882683
NaN	-1.17511940211604	-1.15314913484774	-1.1062526286319	-0.925012260189776	-2.0657367609267
NaN	-4.11396366241332	-3.75141009631262	-5.72021067465622	-5.6715517399204	-13.8346520298531
NaN	-5.26612807034504	-6.04186916154147	-7.43773268592675	-6.49114758259641	-14.3634918850463
NaN	-4.12935386897748	-4.51167352713489	-4.28767301442419	-4.06773157638758	-1.43463881604075
NaN	-3.12806843719969	-3.61142374852486	-3.3748324208659	-3.13375141249887	-2.99696726789016
NaN	-2.4665586692257	-2.80590518325664	-2.35986155461367	-1.80998379166891	-2.47682416515436
NaN	-1.82339335742808	-2.13749425171548	-1.25011912616051	-1.25420958960957	-0.972960712415093
NaN	-1.35203585447484	-1.54339618774037	-1.05512690930033	-0.99236742331495	-0.808752385678087
NaN	-0.681804485994964	-0.997494257377659	-1.40741615784272	-1.2501265418109	-1.43651433031338
NaN	-0.284019693694392	-0.482575571772975	-0.88557676503296	-0.645745198276311	-0.404508960604353
NaN	0.0423677154373045	0.00464632641433555	0.396981871454534	0.378067810653014	1.65457962995544
NaN	0.442287572388071	0.464365101996977	0.4159941196786	0.583952978299969	1.22232307128985
NaN	1.76783699849423	1.63812841811125	2.02237749272158	2.113176946288	4.47742658981131
NaN	1.24710890091605	1.95748625730078	2.00323548248259	1.9312819268817	2.18555736312155
NaN	0.799758795447959	0.86166299400423	0.170017716287012	0.0866431507555555	-1.53781468977725
NaN	0.720297751825723	0.88664368497408	0.592774112015458	0.777418901312964	2.08094357251856
NaN	2.42650334076651	2.50867507918983	3.21907007894718	3.20377530666322	5.675291408306
NaN	1.6010916746287	2.6148856326684	2.5516897784512	2.13061777685381	1.99543762319491
NaN	0.9888313205577	1.42628911124103	0.765174799229982	0.989503668952827	-0.564232249862676
NaN	0.955510749761633	0.879736848354484	0.591040637817939	0.669933996114337	0.573419254147572
NaN	0.922964517324926	1.12662737263369	2.21243813314807	1.83947027553073	2.63697112002977
NaN	1.2515913211628	1.55446887198941	2.63053315172959	2.22689555696744	2.23626674514971
NaN	1.11551165296921	1.28832856722588	1.5427361851402	1.57541348039378	1.23384702802776
NaN	1.14589039316163	1.48706353036759	0.58738040786332	0.655833683676885	0.349034712446295
NaN	1.17844323255603	0.674572079813686	0.144381890462901	0.577095676267429	0.583432268534857
NaN	2.15678718444042	1.87367008675329	2.31756843629576	2.56740688714467	5.66253124859019
NaN	4.47967377415222	4.95376040547152	5.94756543564552	5.24965895197743	7.68061131253347
NaN	3.38128621059008	3.2131708067237	3.47320642970865	2.52606329240978	4.29021245809848
NaN	3.40299116072535	3.78836019503023	4.21882187185933	3.79824953627196	4.66593383778854
NaN	0.686898479447646	1.11216120641784	0.220934843344432	-0.428387114117232	-1.21424336654737
NaN	0.876272188980252	-0.228977134791131	0.0418912577629503	-0.0930008514648214	0.485660856632965
NaN	1.5304893023981	1.98899311054403	2.4775018277543	2.51055097103735	2.90053230487852
NaN	-1.89069044152572	-1.24968281569447	-3.13772873866511	-3.24576310389111	-8.79290738886909
NaN	-3.31883269157846	-4.10078278199231	-6.24774131489782	-5.29032620786182	-21.7241256918439
NaN	-0.39111330737046	-1.35200325879453	0.373419414142646	0.422051707990125	7.09460385251267
NaN	-0.563053114231462	-0.250270303205325	-0.0480369624634176	-0.311724132462373	3.99753273295775
NaN	0.973409956625699	0.979309360461777	1.53152777014419	1.18837575827417	4.7202442718388
NaN	1.08671270896633	1.3163603331272	1.46227551469685	1.42385929855285	4.12297072074088
NaN	0.442977161313159	0.550085291037188	0.405838525818308	0.425256303088262	2.42555210593185
NaN	-0.906509236589983	-0.475731474330112	-0.973173439573927	-1.07955235431148	-0.294486913532972
NaN	-4.11823948874491	-4.4543805690016	-6.65535421442907	-5.7606647105056	-14.1237165411328
NaN	-3.31827271600514	-4.94062700742291	-4.61330732662285	-3.37905929412564	-0.569358742378909
NaN	0.0210420593408002	-0.0442110309347658	1.67600606510717	1.72179501720053	4.75271660690604
NaN	0.573167164935489	1.1402515553224	1.51759689512613	1.08913169183989	2.80618169336696
NaN	0.0156397599172483	0.401114395121273	0.547634285426829	0.301844969048139	1.09651541695616
NaN	-0.0967134209326637	-0.167152164140527	0.18881738215475	-0.102831589044997	0.775330710666273
NaN	-2.03781719161486	-1.56760949837779	-2.60509777756087	-2.83977692254964	-3.7308009803158
NaN	-4.78065091456485	-4.89977526641426	-7.4701232490206	-7.04233610635665	-20.535912124677
NaN	-4.32611007388528	-5.12351345435792	-5.0000110402275	-4.66054379354739	-1.87914257140194
NaN	-1.06905200409182	-1.53699932637713	0.432093818676767	0.0921720359731503	5.32747451065742
NaN	1.32608946098805	1.85079347265233	2.88129752182277	2.36086031239974	5.00824893427534
NaN	-1.34255914815282	-0.807947666055686	-1.97836106742701	-2.72948250864191	-7.49531889955035
NaN	0.923578602595255	0.740239418269328	1.90278393874999	2.05261380924638	5.47527529826052
NaN	-0.538756747459658	0.466196912490778	0.294201172230426	0.124385823945108	2.45951403868069
NaN	-0.918156865929069	-1.15791685252159	-0.782256320741032	-0.827066824696131	-1.64655269685363
NaN	-1.9101967111432	-2.24351537802785	-2.795237977552	-2.44013304316846	-4.2127888180857
NaN	-2.37428152205245	-2.54538028389483	-2.80082717386987	-2.69329456218599	-2.07871617980061
NaN	1.90963664656142	1.72917806076456	3.81293426843389	3.69372881079904	6.80063086601615
NaN	0.842179409047881	1.95807049172786	1.91309572768633	1.55639820200408	2.14150097811449
NaN	-1.68260632394518	-1.30452938468042	-3.27124836289203	-2.94429574827722	-15.96448636005
NaN	-1.24465743491648	-1.92508755615206	-2.06263187824181	-0.697674853625957	1.21944206769309
NaN	-0.598233173472595	-1.04384021435056	-0.608725923713732	-0.0583295528432629	4.20376657684498
NaN	-0.223246056533331	-0.404509655206151	-0.0966267682958015	0.414901537749316	1.20299770696869
NaN	1.05548676210276	0.446906036455467	1.02409100361401	0.867628119131869	3.34174522850908
NaN	4.5770039915452	4.67533944496475	5.90511588207229	5.33867232615639	8.94597863877099
NaN	2.97560787728786	3.6773166520786	3.45152089931328	2.93833674482375	3.9218364305378
NaN	-0.357162770276984	-0.7312927849371	-3.21939906367486	-3.27718371543753	-14.9444859469857
NaN	-0.81246110529784	-1.55027820285378	-1.12861346808493	-0.845720314814862	-1.72739203676709
NaN	1.19811085820215	0.712165239051963	3.02332029625479	2.5034065999121	9.17350334166343
NaN	2.53612410266163	3.41282541111792	3.6291277081887	3.31675431088525	6.79931231521252
NaN	0.736166490035859	0.734139887699071	-0.448036666455888	-0.195486263282854	-3.61775379902895
NaN	1.15734903110934	1.06729736963663	1.43852447483472	1.26364380021193	5.66487813506444
NaN	3.61364197956162	3.8993093964797	5.26020760962771	4.90896087110156	8.32777512199899
NaN	0.333135983644752	1.33765696068933	0.209872063578235	-0.335029276839109	-2.82395249953326
NaN	-1.44458690612539	-2.00570824345886	-4.6272223528872	-3.92392064539345	-17.7375953679851
NaN	-1.10144179907969	-1.45660508064689	-0.932875104237897	-0.792635085730517	5.01576714240653
