NaN	-1.314609973735	-1.14043107135718	-1.56981543325977	-1.07408165922625	-1.83098510041797
NaN	-0.852518848690311	-0.872266102035812	-1.35099486237793	-0.847083233564556	-1.21852907032021
NaN	-0.748787955106287	-0.531845618738142	-0.898392660135277	-0.222470972078588	-0.623213243925386
NaN	-0.488915071121225	-0.515080189867609	0.0806342698162222	-0.0693361592714009	-0.398144514580765
NaN	-0.416404273014196	0.0508809331598371	0.68151850380642	0.138622723387466	0.181664152054605
NaN	-0.0609159557391119	0.279134004291833	0.218367202215229	0.06664805042337	0.347659344906495
NaN	-0.023775373221711	-0.254872035135477	-0.41840130398249	-0.301709798522546	-0.362205177445967
NaN	0.167247489308894	0.0738216863932598	0.0317377711506764	0.0603683677293136	0.139666469894784
NaN	1.45361857361976	1.40769022087784	1.55289115251567	1.17545740479226	1.95144734403908
NaN	1.4571121427543	1.08706229803117	1.20852813689562	0.765041678012481	1.79927512383512
NaN	-0.406566567643633	-0.271007190203137	0.458820196313394	0.160239875950398	-0.209343289910505
NaN	2.31180744565836	2.71778838896378	2.44635195066332	1.31777010301841	1.71076092294943
NaN	1.01236384884681	0.103519957850132	0.343382311567599	0.276412107165478	1.18583735679363
NaN	-1.25225547141064	-1.16551601355462	-1.10074480542288	-0.333751532126369	-0.942982212584802
NaN	1.35283690862716	2.04935678988549	1.26061728031266	0.55225266816186	1.02899607044005
NaN	0.716488932521727	-0.292698699452291	-0.0388298228681271	-0.255881070293921	0.530204855978036
NaN	-0.869107040459079	-1.53753578171559	-1.11976972578052	-0.813399869200347	-1.55635406963499
NaN	-0.814976704304597	-0.718310253596494	-1.33791238575254	-0.801407439894985	-1.2205361738065
NaN	-0.949646884594057	-0.824750961923111	-1.44537522195741	-0.747027709271986	-1.24973858314585
NaN	-0.847497577108991	-0.755985044342111	-0.849217903196327	-0.24761069308318	-0.893963088451015
NaN	-0.284823047257376	-0.224960386820345	0.119418040299613	-0.0957622045624168	-0.439213733224102
NaN	-0.046715633779344	0.839270164560214	0.417594356894212	0.188881285207503	-0.0394633699448109
NaN	0.792838694575153	0.465394526114444	0.793297261022461	0.577705004156644	0.855117332332756
NaN	-0.421090500169977	-1.04663505997913	0.0601563134733475	0.225011238092096	0.0500318718843771
NaN	-0.103267200566536	-0.07242903623167	-0.0268471549378692	0.0727361526630597	0.0628678630256793
NaN	-0.0599989474500214	-0.195512160611616	-0.703551556684574	-0.176689326847007	-0.362223713074685
NaN	-0.361716744933298	-0.588884806974938	-0.810058138488098	-0.294756766265207	-0.465904512175948
NaN	1.0786433847026	0.927131359121455	0.512305712565076	0.538153932528325	0.859201975241472
NaN	1.45534542002904	1.51467696552421	1.18371228916788	0.882956056229547	1.50727621373718
NaN	0.254020453909569	0.126822430649844	0.799515159335555	1.09173584953488	1.25263159275619
NaN	-1.56613391436897	-1.39047087926768	-0.785329870586186	-0.0706506136281563	-0.590094836502272
NaN	-1.07947812928331	-0.747835899386703	-1.33368825453041	-0.27492521978848	-0.641719434551381
NaN	-0.208249162559394	0.193482446844857	-0.315328636465917	-0.0852259780856123	-0.0776478599746212
NaN	-0.0860312181803347	-0.284767653138351	-0.375976063340368	-0.818809580232583	-0.672272639881185
NaN	0.557653734387206	0.702230768111445	0.490973792999177	-0.34079150105011	-0.446189539014173
NaN	4.81128189643421	4.54851353128426	4.64580426880032	2.27904668404159	4.52781807108685
NaN	2.14187788446255	0.966830522103888	2.28925781956975	0.86750267737023	2.87360472819275
NaN	-3.67655817417648	-4.26991311537149	-2.17738118880115	-1.82540471558578	-2.73973139051674
NaN	-3.47035891092888	-1.78635587418469	-3.39488088867448	-1.7817592714933	-3.56865050470444
NaN	-1.15842564423754	-0.575188429222917	-1.87800047679699	-1.2112288499236	-1.13575786830509
NaN	1.1344399259035	1.7992492900401	1.32381067510228	0.282625488896648	0.877385559678443
NaN	2.96879052778486	2.5498148881262	2.81216115011757	1.34204114481158	2.90416120057696
NaN	-0.252727383473265	-1.07419585877634	0.00342859635053591	-0.12360191598644	-0.108939617453619
NaN	1.12696594340675	1.63286446117706	1.88482769805738	1.07716949186144	0.399457588396558
NaN	0.551297577927129	0.198968366527734	1.05351230895777	0.549377591795188	0.860591312555525
NaN	-3.88146872245494	-4.1231365921319	-2.58605636459344	-1.6189348546836	-3.30829577136059
NaN	-3.75954494850236	-2.52745535842415	-3.97226883739113	-1.92562188094246	-4.48541087501416
NaN	-1.97611526967343	-1.15186023625358	-2.99999763958483	-1.6391269626043	-2.71909288156351
NaN	-1.50491846782641	-1.24376853489548	-1.83472899353626	-0.653236075702688	-1.09162630178574
NaN	-1.43223171514781	-1.08168011402768	-1.63932386806667	-0.30928824494725	-0.682518154626715
NaN	-0.989540676178649	-0.810468857409153	-0.781847301106143	-0.0958052465461944	-1.11734431518878
NaN	-0.532336537576662	-0.51425475429057	0.221401985642389	-0.448949116657713	-1.117934549741
NaN	-0.177628748039485	-0.0850872281559064	-0.121528470669839	-0.709659262634214	-0.865734505157575
NaN	3.01334354993763	2.76553531806012	2.50287680837721	1.18851620434442	2.41911474172582
NaN	0.369964570821665	-0.540297792600519	0.832176852067441	0.176422620031399	1.16200544369601
NaN	1.16071030813372	1.73170124128042	1.31686583013364	1.27727381802122	1.06395280244576
NaN	1.08249993543818	0.62639837514887	-0.0525996631801458	0.517000450318476	1.19477694344348
NaN	-1.50630397981316	-1.23171409899052	-1.4532324529131	-0.338650438430503	-1.03610739980328
NaN	-1.40124520663869	-0.904465645069824	-1.55197726880215	-0.506721638031276	-1.2335833711674
NaN	0.74445707144914	0.689916957344741	0.137257255373084	-0.119245890134139	0.225147494977813
NaN	0.252698521232931	-0.261790552622177	0.0127171017575675	-0.311639313208324	-0.361650565104842
NaN	2.80656268747736	2.77152979280731	2.68573393045537	1.32029298631128	2.2040575500453
NaN	0.394611282509182	-0.517911376659611	0.414272048740561	0.0454600429334219	1.03475723510165
NaN	-1.9517599795084	-1.64180910076199	-1.53365865826287	-0.476031470106473	-0.762468182229372
NaN	-0.341903897312904	0.0620791930313531	-0.539268772601486	-0.560368123840396	-0.393654786573538
NaN	4.48362360819061	4.52770442497655	4.09175802243248	2.00850281629238	3.59361357954666
NaN	2.2682774569323	1.00277368939882	2.3505203967693	0.803452440943718	2.75078528843178
NaN	-2.96852663574549	-3.93416481127533	-1.93435295414667	-1.22767987418505	-2.06636956792449
NaN	-2.81264410755746	-1.68390178081062	-3.08464130451719	-1.54577358595533	-3.5010805620027
NaN	-0.505243373009833	0.185756340279402	-1.14245310839746	-0.779085797344962	-1.18578154682266
NaN	-0.576005696215387	-0.363410047155865	0.022151644975625	0.0915674748193795	-0.168227768178839
NaN	-0.527985932460017	-0.765675583706902	-0.338566555763135	-0.106051536417968	-0.840512684583118
NaN	-0.351009979886042	0.138251638266791	-0.348674002214345	-0.357616762541558	-1.06564268631954
NaN	0.13631604031297	0.208590241277564	-0.151002087572012	-0.389180311093871	-0.189399679983835
NaN	4.73135493468548	4.38142234278259	3.92595136747947	2.08413801105822	3.72795451138141
NaN	4.96142234088084	4.14610803904433	4.55443997526988	2.91911091699889	5.16747288828006
NaN	3.13914921562627	2.66240909880379	3.53404165480614	2.24970672347917	3.90314666655334
NaN	1.70573067899736	1.37582410326093	1.8698316028815	1.1303414283635	1.87493673176086
NaN	-0.503205848648744	-1.36586652591108	-0.739137492237776	-0.343588112732014	-0.0624286813927649
NaN	-4.74832955972534	-5.0300188194999	-4.79557279168236	-2.15188718776075	-4.22026621176437
NaN	-4.37000594813188	-3.01421906937893	-4.80350513466982	-1.73779647105976	-4.21616976973568
NaN	-2.1891649176607	-1.75070723127066	-3.09437847481573	-1.19989088911898	-2.49332850865511
NaN	-1.98779063271219	-1.76765767083585	-1.97967165132795	-1.36990168108146	-1.97475800795048
NaN	-1.67644785506748	-1.33541066746318	-1.63067129560895	-1.41402425735658	-1.50468274753163
NaN	1.47290444793695	1.80228544851562	2.05157713374898	0.456698841865605	0.571629956754289
NaN	1.30477111301359	0.470305409744931	1.8323656715205	0.465742935915412	1.70190371552812
NaN	-2.08252098419375	-2.79437832147602	-0.588515859917365	-0.768811155015685	-1.01432587333252
NaN	-2.13386481420081	-1.53109129598585	-1.66700778341877	-0.899793813472487	-1.9753483158039
NaN	-0.992419879978886	-0.385388525882991	-1.78801793216025	-0.346365598343756	-1.52948302480752
NaN	-0.318401163315044	-0.174826203882557	-1.08869444392413	-0.37253942312992	-0.943030038528874
NaN	3.03127321409281	3.16537381736306	2.97445635567763	1.42916757238825	2.51451389397268
NaN	1.55096870359851	0.833214928501002	1.57731991641879	0.501361118008343	1.54967649566473
NaN	-1.55349393646009	-1.66019566429322	-0.579711329400556	0.225358019682909	-0.778985875738623
NaN	-1.52742250834132	-0.851607655793917	-1.21744787620527	0.125844932339246	-1.09389545768684
NaN	-0.376212723128662	0.073302046080233	-1.0195943939716	-0.0979292084430131	-0.414710341965727
NaN	3.42291064066759	3.55353813848102	2.97019131637474	1.80860075029697	2.98569448947983
NaN	0.985669324905939	0.0197506794042712	1.0298437101672	-0.171856255381444	1.0221180959455
NaN	-1.81098908573209	-1.88335718946282	-1.02614175786469	-1.01586847743654	-1.93654623264788
NaN	-1.08095935376155	-0.32029020646996	-0.714706825463386	-0.642587821593634	-1.47492900122224
NaN	-0.0511975527174357	-0.118034979729202	-0.0128286558693183	-0.23577348164765	-0.269664438675503
NaN	-0.272409373481383	-0.0942614159640109	-0.0874549044902629	0.0741545785284705	-0.15550686722637
NaN	0.148077331067974	0.0643044524706982	-0.611609975124992	-0.297530545754422	-0.317019215793348
NaN	0.20461659201025	0.211561131442876	-0.265559668874369	-0.448635080548005	0.152015177335615
NaN	0.431517489210569	1.33652099504824	0.669054963373485	0.193885602234392	0.926215431846128
NaN	0.572582384824195	0.528866570376948	0.568329118152913	0.196507580369649	0.505281066405738
NaN	3.85756480762595	3.29765420973361	3.56508278246983	1.92564789993917	3.70516501451356
NaN	1.05980082734344	-0.266545739053481	0.84117385681837	0.366709479723028	1.63984154886833
NaN	-0.283636437630436	-0.219089318181974	-0.239865398157043	0.107544901502144	-0.471162994089249
NaN	3.81754146796211	4.01150372302385	3.67936919385154	2.39058590675662	4.00641471416731
NaN	2.24601161565004	1.28818973618552	2.3649659721524	1.37412467837107	3.25216006033408
NaN	-3.31250928576855	-3.84183401413275	-2.34491596537807	-1.36250268622057	-1.8969634090502
NaN	-3.45292347646589	-2.12191951100862	-3.32528692774205	-1.45014347666938	-3.77738780490811
NaN	-1.19920456010883	-0.537890425014118	-1.95980567698801	-0.879300951877353	-2.07667779218262
NaN	-0.922066841083562	-0.930981557386342	-1.25051542800862	-0.761389275695463	-1.04976788395633
NaN	-0.902648851419919	-0.842236394462107	-0.912301795742304	-0.527569907780286	-1.12785999633666
NaN	1.1180825789989	1.81163727709731	1.233452444545	0.790849407225897	0.695471572523217
NaN	1.36216848194142	0.915236049479364	1.21661892891099	0.757292779278859	1.69592881873826
NaN	-1.39992611904875	-1.84459721766539	-0.588810122592731	-0.638913313648473	-0.82187476285709
NaN	-1.55636317265349	-1.48356206299869	-1.3984431338397	-0.559606190033321	-1.53421960198036
NaN	-0.415072314051055	-0.470841556580057	-0.327599354658226	-0.230513438607534	-0.48490335172869
NaN	0.69971960235136	1.09738804663044	1.42907601322204	0.537898999787696	0.281069233762623
NaN	4.69988475043561	4.51307527937022	4.32380047196314	2.80096675101015	4.52570178112125
NaN	1.25215774931104	-0.354808271221403	1.05152701056525	0.381976047988488	2.47566669541191
NaN	-3.57195887476136	-3.9898217282826	-2.68100208969459	-1.3641667481513	-2.00864436439257
NaN	-2.70470411409087	-0.564738526956682	-1.73545207367395	-0.734169574497333	-1.98660485628273
NaN	-0.930743040333997	-0.00489224997015917	-1.04379153621736	-0.517696552433456	-1.12752130591887
NaN	-0.0868218870658965	0.744902417442905	-0.00347405198790229	0.00148518304305227	-0.863500755459253
NaN	3.39756102972281	3.04473094012691	2.64141430964712	1.68465709958589	2.88466524548611
NaN	-0.421009134198698	-1.69507302194415	-0.39427982643759	-0.455394019882429	-0.122622033309553
NaN	-3.057025728617	-3.18580689122064	-2.61378877503551	-0.773944684231754	-2.77317555912989
NaN	-1.47877949531501	-1.0873067994636	-1.62020009738165	-0.591789761594758	-1.99773001491006
NaN	-0.512652711144104	-0.733014473460447	-1.52951832847324	-1.36292373795982	-1.55147061753232
NaN	-0.556353696300157	-0.70455669961898	-0.646996723558952	-0.791013328235946	-1.20522523134691
NaN	-0.487979615000231	-0.03996932961006	-0.0356071872782137	-0.450811974251452	-0.898988392627953
NaN	-0.268262837091718	-0.176428676964585	-0.747695576870662	-0.698251538444362	-0.199201739948409
NaN	-0.226651480499514	-0.259063262467488	-1.4699145218506	-0.957890983094269	-0.152732280519199
NaN	2.88566191275633	2.31479599326782	1.76397621474266	0.984790892624019	2.17197837670465
NaN	0.386836155524134	-0.55285959260549	-0.275413670841875	-0.133903251776843	0.323906603244083
NaN	-1.31013255871529	-1.29262941320087	-1.2694689115701	-1.02316578958232	-1.92771008394356
NaN	-0.610771493111413	0.406010801564594	-0.599268154716465	0.262389876739116	-0.692481179763325
NaN	3.25607143930616	2.74746092279416	2.44256386356131	1.80869358142454	3.36201509656517
NaN	0.721088514077523	-0.566557011876824	0.323706499084531	0.256771362629511	1.29973328715162
NaN	0.0250779061611733	0.507843186435112	0.225985660719596	0.284732576992103	-0.641040479820024
NaN	4.39738754601366	4.3431177556359	4.28997439404342	2.63751376666533	3.76674975495443
NaN	3.57645206272944	3.1676383631111	3.91433257256988	1.99821978471541	3.68860025138785
NaN	-0.654529815021365	-1.1328776344674	0.559411743317811	-0.45605524254794	0.111230525563787
NaN	-5.26730630807735	-4.69451002388486	-3.32198346546025	-2.37158046400009	-4.6324276786546
NaN	-0.894063244245261	0.366519228576113	-0.973753644470328	-0.485056393258067	-1.92893848988284
NaN	-0.871414521653694	-1.38710178761374	-1.42897318196055	-0.646424533565156	-0.56623475754777
NaN	-2.70834018438943	-3.00255143199143	-3.0635467269315	-1.80213073311234	-3.01358587837782
NaN	-2.38746333391963	-1.65093929948899	-3.03119272828939	-1.7871762079663	-3.06676883507725
NaN	-1.44259884642671	-1.10130526611943	-2.0118157173777	-1.27048996271417	-2.05582121701022
NaN	-0.885392953031004	-1.0969584815888	-1.42367140574791	-1.02369018833986	-1.56455283298198
NaN	-0.9133758492117	-0.229701391145858	-0.575418275153024	-0.554135131645713	-1.02644854503876
NaN	2.32492464476852	2.82364912882816	2.68934121750175	1.23620982561999	1.97743453751548
NaN	4.92227402359425	4.16768893662758	4.87294077728211	2.81445666181394	5.06705415399136
NaN	2.69211647203046	1.66274510654384	3.16155575275526	1.71249102018037	3.67390939468067
NaN	-1.58250998821843	-1.76047322204979	-0.522780282168157	-0.338537791103816	-0.522148906513611
NaN	1.14226537984144	1.32964509932256	0.825864029105002	0.997011185494183	1.43115822417791
NaN	-1.02516536521119	-1.44799133822362	-1.04396680404586	-0.300460895730471	-0.210971278870532
NaN	-3.10039092690596	-2.80380791228203	-2.88720490184574	-1.79170071848372	-2.75816181980043
NaN	-2.51820327826441	-1.62986549698998	-2.49587057251726	-1.06241016837415	-2.87914709867471
NaN	1.22801413763052	1.40241798886559	0.818538541344458	0.500174307881139	1.15111366936245
NaN	-1.61199404623864	-1.59104330826512	-0.854031651230553	-0.927243887808243	-0.923286070245799
NaN	-2.88935326790112	-1.95483064916759	-1.90892159418028	-1.24974857627695	-2.74173089370731
NaN	-1.66568676147802	-1.04259399798734	-1.87106507430279	-1.16503392568282	-2.18280545563518
NaN	-0.868563340865052	-0.772415495851806	-1.3001683682553	-0.487162180803663	-1.1613558729408
NaN	-0.620460729566537	-0.710813113586276	-0.667952051710314	-0.434620207744207	-0.804175446994136
NaN	-0.387129364515347	-0.196286413784327	-0.212280999567117	-0.184156300406387	-0.426195111448762
NaN	0.11752165695561	0.262598869840522	0.185008567602914	0.37670491350054	0.506445858445136
NaN	2.92718865283622	3.17067917317155	2.99879652848958	1.56478420145929	2.62434890024517
NaN	5.64520951366708	5.14897367141911	5.68571678688857	3.41719984487882	5.87006901018443
NaN	3.76322973034719	2.29694073321433	4.14765596127125	2.34381379298498	4.85487749463083
NaN	-1.35414416990535	-2.24418525121846	0.172438598890074	-0.117016162543237	-0.0758046987210043
NaN	-1.74955337572803	-1.2712744732597	-1.33309956183795	-0.468604771163427	-1.34613492564192
NaN	-1.83138543803556	-1.46585443328797	-1.79645442419038	-1.06563796133502	-1.74573358152153
NaN	-1.47751801228405	-1.2101239084569	-1.94038931906436	-1.141606382275	-1.30278773061463
NaN	1.86477963493841	2.00362263401802	0.918274191769858	0.941129467992549	1.51933563295583
NaN	-0.159380190178495	-0.626412431059253	-0.568452214852075	-0.278391078365882	-0.270983508635385
NaN	-1.90916384995363	-1.6481181134139	-1.83882741303664	-1.07063903672321	-2.1891493849426
NaN	1.09521689285797	1.89931787820105	0.852503505563877	0.412739237802879	0.426116067254598
NaN	0.840321606360789	0.485320546122738	0.563357130998173	0.734657287649795	1.42589333912741
NaN	-1.44819089200085	-0.98936159263287	-0.615844458057472	-0.568388810591363	-0.868849875226327
NaN	-1.21580691443952	-0.925708302960396	-1.38761180945139	-0.741424838650687	-2.05222230070167
NaN	-0.404204841666329	-0.440964925722072	-1.04562175422421	-0.46264329236288	-1.30762977745621
NaN	3.28066518088463	3.38396397606957	2.96391025896027	1.73666031430185	2.0093059151655
NaN	4.15044164509587	3.21489937083971	3.5422992454924	2.10732383893688	4.09222639841242
NaN	-1.38788642210533	-2.47778111031864	-0.612998475119472	-0.654838743404996	-0.429185641272283
NaN	-3.07633997645994	-2.64956101769171	-2.84099021478034	-1.21560364163651	-3.4119047945487
NaN	1.00048264160335	1.81780273733816	0.337665470468961	0.251544178633536	-0.295665452150561
NaN	1.92941753894197	1.16199310262405	1.54206775303134	0.580601513410263	2.06739247438573
NaN	-1.31557056622598	-2.08711331604727	-0.471722101792905	-0.677557521050854	-0.947880181431981
NaN	0.594526966549838	1.40977847626928	1.39629778974928	0.554019440945034	-0.251252849026204
NaN	2.89610767654041	2.41827399727207	2.35375176155694	1.43839178541221	2.79447605497809
NaN	1.29819391607743	0.228252163199173	1.10878568959508	0.757149240671277	1.75847697199266
NaN	-1.98607021218627	-1.75998696648834	-1.71450818762871	-1.03341131779885	-1.60763092192751
NaN	2.89815054295886	2.96065395514767	1.8854165062583	1.51495323248247	2.60366845967294
NaN	1.23082223603427	0.757628696881617	1.07089070169034	0.329918201645308	1.5899127625534
NaN	1.37078591795159	2.06075393979985	1.54504346569899	1.01502055946911	1.9071474414698
NaN	0.277787743912578	0.152315357900025	0.159124567615793	0.0787817074586052	0.925268121974472
