NaN	-1.14348495257641	-1.14532493399486	-0.841927503123337	-0.933767948894688	-1.61445421634833
NaN	-0.942324321361403	-0.367506458844159	-0.318745695523325	-0.193654798519943	-0.894079627176006
NaN	-0.591779496533109	-0.570230424298839	-0.773190823964682	-0.533086853472052	-0.981458956094595
NaN	-0.467595423477401	-0.884577529673989	-0.857581168201691	-0.495222379624813	-0.596392964818619
NaN	-0.42157164605171	-0.583486337349035	-0.474528422518957	-0.397014234287581	-0.319845431833865
NaN	-0.249932136078481	-0.386195373304134	-0.211461190437547	-0.145991325418023	-0.106096275028393
NaN	0.218923829274741	0.18904365973037	-0.0292366042094564	0.116150265254171	0.209028092513707
NaN	0.0830324437244854	0.0272556757169543	0.0242834704915048	0.0380643444170535	0.18871189010578
NaN	0.208194308581074	0.119416918823802	-0.0558819527404874	0.209132231274745	0.444201687905583
NaN	0.244458759038595	0.139265039981557	0.214325675761232	0.181133468057401	0.191997722410752
NaN	0.436040289724166	0.27469903639103	0.368284326150076	0.986739525505451	0.691940778986023
NaN	0.408135095716103	0.473646452745621	0.617141026825021	0.961006323883393	1.15916485879049
NaN	0.51472569638149	0.630844300772534	0.376649783388976	0.305825179428298	0.688406059052937
NaN	1.38218724532777	1.36966427888736	1.93778810250667	0.117789611127072	0.836205162556897
NaN	1.84228423123451	1.9559215947756	1.48617079595529	1.05453245098513	1.94506363102698
NaN	0.0348981690307769	0.394100655090953	-0.173240869487866	-0.288192346112542	-0.0391516048668329
NaN	-0.529059764514225	-0.396624311489293	-0.48107448844326	0.208156076132274	-0.271999846060438
NaN	0.0834922208504039	-0.0868441659387037	0.145258648279338	0.317207187306292	0.646128376439799
NaN	0.405592271207178	0.489863824445183	0.677398798283698	0.0893202201779983	0.357118090803411
NaN	0.062503943764561	0.200244652507188	-0.0581886032525227	-0.306215921923937	-0.215847105031874
NaN	0.0240152711858628	-0.106074058850519	0.358392323027163	0.188271247328311	0.170692363935912
NaN	0.0375381668084754	-0.188109923243309	-0.022504930227781	-0.136070701765204	0.00879780154428745
NaN	0.0948380774870164	0.500595998040819	1.13673693596051	0.325522947523096	-0.0340765392503358
NaN	0.251235436299882	0.603061329624749	1.20648765982595	0.67253309283911	0.464355468524433
NaN	2.3338331847341	2.09519505599232	2.31767138789698	1.08637957023925	2.50863362961598
NaN	3.62765982964751	2.59472125053176	1.24243072634221	1.21179730443585	3.49373713725757
NaN	2.22537175034358	2.04291210018504	1.37979952865705	0.831651497669444	2.0540164095947
NaN	-0.41769645419661	-0.735948967954012	-1.68629002379307	-0.92035858903887	-0.868710315731142
NaN	-2.61258887773142	-2.17329536755196	-1.46370690301321	-1.58948623695081	-3.07301323133117
NaN	3.03739711816572	2.38658751625127	2.80864868236893	1.99378855346746	3.31939934089531
NaN	2.85741611243163	2.58652884304754	2.01630414800906	2.06290397542068	3.39025689877201
NaN	1.38924449140338	1.4021437263588	0.898712964655639	1.08739532460992	1.58661881353971
NaN	-2.25837013306592	-2.03234404901575	-3.36278652215603	-1.89652679999535	-2.68975737166281
NaN	-6.27091933253246	-4.92032130401972	-4.2241028821634	-3.28987253739188	-6.02233149024118
NaN	-2.43812954595449	-2.23055541008825	-0.131278124926363	-0.6177309961992	-2.03854013196859
NaN	1.94499455434823	1.15873208717077	0.861265027682286	1.06646775455819	1.57230161361664
NaN	-2.16063797705942	-2.55852986059936	-3.99118964258972	-2.67020127260937	-3.41332689646135
NaN	-5.62262142909495	-4.38910319409445	-4.05349365390672	-2.77839198430039	-5.71698926743949
NaN	-3.23885065346442	-2.93620673507303	-1.98276740134641	-1.03992905318639	-2.30147217775453
NaN	-1.25499236445645	-1.74214512941775	-0.433711631937161	-0.57613289537286	-1.06119456250966
NaN	-1.24877482055214	-1.48976314773591	-1.71369813498036	-0.739094586822818	-1.85240502775252
NaN	-1.07381225938979	-0.953776417109351	-0.441290188554505	-0.807531745953226	-1.86486387230788
NaN	3.78541753955921	3.35863268304767	3.30853238213902	2.35841311540834	4.09109161582321
NaN	3.97229188707158	3.34791034183775	2.93448902188912	2.09359818321838	3.68350234956336
NaN	1.45314826730768	1.1986647181291	-0.250799178600061	-0.00466856856665871	1.11598584811572
NaN	-4.00648760353463	-2.41883383925763	-3.6561300689783	-2.31502377851797	-4.44013773138614
NaN	-4.29788688130881	-2.49404234764531	-1.60933162047811	-0.974897758850307	-3.73984115882724
NaN	-1.38865729036227	-1.9543803022946	-1.4158830894923	-1.10917300399031	-1.62716536714099
NaN	-0.805648634943654	-1.47313184453479	-0.792280496986076	-0.980266329661326	-1.37536426602936
NaN	0.947655345557258	0.482614189267368	1.74437055550717	0.510540474198782	0.650655926186172
NaN	4.85257046056075	3.65417851797351	4.01403798623441	2.96417306708789	5.16912832663519
NaN	3.9548849462281	3.20570559159861	2.48738591890894	1.96761719283604	3.96570845267322
NaN	-0.806692911529335	-0.356310278135777	-2.26839810234675	-1.22217071955546	-0.635929520903328
NaN	-1.10719954770876	-0.247741795414248	0.857782506106366	-0.187041390703807	-0.213336318490764
NaN	1.912712506391	0.94196894643601	0.596325214407365	0.993988618285641	2.26089887009597
NaN	-1.34983787165918	-1.24777262359776	-1.12905781983288	-1.22247738618624	-1.6331252086724
NaN	2.15519643514036	2.11455252385385	2.39888458739782	1.98780586566467	2.29151184106726
NaN	2.55175166270081	2.23735597786889	2.25235287323503	1.70028876750203	2.66074318974131
NaN	-0.684214468638741	-0.102555428562899	-1.10958513735662	-0.463705473012783	-0.423337715110537
NaN	-5.56812457379265	-3.30650382761742	-4.21270465113616	-2.77289250110063	-5.78370619367423
NaN	-2.83685027956837	-2.64559189059271	-0.661897965825563	-1.05487673095926	-3.06466232156367
NaN	3.48432065736979	2.19313992835451	2.70630298358831	2.21346960947212	3.35121883568661
NaN	2.97980599589924	2.1093752124864	2.17363402890987	1.83307668464752	3.28300351688028
NaN	1.04529890893047	0.755701988311824	0.206244063899907	0.76572270744076	1.58810456678197
NaN	-4.07960890214906	-3.32619279884358	-4.30369325281949	-2.28168894526527	-3.68650039290154
NaN	-4.69369738683797	-3.30004957676846	-1.9935468939322	-1.29897089622555	-3.47831331360004
NaN	-1.88840360248273	-1.84337492630724	-0.839049771616819	-0.676459078606062	-1.70811740344386
NaN	-1.04461906139763	-1.13361770478673	-0.500652770772651	-1.1177962218316	-1.49111552664089
NaN	3.05532784667141	2.30420574611036	2.6783617909138	1.7858724048228	3.18858433793826
NaN	1.88806258999663	0.765157133553628	-0.560101305182749	-0.382107543032071	1.84816845886388
NaN	-2.31160606344405	-2.11224317692519	-3.02459138916884	-1.81629122922282	-2.83927871487588
NaN	-1.99643081796018	-1.72430763109565	-0.917869330447064	-0.446381385994276	-2.42287780382857
NaN	0.00258953632301779	-0.686975172837533	0.496232827515382	0.169471602890514	0.0792575310771199
NaN	2.04713510453521	1.63430235477442	2.79278360010037	1.36540341729362	2.08629003802988
NaN	2.14103181675233	1.45526057154483	0.748130983966088	0.226812866231313	1.73721153666465
NaN	-0.526387643881513	-0.165244525294889	-0.914587430616864	-1.14641920011906	-1.06567374967458
NaN	-0.339899323692584	-0.144133413697955	0.00974864808835181	-0.315323517115788	-0.822663670664627
NaN	0.712994461023598	0.394576847907206	0.437170138707811	-0.117116953183454	0.288981005861981
NaN	2.34843499983536	1.75089023863508	1.52034583970984	0.985542999859386	2.03012174736504
NaN	0.494426784462949	0.58387619019031	-0.0307460447887202	0.176082488362546	0.555879942640056
NaN	0.295209600059125	0.570793372436334	0.97989268553057	-0.0738593653027007	0.0429784281481181
NaN	3.52355083220443	3.44603257263018	3.33877950991154	2.19168031307196	4.24035625069698
NaN	1.29539384812979	0.929565722289363	0.439994872535146	0.118287860022168	1.43356090349665
NaN	3.61690826622327	3.732101111961	3.47536382476379	2.27709589665861	3.76800933960629
NaN	3.85918871887909	3.10602578889105	1.65230534645474	1.51066900914623	3.59187074647311
NaN	-1.69060158222794	-0.804478785083775	-2.59333058232985	-1.76168210646017	-1.97354551837476
NaN	-3.37470619884315	-1.50294626318024	-1.08982679432097	-0.494010952500726	-2.58641420243539
NaN	-0.767143737474245	-0.906285715136761	0.124795564085504	0.741777342200656	-0.354942114746186
NaN	-0.150804414655628	-0.639287696188011	0.116714717419142	0.0585726458880498	-0.21587941707203
NaN	-0.369543937941293	-0.170374809748075	0.000964653888767724	-0.374631963617424	-0.0828222487544752
NaN	-0.352577014509017	-0.109565534447243	-0.909083327146042	-0.379557601100382	-0.179446179697388
NaN	-0.285542829271407	-0.348589635315313	-0.730204597209929	-0.266930084713295	-0.730922761622041
NaN	0.0747322653714049	-0.0092876732580335	0.111027191832061	-0.208277484779849	-0.721111643584636
NaN	4.37628495407544	4.25477082427602	4.34301870842709	2.97566842207852	4.56648483593457
NaN	4.80382468598211	4.44373392478276	3.9929439448551	2.75829217460949	4.87106743394089
NaN	0.950868463408934	0.927098275906805	-0.208377519701829	-0.0434955103140761	0.806539175158847
NaN	-4.21760505941249	-2.19496035266957	-2.39154801532437	-1.91336114346966	-4.70786597880603
NaN	0.000433755940095159	0.0634510105483871	1.22616458321868	0.554294170141599	0.33099202184162
NaN	2.43511720342745	1.58489291139705	1.40998144846195	1.67729164823402	2.8449716381715
NaN	-2.12972673844123	-2.05581430088283	-2.76540485078233	-1.48666152558977	-2.28292974070526
NaN	-4.68243768336595	-3.46429183258536	-3.32376791137516	-2.129345597734	-4.38154512892573
NaN	-2.33007665317532	-2.70231360989149	-1.87753123987047	-1.11583125093178	-1.56871474616574
NaN	-1.37812839203201	-2.21378760164113	-0.968222100993594	-0.463721298857847	-0.623287088005811
NaN	-1.36653353766488	-1.59447348961038	-0.738860335929033	-0.487876745026532	-1.27802542591956
NaN	-1.08562257585194	-1.49070081588987	-1.00658092283568	-0.417551859691552	-1.57439112783335
NaN	-0.816020025818642	-0.807442285551295	-0.858779453638184	-0.681036972662871	-1.48210664552802
NaN	0.657248955794189	0.561635382661011	-0.138899177321669	0.137046529192876	0.58013095076921
NaN	-0.674933698028329	-0.962276607674003	-1.35795017614219	-0.88417464636557	-1.03457442673501
NaN	-1.10505672639508	-0.899506818138579	-0.83683327028318	-0.730314815910254	-1.4135660360656
NaN	3.18357114380262	3.28108871969424	3.71276355979445	2.54237965189015	3.57988549725362
NaN	4.67856102104151	3.95096960567522	3.48375131961098	2.59929460765013	4.91786985625092
NaN	2.51100831731652	2.20478623527325	0.975349973731194	0.899206532305418	2.50804838304
NaN	-3.15638713085678	-2.39369491603734	-3.82259641046419	-2.59931032048371	-3.75225620231255
NaN	-4.78863756043865	-3.24553627902766	-1.89486617998697	-1.15869163397095	-4.14515727677801
NaN	-1.7357319411251	-2.07124295999452	-0.414011989481638	-0.355133379071503	-1.30053320446756
NaN	-1.09877833705674	-1.7071375290399	-1.62529761713492	-1.18617345050836	-1.24579921230506
NaN	-1.04116848520559	-1.06559887365238	-1.03753769029982	-0.830455859142911	-1.49169358056152
NaN	-1.06906456992844	-1.02748766536925	-1.1061666064865	-0.73101407548516	-0.839975275404303
NaN	-0.537346378929132	-0.724326742500543	-0.596948629056759	-0.351841389201918	-0.738856424258047
NaN	-0.278861264370213	-0.454398200774487	-0.208199523749133	-0.373126675683707	-0.333792902649095
NaN	-0.115387547476447	-0.510323149170581	-0.546061302342303	0.176029490177944	0.26059834188831
NaN	-0.140864763867494	-0.314480460408531	0.148543430248067	-0.00743931670256887	0.511328609964847
NaN	1.30207305029689	1.22621928693293	1.96265518148424	0.853452100397698	1.67102978776245
NaN	0.672163168450458	0.547749643879595	0.706318749615067	0.182690455124215	0.849292410678857
NaN	-0.0491559263374978	-0.320319461223552	-0.853232890156964	-0.812285869492333	-0.917043972372828
NaN	0.0306250326125908	-0.151517870857757	-0.384259038671028	-0.314258846288271	-0.493014721204181
NaN	2.05106208190625	1.95188743759043	2.93649839993118	1.20886860415095	2.24250938447184
NaN	2.79105330319541	2.55654992581827	1.79059523564702	1.752444762739	2.99328629759695
NaN	-0.745141286018272	-0.119532628493879	-1.30390795954497	-0.994793839973991	-0.767077438158467
NaN	-1.3766816753681	-1.01439459277277	-0.952980222940332	-0.7645303620122	-1.75844453825951
NaN	-0.0466655597309024	-0.569696845312421	-0.130082607702114	-0.276541509716998	-0.511278156298361
NaN	0.23423722478911	-0.278654982344375	-0.29250170514155	-0.256539364325804	-0.314809736708694
NaN	0.0445548685215674	-0.145400361037854	0.802202282599121	0.358303692608426	0.248495244961636
NaN	4.34786306930663	3.98503598215337	4.76981486779539	3.34662349414411	4.77974505053178
NaN	5.02064607533874	4.40510988409142	4.04755883990837	2.63808173315916	5.18291694854816
NaN	3.10261795628699	3.24228198675876	2.60282892218296	1.86792743862074	3.40256150022633
NaN	-1.58778225494693	-0.456304236933432	-2.47322614848564	-0.91954640432968	-1.36813839643713
NaN	-5.05506361357324	-3.61230400106914	-3.26130355223859	-2.45059434121899	-5.35392299582098
NaN	-2.46785989604839	-2.72835270961029	-2.11489961751573	-1.35111401518778	-2.96208607544807
NaN	-1.47096810644805	-1.8983545645901	-0.983666928831142	-0.900500746461538	-1.59645456140229
NaN	-0.888041019161292	-1.17200380008969	-0.633470394779201	-0.749043824089693	-1.19901250358063
NaN	3.47897586834219	2.96409581283717	3.39332327409451	2.20236296196654	4.22454713009188
NaN	1.90931230015173	0.988549921653092	-0.172197754387977	0.82566721443836	2.49027992078442
NaN	-3.64544328078198	-2.39910073182005	-3.45064851120558	-2.192283151505	-4.06012074571996
NaN	-3.04203228214037	-1.78022535779997	-1.06308456052161	-1.42228788475006	-3.65412475999618
NaN	3.71554184692829	2.82330790302567	3.72792357873002	2.41507410200779	4.13070311531336
NaN	2.38545663325922	1.6843430388278	1.05675407885301	0.841215403772934	2.76763509080215
NaN	-3.55529072754196	-2.64597076584407	-3.1283279311798	-1.72032384118693	-3.08181689706026
NaN	-4.28124675983306	-2.87027594038174	-2.45043513218688	-2.03458281363849	-4.56399776291669
NaN	-1.31014327685031	-1.26173899028016	-0.891252948177875	-0.633776328104379	-1.80032733628315
NaN	-0.812007089155665	-0.938678816797274	-1.28648085549999	-0.870015156248697	-0.683086025796692
NaN	-0.948487219543796	-1.23149945301579	-1.09344009374437	-0.77885647043134	-0.654941182430362
NaN	-0.69093503336814	-0.300188316107588	-0.435537830567913	-0.374005792687044	-0.43380051283572
NaN	0.413972348940071	0.147228853979093	0.0417397283926529	-0.0609362239542701	0.57759018082421
NaN	0.0648850238239223	-0.0595828981310467	-0.154714417399417	-0.154712281264791	0.441335928816916
NaN	-0.379955191508244	0.0966723736446688	0.0307141976347564	0.009305648823488	-0.676355002147666
NaN	0.18996133161212	-0.278280729020611	-0.298794011826154	-0.100575248269422	-0.798497224894715
NaN	0.238822566483253	-0.290660097967062	-0.049607281290928	-0.0370723487101607	-0.436714030909879
NaN	1.56727610015104	1.16731327167149	1.48661041678256	0.880822562478133	1.43420097770318
NaN	2.25082423929912	1.93031731903491	2.40904790843855	1.25690625313321	2.09490267653669
NaN	5.30372095563078	4.53428240640763	4.43608921470974	3.16747848503359	5.37394875865935
NaN	2.90657277083947	2.36519884289934	0.733257223057266	0.98394119931742	2.66983010837793
NaN	-3.06618072534359	-1.80189457429473	-2.67491154694969	-1.81102543849088	-3.61956242397376
NaN	-2.87355517225467	-1.78760176706234	-1.20363204066595	-0.572019862061808	-2.78954368767187
NaN	-0.284451883598382	-0.546006004764669	0.326258417027225	0.188103346894838	0.196885767064846
NaN	3.02964231510118	2.57944479230847	2.91029872094104	2.24169606239419	3.43716893733637
NaN	4.12623825644104	3.58762224913887	3.5411747558679	2.75199018074247	4.39384919438163
NaN	2.62610618916741	2.15142557259163	1.56580882954972	1.14494345560366	2.68738465140464
NaN	-2.92433030041889	-2.29564992522134	-3.8030198755256	-2.51993516079923	-2.97782138730133
NaN	-4.56336247729099	-3.62058584545851	-3.26373591408867	-2.10317501480709	-4.88222422202127
NaN	-1.779005174	-2.3447156365314	-1.65500624049753	-0.944400554717828	-1.90977501062842
NaN	-0.966408609238439	-1.81622039346006	-1.18488325488099	-0.234988729181187	-0.944282510393432
NaN	-1.298112230821	-0.866008973799114	-0.212659978446195	-0.178318456651475	-0.670720347542578
NaN	-0.867846518152218	-0.784018319017399	-0.831255604914747	-0.915451532825629	-1.06834308311899
NaN	-0.521345752502161	-1.03001227529078	-1.08090578219821	-0.821294253603106	-1.14736051552907
NaN	-0.428893268597647	-0.630442371721529	-0.3234906376962	-0.224198665365541	-0.476930259181677
NaN	-0.134862205252541	-0.37997381532178	-0.224108781949763	0.0861487306434299	0.310274493562341
NaN	0.0198205538374117	-0.10412407097705	-0.0350004014129974	-0.46872734751668	-0.0131672042644063
NaN	0.194917393073212	0.23430777106433	0.416834578502614	-0.244789798361837	-0.0255785389156503
NaN	1.89636701550733	1.55025592119301	1.61063437726988	0.926079908401371	2.02032930903181
NaN	1.66857495940123	1.65425461504271	1.26774403738212	0.680481765312579	1.81540796098399
NaN	-0.0740910836249184	0.113993078958136	-0.239478675968787	-0.200436563976813	-0.0513432023754486
NaN	-0.584373886972625	0.0634155464022076	0.191555266064264	-0.160403142606555	-0.262955219515165
NaN	-0.0389547886783227	0.423191542360999	0.665312436537125	0.287149250561398	0.0630718932495805
NaN	4.06065256721277	3.67802543119408	3.7771814970166	2.50481999666209	4.21996307566246
NaN	1.85479280513041	1.37618913176732	0.20013426782373	0.308245460390291	1.97003308398907
NaN	-2.22935906895601	-1.24067882141953	-1.94491231615499	-1.26680686559881	-2.64254259841162
NaN	-0.0765248698284903	0.44365466383597	1.07685600683522	1.25993218925042	0.864151792751444
NaN	-0.345678432783334	-0.546362963108973	-0.499075529760012	0.159473482908858	-0.0863088012405825
NaN	-1.07877754601499	-1.05693908697409	-1.11890922326386	-1.25663021494646	-1.60825957876754
NaN	3.02216637381335	2.57620767471435	3.45400612675154	1.84632467081395	3.04474520916064
NaN	3.4344384038591	2.77995127122736	2.54945271346216	1.4946838590678	3.50902794000778
NaN	0.453498952067808	0.636806908988301	-0.458846177059132	-0.418621144898147	0.27586693180041
NaN	-3.4464412894771	-2.3306134951332	-2.97712189747098	-2.01174902224274	-3.77162110495928
NaN	1.5285226452227	1.25119622982136	2.69902450246894	1.36388237567085	1.86225765975501
NaN	3.55356821436086	2.67252476149647	2.83201456166183	2.0619567117426	3.6109592032339
NaN	1.97038132632311	1.79478791961188	1.44415016692925	1.08216168071585	2.12498068895151
NaN	0.494969326416713	0.470551664284482	0.124452698161111	0.346197277373268	0.719056727902389
NaN	-4.01335166906446	-3.14245532317377	-4.26776870915986	-2.70165550884892	-4.10832115906113
NaN	-6.38835700521244	-5.03549117362798	-4.67960247002733	-2.96313824102794	-6.79870798076637
