NaN	-1.09545949322694	-1.41039516888999	-0.43285720048958	-0.586796104014	-1.47589416686015
NaN	-0.535865296822878	-0.868120666341356	-0.140909937329339	0.0255446849043425	-0.357523750417654
NaN	-0.614837162430953	-0.598671590146517	-0.83021595470714	-0.406388201834396	-0.649876842303586
NaN	-0.263484904308712	0.27161855791436	0.267942265304759	-0.166557587779131	-0.570359435873031
NaN	-0.0551684905362635	0.441507408686006	1.02631729214657	0.603700549738596	0.356675176498265
NaN	1.9450459308286	1.00184426306514	1.94399609964757	0.804622365858005	1.61563056407092
NaN	4.97012522087746	4.02842506721001	3.74662948633689	2.39311875106497	5.44363929448453
NaN	0.564422905739783	2.93252662502769	-0.620953568850001	0.345881855732591	1.7217245558762
NaN	-3.31684230882869	-0.685794809902307	-4.6752503131572	-2.47165737774141	-4.58763933738004
NaN	-1.43256436858913	-2.44181438078327	-1.54403375935419	-0.832743718815991	-2.74765855982206
NaN	-0.568888576686215	-1.91592281955092	0.143214062233886	0.556513253774153	0.660322330521012
NaN	-0.881308546145989	-1.25383005281533	-0.310848359987369	0.191544556261326	0.21353545441948
NaN	-0.573102241871746	-0.922320679711336	-0.693040853980079	-0.613498237104127	-0.938149943173631
NaN	0.240485852073274	-0.585298283227077	0.240723536743332	-0.618156801772572	-0.571447335957229
NaN	2.03805257697169	0.785636666408335	2.29159669552087	1.06818711596163	2.45536982994285
NaN	0.0326944059366083	0.930287960895521	-0.107485204846576	0.0584548588161818	0.869716622657358
NaN	-1.28804212651069	-0.276099128924499	-1.87020341526575	-1.14687233343791	-1.65006928344016
NaN	-0.436912988845377	-0.327681902029251	-0.191258780585618	-0.217619720797091	-0.337297374677169
NaN	2.59213248002915	1.35338834208782	2.40890361007702	1.16276674214725	2.56362462098144
NaN	0.113758987421355	1.20474154556691	-0.0786104574113464	0.219505062628155	1.12143069277006
NaN	-1.55819155314996	-0.839136518745979	-1.64378861370556	-0.814251056125137	-2.21701274425033
NaN	-0.612552833991064	-1.16742763972486	-0.984433691980726	-0.748999196724599	-2.03254071442295
NaN	1.17481270917331	-0.105435301939292	1.34230968636575	0.258012055221428	0.863890469081855
NaN	-0.0273538204096777	-0.0202102568263527	0.712749923786249	0.46894698190318	0.779391029336686
NaN	-0.904745089778802	-0.465317544484111	-0.624125016308969	-0.353476841789022	-0.511361027510574
NaN	-0.384321891059465	-0.486245116653066	-1.15108567843214	-0.499501829013942	-0.936346060808615
NaN	-0.330676281591803	-0.541525399022299	-0.261460295563703	-0.100781141082914	-0.671300336444028
NaN	-0.062766359608525	-0.113840399455905	-0.201365142953781	-0.185098773159837	-0.0808906831873776
NaN	-0.0396509881261991	-0.171893520579093	0.303697143584139	0.227711728416375	-0.0446987983794732
NaN	0.0910316255081796	-0.050692826109613	0.186162951190701	0.109809736222764	-0.252855959034234
NaN	0.233718293594804	0.120591545007508	0.0799773694578623	0.103306018357215	0.685052918363333
NaN	0.260040001603808	0.292844825591871	0.160737715228671	0.103904068202627	0.265533487339333
NaN	2.88692415082894	1.10621109586239	2.84682776539445	1.36813816061293	1.7113339241553
NaN	3.4002801157894	3.75926711077817	3.40004866069325	2.90123942940299	4.87222923861889
NaN	-1.38103723751653	1.64182984465952	-1.56793340126259	-0.664845528149931	-0.506451766953358
NaN	-1.90628028611802	-0.652023773815514	-2.61166300217874	-0.531313898211335	-2.74526247764122
NaN	1.78339021732203	-0.265527363195993	1.8535987999707	0.67281056899122	1.53306747858707
NaN	0.622469113122349	0.924961064038401	1.14655405904093	0.146553309151557	1.24383032137887
NaN	0.562576042778962	0.977550159975778	0.509369001823906	0.230636898850686	1.00006311398613
NaN	-1.86671559547442	-0.367259115278271	-1.63938802717769	-0.842313427133492	-1.64194804131196
NaN	-1.94298628165669	-1.33081063805855	-1.00773196920305	-0.607365204973437	-2.18400593168434
NaN	-1.0664201644737	-1.46810113355523	-0.347147344961401	-0.447507117866473	-1.1687731541303
NaN	1.77309746574581	0.00189204397380279	1.71832434164005	0.480090782836578	1.45479490613836
NaN	-0.468506260350561	0.636469811964799	-0.0593748313088807	0.250771031854985	0.254751041756986
NaN	-1.41225282146407	-0.838474024421008	-1.80243826971715	-1.12505574607624	-2.04735590251586
NaN	3.21414053292647	0.404971879852897	2.61804291965791	1.01414926910362	2.64011159410723
NaN	4.03232808966793	3.3313510875821	3.68634793238429	2.64494063125119	4.59677073692572
NaN	2.54816618806277	3.2250412249379	2.31429198575759	1.37839393541761	2.75427325975009
NaN	1.32001728762684	2.06979548591466	0.968703626944625	0.716463726970999	1.54744444944189
NaN	-3.01259271656829	-0.325669782804575	-3.16422427823267	-1.20706683002141	-2.28733947768085
NaN	-5.47337461470109	-3.44446354422538	-4.84849477881236	-2.98210105339523	-6.37459740500422
NaN	-3.26745245084798	-4.28908438953592	-2.49422122752917	-1.22713204398763	-4.02054865129052
NaN	-1.40675836189823	-3.13970974274951	-0.850321086023887	-0.753097262832436	-1.78716796405005
NaN	0.91866080772133	-1.10183517577387	0.984187324968869	-0.157240319998055	0.343641598887214
NaN	-1.00625951172316	-0.331650818765898	-0.533494258593019	-0.360574903601852	-0.130961715654436
NaN	-2.90470622630578	-1.67721099222481	-1.85402510708718	-0.55289693223094	-2.51157130278607
NaN	-1.87523487103003	-2.24533363721723	-1.4375716128658	-0.393257685603587	-1.39585189559595
NaN	-0.758265894869773	-1.66202567525251	0.147448670929304	0.139455196827474	-0.183117995321945
NaN	-0.332384176753451	-0.795723946233842	0.152218546704302	-0.0877265549338049	0.414389185736005
NaN	2.56658327941252	0.836288168721277	1.64734098466592	0.0490942725819422	1.41900678514161
NaN	0.131363270955927	1.10979985663461	-0.556617024907168	-0.191729421961037	0.366662591825688
NaN	-0.34094156950637	0.386920830126658	-0.88218816755703	-0.85501807793728	-1.25887914142807
NaN	-0.860930347852334	-0.453005090570565	-0.914543665877451	-0.641869075459015	-1.44000054571999
NaN	-0.806663790317827	-0.723850885618561	-0.504384367180449	-0.516663706122753	-1.21885238918298
NaN	-0.378673753062623	-0.185359876133484	0.0166947348042115	-0.199514717446228	-0.459582884300473
NaN	-0.0880368259162645	0.459414099143052	-0.0655904967564131	0.0178899174780875	0.0919478527200132
NaN	0.336727742250542	0.120733274558427	-0.690846914265015	-0.200176781502765	0.159412740353921
NaN	1.61773931656691	0.506864231661729	1.08371947895702	0.33523836813457	1.2619722224853
NaN	0.514875497829561	1.20169788111103	0.498575870448095	0.221264132168346	0.786579187718549
NaN	0.0131392252927929	0.246852349981542	-0.514609642718488	-0.275911968538903	-0.250013898869117
NaN	0.426697234961712	0.0401445604946614	-0.216575794971649	-0.0942707248759551	0.196355522438556
NaN	0.730618378566246	0.0204058169353697	0.40017156835408	0.199152797641675	1.07099311713681
NaN	0.645594260406449	0.160716587274874	0.503714358891138	0.453592066303299	1.31788276112961
NaN	0.65421663215232	0.467284608370871	0.46693287030716	0.310670461134812	0.588990428826356
NaN	0.785137985672402	0.580243908685051	0.981458912178549	0.583935421236972	0.814456467244842
NaN	0.704032972619756	0.672159162956059	0.49424703542396	0.536760984418582	0.89829554715995
NaN	0.739247544389173	0.536301701768939	0.225553734468639	0.414831909338978	0.68656961740427
NaN	0.71764378384189	0.548217930438397	0.517912561149209	0.360657146934759	0.587440975902943
NaN	0.789736993084953	0.642692464350543	0.550407532048166	0.322528198796376	0.525642573795326
NaN	3.84669212890058	2.16288465385491	3.23576516147823	1.79284191950108	3.74282023369349
NaN	1.57577782673643	2.90619082560916	1.40127493529273	2.03680547914667	3.62579944266246
NaN	-0.673204863442929	1.01362177837515	-0.954648034210605	-0.165736501796488	-0.401003678841562
NaN	-0.357811778131983	-0.0188695660680068	-0.471511268432693	-0.527150060608705	-1.01952287762246
NaN	-0.25428184606278	-0.298335298884372	0.0633183706114632	-0.211207684695138	-0.102559054546087
NaN	-0.294185136184237	-0.339956837066016	0.0872069848225768	-0.12012221659246	0.294854356729131
NaN	-0.160270146594674	0.282194788459191	0.401022613758993	0.29915614847917	-0.347460892065402
NaN	3.39797002856217	2.02576036001842	3.1018444489609	1.37379428436591	3.49370908818984
NaN	4.01566289009951	3.51640028326638	3.51883896307842	2.25853631306778	4.74711956715603
NaN	-0.253372405530474	2.31256598396007	-0.389370806488408	0.286014522562865	1.10613562056569
NaN	-3.75342346375065	-1.04730981449797	-3.7111293371245	-1.9980276920986	-4.08714562095436
NaN	-1.94649774087459	-2.59927223865849	-1.40159385731766	-0.725340472142559	-2.36399849367807
NaN	-1.34834041063135	-2.16187541847009	-0.49868937319858	-0.0429235085647358	-0.852632784076267
NaN	0.811713851328336	-0.467187808355548	0.828841903430794	-0.162434359549318	-0.0699207549557252
NaN	-1.25964838261278	-0.707278974990344	-1.16344527220377	-0.928430944226217	-1.78248889990496
NaN	-1.57002381051162	-1.52911288443373	-1.47547376657274	-0.887641132654769	-2.79195050140239
NaN	-1.03411082899366	-1.59890042547307	-0.888827619889275	-0.689717395085757	-1.82461364625703
NaN	-0.88027204342161	-1.10280079228522	-0.35833945540719	-0.486771888025525	-1.37481167535213
NaN	-0.77185872115953	-0.915897861981661	-0.417600681133855	-0.286491826137218	-1.23305269849376
NaN	0.919669692028468	-0.434035965321908	1.2523696074621	0.114379907202198	0.367515336688408
NaN	4.50094226054561	3.45609738115575	4.15318154997452	2.91312491960975	5.25821079281666
NaN	0.300231651270096	3.04017546096501	1.05650919569822	1.07123193463747	2.29119568353759
NaN	-0.486082240135865	0.358800389360083	-0.998493112791994	-1.03206532631334	-1.84330718901329
NaN	1.76780504239183	1.54305086867168	1.92926469558851	1.99577004963391	3.38695673873323
NaN	-2.69893616804503	-0.599371861386612	-2.60613065614676	-1.1878408849679	-1.30745196716109
NaN	-3.72475437381779	-2.82627950088852	-3.59128623936034	-2.40839963510701	-5.37321007579918
NaN	-1.97478548706459	-3.23262302251871	-1.77090176811295	-0.225836469745147	-1.72278756328934
NaN	-1.04096677782866	-2.64227162533815	-1.13122241952266	-1.01181365194254	-1.21084265361031
NaN	0.222957229199714	-1.05138899768337	0.14897133736814	-0.574595081726227	0.0466404448562554
NaN	-1.36680108090456	-1.09469223300919	-0.901881092200859	-0.699862932768451	-1.66156639634926
NaN	0.314406232811625	-0.874122840482203	0.245231895678079	-0.510922830485007	-0.801058898918769
NaN	4.27752221635119	2.57096577140946	3.64897695311553	2.23528883826619	4.31034148013672
NaN	3.46378995569367	3.54071305497749	2.89223690534517	2.04783429283132	3.90442820370978
NaN	1.64642261664709	2.50736314789637	1.22729645965504	1.1617976519173	2.32823404181271
NaN	-3.71561920139938	-0.369580850967336	-3.86563642655233	-1.52502107674663	-2.73427327830688
NaN	-4.29778768213621	-3.06681887907753	-4.04649610949162	-2.20706940073001	-5.03316327350566
NaN	-1.60319487285981	-3.62584806862126	-1.25158552040175	-1.27885679696776	-2.58827296021757
NaN	3.30313463190849	0.319551098214628	2.83514286337872	1.10935757775695	2.89489893181338
NaN	3.0675300149495	2.51843773975734	2.73980107016952	1.6683656726336	3.34455360765135
NaN	-0.573239199832066	1.68154406362458	-0.330229049763855	-0.243013909016979	0.502832354738851
NaN	-4.95041132331034	-1.90598414637504	-5.02814898806294	-2.93526488790191	-5.46157862581385
NaN	-2.7801093504872	-3.5521608684528	-2.62139880704219	-2.03185762159304	-4.86054987567082
NaN	-1.63972108900453	-3.09928721008096	-0.133865910875857	-0.526796973326067	-1.52887267116238
NaN	-1.3790457983835	-1.96380015258843	-0.316706875488199	-0.441528378585373	-0.821882536254899
NaN	-0.991079143229704	-1.51652981382858	-1.21226535759742	-0.81081618005611	-0.545278854420825
NaN	-0.480145743056185	-1.05763286967715	-0.567107862309722	-0.593166948794208	-0.594195261947022
NaN	-0.0833347538582198	-0.436603180289141	0.0662103365088042	-0.0296110074306099	-0.278502527812442
NaN	0.102456746834567	-0.198682435171636	0.254741949124124	0.343787945891667	0.200337308334405
NaN	1.18525965428204	1.01970738625978	1.44688207240782	1.46810340035969	2.5074464164634
NaN	0.360823132890188	0.964947058086378	0.11466713689658	0.676807347694971	1.0722554485094
NaN	0.504212263732014	0.510727316499602	-0.306372095099787	-0.59132879058716	-0.457338000696162
NaN	3.75658122450698	1.8332838416428	3.251522128644	0.876342904787329	2.88156100250781
NaN	5.64550789824665	5.04069236865743	4.97444066583319	3.27488358722836	6.27047195730556
NaN	2.8191102582915	4.63062124049384	2.41066545892735	1.86029232189833	3.91880736323618
NaN	-2.63623434133242	0.978168661340786	-3.26598606285807	-1.73911260817383	-2.60954676765733
NaN	-2.18110203272066	-1.57868727879849	-2.23909703289251	-1.32527081348169	-3.21786203852104
NaN	0.630776437389255	-1.50102921498286	1.68431328224758	0.521784395181312	0.476073795926031
NaN	0.766524258464701	0.303545050970311	1.5591999636195	1.1117518115458	1.55528107284859
NaN	-1.09225297492829	-0.291067828070558	-0.350164800517416	-0.361112524938693	-0.777769174774838
NaN	-0.672786064247121	-0.649030894145755	-0.195852725307806	-0.0903431322825601	-1.10183779101606
NaN	1.84231792688427	0.205911394696971	1.13893516968744	0.344181716665585	1.19970482808649
NaN	0.624683381221758	1.26509617294365	0.161827846278636	0.101802693355355	1.23184288034233
NaN	2.11476345239526	1.56891864979321	1.63854740175558	0.862349210486918	1.67623062295928
NaN	-0.13160206444192	1.2966240196255	-0.54934283569504	0.227367745773499	0.618661441418636
NaN	-1.50215687291198	-0.360831446121109	-1.42357084501134	-0.891000882506785	-1.5874699827776
NaN	-0.612133764606265	-0.844214808172491	-0.0861109590158415	0.0934615364424246	-0.0179494082784313
NaN	2.67325002797335	1.0866393140461	1.62975854122302	1.33038210487861	2.68458868205853
NaN	-0.415525443114478	0.844537810773321	-0.889671572419406	0.303332895032267	0.405606775560129
NaN	-1.43231471480468	-0.356105573609056	-1.39300523674839	0.0872921621822661	-1.62142778430979
NaN	0.304017101027183	-0.0700055354988682	0.595508606127101	0.462303811457336	0.241083913334308
NaN	-0.0559498651923974	0.109880430550802	-0.249259469234146	-0.622295497570828	-0.464307255292876
NaN	0.1575602612066	0.0573118954671845	0.751731581962133	0.292709862873221	-0.00208760387873651
NaN	-0.0754113630270859	-0.0168391739888378	0.289843458234842	0.327504636129388	0.828307081217333
NaN	-0.525328715062152	-0.651320762188663	-1.30482807246943	-0.889316582285559	-0.952930617436089
NaN	1.06072029042404	-0.254571853224023	0.0344644219341194	-0.436757617383012	-0.413451099435227
NaN	1.5089846647098	1.32324590024894	1.21667913154693	0.825020945280762	2.16588749083156
NaN	-1.12770910588235	0.199346533056635	-1.13573161684464	-0.872784990971483	-1.51783094860196
NaN	-1.02134506815692	-0.859123280146616	-1.11511797526559	-0.258829933535711	-2.14291984919959
NaN	-0.143942326854435	-0.864424756082792	-0.240335363544155	0.0398178492145671	-0.552117888374206
NaN	-0.411926319140402	-0.466144349997086	0.183986571515503	-0.176274497198881	-0.561127565820785
NaN	-0.305612939621136	-0.221720818210238	-0.0896375595770107	-0.140659745649712	-0.436230714904121
NaN	-0.18270760911267	-0.196082571225341	-0.0902680258056526	-0.129823405085976	-0.287749996578638
NaN	0.0210668158829143	-0.0639724975859803	1.01935162516448	0.504627475386025	0.26365984867028
NaN	0.118044140233368	-0.208619849100995	-0.394080879472778	-0.0387579974124371	0.0851760337537041
NaN	-0.0552522089579114	-0.247525913656999	-0.5520925068747	0.135039005568688	0.434584033206243
NaN	0.13514358889786	-0.164163591024533	-0.165828168316458	-0.327894350699184	-0.243624409375246
NaN	0.0201382766629774	-0.0240846631906063	-0.0287572708371292	-0.0849090387993851	-0.308800522549209
NaN	0.138244044538422	-0.0209863848129287	0.172143026112029	0.403046124626759	0.400486822393073
NaN	0.0983204862705997	0.0267746377389869	1.18108105006272	1.15367078611022	1.45783392360961
NaN	0.101139839865168	0.171971208386308	0.299168107836186	0.459608795877122	0.792253569539978
NaN	0.0276356189076716	0.115324309060824	0.608358888158878	0.0510833332334703	0.500923086562527
NaN	-0.0991598797096236	0.438323655113702	0.661084771927822	-0.0646714952016802	0.319712973092805
NaN	0.2052538960158	0.484518840196212	-0.295455999393501	-0.503659726383251	0.221280331369503
NaN	0.187605559420256	0.742642688432104	0.083874445512495	-0.353894975783937	0.208109349794611
NaN	0.10594775633272	0.446124675333776	-0.240593053668314	0.474799670913982	0.31871600926915
NaN	0.0692983491148433	-0.0463587112821231	-0.136908643230661	-0.0837104351292658	-0.263085542432964
NaN	2.60428650033702	0.400312725192386	1.44155500650092	0.0686964031205178	1.00218313735478
NaN	4.93051044011732	3.698257609581	4.1017727080578	2.87794895052821	5.43935925397541
NaN	0.623667636805094	2.90982252717432	0.635320268685449	0.923790155158113	2.41463980767902
NaN	-3.86033559099881	-0.799536808736461	-3.30672461579101	-2.23341466710655	-4.48379854309871
NaN	-2.33303978833743	-2.6169856687825	-2.20016583449636	-1.74606990645089	-3.97068726675606
NaN	-1.21560642159898	-2.28674104707779	-0.0297348360747	-0.606454373900293	-0.97490434523434
NaN	2.14656569319037	-0.337815477285726	1.83786090436743	0.873509001603434	1.89562096469279
NaN	2.5868297801856	2.28675098449143	2.20419799687951	1.89769327945878	4.18311674706923
NaN	-2.48293187908927	0.19496317139679	-2.70487884850096	-1.00357506494852	-1.0307138807509
NaN	-3.53498116125581	-2.5452494903464	-2.6726290345332	-2.12623977676136	-4.17402626184307
NaN	-1.71801164666844	-2.75800815954606	-1.190240374802	-1.12629581004188	-1.99405017360266
NaN	-1.18867486383473	-2.20755256362019	-1.60706417017445	-1.26746401704237	-1.53964597882801
NaN	-1.03212551834799	-1.79301699738269	-1.24326190062922	-0.793429873174282	-2.06687784250158
NaN	-0.882102547699415	-1.48474995417597	-0.297171980054905	-0.511909685512914	-1.50680989240376
NaN	-0.684656330371097	-0.996333501452941	-0.461758488360166	-0.387662409903615	-1.09570870796723
NaN	0.34653294336923	-0.404377957652492	0.274945766863539	-0.0907872994224797	-0.318230796921114
NaN	4.60990983166485	2.91489286181867	4.07863875675315	2.22333517787616	4.5247095081977
NaN	3.76983668017115	4.19418762573624	3.86696444766199	2.41648406089339	4.77704136227101
NaN	-0.607527134562757	2.66576091143193	-0.354590701248126	0.110120392870937	0.98618594219643
NaN	-1.79664589362618	-0.483557777176367	-2.67621152330129	-1.8681284042438	-3.89002111465617
NaN	2.7349660075428	1.07712700602889	2.78217652657222	2.13771012017215	2.98152315634596
NaN	-1.24266126952952	0.574456896327661	-0.103065906360087	0.250447116467905	0.687027499580302
NaN	-4.79923862575494	-2.51633679537785	-5.13206274625932	-2.91802716309961	-5.2673728622387
NaN	-2.66379116058251	-3.71895857409208	-2.96137599985053	-1.58736560127946	-3.75670044953884
NaN	2.84286219548104	-0.531787496346089	2.70113586064395	1.22463742589404	2.24119050656734
