NaN	-1.10228002437139	-1.38109643719046	-1.30319839243682	-1.48334169661138	-1.78445659493738
NaN	-0.808098543580639	-0.801940583031517	-0.965876646342137	-1.02819575786589	-1.20519479996343
NaN	-0.465212296716678	-0.889264357741306	-0.753559303084897	-0.762364398880943	-0.814162723613856
NaN	4.35239050805201	3.02924673280262	3.41655422422016	1.19416414555079	4.75937010405298
NaN	4.10470310047655	4.41246847446124	3.79358585963359	3.58717200936089	4.86347421733851
NaN	1.06164958175238	2.35673355278819	1.53190660143515	3.05073390754369	1.58507486289028
NaN	1.93161174054565	1.86032045862594	1.67737763362879	1.89648385634864	2.3384935660757
NaN	0.0792408893246341	0.797678604303131	0.480250231269125	1.40528455879668	0.548126367433746
NaN	-1.99783021109567	-1.44117187876334	-1.43909074529926	-0.504418002119068	-2.02095308618457
NaN	-0.39613541420693	-0.0678860015358759	-0.025539149749927	-0.216814469372913	0.365885355047902
NaN	-5.02035124002711	-2.92180957645719	-3.26791279747916	-1.75705568393639	-4.55237238429548
NaN	-2.28771396212897	-3.65690549493188	-2.94288655172482	-3.27504092000494	-4.15254555177741
NaN	1.86209372341324	0.601907099668857	1.19029925925173	-0.723966331940747	1.9765914799129
NaN	-3.61437929338374	-1.89377513409008	-2.19747959419719	-0.45590033938377	-3.26999418681293
NaN	-4.61799505401935	-4.0506950421982	-2.68677640686023	-2.00634102593881	-4.21320931191049
NaN	-0.905484723845775	-2.90937711343101	-1.25074674818627	-2.10240965499586	-1.39752849417919
NaN	-0.449999018137055	-1.38354470151266	-0.843579991364459	-1.08764205038842	-0.796286816982705
NaN	-1.38770394281542	-1.31538933659211	-1.0260441319644	-0.939248733849772	-1.94873407880275
NaN	-0.758083947177737	-1.18473535111654	-1.35017058181972	-1.07319369725057	-0.944374504271681
NaN	-0.124943435793763	-0.855124512384298	-0.899259926046755	-1.26303195739181	-0.529149469521792
NaN	3.98297256173122	2.25796202520156	1.84855946140581	-0.321559581138941	3.37999612295528
NaN	1.69815944175779	2.74016116477708	1.51318881214263	1.83547100999029	2.19253381064706
NaN	-3.28489497319779	-0.819697139574414	-1.51338784900797	0.152864782663123	-3.45669753891205
NaN	-0.822697823780585	-1.25926197581748	-0.341223010523989	-0.840936447669027	-1.35821371121281
NaN	0.407777283688359	-0.327332514422667	-0.150694997323179	-0.640096983982245	0.19880164334906
NaN	0.12498062046652	-0.0140482493010287	-0.354600788424504	-0.663893404748627	-0.349735798256466
NaN	2.91184612569971	2.27277308960249	1.74333322732441	0.720855176069224	2.9891939100089
NaN	0.0818103871220688	1.02442053277472	0.360776549996537	1.34705082147827	0.751805227447132
NaN	-0.765951183278196	-0.419549708349796	0.100850698744037	0.419394190369887	-0.712312870615301
NaN	1.25747356344054	0.163863027662458	0.820477220256071	0.146654050969034	0.833561789222226
NaN	2.69160391155313	2.52523905519107	2.04596855152746	1.27525629328488	2.93194414854648
NaN	0.378761584182831	1.24966652211008	0.67565778380925	1.13135857025825	0.834628311067191
NaN	1.81764475739271	1.56730254210924	1.598556233629	1.47457495749879	2.40817487002772
NaN	-0.344623230332685	0.101793035942872	-0.0836176056198157	1.36260900426864	0.347950020745242
NaN	-1.0660233415385	-0.773203004044821	-1.06345851304615	0.409552540541647	-1.14140234235948
NaN	0.670851215766523	-0.170191081272202	-0.424515245965957	-0.504779923086945	-0.289940861758797
NaN	5.24395446939663	4.5552602854364	3.99076349896452	1.55318771118504	5.61890132526813
NaN	3.14413962135228	4.23717249907365	3.34475052410905	3.30710298137037	4.05037604428871
NaN	-4.64338712015616	-0.113832543245079	-1.33706643764266	1.28054825405363	-3.16391554765417
NaN	2.92180460146406	0.889821997059401	1.29184256103797	-0.418218629649763	2.47903428648162
NaN	3.98250312931829	2.95820435703521	2.97305712735895	1.59805884785685	3.65190955541893
NaN	-0.666431231146287	0.775269269674601	0.288623131162226	1.39016461979435	0.0388915683553118
NaN	-7.05300166925968	-3.97597058842746	-3.9230745606162	-1.24379895613073	-6.6310729941736
NaN	-2.27057675579117	-4.35635528583003	-3.01300023646688	-3.55386050036371	-4.17356250046801
NaN	-0.943960564046402	-2.17709807410867	-1.30234124072204	-3.27884286776614	-1.490046049129
NaN	-1.17531878452711	-1.44799669173695	-1.21141561533262	-1.74522285782837	-1.58304612854501
NaN	-0.35917457401115	-1.07987437124795	-0.912781960605172	-0.947042485969399	-0.569666323998706
NaN	-1.44037148593156	-1.84365759400632	-1.5464172924068	-1.25646832534953	-1.79379679152107
NaN	-0.929439003554603	-1.86361497813944	-1.27655251723063	-0.957060578381479	-1.23167712663496
NaN	-0.481554736413934	-1.32430460825054	-0.876486035774839	-0.974625336903254	-0.677100748098533
NaN	-0.24751046111659	-1.0008655445081	-0.543575595139541	-0.515710447961241	-0.27241305260104
NaN	-0.408829530647758	-0.572721118409693	-0.426198510390245	0.0578632785238553	0.0263816363770694
NaN	-0.0928736761622975	-0.342207367678318	-0.214285592562189	0.0640613468716287	0.541730098221879
NaN	0.10062717704614	-0.0394931028667113	-0.0597256222403916	0.496248457529568	0.870011835562123
NaN	0.0638044871884047	0.689309917664879	0.611432466173796	0.696234705341765	0.996129224572408
NaN	4.2767204008206	3.1687084111027	3.05392097216662	1.1437922238012	3.84137489504721
NaN	5.04129920546023	4.99366471272066	4.66461904086802	3.37471450556739	4.92865470167158
NaN	-1.15834211635778	1.8440280775259	0.977058561999718	2.42843586425595	0.359754633840429
NaN	-5.1291018599543	-2.49396156867282	-2.47673784998073	-0.344327297248132	-4.67441146506453
NaN	-0.440118117490238	-2.54499039930996	-1.73307371722582	-2.30393428118224	-2.0430077819468
NaN	4.41966574924608	2.75111685062573	2.76201674625718	-0.145212810921358	3.93712810234647
NaN	0.0217878228893481	1.21140947394239	0.452835389855496	1.39782890910465	0.388693205771837
NaN	-4.75984449162868	-1.62791007283535	-2.06094220010031	-0.52210046677621	-4.73939576776378
NaN	-0.895228509674314	-2.21314164653577	-1.60777449926798	-1.88703701544372	-2.06802117464109
NaN	-0.155092334960964	-1.54906870145562	-1.27364472314294	-1.69287313845563	-1.04487517486359
NaN	-0.742935403747718	-1.2678901509947	-0.811050001805112	-1.22172934792486	-0.697751140758141
NaN	0.743098936714603	-0.47517766740198	0.332163987589458	0.0675654431745329	0.448048471830474
NaN	0.616798885455538	1.1815059640437	0.704306871636228	0.656492831694595	1.19151357180948
NaN	-1.44329223484939	-0.450092518427746	-0.598544053220264	-0.0251018217582161	-1.51085188169204
NaN	-0.512919120453326	-1.13005629350797	-0.614057599070428	-0.249329680210524	-0.548245278602721
NaN	-0.148330586970322	-0.740103604713049	-0.379588162086856	0.212675595596228	-0.0102093387271406
NaN	-0.199560959923748	-0.0844093432262609	-0.148917688993206	-0.00218640192734678	-0.170146384961158
NaN	-0.0125115771953497	0.246191357811213	0.0647882501187675	-0.0660934783518059	-0.0713503882387926
NaN	0.0344515837920236	-0.299351406444658	-0.441249270085185	-0.479416000600597	-0.451952792171984
NaN	0.130389937877353	-0.0209152670420919	-0.545276842286283	-0.840813707615381	-0.144794691090734
NaN	0.253867385965887	-0.0154230177360918	0.0349642826770912	-0.704163745966013	0.38596223026857
NaN	0.18579424956003	0.139547110941674	0.319401069226029	-0.255738783037595	0.241275891532256
NaN	0.287094730023112	0.548633462651133	0.276327758454281	0.0182860264828348	-0.128272430900134
NaN	0.063567482459693	0.985530011683663	0.899482831355784	0.555440533870825	0.830795770835435
NaN	0.285771812509761	1.16767693781916	0.484192051649016	0.656263588448444	0.548655804663807
NaN	0.412079872348789	1.01287995076866	0.804312246047573	0.816438574214899	0.410265966702543
NaN	0.29533368742551	0.494288424917848	0.323976689249139	0.832735796555804	0.358517005977093
NaN	0.428190473755152	0.00596695054726844	-0.242498201434067	0.109245887237458	0.089714778747518
NaN	0.094918699898467	0.55783143793172	0.195736146127418	0.407117629346521	0.413471906417178
NaN	0.212994429518042	0.385677408280086	0.0689806092307199	0.714433035673793	0.664704563167224
NaN	0.15288430199735	-0.415460596954991	-0.554008285950512	0.462224977486563	0.211310484875016
NaN	0.0892315620213582	-0.39406702044479	-0.377860162571298	-0.144872185206146	0.377761356488102
NaN	0.15453901731631	0.096360842366801	0.182432007819257	0.0610334253221112	0.964371366453532
NaN	0.119360388660932	-0.30655139767222	-0.426727561211585	-0.0261899538151783	0.364521053459332
NaN	3.13613984110475	1.42564192070634	1.2824602027064	0.433062995334373	2.10822617795632
NaN	2.00581677168742	2.33792616073633	2.08961939305626	1.92152448234903	2.33323928529878
NaN	-2.83757101190845	-0.959624941792025	-1.41635631163638	0.386206786741752	-2.81860191803592
NaN	-1.03446483575502	-1.66301121085046	-1.24252678671322	-0.94604738539584	-1.67474429740206
NaN	1.06862476282016	0.0545280013234258	0.590146212936574	-0.502396210145514	1.06710306593162
NaN	-1.03039142613705	-0.441361436953077	-0.190006620382645	-0.320634312795083	-0.818187664746659
NaN	-1.17928905522382	-0.244345754739243	-0.343619662361229	-0.398171212701607	-0.392962128848463
NaN	-0.454782642231051	-0.396715260476072	-0.389604833505689	-0.501303916532637	-0.313534558296035
NaN	3.66918558968161	1.8782442489088	2.19198810746246	0.369159907820962	2.89413579698362
NaN	4.3003469037942	3.88500325556876	3.63157631356393	2.72071771427801	4.5718734255689
NaN	0.569642029055997	2.01514067080283	1.32377694875065	2.66168353169672	1.09171492025514
NaN	-6.35288108851125	-2.81558803761297	-3.29417533778793	-0.441609868924593	-5.10914171394291
NaN	-2.69297146382306	-4.2739209483692	-3.12088452753239	-3.01379346574072	-3.54669194448083
NaN	-0.934985190742674	-2.70029282207175	-1.59612052216968	-2.85377822567475	-1.69521240712674
NaN	-1.44052580552509	-1.8991614934603	-0.691988907341306	-1.5326986581324	-1.86035933654299
NaN	-1.41370934335077	-1.61637946310681	-0.871994363396714	-1.02549044880239	-2.03164054387648
NaN	-0.9211347391187	-1.27215121127451	-1.25010441137526	-0.914058320263139	-1.75981076638119
NaN	0.446265390524777	-0.0749965539321206	-0.355772355375419	-1.0540772571338	-0.336619639779033
NaN	-0.556948812402893	0.298182756140452	-0.167625796627377	-0.433507506345942	-0.586630867304375
NaN	0.0992969819167884	0.0171920931182604	-0.130479382519069	-0.424584009531064	-0.691666076851885
NaN	0.565975958511212	0.620902399589118	0.862726865256342	0.529965091995262	1.52604134994708
NaN	-1.55535084747954	-0.870991418567234	-0.469229391910185	0.131653349083668	-0.656123318325591
NaN	-1.08180376667638	-1.08500439041848	-1.15971293166823	-0.68834218805511	-1.35680648951815
NaN	-0.212875228300228	-0.125440268448302	-0.41287013014835	-0.905885651091285	-0.765490999862029
NaN	-0.0377477709346305	0.151955153544469	-0.00593752699413987	-0.237430053459448	-0.224874068619982
NaN	1.88849725782081	1.48719660422165	1.86901418756234	0.570308613809381	2.23219268623969
NaN	0.256370278410741	1.3015044782177	0.540469593202588	1.31656108000847	1.46405956283129
NaN	-1.46208328856325	-0.492432740274215	-0.494542686581311	0.783973289843582	-0.397304332959089
NaN	-0.364716595513472	-0.634739839337194	-0.100474829513388	0.358654707709462	-0.847846401593411
NaN	0.0944154081654424	0.264019384010521	-0.0101426361243722	-0.273945082244717	-0.537618706668089
NaN	0.0581334020824592	-0.0660499190140173	-0.67145800041409	-0.613451930650734	-0.373527394994383
NaN	2.04870510273798	1.30912096787366	1.0009516971969	0.46120891353436	2.16219923131972
NaN	-0.622135484366577	-0.0669043001125819	-0.502548571352765	0.304146729917291	-0.602765232666774
NaN	-0.800754322260568	-0.393551414524942	-0.461132511415239	-0.298604478566875	-0.946310350387058
NaN	0.3632338432903	-0.323300563753901	0.0863111301103686	-0.137926683054957	0.821642041860521
NaN	0.225268671787881	-0.390320299283013	-0.172621904959761	-0.0532671552480989	0.312008589729378
NaN	0.0745396404856644	0.0401656518037091	-0.102591715854153	-0.323229826215624	-0.121415771591893
NaN	2.51457097427822	1.41322103083877	1.11145053082658	0.338945963280451	2.05830504883814
NaN	1.03667236831412	1.50848272192944	1.53205745902051	1.80180255808033	1.8896155555198
NaN	2.14483343698178	1.77132824431984	2.06731387819981	1.56075739915043	2.44696219632353
NaN	-0.655484097856407	0.214034287468366	-0.413178231329193	1.03102530464079	-0.339140529574984
NaN	-2.2191285066194	-1.7775709768225	-1.0799806557823	-0.59324690529489	-2.15586339806111
NaN	-0.390924267959836	-1.43818883422329	-0.911397963763428	-0.598174152296506	-0.0534107526984419
NaN	-0.181706145542709	-0.864063618426037	-0.928176789965485	-0.649948794963628	0.214511365833345
NaN	-0.504861433887099	-0.599652796063413	-0.622708047280447	-0.405195925233366	-0.887236604535359
NaN	0.695648666779915	0.210716165911177	0.093354565725196	-0.791635745971777	-0.360887868237287
NaN	0.323595529047476	0.485947872705042	0.689720190800903	-0.177745934910152	0.744759509633892
NaN	4.64340085132691	4.43647950136044	4.19007507238805	1.96346520429179	4.85355956445564
NaN	0.573747098572744	2.46753050128237	1.56870080530742	2.93899771965883	1.29239146796039
NaN	0.334920644740722	0.882129608014679	0.15350792098851	0.914301995799406	-0.155635223111011
NaN	-1.38137999027913	-1.06954174212541	-1.34480125419909	-0.629332053512709	-1.20082050960765
NaN	-2.98776713044729	-2.95759884696359	-2.60844598614712	-2.01141425799704	-3.20064260504084
NaN	-1.58311177149346	-2.07424421492536	-1.82787447635463	-2.26745806139805	-2.40780047633857
NaN	-1.09763278888006	-1.87910506191532	-1.41586879037904	-1.50260718791246	-1.62554154691996
NaN	-1.14476743046357	-1.01861249537141	-0.840131317974656	-0.950199840985988	-1.54040719616399
NaN	-0.690494811922924	-0.407664699635301	-0.224731595681323	-1.17105997890213	-0.955981243877499
NaN	-0.534393155501766	-0.800217265002503	-0.562557819908304	-0.955823364572993	-0.53197392000992
NaN	1.77541925820807	0.414571559228925	0.561740139041819	-0.586404094807049	0.583787221936319
NaN	3.97105496185873	3.87568327122936	3.36485953928304	1.9339133187551	4.27710280458672
NaN	-2.43647228949802	0.411472220396418	-0.694212425868721	1.29907288605197	-1.63142643369885
NaN	-3.27302548707232	-1.84026168327869	-1.64510384362225	-0.7550298152461	-3.53866054402017
NaN	-0.124978389104414	-1.12402798474274	-0.488401073442541	-1.44278005195991	-0.455681126447644
NaN	4.27421649234014	2.42266298349964	2.68405018307596	0.492687033661045	3.95834155842516
NaN	2.33415959776526	2.30125784139264	2.00884299447611	2.41737683906027	2.89679898969154
NaN	1.89274417594765	1.7000300400422	1.49487731994916	1.89157576015723	2.02977299606627
NaN	2.41722025166601	2.23338845090397	2.17452150931627	2.32004389510913	3.07694094468591
NaN	-1.12255110719626	0.057462565993955	-0.471677167572465	0.94633705745139	-0.335143774511146
NaN	-5.22305559531915	-2.85715298171094	-2.98750408924138	-1.07339460569038	-4.76047023593236
NaN	-3.32722152725158	-4.05141889231996	-3.23277757171117	-2.55862606698158	-3.93754736836383
NaN	-0.979362255973896	-3.15692590610868	-2.21101025086402	-2.75892082475832	-1.8142345002655
NaN	3.41343013794744	2.04298018974099	2.42100924257402	-0.0852142266227036	3.19742913360144
NaN	2.74321047243566	2.67683942663881	2.42637835493546	2.16745178617324	3.09086894407746
NaN	1.34050965905161	1.98957909875277	1.46417588733339	2.17153831159621	1.66228379949409
NaN	0.732109413446176	0.902175620521955	0.811352035553134	1.34857714338047	1.16358286231475
NaN	-0.909946219354124	0.0638746852400374	-0.134382833301942	0.932547612977076	-0.128913502436215
NaN	-6.80645092112005	-3.78961251169532	-3.93223952905047	-1.38364522806455	-5.95378956648652
NaN	-4.66767846126868	-4.81936924962373	-3.77982801250403	-3.74974099818106	-4.89836050381
NaN	-1.89045254633689	-3.07952560231765	-2.36487564715423	-3.15335273414921	-2.39784484557089
NaN	-1.89629954140369	-1.97419425165507	-1.8424216486309	-1.83569900312472	-2.3900471777668
NaN	-1.61865349980429	-2.06087481831368	-1.62419584353368	-1.8895386325509	-2.44272431737393
NaN	-1.01369496721533	-1.446538985159	-1.02382372801878	-1.73708017439575	-1.60452168447285
NaN	1.21554560036767	-0.635878154016946	0.12575277565472	-1.08213011008631	0.123987207115067
NaN	3.0277124187943	2.08374092607441	1.9532291447313	1.0930395782751	3.40491251943484
NaN	-2.28509695917694	-0.803505130276063	-1.49444731627428	0.273308543398861	-1.98092805079268
NaN	-1.61534193943435	-2.05801333901825	-1.45966931850822	-1.2577193798858	-1.70068771483038
NaN	0.669421834517233	-0.812029725134229	-0.473652371119736	-1.39499040168998	0.191600710682318
NaN	3.00172040197305	2.38058422622152	1.99892059633214	0.422844458447962	3.40855260998928
NaN	-0.239791870587371	0.673819883142728	-0.0361028736181486	0.686545529858381	-0.0525963162928577
NaN	-0.699329048276779	-0.476107554503083	-0.431080122083597	-0.0188917172025294	-1.20737302964807
NaN	1.56678160480382	0.675516088448467	0.575774236950392	0.125887731687622	1.25573948773977
NaN	3.29087985649581	2.09954735007794	1.85809533267549	1.06527719095988	3.00256453278774
NaN	3.44496407613312	4.10535492762171	3.61434424873444	3.30136585836442	4.86889477501925
NaN	-2.2253936115662	0.558985007888557	-0.0380499776364054	1.89906953300513	-1.49527583539148
NaN	1.07814905584139	0.350526931290824	0.297157678336619	0.450602577704406	0.120292944361293
NaN	3.98941318483388	3.20187540091514	3.25593479209128	2.116668145654	4.43103055124481
NaN	-2.18084007102141	0.0853385345097667	-0.0248331564052274	1.82469628234954	-0.53783883295236
NaN	2.92412793331158	1.53887361877689	1.97938180576749	0.944738044651447	2.54967773765476
NaN	1.85158379160357	2.18970075751202	1.84246605088368	2.24675276003228	3.05093571302997
NaN	-3.99324949937118	-1.63013851289386	-2.20256269295149	0.0647980626691238	-3.20948774492979
NaN	-1.70963920022486	-2.17100454881217	-1.98226980779696	-2.14726583937111	-3.0536549323199
NaN	0.0456671619260963	-1.28999599800165	-0.747883517185612	-2.0220956917902	-0.909604555947346
NaN	-0.265012492875857	-0.701002695847032	-0.834979576871262	-1.33260749509719	-0.834864613219077
NaN	-0.372019853822912	-0.00521504929693033	-0.334638322354486	-0.771537381000525	-0.622485511795478
NaN	-0.14855343596598	-0.0899590821379638	0.475622814589287	0.199309858116229	0.161917799400681
NaN	0.3750546354876	-0.0289744591762166	0.0624730049410884	0.200020929316655	0.236257036110164
NaN	0.982403762285001	0.541459115952811	0.405824112054155	0.286021183353988	0.607871318870857
NaN	3.76274190067212	3.41038155746194	3.04476095296619	2.04781451318438	4.52401704740196
NaN	-1.12918119210772	0.751306060771877	-0.399520661781822	1.44503537094202	-0.732264513203818
NaN	-1.94718997326632	-1.26554756213101	-0.991536176937255	-0.257569511858161	-2.07464039798668
NaN	3.95947542828793	1.8315220343272	2.53132192948971	0.4284456493574	4.01618336204308
NaN	4.57955520092463	4.65788556899008	3.89913122629061	3.03535048839382	4.89779192258867
