NaN	-1.28362115786555	-1.37589558492522	-1.4245657476917	-0.783755617493198	-1.80084499928393
NaN	-0.999403250999495	-0.57771423436136	-0.40303951158315	-0.31073488642997	-0.796120173015861
NaN	1.93070191857509	3.22514556201187	3.43815187266375	3.66996548057546	4.36065036607804
NaN	4.26914176981442	4.62261465808204	5.26550744035381	4.51526795087249	5.36696429215873
NaN	3.1870042324702	3.23817977309515	3.2739189992307	2.14568425540196	3.74700943928622
NaN	-0.25420390318374	-1.75112661408752	-3.35887582765912	-4.52126831096718	-1.92026865997134
NaN	-2.9749621231543	-4.75736189945585	-7.97665357401621	-4.64923461513833	-6.54504752539069
NaN	-2.75754274695576	-3.05659820135358	-1.68796185994652	-1.83900228268864	-4.2024978448152
NaN	-1.87536213028209	-1.70966536474781	-0.413037798511041	-1.38434552032905	-2.61922393154564
NaN	-1.22815469624516	-1.09139008148409	-0.893083622833465	-0.562376490938289	-1.18249813830009
NaN	-1.13546623944098	-0.728319145440809	-0.561877455720053	0.164481057133853	-0.475925210375996
NaN	-0.499026306055905	0.0673170068911297	0.595112100174058	0.792896624754524	0.996764292888584
NaN	-0.291769920139502	-0.272120302996779	0.21397757535752	-0.177718844692758	0.43988313023942
NaN	2.0346963186061	2.89709776859903	3.04241597458647	3.64578994696572	4.89402187085958
NaN	3.2223159206199	3.3542530016691	4.55432208936007	2.45459333397458	4.11375732577998
NaN	-0.276767690648955	-1.2059663041048	-2.62977224767256	-3.36196555812266	-1.40379780801865
NaN	-1.55754094203642	-2.52582142952524	-4.60551077580948	-2.10704539557961	-3.35830262140512
NaN	-1.15028424808438	-1.21766575777323	0.279186694770976	-0.742309659752756	-2.0271829253235
NaN	-0.776731635526106	-0.604062727325191	0.755186221775355	-0.0940515465268412	-0.32287357087086
NaN	-0.453127940236145	-0.342327827025601	0.745141293272653	0.349275237290296	0.215387055506301
NaN	-0.206617039545891	0.0414480523617359	0.316905344506199	0.331723950761492	-0.327773269583294
NaN	0.0593524771779201	0.416921969371409	0.0837834876150356	-0.226996522606339	-0.655115220269392
NaN	0.273462992054621	0.0825128251646524	-0.183779410176797	0.590858065228119	0.176249457079221
NaN	3.9325890641773	5.17087592433662	5.57694074158125	5.9240300704058	7.04888986048385
NaN	4.97744171630832	5.5131715961527	5.67866580025946	4.94913692209059	6.37651111800418
NaN	2.70821066942026	2.35544128537354	1.86375225259525	0.931715755060249	2.92927053839544
NaN	-1.33623154373343	-3.02813334275544	-6.9470179367594	-4.65728736461904	-3.71894207748179
NaN	-2.41030742385225	-2.68427297425369	-3.73552801919767	-1.50201343134374	-3.80349180354476
NaN	-1.52216614626739	-1.14011237876191	0.446096365634484	-0.919076992393855	-1.90703207064929
NaN	2.84315909743166	4.23998495561439	5.1996953845855	4.71468397318019	5.24345904212524
NaN	1.81733069883413	2.09801052956895	2.64927009491084	0.435370911572822	2.11504448243487
NaN	-1.75051428546764	-3.35465731109713	-6.21281001580751	-5.40058737005409	-3.6960430213156
NaN	-2.85959118708768	-3.268521561709	-3.74225261650756	-1.45499580246292	-3.98599344712337
NaN	-1.97142044388278	-1.5218054014877	0.945669696409343	0.191847674408164	-1.39947028707206
NaN	-1.27148932702222	-1.07489893866645	0.568607881339973	-0.606850512518893	-1.18942197606712
NaN	-1.08375429520367	-0.821715651302374	-1.11642195799213	-1.07343596978883	-1.4369910466179
NaN	-0.689605687192165	-0.606637463383407	-0.739649464145203	-0.609519235091068	-1.31902599832725
NaN	-0.596376548104308	-0.235845754747336	-0.0597230795529953	-0.647391656107565	-1.19558003326247
NaN	-0.080158249855582	-0.023339407286996	0.0613131524732411	0.396581253366128	0.0063660524748409
NaN	1.56454602083945	2.07109122454181	2.33471206200277	3.36119923063999	4.0735273094005
NaN	2.39429300252584	3.32301567130327	3.82160861254025	3.60951827605854	4.98923227606809
NaN	1.29046795103194	1.26638013509292	1.95443022569712	0.402724252270233	2.35993713000327
NaN	-0.879492429901805	-1.6109033803896	-3.03620852995127	-2.77916005471705	-2.16051260561241
NaN	-0.986485855651782	-1.16113998648192	-1.9206289117366	-1.08146549664896	-1.89774409292355
NaN	-0.542357913218708	-0.408847783444704	0.680455411996538	-0.133133531371808	-0.975396908067638
NaN	-0.180518866524152	-0.350780730560425	-0.404708275437217	-0.742259534401015	-1.28741675324952
NaN	-0.0935296725585009	-0.300121525098703	-0.675624489975921	-0.503840118170713	-0.441081670092716
NaN	-0.0199624208129941	-0.00779847225938102	0.0813872854438799	-0.00953057388664777	0.220140592587039
NaN	0.509002050228569	0.730891087522576	0.4546309857564	0.735812532272433	1.37338205572588
NaN	1.25515472559993	1.31156533714475	1.90040438072861	1.33055926713202	1.49703645338887
NaN	0.32877206009076	0.00565612360432655	-0.598627047257483	-0.818998284381133	-0.81497018264048
NaN	1.11238112344967	1.25034044354683	0.450994896156444	1.5409775622221	1.56167865789792
NaN	0.570910984859895	0.527547433290906	1.26934682765141	0.356826715630757	0.518581142348007
NaN	3.07596011402045	3.60381402737494	3.48946590593079	4.18421557588108	4.85327549536375
NaN	1.68918051712435	1.5749641717749	1.78993484329488	0.956439949176137	2.23480506357246
NaN	0.0484636959404145	-0.128155319922483	-0.736960623247933	-0.58156123011793	0.19981798314493
NaN	-1.46182561002175	-2.06010635692807	-3.07069985524862	-2.36089733349322	-2.53368365861068
NaN	1.0137132758482	1.68300226988896	1.94697160763945	2.66917795365073	2.28240387714278
NaN	-0.385412934186318	-0.165965062684902	0.287396488923596	-0.485065898933413	-0.457649132839739
NaN	-0.693246949197229	-0.283800129944138	-1.67121205822803	0.4924374470753	-0.438576265736823
NaN	3.07091354623976	3.36570568649885	4.07738422967282	4.18012061983329	3.84382265008118
NaN	0.896997012475668	0.121053646054393	0.583513754349211	-0.502553952946065	0.773693943871603
NaN	-0.519043948992204	-1.3204781990489	-2.11224363248067	-1.70986205781488	-0.965279893374349
NaN	-2.42392157487885	-3.76408042403714	-4.97727751011516	-4.09087444855883	-5.14280802993498
NaN	-2.77871578184575	-3.21299954335831	-2.42205057907471	-1.6663623891667	-4.33456377757626
NaN	-1.08229288249335	-0.276412788498314	0.399635827850519	1.01862187930002	-0.00657978618001087
NaN	0.37287472838005	0.616411887187647	0.904914417830146	-0.0550202076784273	0.64858258992101
NaN	1.1512444024168	1.2908853267662	1.38816578535086	0.760265885022734	1.61763196703867
NaN	-1.19755340372613	-2.00935935642908	-2.64525359999912	-3.44801764307871	-3.19162281569248
NaN	-2.39374272887468	-2.40416602217185	-3.39116582320936	-1.20762751649603	-3.1769217857403
NaN	-1.70987181824038	-1.96127987416044	-0.88372854019589	-1.22894173521285	-2.39455901936387
NaN	0.935000562940371	1.71637118116465	2.22947357436207	2.66705755178275	3.10245400732849
NaN	1.32372449858153	1.4784651932159	2.41117114330773	0.644707057905154	1.7149025685085
NaN	-1.08464747061406	-2.44116989790424	-3.41624682244721	-3.22056320469349	-2.45012853573463
NaN	-1.84430451181916	-2.386532015888	-2.49213689140883	-0.847816487764716	-2.66495381524362
NaN	-0.0356526932367122	0.619587829827516	1.6979734623937	2.00151830704294	1.80146478883477
NaN	1.56574880409384	2.17590659430715	2.96894775494428	0.739877041866031	1.77943800574202
NaN	-0.968828557012074	-1.28837323883646	-2.78037325666266	-2.44154526567298	-1.99006946888232
NaN	-1.33048996600648	-1.51070457007504	-3.09392940935509	-0.647553123217809	-2.23460599413363
NaN	0.260987041010548	1.20813470764132	2.17664628704316	1.41685192395505	1.3940970675299
NaN	0.279162298257654	1.17512147130029	2.02625880488973	-0.0679400907498239	0.424763188162121
NaN	-0.410701783841745	-0.188522647057642	-0.937629165955964	-0.870667025617214	-0.727501558652353
NaN	-0.562666759746614	-0.494817946058435	-0.56850302592592	-0.0614112981372873	-0.19484287048132
NaN	-0.0518216990400294	-0.596675374890048	0.533610847607437	0.817668648049423	0.488363758132935
NaN	0.143209007124565	-0.323882566997892	0.328142850058509	0.0767111062654614	0.0776610945536388
NaN	0.509155527279491	0.0876107501288655	0.0542194120158654	-0.605247288217445	-0.702776292497544
NaN	0.296651649899133	0.187682830225604	0.145018209548052	0.13717176123551	-0.19761522243579
NaN	0.69351113372359	0.425989756082276	1.05439504521462	0.716455054686772	0.61235966860522
NaN	0.719648437790472	0.752152268568905	1.35447343522219	0.248460243624708	0.551007607448098
NaN	0.712843009999523	0.895567883217389	0.273622459114658	0.160906899941777	0.373321812214807
NaN	1.16619920100347	2.38713856518975	2.19288044703653	3.42428041484556	3.83558379014572
NaN	3.90700394673415	5.15362362842291	5.54317761661421	3.8630627745897	6.03356318046365
NaN	1.0822276300568	0.863658474847841	-0.0841894073255291	-2.37861013205112	0.449245209998045
NaN	0.863682582232415	0.587980230163497	-1.26302328220824	1.64713917922231	2.01857105658119
NaN	1.93164529367548	2.14028344855027	3.54636272857835	1.77153236527237	2.47912136464205
NaN	-0.320947347012327	-1.22467252466733	-1.57234436089282	-2.93408296097238	-1.39605487135339
NaN	-1.21760737622594	-1.86029058842905	-3.52858638332332	-1.73277402176861	-2.20689164093582
NaN	1.27970128459098	1.93596138247069	3.0269578161765	2.52573569929913	2.42344537923987
NaN	0.566328814852537	0.735395524649083	1.22176254187236	0.972134961631693	1.46255793665881
NaN	-0.22559385915254	0.0548123342989292	-0.00366215156659203	-0.199557253024667	-0.0880543285688077
NaN	1.49817974005828	2.1555421153946	1.78092982782537	3.16322186029049	3.28284515580861
NaN	3.45816203229421	4.03195038456123	4.51646476945392	4.05264253543644	4.50961018202362
NaN	1.8399165876673	1.90175668860153	2.09459236983397	1.0253789703988	1.82475226223251
NaN	-2.2950480271539	-3.667941944397	-5.72817131735317	-4.14606928078888	-3.90066076002983
NaN	-3.5491857083048	-4.96397356330513	-6.10341662823637	-3.29308251234875	-5.87765687012201
NaN	-2.85523737448298	-2.6481942139421	-1.12466918409852	-2.18632372350437	-4.36745478771046
NaN	-2.18056296745437	-2.00324222466036	-1.5667073292139	-1.63053964288804	-2.91969800650409
NaN	-1.78531294584682	-1.69198971097375	-1.6026381471481	-1.36318113149483	-2.26401135726947
NaN	-1.43582441319594	-0.911615800893444	-0.782319164690694	-0.530185438929297	-1.46594266632097
NaN	-1.0122208701281	-0.588563150900664	0.274630680474834	-0.218800507024384	-0.585963721635934
NaN	-0.433374963615592	-0.500032420141684	-0.618080230822361	-0.125640532217479	-0.263201380712136
NaN	0.259933584921787	0.0397905588058984	0.721036257275672	0.243922356290076	0.614832259729949
NaN	0.162277320738339	-0.173599442235838	-0.324912757642518	0.318953356537162	0.935264341027778
NaN	0.540529887945022	0.626306488137063	1.29043785251525	0.667745426447869	1.16807199005597
NaN	0.020679150718508	-0.0950406638836948	-0.00132156491625416	-0.215187160168111	-0.144799128412827
NaN	-0.0198472989804195	-0.395842302198161	-0.548720034283537	-0.299159604116045	-0.564440380719107
NaN	2.62873074759164	3.67873825381071	4.09563000858561	4.9347796230674	5.6963056493718
NaN	4.03222091906929	4.56923179790553	5.55347288346095	4.47066156417094	6.08181245101587
NaN	0.391541453122772	-0.634521092021177	-0.81644146749778	-1.85743153072042	0.444033066535185
NaN	1.05689087202031	1.54707665021396	0.693626493902989	3.57088558160467	3.3418511076992
NaN	2.55452742831672	3.25745693009514	4.26898632987902	2.95528050317344	3.19968743818375
NaN	-1.18124442984987	-2.11126208425633	-2.85908975199367	-5.28706341126253	-3.06354628107321
NaN	-2.89328022640127	-3.23985076490276	-7.74393690025366	-2.9247605774073	-5.37152058547453
NaN	-1.07081721401813	0.0769228925541662	1.32262413108104	1.26855795846044	0.146507645601668
NaN	-0.790345421262485	-0.912528797096969	0.59680479284989	-1.77928565250001	-1.66293541130329
NaN	-1.7595738518153	-1.97059665551149	-2.88407671686136	-1.84724282866618	-2.72616162926485
NaN	-1.48798347367242	-1.3586384151552	-0.834422527657155	-0.558710478833162	-2.0673008854216
NaN	-1.20068730587148	-0.904024453157049	-0.00130393064603471	-0.96484746497132	-2.05757692351921
NaN	-0.749454422899567	-0.889141185623868	-1.003850556063	-0.828960834309818	-1.49660684043052
NaN	-0.605742210290526	-0.529269397046626	-0.551311703029988	-0.756313711201827	-1.06019359529261
NaN	-0.243837556479351	-0.699754207773515	-0.660486947453429	-0.711041007565559	-1.27864124854642
NaN	0.0319587638283602	-0.554609485246129	-0.423148872584052	-0.407394221343977	-0.842777310801484
NaN	2.3840747011439	2.86106590621792	3.24474051487659	4.26067019554513	5.01077978465918
NaN	4.64970737060117	5.09798898922676	5.98294006627265	5.24142501403828	6.62471068442267
NaN	2.59668551939964	2.27474257368241	2.20157280040722	0.88557039487484	3.26934477722853
NaN	0.257551846249787	-0.92426359804671	-2.65729492263041	-1.93711673046051	-0.543654793486569
NaN	-1.58926537736762	-2.80636122378331	-2.81423258949043	-2.41294094618188	-3.51992350561679
NaN	-1.87911541139421	-2.07809971025807	-1.72132757102957	-1.74760471519216	-2.72032741276769
NaN	-0.748593584442244	-0.391253628160718	-0.50493765771623	0.20387554348592	-0.31211028597204
NaN	2.3443424497834	3.2163150017739	3.90263151098447	3.35851749098487	4.28815553363292
NaN	3.44794453256482	3.84984973118024	4.24619639407231	3.50657823335821	4.46090793445192
NaN	0.181336764661037	-0.481096442562476	-1.0977742966885	-2.92957332782775	-0.920567052546078
NaN	-2.47145205009144	-3.76430674590928	-7.51539840087442	-4.18192236573	-5.70873982887943
NaN	-2.28064422587927	-2.46088775224698	-1.70546205779486	-1.23780236463665	-3.62224344775104
NaN	-1.75758176050869	-1.25883896454524	0.0847820680899452	-1.09763684438076	-2.1571707452848
NaN	-1.32713864372475	-0.970108759134643	-0.725428074051529	-1.0069515143046	-1.38668788729457
NaN	-0.922643070846092	-0.604993604330779	-0.730824922614295	-0.688324086979616	-1.20725684912115
NaN	-0.644763779102268	-0.400827134414391	-0.0483289385658865	0.0404889800712964	-0.298658743513388
NaN	0.0151541088581832	1.0639414889435	1.24144889599697	1.64980260718502	1.7042374381547
NaN	0.90633803925572	1.54992484918555	2.02135524809292	0.89648864196734	1.95268477139499
NaN	0.210395803850443	-0.11165605622281	-0.700884839919589	-1.05169095526158	-0.438701426887792
NaN	1.6714001912559	2.56186440405929	2.55962013930721	4.27939037147167	4.92948504000739
NaN	4.54059239741511	5.20695891825972	6.14398524088713	4.85200647927519	6.22612115365839
NaN	2.11460927899025	1.82479513296803	1.91556023740533	0.706579703193934	2.8795216288737
NaN	-1.22220994353035	-2.30099649561319	-4.87799121320119	-2.91908697073551	-2.48022310921856
NaN	-1.93188450563967	-2.71032138006052	-2.89025501506394	-2.05261752627444	-3.82344103241766
NaN	-1.44702997857017	-1.32963981093411	-0.0466333200341811	-0.953020427110526	-2.28722067995326
NaN	-0.854516739853926	-0.785924013255871	-0.172453960506575	-0.564863418879176	-1.10075530564876
NaN	0.726768110649269	1.68187434781509	1.78690813302529	2.76476634321274	2.8737065890261
NaN	0.635591551268221	1.28328782141252	1.91893790089877	0.200797757376441	1.06518745532782
NaN	-0.593841968157599	-0.95102721931364	-1.7318873890004	-1.62118912006477	-1.5755739981374
NaN	-0.741168018434977	-1.06437239749086	-1.73125705901977	-0.839885692851787	-1.70839923735747
NaN	-0.353081595718598	-0.667116426969436	-0.228027067454172	-0.535262079020423	-0.404679265938788
NaN	-0.182006492764538	-0.270094985334889	-0.0921405725432094	-0.364551984646491	-0.465465177637507
NaN	0.0359468742920907	-0.282519869902128	-0.167469832203773	-0.30361044919703	-0.613379613715701
NaN	1.19688133362668	1.42916853361767	1.91775005787561	2.27203927196562	2.64613702118916
NaN	1.12687183931485	0.851018639305273	1.16275698975791	0.189383307325181	0.995175781613755
NaN	1.52409696327674	2.03464091001005	1.78838602314714	2.97518815964223	3.78832598751718
NaN	2.7865131473554	3.17146298341136	4.38870842301223	3.23517191576061	4.2704425784354
NaN	-0.277965153495635	-0.843893328267568	-1.43011055769036	-1.65424475433632	-0.467311582675566
NaN	-1.26617187517854	-1.92434316828928	-4.44297112831938	-2.21053972474306	-3.03349055494969
NaN	-0.802346490636208	-0.864518521646815	-0.458479072713706	-0.481245284942011	-1.64924166680835
NaN	2.84853516744889	3.76963045391276	4.85149571767864	4.23019085536913	5.15627845444215
NaN	3.51491883116334	4.11735952180374	4.34351853028238	3.87477598308389	5.01634272120472
NaN	0.757184853195989	-0.0159878537261141	-0.426517617305774	-2.28765788035746	0.0592808340859038
NaN	-2.43111652140469	-3.80186019466845	-7.02997233839498	-4.0023611971763	-5.09158134167313
NaN	-2.42383950515646	-1.67721271063623	-0.819774804764391	-0.486778588532928	-2.90847493925352
NaN	1.67019190594084	2.97619643365798	4.40738988579164	4.03840244174215	4.24602010223468
NaN	3.08220487077063	3.46714154068495	4.20843363508015	3.15893514010753	4.1588709922536
NaN	0.568745366857234	0.132852345948708	0.198781076711562	-1.03317751343886	0.498309052808027
NaN	-2.77815585013028	-4.76655274388053	-7.59316068908521	-5.08470521876546	-5.17286033586907
NaN	-3.49853054296576	-4.09011430895059	-3.96171901382534	-3.06461363325395	-5.8041767136166
NaN	-2.58446537224938	-2.48056396824841	-0.564841506426793	-1.96155998315603	-3.79653017123348
NaN	-1.08138563570846	-0.420239151160755	0.0169074791567324	0.868211064693963	0.35826519734467
NaN	2.78468661217255	3.68992068388803	4.58230432079239	3.98705184753924	4.59089517952196
NaN	2.80088473826228	3.20482940752531	4.08175373465439	2.64797889755874	3.69714405839284
NaN	-1.02635492996012	-1.8121353473929	-2.37617685930688	-3.9300903873664	-2.10929015246814
NaN	-2.69378008994577	-3.75824107292384	-7.21197360016591	-2.62175823471826	-3.72895379243433
NaN	1.81302512647713	2.69138381815367	4.63164366300699	3.67138313314694	3.28819590934895
NaN	2.13920137565617	2.53500534229104	3.92535567606946	2.52809209085071	2.87504403368807
NaN	1.42215668883858	1.55657820288748	1.77732491221554	1.15713408951719	1.58936540528669
NaN	0.754879804422242	1.11413749675271	1.17816904385652	0.976004592232482	0.926542173446
NaN	-1.02539233837566	-0.712260857669946	-0.103955985132105	-1.6348319595951	-1.44774723427271
NaN	-4.2295203527454	-4.8283425400996	-6.61632415716876	-6.23897209650557	-6.99593528980248
NaN	-0.867068000925023	-0.0299864821697698	0.517730314742586	1.55159585828493	0.256712255995738
NaN	-1.14601415613107	-1.59928495244248	-0.165207491013481	-2.60429045964235	-2.1387391629513
NaN	-3.6751652522188	-5.06505668936106	-7.49182904838356	-6.31313718903826	-7.00102860995967
NaN	-3.72923761015788	-4.08890792720621	-4.75103032866283	-2.38452814924127	-5.31550152235317
NaN	-1.70154450991313	-1.37972341426343	0.400184604726205	-0.120995853923764	-1.20298876812024
NaN	-1.39367352576951	-0.809276259715967	-0.230923898264313	-0.97733211582439	-1.54501743073539
