NaN	-1.06317383719708	-1.2723065231785	-1.37289572523698	-1.29978020238882	-1.51386857521022
NaN	-0.844879664372878	-0.460993396139525	-0.450712523700607	-0.272832847704149	-0.665753305256115
NaN	3.192142516705	3.65946348689987	2.51779767259274	2.469001755324	3.17135166630134
NaN	4.16158000586775	3.98765329642462	3.38787359466883	3.35497367086172	4.20411286265317
NaN	-0.992594645982091	-1.25176651000348	0.147521553667604	0.0772599163045622	-0.240828897741248
NaN	-4.18975182641953	-3.66635172238555	-2.38998517610246	-2.86136214518162	-4.35602606921969
NaN	2.54270739286336	2.08232924012958	0.836705019518994	0.888627006875038	1.92112626887616
NaN	0.259136482678905	-0.239717349866718	-0.0308857403885889	0.380481762052726	0.711182965150767
NaN	1.85501023417578	1.96235639406052	1.18183050861988	0.945729108063489	1.05110171889984
NaN	1.62664291361661	1.36472748898727	1.35358932690403	1.46289348084213	1.89744096512078
NaN	-3.26738016072594	-3.35965386538518	-1.95848031405758	-2.11425986146747	-2.85740378047943
NaN	-3.92907395053211	-3.70898352048651	-3.16708916729868	-3.60170908605603	-4.58230717769225
NaN	1.08496039521797	0.985743093590361	-0.22450567130902	-0.493705090920478	0.0113422296810217
NaN	3.23115464035824	2.96374979991076	2.45282506308039	2.67252945661482	3.42818730203829
NaN	-1.89200194791086	-1.8685143228554	-0.847082375364436	-0.417335724943569	-0.739027842538051
NaN	-4.57691958452188	-4.07651542082336	-2.55176914730411	-3.00344235948873	-4.64081195306938
NaN	-1.9251922018325	-2.33233498488141	-2.33757998692205	-2.11806505219094	-2.0320316717485
NaN	1.07128773669404	0.954111536642096	0.0268847764666769	0.418911330921963	0.869068713468179
NaN	3.86680541524472	3.74828380836822	2.7634079758344	3.16562148573884	3.95263599096454
NaN	1.86239721014903	1.75458002301202	1.68989779303346	2.21688857274949	2.63128270206375
NaN	-3.05948630013987	-2.30331270528075	-1.19948548899906	-0.740033592939856	-1.55901104847605
NaN	-2.99859247748304	-2.73670696627049	-1.53231192299162	-1.89448245642024	-2.10547637887723
NaN	-1.55795181931094	-1.61992580357713	-1.73171022023489	-2.02426719781431	-1.70801224494074
NaN	-1.17343264956063	-0.817920289081863	-1.27731385218542	-1.26415883739955	-1.75873629102256
NaN	0.183009937534063	0.233902650920185	-0.637520438375874	-0.395586600193288	-0.437025749282961
NaN	4.22803596853315	3.97379987245094	2.81495017746187	2.81293185012771	4.01485495527942
NaN	0.112065823360093	-0.423743653670169	0.287227666006823	0.419454281397834	0.693146548373777
NaN	-3.23564605853723	-2.81468316426605	-1.97315464244343	-2.61141371159574	-3.61123034110937
NaN	2.63036616326424	2.68183785544025	1.29132243873021	1.0719139110347	1.83312492910252
NaN	-0.261949518423973	0.0527889357857751	-0.09464263688939	0.40556297716318	0.0619763373425022
NaN	-2.06207535019272	-1.08848151261137	-0.414141302533879	-0.387126116302767	-1.55727855308906
NaN	-0.740610698133443	-1.07159974085379	-0.584564647969757	-0.142227513975516	-0.673309905903583
NaN	0.130392391239631	-0.656442763013493	-0.966418745493093	-1.25149182913962	-0.999256955197157
NaN	0.0867648670006155	-0.464542821604262	-0.680406322972484	-0.943888038023311	-0.793680627770272
NaN	0.356646708156575	-0.161734801697815	-0.238694865100896	-0.767222099573574	-0.293110782895485
NaN	0.332149950706299	-0.0222344482525767	-0.114387053226668	-0.618442366576122	-0.202842567054354
NaN	3.25762540710675	3.35305936242062	1.95643709930875	1.54803266686691	2.38721107205556
NaN	1.48615016014793	0.984429498989004	1.44341696282322	1.36428062670519	2.20258810285637
NaN	-1.21914894430359	-0.768044758513449	0.253546512197585	-0.0109468523140841	-0.80013653847301
NaN	-0.105023621687101	-0.208528721937129	0.00839719331760119	0.371224567371706	-0.0717057092643737
NaN	0.635124585294714	0.251664516504035	0.424465780887478	0.330839331920019	0.242452956211664
NaN	0.266328948842521	0.272944012942862	0.566225364687658	0.437581013250792	0.382990004385953
NaN	2.0609123061061	2.04705759899723	1.054051702041	0.846137432012107	1.19950113203046
NaN	1.63184958647751	1.72552750726714	1.33693451170662	1.33391937559796	1.6980516571943
NaN	4.71059481016086	4.85183486902714	4.16640572072382	4.22257317470758	5.0889578461322
NaN	3.91581153374817	4.04682862698332	3.62970224869501	4.08782845563354	4.51526146966815
NaN	0.464211690436031	0.408117865623721	1.18881382166936	1.2279550797474	1.06881750061128
NaN	-4.5038001718776	-3.63048496347713	-2.14928615290694	-2.83470466070876	-4.11042096612443
NaN	-2.62769864824399	-2.42720015067356	-2.26529673354076	-2.61146448058404	-2.95118723819692
NaN	-1.10785414702563	-1.17769844483928	-1.59920045327167	-0.616498108983112	-0.388027693231992
NaN	-1.25780999879911	-1.1479033041278	-0.580776610270102	-0.177287286033115	-0.294442173387613
NaN	-0.997744196189056	-0.919521751549659	-0.938284632995661	-0.937274505892309	-1.20109751368244
NaN	2.60984811000933	2.84059300255026	1.4853460911431	1.4557599568577	2.42961214521289
NaN	-0.966279738584264	-0.824544422975013	-0.354355299441442	-0.322576109556009	-0.307952732868989
NaN	-2.38727362243002	-1.91980772120938	-1.54291201358959	-1.54203777986127	-2.66421821427017
NaN	-0.947723701386206	-0.76185167439425	-1.29314290009182	-0.454542968354796	-0.79198090273384
NaN	-0.460582461585404	-0.583705703164848	-0.877037124543846	-0.713011955994503	-0.688893525859336
NaN	1.75342078835818	2.0691536163517	0.915463706126201	0.576065815353211	0.778557678993744
NaN	2.62298000786045	2.41967833526997	2.11144900488278	2.04757728991323	2.76148293451547
NaN	-2.00986543661341	-1.34199631953025	-0.455788034722486	-0.22223771594323	-1.16346104655638
NaN	-2.01257822832101	-1.2146049654138	-0.671937734583256	-1.12510415441842	-1.16788446731472
NaN	1.05095356956084	0.669213596700787	0.0224729071808888	-0.204283169602857	0.458576820286618
NaN	3.59376259638705	2.72547508931237	2.31562314002279	2.69258772138088	3.44038924087039
NaN	-1.30063933046439	-1.91566155569436	-0.683718678806938	0.207851968609868	-0.762409610201678
NaN	-0.97112392149997	-0.544506649251425	-0.752992167349239	-0.62312544489941	-1.71274953288525
NaN	3.6680788303906	3.16439154862864	2.49629703872013	2.29859985753102	3.10079318361096
NaN	-1.43294802726872	-1.17965171588851	-0.150513088179508	-0.191981585606573	-0.568270330282282
NaN	-4.00537156965537	-3.35968194387025	-2.06988081104723	-2.4456624690359	-4.13859167614722
NaN	-1.47809783185468	-2.37831363847595	-2.3912417784711	-2.23667694657208	-2.01184836794877
NaN	-0.770655604891613	-1.35343183163121	-1.45231112258979	-1.64642336330403	-0.794775471988582
NaN	-0.940097489667079	-1.3289980121176	-1.17831101043424	-1.49180551328471	-1.21464397318482
NaN	-0.723460169032056	-0.385917429828749	-0.868814881133407	-0.845074257204713	-1.198610544798
NaN	-0.400177666018409	-0.182383558280647	-0.494093049733968	-0.345055867639308	-0.671765537021942
NaN	0.0568385264823641	-0.235608148752737	0.148880148993609	0.107387211545157	0.0927443663959444
NaN	-0.299804829354746	-0.815566416643513	-0.450009135017917	-0.382477892052401	-0.15941384487188
NaN	-0.068393403342592	-0.124807865765888	-0.651218849198747	-0.630550989709399	-0.447577071498548
NaN	0.0705479862367188	0.29173583650999	0.291586160859625	-0.0903373451755017	-0.0639545600856209
NaN	2.36520276251436	1.95831755589521	1.56455898983177	1.21584901345595	1.91439367783006
NaN	0.603423460866002	-0.177055859709311	0.646230375735655	1.12277372746001	1.2344188288088
NaN	-1.02980252000921	-1.01079598564371	-0.163811757101512	0.684659155646943	-0.124253990421152
NaN	-0.0907872845270293	-0.416370490161136	-0.50745529688185	-0.619167405761175	-0.133645807574209
NaN	1.03847199695724	1.25368444341325	0.566537978060587	0.244915566307786	0.486613309945455
NaN	2.1776957771508	2.11456840584559	1.70649027041354	1.92859138003561	1.95240293478285
NaN	4.80686919466756	4.52846109578751	3.67157471440478	3.8946889168097	4.61730255676961
NaN	2.30296652006947	1.91815658682558	2.02824182182102	1.88229778743906	2.53284871847049
NaN	-1.50033442973299	-1.05140150728711	0.208609617116505	-0.449441970121756	-0.727022111149735
NaN	-3.12621508232207	-2.4432419632162	-1.82623369424462	-1.65862341852195	-2.41973576859498
NaN	-1.84446993384835	-1.5441050112504	-2.04793464514639	-2.03415501732687	-2.21975065869492
NaN	-0.203432440054784	-0.440657352998587	-1.42972561178938	-1.9474649607115	-1.58588691021621
NaN	2.03298708211053	1.66288544751482	1.16762642446661	0.983307824250907	2.13726397853303
NaN	-2.13891936587314	-1.9726826160679	-1.37734976514421	-1.396065643958	-1.8048629870354
NaN	-1.94469388961584	-1.64027915352467	-1.46724963610925	-1.97388629233103	-2.34461408345055
NaN	1.62117359656462	1.12977648813967	0.841389822261521	0.681717577663427	1.30991749738307
NaN	-1.34198933118959	-1.36129808925616	-0.841064813393279	-0.83014849869685	-1.1888331601491
NaN	-1.80634108771028	-1.07873889268787	-1.10885910307649	-0.872947816120006	-1.48642596037809
NaN	-0.677458698142961	-0.423463687054531	-0.834415672995167	-0.628517016087104	-0.742858633608611
NaN	-0.54123992249524	-0.375209380635491	-0.695073265778328	-1.05115165879569	-0.952372646731082
NaN	0.620523486227427	0.690693322808151	0.393479061915425	0.362490813413115	0.392107038941087
NaN	-0.43800714477659	-0.350518700435895	-0.154297131415068	-0.269357496713668	-0.345865541846616
NaN	-0.579168211056361	0.352726245408437	0.19631438018354	0.640250693756788	0.477815942800881
NaN	-0.109931955063968	0.451376507599929	0.137343340732653	0.903528032587709	0.671800826114441
NaN	2.70458345432227	2.71035230478436	2.09305269409256	2.31831656037182	2.33680443711693
NaN	2.77748520369032	2.52321667829539	1.92250956956665	1.62361616250122	2.04044984623983
NaN	3.26775607094882	2.97593153401431	2.70565460472478	2.76847451155358	3.40941253812403
NaN	-2.18179138019705	-1.54556804545692	-0.397159147857109	-0.562795064275751	-1.20012853427935
NaN	-2.4566678791912	-1.74735656536957	-0.945106415963172	-1.67341399645853	-2.06214023961116
NaN	-0.656723511957763	-1.34261605790391	-1.3235819982911	-1.72968166366412	-1.40062778014008
NaN	-0.514113648932102	-0.778121505280999	-0.779106186537992	-0.944242654019601	-1.04197073653315
NaN	-0.607857438083525	-0.581529277107452	-0.323243794592924	-0.0787539448227206	-0.380898063166434
NaN	-0.438157842875947	-0.869362792402264	-0.604321460966878	-0.690309410089308	-0.0921618748719022
NaN	-0.163441081394966	-0.762566182312089	-0.771922055995274	-0.634373627471766	-0.427294368282228
NaN	-0.200384586381037	-0.575546161198273	-0.467935347774488	-0.408304089954299	-0.339387720575006
NaN	0.0441225344472748	-0.0507788421890192	-0.0921022014553191	-0.026325139156375	0.101661960219033
NaN	0.335090066851245	0.547279490507655	0.875907476896376	0.99779172165706	0.238544917975646
NaN	0.198743234536098	0.629931483946861	0.593202854936704	1.04450448400652	0.345066360672563
NaN	0.24912924515147	-0.141692824926392	-0.215356299274967	0.217198168901909	-0.0341203522109695
NaN	0.406558334584765	-0.36078233651313	-0.227062827952242	-0.246085774461603	-0.257825535934088
NaN	0.403379413786475	-0.186065876677667	-0.119026703766869	-0.0480188201130005	0.0748599525150525
NaN	0.42506413780015	0.806471005729345	0.536752614089738	0.158091153619678	1.15218854835077
NaN	0.599594124800327	0.604376736587774	0.452977177111649	0.73505864258057	1.03516304771075
NaN	0.327895645089299	0.0327035072983563	0.343474533676866	0.840168638493417	0.67683162685343
NaN	1.42609189536076	1.56222445128278	0.899117121815147	0.833455845407092	0.374740507153147
NaN	2.86227343029795	2.49387194320879	2.30811460242141	2.37209391499793	2.79446641622155
NaN	-1.05324187813919	-0.988764036904454	-0.17160029452524	-0.154572690844678	-0.710600649612478
NaN	-1.01709822901242	-0.7306215525397	-0.103371569200373	-0.295800500730228	-0.413634598200172
NaN	-0.0699659738578796	-0.191217407411843	0.132366758068227	0.092548928635392	0.552447719697349
NaN	1.83202672283413	1.88209623431689	1.24208837671277	1.48548200190704	1.91121274212111
NaN	-0.392196207814575	-0.453971646114359	-0.281705323076453	0.115173094906188	-0.628243384479829
NaN	-1.22580317717191	-0.670567932221078	-1.07244644262495	-1.21447391004951	-1.80593088191118
NaN	-0.317664760650973	-0.459181532830286	-0.76892285007181	-0.913881606946135	-1.16211801254376
NaN	-0.302158628282074	-0.471285338908552	-0.671084653295639	-0.34604409096304	-0.504172487527103
NaN	-0.157844352832129	-0.292662704327431	-0.516154607646845	-0.0167384920272909	-0.036814568335134
NaN	-0.334468326050467	-0.0857905776933761	-0.509754865561021	-0.441147161892396	-0.842069659365184
NaN	-0.253298924899505	0.0845283878469605	-0.218294133909713	-0.386479434447914	-0.358194091083096
NaN	-0.202291393702205	-0.207725949772371	-0.106298970721714	-0.335008111009349	0.0335415746266877
NaN	-0.290278963650219	-0.215534415861389	-0.0262216690828697	0.0316621228250375	0.0712302187738471
NaN	-0.032274060403603	-0.0573496837077279	0.0153809415493557	0.141839313855658	0.229501785032802
NaN	0.082688121823395	0.110748343900667	0.576296887770794	-0.0126821376463726	-0.119674520379213
NaN	0.018624751916846	0.154109653014641	0.630157765002465	0.123011283469046	0.0623956873122731
NaN	-0.111434015301695	0.683269390913165	0.420732648304638	0.123960459240023	-0.212216944893816
NaN	3.05446470353143	3.79691720484548	2.29334771342545	1.77618157845432	2.58347507553789
NaN	3.49986756645194	3.17472032505715	2.85140273490598	2.92236160375942	3.97723244039682
NaN	-2.61202070751735	-2.22630949253205	-0.739179192882709	-1.09356827599163	-1.85722635699352
NaN	-2.49018812839707	-2.40115177885624	-1.62736870771901	-2.08432582291467	-2.80817754430157
NaN	0.254430052971594	0.0889827366197686	-0.626259585907817	-0.760749842960148	-0.069456286703592
NaN	-0.532917705425865	-0.865643274718797	-0.719401844009206	-0.435153601582771	-0.266700801060578
NaN	-1.24420872512695	-1.43223328308184	-1.39080814281432	-1.46480695600993	-1.30751598280395
NaN	-0.933382675214984	-1.00568296794048	-1.07487098729295	-1.39169101638902	-1.08948847057973
NaN	-0.575330933693483	-0.728625548627181	-1.06866466146251	-0.985869622391789	-0.715515900329333
NaN	-0.389186371386094	-0.422034007467122	-0.381360524863812	-0.341287010069017	-0.475704593576051
NaN	-0.560487569932149	0.2338770179663	-0.180096630389697	-0.0427625181780849	-0.230776957126263
NaN	-0.356954668934857	-0.0222418260778745	0.214912047190928	0.172768696641324	0.0278656413067292
NaN	0.275504571237011	0.132694641938734	0.148629735093095	0.383119496523973	0.209155011303136
NaN	4.67060125636287	4.35007757918205	2.91213987465877	2.94389364862405	4.36351851300813
NaN	1.80626121258413	1.43777738003149	1.35948903686942	2.0819031677987	2.62293504161817
NaN	2.68150123788831	2.70956245120152	2.45276156406671	2.35019774628488	2.63917291115698
NaN	2.43480424164736	2.32924620244145	2.17813770513613	2.18786586147804	2.78723720846138
NaN	-0.80994215385724	-1.25708604711482	-0.30109951099863	-0.07540508730641	0.191682219471211
NaN	-5.52492876935382	-5.21359618180258	-3.57573581540811	-3.87402410277954	-4.79085955830135
NaN	-3.42475482759524	-3.65151117660926	-3.54821035638209	-3.86638765722995	-3.84313657691308
NaN	-1.76020298981566	-2.32177030866635	-2.47428025188318	-1.66762496614161	-2.39061507309994
NaN	-1.68822257635434	-1.58702923631926	-1.05897248603626	-0.302390038000413	-0.986916092732205
NaN	-1.47834782470764	-1.8856305072344	-1.3485816125503	-1.08481167195359	-1.38083130092813
NaN	-0.71278773576196	-1.03418715300847	-1.12271183919282	-1.63114085574974	-1.87669312164391
NaN	4.12863257895603	3.61405787129014	2.71634460481964	2.59008036671915	3.14661584054366
NaN	3.65247436678595	3.45642456172169	2.77928765833778	2.96938172913825	3.16830350767031
NaN	-0.281847358426844	-0.377392175280368	0.0910260043906423	0.599290432099566	0.0770526493058009
NaN	-4.65331131524535	-3.50755328981399	-2.59090744643797	-2.36969472464592	-4.05139498367421
NaN	-1.99099493494854	-2.52194340324773	-2.56427407292398	-2.39383149777184	-2.7426088502782
NaN	-1.01844786740955	-1.77014105769605	-1.8065368184651	-1.98745971012106	-1.47700048967548
NaN	-1.03373043514079	-1.1517693448966	-1.23953893638637	-1.45340872988211	-1.23124476507004
NaN	-0.795378395395004	-0.686875693632438	-0.831176804044108	-0.90630042172256	-1.11806405433904
NaN	3.6373423092429	3.67253127982745	2.71261654896307	2.7194989324917	3.00669760920861
NaN	3.75196014030521	3.66797960238822	3.18492100979625	3.04962341526831	3.92488377052376
NaN	0.466831403787163	0.567295551670766	1.52955706175138	1.54805128823513	1.13508289856103
NaN	-3.42503954351107	-2.73454777462753	-0.888775384073971	-1.49088972436614	-2.83855207776691
NaN	-1.54941051369417	-1.54977091675814	-1.38807307749215	-1.96590351675257	-1.8404525691347
NaN	-0.603853574619301	-0.874681607247687	-1.16402888437328	-1.36423648444511	-1.36382578898886
NaN	-0.127491548284793	-0.17574280253184	-0.353538843008783	-0.357613477024731	-0.509001569849827
NaN	-0.335286201825441	-0.273747540183023	-0.455651990344263	-0.837454730108671	-0.933559533172903
NaN	-0.48645118108208	0.0849824236604022	-0.25819169130683	-0.592837343295624	-0.502661721410257
NaN	0.0237168150620274	0.186254448512618	-0.121922382596748	-0.0437216400898572	-0.161720122337431
NaN	0.242314059348726	0.155132759637822	0.126071586262414	0.307147605720031	0.13621428846215
NaN	0.332398998515014	0.319057085155892	0.374110795290832	0.100871642832667	0.959796748181857
NaN	2.19673718152383	2.27768184027446	1.81407500898665	2.10795584904215	2.26937549109722
NaN	5.63284114311497	5.55669911223624	4.7319931517852	4.93272117103638	5.70759045808242
NaN	3.04409064371444	3.07791366876529	3.11252449211216	3.4811312706748	3.87688639964761
NaN	-1.89363194094666	-1.11451094191631	-0.418986455325567	-0.945414754865145	-1.61432507622215
NaN	3.50640123195352	3.41945375649776	2.26418367790725	2.52312189094848	3.23572367543843
NaN	-0.198925588176888	-0.627884632758001	-0.175853497423377	0.697675513970042	0.682373185141461
NaN	-3.6716932842312	-3.09736379966839	-2.30237809534337	-2.45253306039474	-3.92815930752815
NaN	-1.5459372395349	-1.52813560314257	-1.58035981832317	-1.22470420239729	-1.4352812493117
NaN	3.62139593610535	3.46852703717576	2.44339707063695	2.84609970949801	3.62868898942342
NaN	3.64557814910694	3.75800473763303	2.93901679169416	2.95044024072151	3.71321303788791
NaN	2.03620730381729	2.39861095362759	2.1469311087333	1.75809518061088	2.19821645659823
NaN	1.00553210214593	0.715263584849774	0.99984669136192	0.588906130759168	1.17681545714721
NaN	-3.73782650500082	-3.79367096851489	-2.48768277471483	-2.85378507753964	-2.8464163427571
NaN	-4.93526421274719	-4.30677989991081	-3.74004332922739	-4.13405093250692	-5.21261744006882
NaN	-2.48781991845765	-2.86679917476637	-2.86867861679158	-2.38893823610649	-2.3814513776763
NaN	-0.81758673817519	-0.823106119395709	-1.53394426979558	-1.39607279926308	-0.855778827032357
