NaN	-1.01615191709991	-1.38103231757068	-0.991450269140675	-0.827783192947578	-2.13311118682061
NaN	-0.848017348646346	-0.465767064905381	-0.531932055655862	-0.581142029376344	-1.08112683025713
NaN	-0.545303137165858	0.00878104021324042	-0.193924667472352	-0.0541374190521713	-0.200526120293908
NaN	-0.399217158002229	-0.246350334679844	0.0176372754170193	-0.192031214633557	0.154429257572722
NaN	-0.162529292524378	-0.82735062549012	-0.609272458264151	-0.421568658618361	-0.484224664344422
NaN	1.93414364706873	0.709007937487286	0.191027114830291	0.113081806480948	0.427470167709088
NaN	1.42124338711719	2.18936242103761	1.44489256625604	1.60124367864936	2.76343582602528
NaN	-1.68379265865627	-0.914622299386709	0.389436588048258	0.732173299523706	0.454419361727731
NaN	-0.420284685928059	-1.14696456969816	-0.0180067213860184	-0.297736783297911	-0.975222075226506
NaN	2.19334416756564	2.22113413374048	0.859158938077482	1.15324230589018	2.48563438114048
NaN	3.60885374425628	2.9196375729484	1.49070752700766	1.25824135839568	3.35317599415366
NaN	4.14016883011544	3.99507134884475	2.69036020121499	1.63595899331349	4.38328323550811
NaN	-0.751420056565895	1.23614802772322	1.50155750982736	0.317214485150491	1.91233481786253
NaN	-5.46688040942049	-3.85381934785507	-1.69169692327338	-1.96836547122137	-3.99034118351057
NaN	-1.24437201470859	-3.19620159970967	-2.45491873938749	-0.988808545580943	-4.10858636476659
NaN	-0.720160626546284	-1.27484324083093	-1.60152456229986	-0.894531971967647	-2.13086607659317
NaN	-1.10065421474465	-1.01350819690097	-0.913929442449321	-0.808005431419816	-1.68402607357677
NaN	-0.858752172555376	-0.325958970878664	-0.0407266290981402	0.440697751953907	-0.153964903157245
NaN	-0.424148900995703	0.222931704090633	-0.172087998349584	0.21635509856647	0.4144694690041
NaN	-0.278081394349264	-0.209222944912105	0.163944240335245	-0.0689171828910143	0.045090717415002
NaN	-0.165515031566561	-0.64922506959743	-0.0346386998018987	-0.42552564081916	-1.08250871665223
NaN	0.124363535467682	-0.783737690058053	-0.721964343976755	-0.428686645940204	-0.89481741338528
NaN	0.0989954286271988	-0.240990308941233	-0.770027383678185	0.152814402596737	0.0806359881895034
NaN	0.8788038845095	0.453423497218645	-0.400367716772687	-0.0237380465888282	0.321339602811045
NaN	0.483784625174394	0.494064835055019	0.0657935605748919	-0.396290195215085	-0.0524495520002145
NaN	4.32230509298898	3.22971960828556	1.53649838130042	0.846599179859778	3.2181790351376
NaN	-0.109208273370905	1.21798630302191	1.3092010211892	0.288589843414554	1.85981999885901
NaN	-2.46413374249678	-0.942395653388896	-0.203360536187991	-0.920818732245238	-1.93802555715443
NaN	-0.215692652017798	-0.930654198428223	-0.637157095289355	-0.643924815351655	-1.56714095017366
NaN	0.0486060619151581	-0.601492896736009	-0.417151393687623	-0.334647499405741	-0.754348464526748
NaN	0.262052252436457	0.145743897084413	0.192327640854182	0.140190752678489	0.170349054402074
NaN	0.874290523359342	0.559536495680363	0.285109074818302	0.24350649986817	0.285299174207394
NaN	2.43187462573133	3.00293400117313	1.823543737665	1.55095830198785	3.29741129845786
NaN	-1.71873611418544	0.14877305813368	0.506548803507483	0.0782562502150404	0.108899076864817
NaN	-1.25648499582931	-1.54023717399355	-0.655239810135314	-0.982892995271706	-2.45718267427666
NaN	-0.0565806721847408	-0.359636643032498	-0.549644840090599	-0.0728957955534451	-0.876404390915841
NaN	-0.156052673494939	-0.344982127702487	0.191742387479242	0.672809573593057	0.806712742014675
NaN	-0.0992263906615711	-0.632069513483204	-0.415955122880433	0.441255714195149	0.463971224875795
NaN	-0.165104597092299	-0.65695332443834	-0.627363874426925	-0.221845532352622	-0.169808098393987
NaN	0.00440307308525177	-0.0582572883491408	-0.250651960748955	-0.329424879153329	-0.718513227694363
NaN	-0.0602305667479861	0.649461709310234	0.257257919740518	0.0349538502205146	0.397610090275791
NaN	-0.00691757487534207	0.628506852636448	0.386418138556744	0.563434393616913	1.10004499264287
NaN	-0.0735352329369137	0.107823390707734	0.336233534017975	0.380951610600651	0.495208384942252
NaN	0.03965585021471	-0.194783702951256	0.225617669287055	-0.0247138576631936	-0.204591814011931
NaN	0.1746856986116	-0.460968166071517	-0.161345634163222	-0.35249974599399	-0.437600794993063
NaN	0.275366447335528	-0.507859604179943	-0.123531612074939	-0.269609779692515	-0.452061705665162
NaN	0.378526963480046	-0.293790884299669	0.0934493834135627	0.109007536704823	0.197461267679786
NaN	0.152426422944056	0.3045267356365	0.120461748498573	0.447439819381022	0.644736926276297
NaN	0.198356017152337	-0.0259466701292419	0.143096352928287	0.0569601604375994	0.180229827138222
NaN	0.106205646599339	-0.223992791882552	0.197216496932432	0.462961069221827	0.540013048684429
NaN	0.109288521202215	0.228084320332802	0.111985548355752	0.323308327854316	0.779926584596884
NaN	0.0486196727601098	0.333042657496682	-0.156732621977225	-0.283765170031272	-0.0502071010465622
NaN	0.173226856583064	-0.0330042498800543	-0.0221765891226753	-0.0848381512917787	0.446156108820501
NaN	0.202009036371769	0.208391682573367	0.00213688552908128	0.565317911935184	1.50150734594913
NaN	0.0159426296042031	0.280494804483667	0.128589090361267	-0.0547221754401559	0.774244090542904
NaN	0.0979588326053077	0.0189170251016506	-0.0519894215899912	-0.515823914340443	-0.0639436419553046
NaN	-0.142319518072286	0.104505130607451	-0.00729392865777937	-0.38289896458543	-0.223439662280998
NaN	3.28479396702064	2.54067982377977	1.2222481965757	1.17740712336481	2.48453974106266
NaN	0.154846691470009	1.13766835371899	1.1306360940608	0.561110173751274	1.72540950817538
NaN	3.88711531457173	3.23386267856652	1.86793606376423	1.8246493995465	3.62522513299564
NaN	3.64363541193038	3.85620664829156	2.68886375413728	2.32199177075262	3.81048426386521
NaN	1.6502010363573	2.5098235319411	2.12934111941833	0.906467255763761	2.15497959339486
NaN	-4.21296888044993	-1.6828933416007	0.0611610430184115	-1.01995566740886	-1.97517397683415
NaN	-4.7568083754804	-4.71818516294699	-2.01703331477554	-2.17135305044229	-6.68818401257932
NaN	2.72903383031539	1.05954146114249	-0.447033659407651	0.240515332246125	0.51294516504715
NaN	2.11843073600335	2.20860513260296	1.23055975422319	1.11451107308004	2.1334254862813
NaN	-0.207363291384672	0.773745696723084	0.695561001199977	0.381988172032021	0.605107672929195
NaN	-4.00967602662764	-3.09018393178678	-1.57633694102252	-1.79318371567377	-3.48075626487199
NaN	0.96737052968573	-0.220902015167021	-1.15090006442761	-0.465656757625423	-0.768783314708446
NaN	0.749047262702542	0.57303199622784	0.107009215378679	0.637859666864534	0.339263820402603
NaN	-0.496788414806145	-0.139354454200965	0.0613743446109018	-0.0807025012636168	-0.197624647769607
NaN	-5.34908643235568	-3.73865781796802	-1.95125167819413	-1.97189090962783	-3.82456754900855
NaN	-6.29740564793827	-7.15072504424145	-4.36765280898085	-3.57474482714415	-8.87161829205453
NaN	-3.0525980371786	-4.73577670505544	-4.01995065560506	-2.36587073210738	-6.64909821390972
NaN	-0.255666651062698	-1.71575715350868	-2.47650448847899	-1.13856305868867	-2.07266070910143
NaN	-0.328003649851764	-0.0654676114393116	-0.552284303624136	0.155203896411902	0.692071362606894
NaN	2.02113603748059	1.80757844417348	0.867753394835528	0.985866560744707	2.40345990002809
NaN	0.27544050041075	0.351523193336338	0.153978635431502	0.0651807320312428	0.96448640534728
NaN	-0.213206482641962	0.236150085521074	0.149317348164669	0.269420767768635	0.811159014839468
NaN	-4.10101509695528	-3.07341877856799	-1.77353839459616	-1.4564917769727	-3.27876068195638
NaN	-2.91706117332846	-3.33802712388674	-2.41645987452244	-1.71764861385858	-4.4584158465654
NaN	-0.922839352028976	-1.37807870826856	-1.34921992026879	-0.416157390613935	-1.0969841100492
NaN	-0.887514764462639	-0.916449791286204	-1.01090836595546	-0.24184147480563	-0.0894310165990164
NaN	2.82900645854226	1.66223267804902	0.423363762793045	1.091003816828	2.59872583659266
NaN	0.961582345030633	1.98562564405474	1.62931055685938	1.15598683607027	2.92430087664993
NaN	-2.23965254684546	-0.994634423366307	0.512656172421185	-0.438613057845466	-1.2295818538919
NaN	0.0625341203688434	-0.908771621853368	-0.364984222934253	-0.585148596336378	-2.02638263569523
NaN	0.958267182832661	0.323654236381918	-0.0796946915683337	0.541365772200983	1.00234823535985
NaN	1.91033690740836	1.78897883125899	0.78128668226017	1.10498809688226	2.44141937084189
NaN	3.58747573801614	4.04175831395247	2.73161742800221	1.78657160764601	4.64914783883998
NaN	0.974674134089129	1.59658852659445	1.96777265846344	0.749419051168633	2.36140614613673
NaN	0.386674116211902	0.304522312941396	0.998001465721043	0.301619536382937	0.293190004429433
NaN	0.256580080841375	-0.090923938690725	-0.0550068233043018	-0.615505270993036	-1.41005676582903
NaN	5.41518253752376	4.22872374291067	1.9796376065831	1.5522688497304	3.99018877332511
NaN	5.4842296196709	5.39272213386122	3.64640358183947	3.37706528678248	6.23646761500394
NaN	-0.222088876943874	1.84332683142621	2.18722319348063	1.08433266792036	2.79542594876972
NaN	0.877451477135322	0.801235437063428	0.537550606613057	-0.347302309502826	0.574208698806561
NaN	-1.59674686375592	-1.34455253912744	-0.586220064564535	-0.762212092985044	-1.88513097694168
NaN	-1.72915998570013	-1.31807923457051	-0.908331995488374	-0.574528775440288	-2.4272832187736
NaN	-0.632574471841521	-0.513428804589009	-0.591207713220677	-0.358080023794489	-1.30723101117402
NaN	-0.344857394169414	-0.820482944582434	-0.529698733162618	-0.370078682034246	-0.98165454493622
NaN	-0.402097091235107	-0.962036591939622	-0.696757209504683	-0.549003806870285	-1.0187737300045
NaN	1.03987443544186	-0.133738731807838	-0.28149843233316	-0.0326423494016811	0.83075810431322
NaN	5.50095909608916	4.55372069592509	2.92372587498221	2.56827160824301	5.87937502355364
NaN	4.16926751362259	4.35651931745747	3.26285855595277	2.39778669720515	5.43973788878396
NaN	1.93714694606752	2.74747514260991	2.29612994446406	1.14836795405318	3.47690131137869
NaN	-4.054611973233	-2.05151049303284	-0.582817731914414	-1.15500692624179	-1.88380632076095
NaN	-3.40390632236826	-4.23418675973978	-2.64978266187121	-2.2487465973621	-6.21653616560442
NaN	-0.989037276420692	-1.98634634749879	-1.68914723034685	-0.713854600573011	-3.03133697752889
NaN	-1.27178387499697	-1.13024634978217	-0.994629021951157	-0.367141957297611	-0.838649548257938
NaN	-1.14222580091056	-0.474880619393596	-0.743779231388109	-0.687165997532747	-0.992697275196698
NaN	-0.530331196322119	-0.813821994426427	-0.976206307335829	-0.336286955433431	-0.678200577474775
NaN	-0.606934709249575	-1.08221025415086	-0.631376193699935	0.106930744486646	0.068041827760993
NaN	-0.214303970835387	-0.281412221160172	-0.514821223333469	-0.0724768733102334	0.00692752389711664
NaN	2.70725092712952	1.99087184994196	0.658243645777689	0.195676472647909	1.75860458437918
NaN	2.05707961134014	2.51374484644867	1.85243968356849	1.19514712909373	3.67360355711061
NaN	-3.00323314114053	-1.64764226407362	-0.0306208210862522	-0.577325899513016	-0.715540826233815
NaN	-1.19503515007602	-1.90560925634011	-0.943403571139312	-0.78380356363539	-1.95396415875001
NaN	0.136940525660401	-0.253595950790269	-0.32980463356531	-0.277490698863925	-0.637854186153293
NaN	-0.455426138903832	-0.17976938277398	-0.218531262971592	-0.188202245663719	-0.561701426793338
NaN	-0.328257940874738	-0.562653838548592	-0.526813684023475	-0.556058555746135	-0.885542437023315
NaN	4.07997703058059	2.72546151982552	0.830290449272166	1.14394101614549	3.11943008090436
NaN	4.52473969264548	5.00623382947044	3.65719782406011	3.21721154340823	5.76251977112014
NaN	0.424624452489615	2.30774623843952	2.59033027687392	1.39383407580725	3.35781125982461
NaN	-5.46148496343105	-3.71016235415808	-1.24534712947654	-2.07709715521525	-3.80094554667336
NaN	-1.76568102047734	-3.63055013826967	-2.67603882620158	-1.89777546951252	-5.24480471734279
NaN	-0.567342258019838	-1.32713439059041	-1.66184653544981	-0.690134076151542	-1.04310558989539
NaN	-1.12963660512874	-0.957036304709013	-0.974872489760449	-0.674356117977725	-0.977020055440738
NaN	-0.747787794717369	-1.10239944706133	-1.13306096121602	-0.689976931192958	-1.80948891245118
NaN	-0.742494832832418	-0.836263973165071	-0.909332659149144	-0.558702008985107	-1.32938005670968
NaN	2.19608446890768	1.78959861104868	0.296472671319763	0.614511880461784	1.9451303605724
NaN	-0.924765394736479	-0.0532557035449488	0.233410728507433	0.154875556626991	0.930258968442581
NaN	2.80193030144952	1.64731304267436	0.562878437881517	1.02677129114706	2.31774916328143
NaN	4.42087708180795	4.29516586355006	3.11760735914475	2.65131220209901	4.91589506753078
NaN	2.65532167875645	3.12786728376777	2.63961623006907	1.64557580420485	3.46838663375563
NaN	0.629318168907252	1.65764809810192	1.58045257873601	0.825515116673666	1.70798340888316
NaN	-5.04564605934636	-2.87597466491712	-0.963050570561981	-1.27978909569508	-2.94761330291043
NaN	-4.38258142113731	-4.97257729789668	-2.95433429811283	-1.72392373118527	-5.31873195633476
NaN	2.07672697639063	0.268657333700955	-0.853580643675682	0.253956728989026	0.319839634010349
NaN	1.07674338835128	1.64806331280377	1.37636163289642	0.999408706762173	1.64545535916047
NaN	-5.96846778995327	-2.9363781716419	-1.30669983491242	-2.08676688044244	-3.99709656349086
NaN	-3.01897404401987	-3.71866705908774	-2.50035288387012	-2.32788378980484	-6.62822802927904
NaN	-0.0480165835751318	-1.36380925705766	-1.65094021630975	-0.905418438004506	-2.80445433553787
NaN	-1.05644048405279	-0.771003211249452	-0.850910483603428	-0.374395240787768	-1.2506307655872
NaN	-1.35350875348524	-1.11611395068346	-0.664212011902629	-0.0170009818678167	-0.814141422541187
NaN	4.41039251116179	3.21449113452057	1.84229639029085	2.1451698504736	4.06778323579201
NaN	3.91648082340444	3.62350080668276	2.48731641125147	2.06592825075242	4.23434024640088
NaN	2.22791262375625	2.08620296340068	1.61072052002915	0.590267295031283	2.64428243489444
NaN	-1.03754837737201	-0.182133487860872	0.620781287436569	-0.183806212071394	0.456194954526278
NaN	-5.45967013586296	-4.53351231872035	-1.87562851207899	-1.8907764742471	-4.68303363335353
NaN	-2.19224589215613	-4.06479001974787	-3.07169094646069	-1.830018796582	-5.20349936848775
NaN	-1.1901298798474	-1.98870274848508	-2.13688688061635	-1.19123763303295	-2.8144993749565
NaN	-1.17918292884051	-1.53630654231693	-1.32732228262701	-1.31266477318383	-1.63205371823285
NaN	-0.848456501575191	-1.14733242068672	-1.33410227259366	-1.12862764399862	-1.40151670352066
NaN	-0.265002923940764	-0.717693205527787	-0.851860777178297	-0.871218551688381	-1.30560680425091
NaN	1.82015450889346	0.675621887499692	0.0650107986857979	0.0722316840672002	0.507444074874994
NaN	5.24011963838376	5.0645957154009	2.76854210131192	2.20992119689234	5.79267019710561
NaN	2.59787627836523	4.04755666615814	2.88621737949012	2.14131534005116	4.9517356641036
NaN	-4.80463406119764	-1.46422195455993	0.126404545242932	-1.09298733025024	-0.887148036255393
NaN	-1.74099866543828	-3.01283800237912	-1.71953158987755	-1.58071891426349	-4.28986091039096
NaN	0.326210602296265	-0.439919998362094	-0.937951295591802	-0.246319725327871	-1.48019045996164
NaN	0.198745109582142	0.0674055117360921	0.029317082524082	0.291359731542264	0.322231109583019
NaN	0.341522651593166	0.298118284245914	0.598246111664951	0.639060133085758	1.91518135656142
NaN	-0.368393115387946	-0.273303650521614	0.414587294293505	0.741946005847242	1.76351466115797
NaN	0.243033976516581	-0.114088963513982	0.143243105842571	0.347968632457555	0.704221301663628
NaN	0.310769249325797	0.400160197249682	-0.111006495607765	-0.571600014987434	-0.137117671171422
NaN	0.724527309335857	0.856243236306134	-0.172996088923243	-0.0172226440302441	0.643475097778614
NaN	5.42172679052019	4.61036227077041	1.91602151324109	1.96085344846849	5.10938515452366
NaN	1.0721005958436	2.79441657708951	1.98562997516835	1.66897686493213	3.66342039726826
NaN	-3.01966280464296	-1.01160103031695	-0.0526049881205094	-0.446321883722177	-1.36120995680136
NaN	0.121048628713962	-0.375692884811281	-0.424056509248803	0.0756553552333156	-1.57941598485015
NaN	1.60570939806902	0.943570400272497	0.349420306841012	0.425753151559891	0.951375978657516
NaN	-0.134797115422132	0.454509365891577	0.524316988627159	0.177424794995554	0.251118070382316
NaN	-0.19313347594478	-0.716405454138227	-0.289530397931769	-0.576793379041473	-1.45587691328004
NaN	0.485207312203956	-0.514616506230874	-0.419379807341772	-0.205345601887802	-0.525674659795825
NaN	0.326274877926005	-0.0287150391009936	-0.189769974649752	0.528078556726514	0.669233272567628
NaN	4.20689682636939	3.40440329354664	1.73267332270667	1.55136232793113	4.2076817945576
NaN	2.36012994996384	2.48388457240064	2.22541786386354	1.85252357792632	3.44759951310547
NaN	3.88150689141992	3.88712456916218	3.03263424678929	2.06052269182915	4.24878800410558
NaN	3.10436642956065	3.4550915603791	2.99779343326924	2.01333807835061	3.75645816099474
NaN	0.178077523366913	1.21498770441204	1.74563559515734	0.791696830616002	1.71646021083237
NaN	-5.64453204436747	-3.82797152403664	-1.53583834863061	-2.26810300741369	-3.8697341521333
NaN	-3.50839298061815	-4.8369280105584	-2.76906794047913	-2.31084538714513	-6.44255555179356
NaN	-1.56292779452865	-2.73257964333468	-1.88510787636288	-0.931960428635112	-2.47597403181585
NaN	-1.74942162545292	-1.80809862126527	-1.69030239420317	-1.2913793554124	-2.10610252656679
NaN	-1.5042347979193	-1.80831734212329	-1.88136450374143	-1.45929520258739	-2.85272978654221
NaN	-1.24041641125262	-1.48014187359557	-1.57244545301643	-0.988421731834136	-2.19336476829339
NaN	0.354756381831941	-0.296298792378575	-0.837182368342317	0.353571504552021	0.388506077163791
NaN	-0.712736265791092	-0.433853503670478	-0.514510388738192	0.0925312234687634	0.995698893645426
NaN	3.70854702745659	2.65730108358312	1.01798042894238	1.1845702871288	3.32629410122884
NaN	-0.317225761937361	1.41595236260624	1.69413177686376	0.659611905286709	1.79836872600032
NaN	-3.60097064835046	-2.02953654915837	-0.661397147871186	-1.48370464884624	-3.78661174056907
NaN	-0.824463363511232	-2.31744075683195	-1.29012933190496	-1.25402657807257	-3.56048259321027
NaN	-0.390651098751499	-0.836181268946506	-1.19328347616112	-0.664623649089424	-1.39255253265614
NaN	-0.696577293569398	0.0523976385497916	-0.445423140306786	-0.293824489259213	-0.373398689144071
NaN	-0.426712221107638	-0.00808108469495564	0.0672113254127218	0.126082930731569	0.452957449172999
NaN	-0.0531579644857032	-0.517737819150649	-0.358456504274354	-0.117063696146141	0.311703882638842
NaN	0.0645405506384426	0.193452791817725	0.00124072188207377	-0.0693485915596221	-0.338165738325778
NaN	0.141933785224258	0.0672172289569157	0.14713490062452	-0.0282432577797622	-0.617422359978911
NaN	0.0488971221401491	-0.0630521199662062	0.0232238828498265	-0.0480873307985017	-0.364956615932744
