NaN	-0.90395837012979	-0.946138207943586	-1.4134105346981	-0.918323636226373	-1.75718723243021
NaN	-0.785009865106449	-0.76229920234293	-1.06669354738532	-0.799543409382805	-0.647074246360012
NaN	0.694325165779049	1.25143773940985	0.588340804247272	1.00027707848353	1.3885830300543
NaN	1.48154504603311	1.01716068219445	1.5960617609189	0.740031610689654	1.52054183632562
NaN	-1.07398640119957	-1.84529545904094	-0.711486280977957	-1.10467075000724	-0.995411467266884
NaN	-1.0743384968373	-0.785929914168863	-1.14354396665375	-0.455163820735893	-1.44398380691
NaN	-0.181228539215731	0.159149145254456	-0.690720722021385	0.470139371383921	-0.340546487611831
NaN	-0.111405445133509	-0.113520624470703	-0.192691928469365	0.341624859429506	-0.192088851518478
NaN	-0.139225041646633	-0.0660252613309218	-0.112138816489838	-0.470949903914499	-0.5277422629653
NaN	-0.110353722712421	-0.15806485038942	-0.0443073593881108	-0.569920300678155	-0.748342462327051
NaN	0.544632217086527	0.719467013938299	0.628245042269372	0.0890395531100802	0.0766231389160549
NaN	4.62042021571739	5.29144757502711	4.69272627165257	3.55979457727354	5.70277266355366
NaN	2.65276243445391	1.59154641410859	3.08571864853493	1.32546976230132	3.56414285042575
NaN	-2.33814875460126	-4.26726556127655	-0.87853008181349	-1.69235600473672	-1.16524415534812
NaN	-2.05435325384094	-1.09586280712916	-1.33124862740799	-0.923163318885714	-1.87812785564131
NaN	-0.648329337934161	0.219446416277284	-1.00077728979248	-0.549925468716744	-1.53793637636322
NaN	-0.461652072586201	-0.566640169814962	-0.990107571149213	-0.689683216895812	-1.15278303819559
NaN	-0.530375629547229	-0.314596344221866	-1.00303076071738	0.0783596256349878	-0.525215306217585
NaN	-0.373680731358975	-0.0506052906733001	-0.880123716629298	-0.346268921534036	-0.752028490025055
NaN	-0.162271668959963	-0.024114688729012	-0.326614510144362	-0.286233840642994	-0.532854107505204
NaN	3.88155095881472	4.80057419549661	4.12972158372534	3.00313662156161	4.75946283070387
NaN	1.88903094503154	1.20185459304005	2.09691334622996	1.07437061763255	2.60456627317908
NaN	1.86663556995038	1.85953124900243	2.58260528338046	1.88221850696748	3.05225061605335
NaN	3.19587629432497	3.35049165353596	3.13343350984395	2.7290710854208	3.71567387090475
NaN	1.33234755260398	0.428252946755903	1.49576489604737	1.22093924970953	2.03591698820988
NaN	-3.80208540396633	-4.67296095450132	-2.16419377608697	-1.8822937334525	-2.41285896308811
NaN	-4.21226548420341	-3.29148937306489	-4.01506638275181	-2.4817917428968	-4.39440573934726
NaN	-2.12665399150973	-0.667089946837533	-2.81262055655214	-1.94936096953363	-3.7953784067861
NaN	-1.83239835289538	-1.05261748899872	-2.04207957617773	-1.62680810738282	-3.04628424437815
NaN	-1.60457460362438	-2.05098313959113	-1.82822315917696	-1.37439950945271	-1.85796816508907
NaN	-1.26065141113758	-1.70083101584196	-1.49222334895606	-1.17874360917781	-2.17601382673474
NaN	-0.728388712600266	-0.943743012020432	-1.29331257608061	-0.46444466360815	-1.49485980468927
NaN	-0.649027949835244	-0.571822082011194	-0.873818247848833	-0.514539131273084	-1.27293185381925
NaN	1.13499824287708	2.01803138150377	1.50573049887438	0.823729936437026	1.47950137131209
NaN	0.578648322336643	0.486084410782871	0.431190270675623	0.13902369415409	0.72187108377421
NaN	-1.03312752695541	-1.06350464832425	-0.633441173650445	-0.871437112087449	-0.543732084552144
NaN	-0.421977962661382	-0.395739955623739	-0.773101993857614	-0.829952583568974	-1.15916263438187
NaN	-0.145032690386141	-0.237926490305385	-0.896660133615282	-0.574793536946703	-1.04433778964123
NaN	0.159992018770138	-0.650276957140957	-0.837665371768055	-0.602083966734593	-0.372022251215397
NaN	0.452531489637595	-0.133615333109139	-0.859505644600613	-0.188941427984596	0.331920733768163
NaN	3.18210122046065	3.16857103800534	2.73064102457455	2.30027218135585	3.61068214594522
NaN	1.28497444856278	0.0469855121835203	1.20569043812116	0.257464787007659	1.25542790394248
NaN	-1.27581863410405	-2.45539280532596	-1.0324469125867	-0.906542721009032	-1.31300709225473
NaN	-0.578080374409162	-0.275036218794723	-1.28159850444372	-0.297996572530437	-1.42324424202885
NaN	0.243633127311942	0.182398113566747	-0.656525299932213	0.357707014912388	-0.35051687501398
NaN	0.0404628183780761	-0.126160338167843	-0.0522885439228734	0.638123960194147	0.88489508207707
NaN	4.09687117837484	4.83742260815854	4.46337073750719	3.30307567027476	5.13476232464773
NaN	2.47535120459752	1.52290887668803	2.53097494621041	1.46244987679568	3.25099761118533
NaN	-2.07093728252737	-3.66831757684481	-0.859878295436066	-1.62972662107027	-1.127520477951
NaN	-1.86184647772379	-0.890217469425344	-0.918943555909681	-1.01522325915234	-2.3762441002207
NaN	-0.391698542875528	0.626552312498079	-0.0559127183876123	-0.0298955333960131	-1.20614128624144
NaN	3.28258324744228	4.11423458197684	3.2297148338803	2.49754270570016	3.85780516972631
NaN	1.11435345874097	0.340882559688238	1.29059840284222	0.156835999206442	1.41994182852858
NaN	-2.49644198221772	-3.25012652500556	-1.77063298429476	-1.2291735835099	-2.01345146502813
NaN	-1.66727720751071	-0.414321648631261	-1.94955151065977	-1.32563486980275	-2.38330233828019
NaN	-0.643376763937669	0.138967535022668	-1.30967598649474	-0.687585752054461	-1.50143545922251
NaN	-0.456930522065031	-0.265380343562661	-0.860273967313227	-0.310611505394386	-0.697255004987225
NaN	-0.506164223269144	-0.00555188864354045	0.0166758549974063	0.0680622379941768	-0.359999275332306
NaN	-0.213032555860756	-0.0219297399435101	0.584631949725307	0.330988814023212	-0.133046625426611
NaN	-0.212394888004381	0.257862427495691	0.1277004123424	-0.109256624187689	-0.28626916862321
NaN	2.32849200811239	2.9057066698142	2.32341776937793	1.86689899982203	3.06436651261073
NaN	1.08258136321161	0.664862130442163	0.89917418030982	0.341727141362553	1.35679286457764
NaN	-1.31800846388907	-1.91349728636475	-1.11287011489625	-0.909588134975522	-1.17023308143668
NaN	-0.859515668002027	-0.259065643535698	-1.21426040603497	-0.523360708637716	-1.16356982042404
NaN	-0.163760382273389	0.108294143820934	-0.455156153063917	-0.278417988910576	-0.575332083667687
NaN	-0.0264453174726096	-0.236719732180122	-0.463555265369746	-0.108397337655582	-0.320818857948867
NaN	-0.151304596265125	0.0950585823702628	0.124522268696425	0.623213290679628	0.816802706533757
NaN	-0.116596763427782	0.140996075423127	0.223166512317714	0.224599023900119	0.704577061693662
NaN	0.0935228552704862	-0.0876373245357925	0.0651566921339851	-0.124556211550321	0.101543943119541
NaN	0.685211252966758	0.932741734852992	0.753881173629041	0.359979062992552	0.675656804872675
NaN	2.29090352065046	2.11454649066773	2.20050178606329	1.33947812370534	2.55967207082941
NaN	-0.277062683148701	-1.03055151304817	0.643139733658411	0.149743023026254	0.238294903387307
NaN	-0.920869470364091	-0.929549672788321	0.308104678334424	0.0339568608971177	-0.444498961999872
NaN	-0.323701220129101	0.0511858133033136	-0.244121055256508	-0.30818278013143	-0.748906543653614
NaN	2.81296035010739	3.37089159175023	2.5532538355316	2.14566603760595	3.75408998434284
NaN	3.94100997469027	3.7126094813007	3.62178246047137	3.20090045782953	4.56446355652701
NaN	3.06921020406393	2.94503570283845	3.49481879690333	2.3197543512477	4.25724970304319
NaN	-0.788061597471072	-2.45009739423912	0.254272306980988	-0.841260262144144	0.11437372810834
NaN	-3.99594149493547	-4.83011910887421	-2.66947542946889	-2.64494614667398	-3.95243024756253
NaN	-2.3158352297117	-1.47041869162449	-3.33779295496437	-2.17794021996108	-4.44056028231663
NaN	-0.724447193544747	-0.0795850144138718	-2.0021345187236	-1.29452945226572	-2.17074817473001
NaN	-1.2663952507801	-1.52523661526234	-2.01748886639658	-0.930747015109203	-2.12372942743739
NaN	-1.73928193409286	-1.11338573867091	-1.75075769676453	-0.654907307640434	-1.66594791365869
NaN	-1.06554775485523	-1.10383493485708	-1.60639816971356	-1.52440368686153	-1.56757240941478
NaN	-0.882383941314288	-0.242596010374626	-1.00414808899679	-0.745354784053462	-1.44863480106407
NaN	-0.747182326761088	0.0285805036232788	-0.365597156381392	-0.50915873724431	-0.764596999900477
NaN	-0.428609733834239	-0.408614302748932	-0.502048328515185	-0.467078998382085	-0.55497266175348
NaN	-0.242088761266236	-1.0972256014278	-0.438982284353459	-0.0571971274354751	-0.861132493453082
NaN	-0.00315020728496473	-0.357151716046086	-0.359869541513114	0.389438394284398	0.166268343359663
NaN	0.383945175607685	0.0122952297134805	-0.512617738773095	-0.531609416438291	-0.162442566439736
NaN	-0.104726086659223	-0.224707545656031	-0.528636265675606	-0.67741276271256	-0.612037604622366
NaN	-0.0618335010097288	-0.284351270026047	-0.436667905010589	-0.406262807239918	-0.573351411517603
NaN	0.176123082984266	-0.171674718866532	0.460990921724587	0.322183908403273	0.0427739941472471
NaN	0.169864938980293	0.431377229006597	0.642079535386511	0.58782823320183	0.965014826616271
NaN	0.296600710045958	0.585892703611285	0.254834759501337	0.262320645281083	0.927533107682716
NaN	0.226760351944359	-0.384267439023642	0.238561075149511	0.135661750176284	0.0599937435503059
NaN	0.381724709588579	0.0613684959276992	0.165941614846858	-0.0281293942903689	0.0318809231861259
NaN	0.540687085579636	0.0875219548382084	-0.264007895417142	-0.246348101373584	-0.213606482805534
NaN	0.463597135205039	0.11975101648486	-0.0730946001057055	-0.281106715296643	-0.0737071958084679
NaN	0.550319597660357	0.6256379269085	0.227507256911805	0.0885813568976748	0.134079312631457
NaN	0.299529628089716	0.309827294699393	-0.065117840387496	0.0651763781296658	0.746662881474752
NaN	0.40321913465486	0.495302501859916	0.526179992157525	0.314992749690724	0.699763604305541
NaN	0.352315785782076	1.10156542188494	1.12534445941537	0.859031550159117	0.698231637609889
NaN	0.392987229489393	0.34056396328038	0.556212949770074	0.372654847754378	0.705128351368931
NaN	0.314360500416487	-0.25765668731054	0.149069396229079	-0.137646810781021	0.324842451679358
NaN	0.359982548575124	0.175967165870052	0.0292076252310841	0.313441037891422	0.47268226616849
NaN	0.338335555218526	0.420964422140179	0.395679232334646	0.283041825176329	0.737868687090383
NaN	0.274679352549942	0.668079967287722	0.694806240440529	0.80374088508953	0.494898074434092
NaN	0.303718091924787	1.01400027102235	1.18805688628655	0.815442599126932	0.617971918852144
NaN	1.24646451710837	1.35176650145855	1.78420852834619	1.38475479726279	2.08386546007977
NaN	4.89563156768037	4.99373896422574	5.06478531786291	4.14821371561817	5.86724489357881
NaN	2.02488751396476	1.39100335394428	2.66318525947322	1.75103595237294	3.54672294981123
NaN	2.38917024631785	2.67000175125171	3.27210032642923	2.80599292315097	3.67959764349159
NaN	0.168638620084302	-0.85391305244155	0.242871018365681	-0.323087383408792	0.778465695201778
NaN	-3.85326313331891	-5.01143889380891	-3.33628319126742	-3.22756273321663	-4.03390536520307
NaN	-3.06707339406149	-1.72760826917478	-3.25011832713055	-2.37354433572486	-4.5768997737612
NaN	-1.75410576557735	-1.60772120956769	-2.85603255031629	-1.16760622698467	-2.82012539422941
NaN	-1.48498150102752	-1.21511179829196	-1.72418751697315	-0.770761979392505	-1.5978914259104
NaN	-0.772644131195975	0.0227391775634609	-0.593068780709744	-0.64405775277943	-0.879778469095196
NaN	-1.36067112685982	-1.81077144332709	-1.43889910232554	-1.65283988956657	-2.17059533091719
NaN	-1.34032754901775	-1.79996169578002	-1.83952594131452	-1.26727660617449	-1.5621093275643
NaN	1.58217234987381	2.09681039452681	1.10655522462205	0.721089899027069	1.63125199218516
NaN	0.508769590881037	-0.0878171986519887	0.541055783806931	-0.15542201915438	0.130865994192514
NaN	0.733053459617634	0.970460641733147	1.14724151980558	0.862320774440425	1.52946438528652
NaN	1.63443879978108	1.84693562643079	1.36933455001308	0.801189445877314	1.65315371636222
NaN	1.28586232577605	1.01376946543772	1.01864727332576	0.892011727680258	1.3928532991911
NaN	-2.71419866556104	-3.96561268501195	-2.12467709979904	-1.70232923322508	-2.4037619678548
NaN	-3.29420716930397	-1.89422745798942	-2.23361323655145	-1.68186397304665	-3.88025977548293
NaN	-0.334607417981091	0.687211716599733	-0.885952651513057	-0.618089708380783	-1.05947663151691
NaN	2.73713290647241	2.57524916806704	1.71733737115917	1.17810231340009	2.33517664917708
NaN	-1.45937031235784	-2.50334067813771	-0.754556227334199	-1.02814296466228	-1.23979147511695
NaN	-3.227486948723	-2.87115102984791	-2.18302002583784	-1.77521669117849	-3.51020039225616
NaN	-1.79043845222622	-0.436434570766363	-2.33895907063584	-1.27098080781807	-3.11563070932607
NaN	-0.890391662078197	0.0262276395620603	-1.25526628372403	-0.630770653291536	-1.86493079916199
NaN	-0.843431931570531	-0.318898875636004	-0.767681980769055	-0.29940208981436	-1.37223826801788
NaN	0.765536648572427	0.649220276053032	0.299113085018896	0.323045963919801	0.602774251471158
NaN	3.24073882034348	2.63381683179297	2.31943689605318	1.58155942905058	2.98155364409603
NaN	-0.651296523416701	-1.99548970331521	-0.492694089113439	-0.665991626597117	-0.376930813955565
NaN	0.13716804738595	0.699497900445326	0.0404374921260562	0.783976513936327	0.892881482159827
NaN	-0.0708528888448949	-0.394674283536787	-0.879165799379612	0.0331093934002384	0.13228173767098
NaN	0.305516998554939	0.500146272041027	-0.0740987917050749	0.0274963532612181	0.648638194713052
NaN	0.296813571260022	0.162524389486855	-0.115846761801641	-0.444085292036335	-0.275198517693646
NaN	-0.96294714271009	-1.62012791238108	-1.08421802446902	-0.751197319480034	-1.64069545947141
NaN	1.21140811654845	2.31545343473767	1.4902028882287	1.28783876666202	1.29826058454447
NaN	4.85797671359669	5.06266571223181	4.84698890981216	3.76724945693345	5.05565202921942
NaN	3.46533588398495	2.63852962921727	3.92495136930611	2.40234015018122	4.28841656272683
NaN	0.090815547880744	-1.35658815180959	0.963215349706106	0.0364759178441089	1.28075100411559
NaN	-3.05846845169994	-3.55094711060755	-2.00933594828567	-1.99212535783308	-2.24837638869101
NaN	-2.25853803571964	-1.26101818083439	-1.7138384767133	-0.899432841840143	-2.40360949818918
NaN	2.01011364305708	2.56663596635811	1.36900425767339	1.22935357343567	1.55554593397363
NaN	-0.960215015223431	-1.37372352113861	-0.612525479082719	-0.964033698837674	-0.991601613586814
NaN	-2.7143700508614	-2.00679601073716	-1.59545209089488	-1.17944219722685	-1.73110420800109
NaN	-0.421975868826342	0.103139696020298	-0.766325179499268	0.469166280913819	-0.0749938258291797
NaN	-0.748216685335576	-1.09125292067134	-1.4042324580146	-0.375862378906207	-0.530786211874574
NaN	-0.901671532899224	-1.22963034468145	-1.83976322211968	-0.558174966621029	-0.970289473917562
NaN	-0.568537725794412	-0.334279857661301	-1.30129441720257	-0.212164021629285	-0.969766372864024
NaN	-0.139232504313757	-0.077899237081561	-0.824513687795538	-0.182975904092333	-1.09959449414605
NaN	0.604802288623068	0.95077770064531	0.449891171950537	-0.0942515220072347	-0.0452314198769307
NaN	4.25049654163338	4.43398138897142	3.99453017181915	2.73343163219475	4.13519628739808
NaN	0.715358262694464	-0.790422712392412	0.940001927003491	0.235800329768508	1.37297364280246
NaN	-1.7534698764872	-2.75514999274526	-1.33214076073631	-0.892728799809585	-1.07120739197556
NaN	-0.684904358451449	0.296429697946062	-0.916348865664589	-0.750661011486224	-1.44829758842191
NaN	1.15754550899596	1.75167572584402	1.42335827661936	0.907127443796011	0.620098612739419
NaN	0.572718502445585	0.301099716132026	1.26821054341842	0.152749807050318	0.41240968220984
NaN	-0.650669627313995	-0.549737869930754	0.557738617071373	-0.537269388487372	-0.67723455620362
NaN	-0.283936248761853	0.0268031496798362	0.316915896816636	-0.722288383185749	-0.800750212417769
NaN	0.215352028690073	0.357154962293021	-0.197619469354645	-0.719074110503648	-0.694369432020291
NaN	0.0880898556289941	0.126704776986638	-0.424986281246605	-0.716489260063626	-0.578904327314798
NaN	0.238246172252424	0.365694518439168	-0.000658054004029652	-0.190475100954258	-0.0750936097032607
NaN	0.356833818577227	0.614649140594404	1.13219632244885	0.515904774271607	0.759059982543299
NaN	3.1882942319291	3.71939372223515	3.10194566147148	2.23588965941866	4.48168097189727
NaN	1.7529068923251	0.655746700716771	1.44376310404666	0.336401403950411	2.16563957927507
NaN	-1.09772170835751	-2.07393330656419	-0.968828674780505	-0.651732838991454	-0.77347121256341
NaN	-0.806307163488651	-0.266001428076365	-1.18084050527498	0.156029972900753	-0.148515570076917
NaN	0.601768960243141	1.06409558127018	0.288833396903317	0.848039321426673	1.26449745487211
NaN	0.947103829028536	1.42233424354495	1.38479939276011	0.617847008597782	1.34226739819596
NaN	-0.610728442757085	-0.452792355634203	0.122156573130751	-0.35157081476635	0.170780873275249
NaN	-0.491580123923527	-0.996544106441313	-0.801576918823577	-0.62849696763433	-0.742940219236503
NaN	0.939032147840617	1.38320220273191	1.1384401647497	1.06313272459708	1.16219109296174
NaN	4.60413435244422	4.64266701385565	4.54802750092591	3.53494222606499	5.06220840293871
NaN	1.33039038042887	-0.0740943033578474	1.39276944542732	0.416825376996543	1.82556317124129
NaN	-3.31409056017494	-4.95140132706497	-2.51576788590664	-2.37060268721532	-2.85586499874841
NaN	-2.43776977197244	-1.26017259121863	-2.88182497049129	-1.38150694507883	-3.40213203651691
NaN	-0.778906237070525	-0.383501291356789	-1.96153814365367	-0.687616785744148	-2.15862703490562
NaN	-1.06792540540441	-0.600640857111207	-0.706011971758119	0.19745173972947	-0.822717766956745
NaN	-0.805214860558557	-0.62382074769648	-0.834755806052821	-0.429747570603605	-1.09130327866403
NaN	2.59731565560158	2.88132190781579	2.19204000965719	1.71403282640033	2.92761971484382
NaN	0.0866436528063064	-0.682989119279652	0.0081649477085953	-0.521239043857141	0.382593043881385
NaN	-2.1472869939478	-2.8975735636949	-1.69731617542361	-0.950968016457754	-1.70658247321423
NaN	0.090334993611362	1.22819546176918	-0.355752919372487	0.350701696539359	0.529077507981534
NaN	4.10614801817456	4.28959806011326	3.54849972866716	2.82163580729046	4.25841796050597
NaN	2.52578601960677	2.01499992407492	2.82690574573508	1.81394762194101	2.96930528537448
NaN	-2.74589598938638	-4.71729911820143	-1.56574623123838	-1.59112881752617	-1.55703180416891
NaN	-4.09566800475006	-3.05327000293344	-2.94135282187418	-1.27683937594453	-3.32118776686547
NaN	-0.352174006491764	1.10843332736908	-0.81850822875505	-0.171131747254185	-0.950911448694683
NaN	3.41579201130473	3.47922578325315	2.46373150923911	1.8139299012011	2.57671299540677
NaN	2.35744625759156	1.91054690297362	2.19169237804493	1.58134566596744	2.31087794511646
NaN	-2.00093881264	-3.44744440506099	-1.58449956235388	-1.66763812062084	-1.58100619547972
NaN	-4.76292455916189	-4.78006332220564	-4.44925232366357	-3.39888013973945	-5.51788031752451
NaN	-2.87557080068679	-1.1415357758162	-3.27106237041171	-1.78993148327675	-4.52781903792693
