NaN	-1.55584371071357	-1.36285132981259	-1.56937530578067	-1.34742393588286	-1.73432483106598
NaN	-1.0526800703306	-0.35785825771781	-0.18791912651108	-0.555180499398135	-0.648121105916042
NaN	-0.813686538683685	-0.638911219487479	-0.603839012076116	-0.255098179452636	-0.649367579806286
NaN	-0.524602404480383	-0.787525293822729	-0.79850789361962	-0.543304519125179	-0.646152104004606
NaN	-0.214883278191302	0.124241013183211	0.843630757019862	-0.252104431403652	0.783791340361678
NaN	3.82201901820163	4.78951121451802	4.03603613200137	3.341446598115	5.91243805298536
NaN	3.78745848105322	1.86846356328041	0.595596536923164	1.80306462757284	1.1787400950308
NaN	-0.75277770663641	-3.24709420875813	-2.48626675387267	-2.24703312187724	-6.04771094630107
NaN	-2.45846983129726	-2.21239451860103	-1.39137181560288	-1.44814710107908	0.224192214130747
NaN	-1.20339486374203	-0.590471283925377	-0.715329122448639	-0.318147424567242	0.742025985702293
NaN	-0.577755413674815	-0.439281698079002	-0.426430846701759	-0.378179861047814	-1.27320549987953
NaN	0.134712880527841	1.4532663647283	1.68303057120121	0.569490130125584	1.88400948736719
NaN	4.02573902365847	5.00346960795173	3.96073373577957	3.79100718182855	5.60229009327476
NaN	2.33358587841995	0.43484700827908	0.181992289663382	0.875275273932601	-1.7139707258843
NaN	-0.941803640678428	-0.371177103273163	0.871965230816903	-0.358041803220056	-0.886016842774963
NaN	1.44433531230186	1.89268307410218	0.988131181653111	1.788422624723	3.08955956961175
NaN	-0.163691126262074	-2.09002317728546	-1.94008891337785	-0.921494919547046	-3.00634485617479
NaN	-2.48870908115523	-2.98855120405024	-1.49184780998304	-1.79248025256	-2.37107583594722
NaN	-2.30487852188286	-1.56645714577573	-0.836007360516823	-0.210968393527896	0.183809963972658
NaN	0.0440114943395082	1.79373534439666	1.8316622878871	1.31909373670852	2.44929979221122
NaN	2.21716461024059	2.03919946598226	0.615110668045181	1.14411937241804	1.63658747043438
NaN	-0.847301277373169	-2.56812162733064	-1.75091985482326	-1.68265529228208	-3.83139604215626
NaN	-0.937602169204655	1.22285477052648	1.35218534208154	-0.154002844759601	2.05704569559614
NaN	2.38550109883696	2.31342493961108	0.615114683574583	1.41624785814873	2.44661204479493
NaN	-0.486348145421156	-2.17916225418125	-2.10154824066882	-1.29335063089278	-3.93425574106267
NaN	1.02179100203145	2.91456016568612	2.37003361306119	1.91355782668404	3.56012630174945
NaN	1.85138616406465	1.18943289561406	0.075259421072718	0.885211468896562	0.990627088593269
NaN	-2.07097890869273	-4.23422854338128	-3.63644975872063	-3.2910094824336	-7.45332457108711
NaN	-3.87840434725917	-3.57855812974329	-2.55983661905751	-3.23759543093331	-2.10683891904663
NaN	-2.45702726894581	-0.909916794078578	-0.63090885556287	-0.409684544722874	0.702647858468963
NaN	-1.66537980913037	-0.918953036901602	-1.12281037015244	-0.598732035962833	-1.59080451304932
NaN	-1.05463502087627	-1.04241148688205	-0.539203090649416	-1.50962756955159	-2.1019058552437
NaN	1.86576466879751	2.61167555875888	1.64048155531178	1.27882096641189	3.56113162747498
NaN	0.523708105015967	-0.840430667443506	-1.34365996980524	-0.328351827147754	-1.45075945262933
NaN	-1.42424397106234	-1.772091332041	-1.17838753523247	-0.845419257123009	-1.33604305075556
NaN	-1.25499785148292	-0.54022892912808	-0.25743103968908	-0.738836026575191	-0.217999091855313
NaN	-0.465251952612406	-0.129660737464948	0.0111173825478952	-0.587425081231562	0.107437550594965
NaN	-0.187969060780111	-0.177409164583018	-0.109509558262591	-0.673763812585835	-0.870989215774516
NaN	1.1368136342419	2.26886670717827	2.07800515825097	1.25561747132119	2.62049745652093
NaN	3.24765579076615	3.97912603040752	3.23179963244414	2.62533335641631	4.33883623404402
NaN	2.20529771865015	1.23979700088604	0.578830231485682	0.979788342324682	-0.144395916929748
NaN	-0.940372487431961	-1.19350543326825	-0.810401884753917	-0.886308064040534	-2.58394705152754
NaN	1.60241773340111	3.02916276428873	3.27645021863626	2.36325178442478	4.60804202952465
NaN	1.9701281723061	0.247455416517025	-0.0180474309727218	1.09624640309769	-0.113213021000762
NaN	-1.05798271331631	-2.94398592309411	-2.36653219574242	-2.2408724278291	-5.6795666710647
NaN	-1.8328863879048	-1.48938137014832	-0.98658271647566	-1.47931646378079	-0.320801871848164
NaN	-0.980203156281249	-0.267454022514966	-0.310646987173855	-0.309369147646714	0.26607379419281
NaN	-0.650680630934927	-0.521455466123308	-0.47274590695616	-0.251524753385372	-0.296531540488612
NaN	-0.25647536580122	-0.607072770527626	0.0864385206831682	-0.096329413843677	0.554352218081279
NaN	-0.181260210272668	0.0402547698659275	0.849824326271491	0.821155516451934	0.871334587783647
NaN	-0.100298183821822	-0.106387268317453	0.472781727104616	0.417919473010131	0.509498113921663
NaN	0.374838911086181	0.0590740786081819	-0.314683252193838	0.0578123000486432	0.0633916206118882
NaN	2.09636412323573	2.44685036484225	1.47605914569185	1.69895525378765	2.96452735941901
NaN	1.09372499361866	-0.207760699448749	-0.549424511310291	0.0609967665079783	-0.638059162762688
NaN	-0.200248793252695	0.22161070775098	0.575564718688726	-0.378210993694998	0.490478444009694
NaN	1.84775250179575	2.25957746680736	1.24105358441147	1.6098919745281	2.5790235477158
NaN	0.425883376150854	-0.375036585780178	-0.602577725121809	0.0483276195223269	-1.68959060871807
NaN	1.82213817450017	3.80472347093298	3.53643501187377	3.00177799826529	5.335340624424
NaN	2.69350502960652	1.44644131932737	0.597664418085802	1.86713896501019	1.48016165720037
NaN	-0.981035518280017	-2.48047293934877	-1.86532251181956	-1.84598669010421	-5.2479253519717
NaN	-0.267682752736229	2.16118125340971	2.44894237495711	0.666078976628237	4.22717964153256
NaN	3.30406887790499	3.13892009890493	2.340122980669	2.82441078570001	4.02855626838306
NaN	1.73477138301987	1.15741722409601	0.984095268212638	0.607137855698467	0.304264132630235
NaN	1.66219643913551	1.36970463681748	1.05088171530539	1.1825292446825	2.12305418145232
NaN	-0.734123875749259	-3.25097025850542	-3.19476500861808	-1.93332720902725	-4.24417394081453
NaN	-4.34557935880912	-5.69373706449194	-4.02582467255853	-3.96983483659655	-6.99674990829109
NaN	-4.37698912800935	-3.34869308433564	-2.85921379303351	-2.03263632304467	-1.12059388354864
NaN	-2.88511294910268	-2.32333508425508	-2.15790723253406	-1.69864543566693	-1.48568760817081
NaN	-2.19368726695733	-1.6330795229068	-0.999481756636801	-1.51251142479719	-1.51978350835074
NaN	0.698300035794241	2.97171215744576	2.56151918773228	1.52782156873601	3.76242484753337
NaN	2.44443850926321	1.56630712535277	0.822571927548692	1.42282267107791	1.50627991101298
NaN	-1.10017530908815	-3.4391264444852	-2.07882843330482	-1.75489398988025	-6.4928959029673
NaN	-2.42090416333634	-1.6407340803431	-0.689301668553323	-0.87268810082393	0.0244581281079876
NaN	-1.93215718319692	-1.36296699294899	-0.817379580726584	-0.803185681780571	-0.601006528893831
NaN	-1.61851183944499	-0.783914958984784	-0.541801095705956	-0.571713477581462	-0.616110718835207
NaN	-1.18957529817927	-0.823593286629889	-1.3824101892347	-1.26798861619517	-1.16450046786742
NaN	-0.942013336061763	-0.104547968446598	-0.811579641617927	-0.717834038402164	-0.887264694711153
NaN	-0.680547736843762	0.362855811283012	-0.28604243448073	-0.0839351396080408	0.836583933921395
NaN	0.611989362536965	1.65480552533635	1.81341795600787	0.579139419264744	2.191421394774
NaN	4.03571800653907	3.85826271286569	2.53183125380895	2.75099292731263	4.29328696680939
NaN	1.54046489958106	-1.11530065240758	-1.50796513380886	-0.781433680312321	-3.97187554823723
NaN	-1.76530926427635	-2.51335993805131	-1.70938321246861	-2.06989374748821	-3.47319857269795
NaN	-1.36016584780209	-0.486181183094148	0.206997396791181	-0.267193587237087	1.12522826427068
NaN	1.98360326625911	3.38174269052482	2.47018394703727	2.47290621672947	4.35290228382539
NaN	1.45872260130438	0.016098567631946	-0.318661907422967	0.392611149524634	-1.22713661267976
NaN	1.81217296255586	3.17002115965856	3.16321621505422	2.05677292286932	3.94967830761467
NaN	2.62011124511385	1.52626160479283	0.207562997078041	1.34135750765842	1.44885300273662
NaN	-0.964062367322461	-2.78448272033804	-2.65824697266291	-2.24151297066871	-6.3773664238066
NaN	-2.18740485651126	-1.65364437680079	-1.06439613252495	-1.53290145597252	-0.722501819044847
NaN	-0.9692565447594	-0.637768879871632	-0.643575837172121	-0.420758252487301	1.0967163669996
NaN	0.0662571511268564	1.63139228948953	1.83167439608607	0.421953648641187	1.82324358931182
NaN	3.87519566021933	4.15105575644106	3.26375252251786	3.22132676852099	4.70988748935718
NaN	1.60181324759711	-0.562755457062033	-1.18533989276265	-0.143461525229405	-3.01941744853033
NaN	-2.18493758079846	-3.34967446027771	-1.98915969289885	-2.26199023905707	-4.86840719667471
NaN	-2.29368666402345	-1.00910411944976	-0.736565984619247	-0.980838607271689	0.649410550007562
NaN	-1.08505622202569	-0.540407583681658	-0.474948176958624	-0.245344409560691	0.0355079499358108
NaN	-0.311905902794683	0.776583949216383	1.24662044060831	0.472428426437118	1.0463950980858
NaN	3.86770346778979	4.87183871745364	4.07208695070202	3.72794456626346	5.793582874366
NaN	4.33664428457328	3.86574194656177	3.20943562734026	3.15700129414195	4.20982426931136
NaN	3.2898728604403	2.51638028239278	2.00509728973321	1.7782893285493	2.29565875383672
NaN	1.87877780781146	1.0045973391648	0.726798806056808	1.06707152593393	0.838729027795239
NaN	-1.82655356353376	-4.11279452409219	-3.65022241670937	-2.59337668221889	-5.96243209977332
NaN	-4.56218272286618	-4.44669656253778	-3.07458295139667	-3.63888466207251	-4.50373403138895
NaN	-1.96015019886418	0.958032247423104	0.903144518250679	-0.230611593737566	2.33490550246293
NaN	0.102884411715088	-0.122945506284174	-0.905863887862205	0.0631643159207429	-0.347128586310518
NaN	-1.55830284949279	-0.580474722037105	0.447651940077822	-0.367239040202906	-0.93492198350586
NaN	0.978305622940976	0.931659844588836	0.640800100376917	1.41398258191929	2.08129304266177
NaN	-1.20721938744525	-3.48395705217929	-3.12008977742428	-1.8638001679934	-5.18413172258426
NaN	-3.22115681269141	-3.66373858565278	-2.09914497814514	-2.58921338920086	-3.60746799589145
NaN	-2.39582848569295	-1.75251035741207	-0.902033809728457	-0.608881892134999	0.261218616238645
NaN	-1.41986071571837	-1.2475828808604	-0.971808937539262	-0.667185841159669	-0.702530965827145
NaN	-1.07888758776091	-0.915594986231636	-1.35603682180426	-1.08367243574816	-0.720205485136907
NaN	-0.761590171472661	-0.577260675498649	-1.06563084770156	-0.903382265582588	-0.194848168492977
NaN	-0.348793879345704	-0.218582368397862	-0.397186691294741	-0.511125127218329	0.0419596729816373
NaN	-0.120786262063791	0.0971774019102652	-0.347116352111279	-0.393653872845388	-0.0786191696865717
NaN	0.132209645204788	0.269561654812214	0.481228647700448	0.137551024426819	-0.185340446895293
NaN	0.439025711800245	0.214178568147242	0.170454110364073	0.299198395275583	-0.176986128089396
NaN	0.68117255497255	1.37187479705857	1.16996015512773	0.405054191899046	1.15954289769355
NaN	4.31954639669349	5.49643814761936	4.23058289544135	3.90188435105651	5.84997425508175
NaN	3.12824147915052	2.01786840498069	1.65874377676872	1.58302848545077	1.01663159399598
NaN	3.51736732180928	4.09991470222925	3.52129737407566	2.93887013090933	4.70802006183404
NaN	3.52582131911926	2.04144747167791	0.706569623668876	1.68073967567542	1.27662054918648
NaN	-0.782390717350897	-3.3576350632848	-2.9409110186288	-1.96080877147363	-6.97872036093467
NaN	-3.0498581066111	-2.63154824284907	-1.4638645188173	-2.03186190415946	-1.3617466142669
NaN	-1.75856706557278	-0.20378224010639	-0.17429235173918	-0.504354363943391	0.0117265295342172
NaN	-0.757689385382664	1.05070036016388	0.98751914025514	0.241343248214965	0.373934977699104
NaN	3.37707051569744	4.15619134688446	3.40743284435337	3.31596476430608	5.24319242433394
NaN	4.1321174485594	3.54419932451108	2.90575056805567	2.87755341419988	3.79378170256719
NaN	2.7086695304167	2.39717776563597	1.98314108102545	1.87203381378177	2.02022469206705
NaN	0.52051021698717	-1.59089559538024	-1.85288002948598	-0.823351550281071	-2.33983174580957
NaN	-3.60374201564943	-5.67515141721916	-4.25600887506475	-3.86377111976285	-7.05955826573607
NaN	-4.24743962901253	-3.64378976506721	-2.77899360264404	-2.84051779893614	-2.08352445142161
NaN	-2.57634442812176	-2.04916916483598	-1.77704611016018	-1.77713999801457	-1.21532985334663
NaN	-2.0680723388151	-1.84044402935247	-1.40390715368028	-1.14809341856397	-1.34876688666234
NaN	-0.528811013559469	1.01462694320302	0.597237312395582	0.225952347050164	1.71558189016169
NaN	0.0219158737896077	-0.805531690423827	-1.02822920936966	-0.475139014099647	-0.793818901111007
NaN	-0.971375149739593	-0.907320201066101	-0.396356347663322	-0.103851736990689	0.198542563161225
NaN	-1.04564635884323	-0.774186912594067	-0.109419894252309	0.884890188428734	0.612593232179128
NaN	-0.714708129426132	-0.854438579639325	-0.116671433682656	-0.197034692686262	-0.942928651730033
NaN	-0.658015296392786	-0.363675446225821	-0.73145438575464	-1.29214213689715	-1.38607199728957
NaN	-0.302532785671189	0.208391255793281	0.117554787874651	-0.684341327260383	-0.301397249589493
NaN	-0.0865406950981767	0.899583763591553	0.6084211862625	0.0581949321883773	0.31393413080983
NaN	0.0737540120372956	0.425677571343096	0.823839128457491	0.593496894605252	0.658434238766131
NaN	0.437092549123025	-0.211447904463276	0.361331585351982	0.0189353822508676	0.139964718085243
NaN	0.335487682010295	-0.154215189813557	0.326113274954696	0.692386445457662	1.12266692339779
NaN	2.0350425732741	3.51923154806336	3.43230430262813	2.44001040776949	4.45720693964501
NaN	5.39782684227926	5.53845712296974	4.16944714681376	3.75725963795228	5.44079397111844
NaN	4.9105095570455	4.16479149272141	2.99806571286839	2.67489262330515	3.29349176101242
NaN	3.28146359238101	2.62139259649472	1.87259944221148	1.49605112175589	1.89162402589997
NaN	2.20432845089409	1.90448172219328	1.27337641186083	1.15106657619426	1.80084159483234
NaN	1.22326232834768	0.264988182424371	-0.172849860893681	0.527501592699393	-0.156483869648275
NaN	-2.47231660256275	-5.11795619753384	-3.89135579987707	-3.18864479140466	-7.48090760963531
NaN	-5.19481869331212	-5.39386297756423	-3.6397703131183	-3.69292172503326	-3.88517462826653
NaN	-3.79280967854502	-2.824211755007	-3.00051235186907	-2.05346903666484	-1.09360380500316
NaN	-2.60699951253825	-2.18183003465157	-2.53964804377013	-2.35867185617863	-3.32256993868802
NaN	-2.16801611638171	-1.94140173046164	-2.071437294772	-2.08168957793535	-2.84126145380484
NaN	-1.82608163513553	-1.37901692093691	-1.279069178633	-1.27755650218426	-1.10907327380057
NaN	-1.345242418851	-0.340492522046965	-0.564256758279036	0.220039669782968	0.11756638357449
NaN	-0.788008320906227	-0.323762359062989	-0.116551510155333	0.0875369810219272	0.241466005996286
NaN	0.675296180952094	1.7632850816786	1.17772461582564	0.765866701883185	1.55255889143384
NaN	3.26031718278376	4.4209975799955	3.75722280252041	2.63437633668558	4.488983164709
NaN	4.36034630757464	3.86533660406981	3.00186832907418	2.80371858909465	3.69612084545415
NaN	3.29590228074018	2.36129712795966	2.0506002000393	2.02381258651041	2.22127384653882
NaN	2.12597749119884	1.70786394914742	1.51695528512712	1.15089559782578	1.40090910772247
NaN	1.64620815894995	1.09190009655556	1.14494108289107	0.941972930737608	0.855902778525177
NaN	-0.311949216092314	-1.84524425063076	-2.13360310146487	-1.19163067049615	-2.84697366600016
NaN	-3.44701877612575	-5.14649573862009	-4.16190395441617	-3.67459546198628	-7.11912634023426
NaN	-4.56583841396104	-4.33837724516356	-3.35058078456747	-3.60555173196448	-3.65726391205151
NaN	-3.55256949714421	-2.43589529650731	-2.04842903446611	-1.73444219977162	-1.75490106444302
NaN	-2.65213048819202	-2.07987721236049	-1.9837060991661	-1.52791960722501	-2.39020269017594
NaN	-2.06782693341661	-2.15966790942325	-1.47081726612845	-0.912075703326987	-0.984384204107299
NaN	-1.65867389659006	-1.21992458814413	-0.617524448403829	-0.317997791322827	-0.427505803438655
NaN	-1.05940245784913	-0.727962404258965	0.308826060669193	0.612892390558584	0.465066192899646
NaN	-0.62253173788645	-0.378885981102541	-0.307637735219824	0.523460329507185	0.341040398712758
NaN	-0.200759532636618	-0.0160257720551801	-0.302219324223265	-0.114870328115583	0.473132488243557
NaN	0.312645922928748	0.551712360424879	0.511905685676926	-0.696486109387051	0.976102956878774
NaN	3.19292351678432	4.5831311320263	3.70448705946572	2.60451973404046	4.89267370999997
NaN	2.62516238404551	1.24200954653267	0.262778357947352	1.16265623325783	-0.370357309273619
NaN	-0.280138691102615	-1.46498628837303	-0.874611155916929	-1.17804321771092	-3.97923159849427
NaN	0.184815020073908	2.29525748239389	2.50543566346894	0.624450981617464	3.70072913415838
NaN	4.02484047811429	4.60652044971979	3.50497855365489	3.09594535320799	4.80368256554899
NaN	4.26434754998019	4.21676266674702	3.6538091413188	3.08794991881134	3.94069598857441
NaN	3.91655991475756	3.66916981671559	2.8744128322651	2.71232596328835	3.32029656540606
NaN	2.34564328891226	1.32295235316991	0.748717875062262	1.26547166515217	0.856209057011781
NaN	-1.65141608743851	-4.14106331400977	-3.35400061408071	-2.5624931224538	-6.32743926960738
NaN	-3.74332806606463	-3.90504543030151	-2.43545372946268	-2.76548720054903	-2.60677912824532
NaN	-2.71877664513589	-1.85848848598961	-1.3437322144734	-1.16685137791145	0.0649588758581612
NaN	-1.70014307435284	-1.35574961159264	-1.54064014853914	-1.06598576718977	-1.77170910121078
NaN	-1.3983539356998	-1.19114199961209	-1.0317149595645	-0.858652313447712	-1.8070352069864
NaN	-1.24522461889919	-0.810634153782359	-0.78771910883765	0.11494557483652	0.299896831276221
NaN	-0.743333839236342	-0.472939110237735	-0.0182407823562027	0.387811622524517	0.260481055938555
NaN	2.76362345946822	4.53055101859596	4.03985353207889	2.73479472793822	5.1617729155939
NaN	3.58349436786193	2.660685767948	1.46619360579441	1.99935364340415	2.18894193708715
NaN	-0.668110921736257	-2.90243531123439	-2.27254989879036	-2.07303986726821	-5.82088456890888
NaN	-2.47549252607115	-2.11438267482972	-0.731896867360393	-1.50001927214015	-1.20987598403376
NaN	-1.02048227575334	-0.291835570441121	-0.180795953328288	0.0404280227213892	1.02858542791353
NaN	-0.616930433038632	-0.24536265030693	-0.671934739195589	0.119593734251903	-0.0593282109962313
NaN	-0.387923947448062	-0.17960682119735	-0.365330253021042	-0.450827087427988	-0.797831542904006
NaN	-0.105841403922563	0.0885700614689904	-0.341010387621002	-0.484153857786945	-0.362972184861336
NaN	0.616891905127534	1.73035845617164	1.97357341495513	0.651616435966369	2.33142010126883
