NaN	-0.990516705118148	-1.03401164229978	-1.93364295271071	-1.11434813022908	-1.67061037833292
NaN	0.0752897682864448	1.05216114263457	0.221318965407215	-0.317127133999127	1.17094168242296
NaN	3.32775552929749	3.43658438572281	4.41356956856199	2.23372246454997	3.87338571954384
NaN	0.793519296435452	0.704151748676149	2.03026939512017	1.25349417795962	1.46779584209337
NaN	-0.815487122976397	-1.94706297896101	-1.10083898742484	-0.360613256374739	-1.50990919396206
NaN	-1.8845713216718	-2.23111598414719	-3.44760311570542	-1.52192534224379	-2.85731032359676
NaN	-1.03229975384967	-1.20533761519999	-2.51965063711118	-1.27195655282022	-2.16017754222352
NaN	1.28341271337481	1.71523525244006	2.36665369803218	0.747849664267142	1.70832920632088
NaN	-0.718023724052194	-1.10515798203328	0.627749991777506	0.201473582266585	-0.838024087604509
NaN	-0.760659888976839	0.907624713275433	0.0479512036399245	-0.343592277134447	0.456634866946888
NaN	1.72784464652138	1.9214501657025	2.58247132691549	1.61127167280723	1.8962734904063
NaN	-0.913268220555169	-1.73375850763414	-0.726980876212557	-0.0984187961160363	-1.52479167214366
NaN	-1.60432412989582	-1.20124167904446	-2.11254791639887	-0.995427671628526	-1.88944847627724
NaN	-0.794358853128899	-0.185785174945326	-0.758389484706747	-0.441288374219689	-1.04213178976532
NaN	-0.524770101981914	-0.412730997348443	-0.764405354040252	-0.238124982596013	-0.830862419904668
NaN	-0.374946626596081	-0.426433202853373	-0.894052464354814	0.0266786979463108	-0.103727125468978
NaN	-0.240795060738523	-1.20480087702438	-1.41507913535234	-0.529418874834266	0.149977719410708
NaN	-0.0252625561754888	-0.093883660412673	-0.468343619785341	-0.598558276826607	0.399921990407668
NaN	0.261007509314137	-0.340456764773356	0.277478529376645	-0.0619883145490761	-0.0209308293135708
NaN	0.160147970166535	0.169086346431099	-0.265215621804277	-0.0894288261144766	-0.189091614296246
NaN	0.345151653967933	0.353938819790834	-0.274512623703442	-0.0756373863461441	0.448695807107236
NaN	2.27656785832485	1.98169851242117	2.73898308156857	1.44971932134987	2.65218121197572
NaN	0.350863645633171	-0.713833639406634	0.165953364500736	0.305108335978659	-0.108911454119673
NaN	-0.336467345261359	-0.76159352241016	-1.42322888378376	-0.617227279247667	-0.672683787162077
NaN	0.0220958992886385	-0.0187999442063608	-0.169975852956312	-0.118006445411094	0.189431462262476
NaN	0.0344392944912935	0.211715933914017	0.338902293611722	0.169618926706088	0.012177537870929
NaN	0.549847315138596	0.608164217619784	0.463625413285866	0.276218209395788	0.525930641624283
NaN	0.206434167229452	0.177608045249648	-0.248011838433366	-0.0207148480555521	0.014462046383169
NaN	0.0721988395100189	0.298545005535716	-0.197723036477786	0.0728527215947825	0.136327760532391
NaN	0.293245650024744	0.352083723370113	0.405852456308203	0.324664577623079	0.390561913763819
NaN	0.196304285322666	0.486589569094157	1.04003017892617	0.343506850900037	0.819844460823556
NaN	0.20476473116755	0.347778454313174	0.495221488480276	0.125514396655877	1.051815746206
NaN	0.265890185168291	0.349127439987186	0.11640879803794	0.633077224270866	0.540088197185766
NaN	2.96473483106669	4.55386979691205	4.75041490666264	2.58610390279239	5.21375639032163
NaN	4.46987587438108	4.55021893135356	6.10564944071277	3.78498363746839	5.1462866045204
NaN	0.907805515765485	0.746811415219202	3.12635794515131	1.26406415293544	1.83952257685383
NaN	0.904479261671404	0.795374984642023	1.40706469503247	0.726254787131413	0.76825054936922
NaN	-1.82557848622294	-2.99458902914024	-2.64484120743337	-1.28661806038939	-3.28351427437748
NaN	-2.52250054517271	-2.47099040976705	-4.24877324037567	-2.32031994608185	-3.73997697286615
NaN	0.395223814636611	2.4036138227392	1.38199365584773	0.101999408141554	1.93454476610057
NaN	0.461543965435774	0.188304195202666	1.60062083362534	0.95047369912077	0.281332888710319
NaN	-0.956560130664123	-1.66046958556108	-0.649253493779185	-0.460288237058971	-1.41558218258134
NaN	-2.33685897136246	-2.87113182138703	-4.06996139106674	-2.0571036319882	-3.64567334006143
NaN	-2.0005837252968	-1.6724436246482	-3.8564705590273	-1.81985874357457	-2.91834549789375
NaN	-1.59853109780311	-0.567662063389572	-1.47971572375626	-1.10787697919807	-2.23372205792605
NaN	-1.24943379968697	-0.916956992769456	-1.11638211221144	-1.27309419310377	-1.56142091907011
NaN	1.69943541854001	3.03558121340105	2.80913347560191	1.20306557656727	2.63519669434367
NaN	-0.140902846388071	-1.54110458022014	0.491373341603596	-0.0913766051339203	-0.644647857297188
NaN	-1.97219051713956	-2.65086539534204	-3.30023142133869	-1.95906726792056	-1.93987330124893
NaN	-1.05357622017727	-1.17509634015979	-2.85672954400644	-1.53118023064798	-1.16434581916444
NaN	-0.958854326595752	-0.670023404457528	-1.35391211869892	-0.997341184211174	-1.47649168343319
NaN	-0.576990824390606	-0.235776260155328	-0.657557292934948	-0.778436500573131	-1.34300270839632
NaN	-0.440705719271088	0.0885215346017902	0.159694922701438	-0.110417995537012	-0.846297765846465
NaN	-0.141244763728413	-0.510285818802884	-0.412014183845452	-0.44849772527246	-0.718711771609443
NaN	0.0649895319186104	0.0991331727058166	-0.0325721572407737	0.0132804793251222	0.000888311895027343
NaN	0.485221884064773	0.4212252371601	0.537486210216756	0.398854089394122	0.299119148096463
NaN	0.147700181877278	-0.0968783098220291	0.222437368493166	0.0730723715380286	0.00791120245047814
NaN	0.180635012155085	0.76998654802274	1.06226519299529	0.660562562714795	0.535416657465521
NaN	0.302815085569119	0.322893111310303	1.42138358246073	1.44086512571768	0.83029807551678
NaN	0.275821801361798	-0.184130188249969	-0.0642462769413929	0.321604483841084	0.342824179832563
NaN	0.410515917417147	0.0530850263718932	-0.133131782524954	-0.221720977301321	0.370996888404048
NaN	1.02338162493075	1.03716097842766	1.01129022561902	0.425465386033193	1.50525997048526
NaN	3.63779758580354	4.32763967932471	5.09699348031433	2.67747853781972	5.19571775462923
NaN	2.39898812001201	2.28334309190653	3.94934087275331	2.19219729834586	3.73194831737409
NaN	2.79905132625125	3.02282915216425	3.97179500720662	2.54627914282352	3.86364434010157
NaN	2.84066366783213	3.12374065185123	3.70984867212565	2.6945967931814	3.8037105162419
NaN	-0.223907539035374	-1.9796901346456	0.23362864905801	0.512680883941189	-0.678884067468172
NaN	-3.2891640250956	-4.74799203145045	-5.06554896064007	-2.30581366966452	-4.30397126909381
NaN	-2.36690872930437	-1.4074957916237	-3.80046305146626	-1.97412698387532	-2.43101724302243
NaN	1.3937942393113	3.09073874293939	2.4490111243547	0.792550340277869	3.04007894280892
NaN	1.22929959348249	0.504697428262683	1.941423789826	1.33468167123339	0.982439835600807
NaN	-2.84493899105389	-4.71792763352058	-3.37109605055816	-1.83343913110674	-3.6375167925414
NaN	-2.63510257330897	-2.96251158696802	-6.19984622238469	-2.90412439542766	-4.10540265990586
NaN	-1.45749163627239	-1.40930664790944	-3.46814701700033	-1.93953515255058	-2.59069420714217
NaN	-1.11569957990873	-1.26336487993931	-1.47345619888587	-1.20679035798612	-1.94105004241344
NaN	-0.996489327977249	-1.01035056251652	-1.50844116612658	-0.999331257789604	-1.69236033368669
NaN	-0.735832074010105	-0.585403507272111	-1.58181887652089	-0.831207626962394	-1.08694789692888
NaN	-0.516807196784539	-0.493636207270232	-0.845623605518881	-0.613133606496669	-0.660880871992102
NaN	0.380438904169205	1.53850401165325	1.01566270444121	0.439678912772568	1.68999155232418
NaN	0.551384669624676	0.282204882332209	1.54460211056785	0.89185438268498	0.543035060046199
NaN	-0.486902547393494	0.00770329523376817	0.462235481238107	0.280537083245794	-0.460285794431995
NaN	-0.271479001618366	-0.148419027210934	-0.337232064579086	-0.220505324288938	-0.363612126603781
NaN	-0.0652806295061214	-0.171778199146611	-0.341015937527205	-0.15784729015454	0.0435497645074667
NaN	0.218563799264994	0.419464783637122	0.116555723214165	-0.0159819971056507	0.139342930179523
NaN	0.351212770169676	0.921497344686812	0.910378958811761	0.522354036678287	0.865209689302264
NaN	0.324070801287085	0.597430956748256	1.53368367492848	0.805098203357148	1.24157066963077
NaN	0.446157190208932	0.0787037669884392	0.266936337403496	0.21486219534969	0.757116945755312
NaN	0.489792997063109	0.486175772400856	-0.155187492155528	0.051390960115727	0.269039366895782
NaN	0.924775834139139	1.50702812664596	0.994598389270789	0.511855319736057	1.76646554976413
NaN	4.67812952119196	5.39237776415994	6.47655253449362	3.38046194003369	6.41621712521603
NaN	3.40346060049764	2.45679968982614	4.86850788610244	3.16858762957078	3.7243625404441
NaN	-1.35174983692728	-3.17662142504691	-1.02895153438983	-0.11673489319862	-1.20116621570656
NaN	-0.249464387548342	0.0467210824223824	-1.09052652148535	-0.411732642286799	-0.165195349102265
NaN	-0.594489032563677	-0.90415974814543	-1.61748993165386	-0.560669725426264	-2.01542900077846
NaN	-1.21677555464289	-1.06993011437293	-1.54866981264996	-1.05922604368086	-2.02128235680553
NaN	-0.783155856825549	-0.607797720319432	-0.612455763964248	-0.702252991354078	-1.44592965088167
NaN	-0.630098239563285	0.102030479975651	0.375476991928934	-0.167601999735819	-0.757044061053966
NaN	1.95417819122522	3.85101251708868	3.39877909099078	1.59361576399177	3.79647237855621
NaN	2.6155765139266	2.21266847845699	3.48104263822354	2.3215178087971	2.52981090011567
NaN	-1.49639379968469	-3.33718496653479	-1.24179301129955	-0.243598880357434	-1.88442041962282
NaN	-1.84047971106483	-1.84066253845956	-4.11719504774384	-1.30365335843441	-2.45876930803332
NaN	-0.611415706448331	-0.697349620031831	-2.70579007726724	-1.32387605609949	-1.83970962455829
NaN	-0.0851434583932446	1.14119286956281	0.102763530333358	-1.1589993512253	0.739063644714157
NaN	3.40537206799564	4.12738687054834	4.6509209272062	2.07813446050498	4.31612129805889
NaN	-0.0624817525393939	-0.982656333730824	1.67155539578936	0.8439919557401	-0.293252259692012
NaN	-2.73856379028016	-2.64756273237585	-2.53036277055308	-1.64753783166183	-3.0985088291436
NaN	-1.42715985086184	-1.62977562534935	-3.45934411764346	-1.85737508959358	-2.50248344536476
NaN	-1.04019040493652	-0.735350539354687	-2.00351103657108	-1.10746282759807	-1.71285259514906
NaN	-0.605046909432988	-0.315299984678628	-0.59643911152962	-1.03503625264617	-0.504265108535374
NaN	-0.0134296887788518	-0.128652801321771	0.0221673504734155	-0.410718128773374	-0.216728762467664
NaN	-0.62792783453914	-1.15132381004623	-1.05721754336885	-0.896568967984186	-0.713979761848363
NaN	1.19648220358498	2.66063955288409	1.38226366933802	0.288034197966233	3.1486351463022
NaN	1.95322581167914	1.22277537453635	2.96406755951173	1.58574265099855	1.76744148531089
NaN	-1.2955771247759	-2.57617742669007	-0.98562015831348	-0.506888956683909	-1.3281987551498
NaN	-1.31696350241261	-1.06622135294943	-1.94451628055376	-0.8594613468264	-1.94373449265796
NaN	-0.449015009261864	-0.289039611492669	-0.549295887895181	-0.569079828183485	-1.35717100782053
NaN	-0.323511600971241	0.00562305678605496	0.28147934269734	0.0376521236166244	-0.671474673759795
NaN	-0.241088869114717	-0.569222884478157	-0.760267445122602	-0.312997587249634	-0.784638877509915
NaN	-0.140223105969169	-0.512634503875093	-1.28339552290089	-0.517717707422424	-0.738315527032093
NaN	-0.213488692952438	-0.133296953635472	-0.83866944757433	-0.0895290705349499	-0.406690233233358
NaN	0.102286138677208	0.527454475645349	-0.0150681468724347	0.115672627095445	-0.281848416685173
NaN	0.285730557650207	0.554642251115338	0.587302513794691	0.256116472070572	0.858599875838463
NaN	0.599181400246383	0.807429205587325	1.10607247489503	0.882866477975872	1.11140736642924
NaN	0.284206628458931	0.184036014076887	0.545605400244704	1.16045972200817	0.486884847551961
NaN	0.945357580502227	1.9957251799969	1.31267150561535	1.09058624084041	2.87684974797586
NaN	4.48236688067485	4.43040568005037	5.82070041704065	3.41260548073424	5.38507863703223
NaN	0.570001511224152	-1.3483494527417	2.19039373680023	0.96113036765218	0.417974120242576
NaN	-1.86770422509876	-2.4606118273865	-2.24314819356496	-1.1009878953537	-2.13781986776552
NaN	-0.79113028217826	-0.724231933557659	-2.24980498854939	-1.11212888792858	-1.40537217478852
NaN	-0.48076905840681	-0.293200381146655	-1.46294249039749	-0.209854283808971	-0.635155091982227
NaN	-0.514308094553152	-0.505323734534117	-0.802617736022127	-0.561852604919739	-0.490632879611452
NaN	-0.344389856474035	-0.514270190137024	-0.630589633386737	-0.428820884386747	-0.676321526705463
NaN	-0.456096091422605	-0.195147916328657	-0.191822361632618	-0.262286498955412	-0.269552967063424
NaN	-0.0800236319221303	0.0259949167493033	-0.00630218739136927	-0.309474388445239	-0.194792754948955
NaN	-0.071648733184487	0.0602602017803729	-0.347733277575089	-0.248958678463012	-0.253488964503085
NaN	2.11207718998266	3.82915716112478	3.6745469517326	1.2909610473823	4.4994351470906
NaN	3.88866157942254	4.31413168366466	5.68553556499444	3.39870964089435	5.2002860343874
NaN	2.93343215689912	3.05314529258371	4.62921541496773	2.92068205210876	4.32893616903419
NaN	2.04151832071684	2.04480523313467	2.94176404742023	2.06669893493663	3.02597111712809
NaN	1.32548838278688	1.51264862929464	2.03091347906214	1.3731719132876	1.83525453923673
NaN	0.783643854925643	0.711778602303915	1.08810949774645	0.871660730240732	0.820695924414466
NaN	0.151881856320085	0.0812928562187237	0.280268987919102	0.153655866727884	0.352406054232615
NaN	-1.79238718276804	-2.85932552868673	-1.89045107753791	-1.17355860858142	-2.58561755160829
NaN	-4.40313180873503	-5.87908222395091	-6.05242854736895	-3.53257704366609	-6.30260366253582
NaN	-4.39290847377341	-4.69706838586212	-7.60025180405243	-4.31451890344543	-6.38149820665345
NaN	-3.23590337625866	-3.38486245051214	-5.53854007637044	-3.5348196503138	-4.96285445020238
NaN	-2.7006798114252	-2.67219335254661	-3.54231435276434	-2.64250797728798	-3.75647699414277
NaN	-2.17455347260247	-2.27045508089449	-2.94203452636344	-1.91598057448001	-2.92740355081329
NaN	-1.67006118452662	-1.52609959961264	-2.3545922448449	-1.51864233301248	-2.01282073858338
NaN	2.43519342151372	3.59442983216674	3.7075495470011	1.42651935149505	3.94697947760339
NaN	3.16919308742012	3.63078834929264	4.69832202968058	3.00006584821629	4.09502432682094
NaN	0.940100124026056	0.526235410949669	2.42610936494122	1.78962584524794	1.39811073757722
NaN	0.959575303472224	1.72387689465048	1.76143198447458	0.965073649826756	2.06617481752375
NaN	-0.198672259752754	-0.872729421614084	0.165881120193715	0.679984958682437	-0.742239770358745
NaN	-3.45843419194444	-4.98873757274795	-4.30769898762944	-2.26420922698651	-4.3616547957303
NaN	-0.584301850107572	1.44181240219866	-1.19441379391822	-1.49841202448681	0.730529236384089
NaN	2.57620370201582	2.94586252519866	2.94421238436017	1.82976952806324	2.77356254758279
NaN	1.51409831149354	1.38655222714453	2.2079936880282	1.59725642391024	1.85348707599309
NaN	-1.1034796682187	-2.61478271403159	-0.792557924188146	0.0532919074078149	-1.3865000432266
NaN	-3.78060188826211	-4.41761088411116	-5.61470694423119	-2.22342805589187	-4.42691032844309
NaN	-2.41036069899012	-2.2342147237572	-5.44549707908979	-3.03522593634648	-3.66506940299136
NaN	-1.4490052242448	-1.19921672136396	-2.73981046159309	-1.95682824782718	-2.80135191368482
NaN	-1.02171381464014	-0.959299017569799	-1.03424759445856	-0.805245415508881	-1.66202208582276
NaN	-0.855736326004545	-0.514824350656343	-0.302569457341753	-0.214055178001153	-1.07286457400518
NaN	0.627751011309637	2.09323478784582	1.89229552186043	0.110139167169145	1.42227792987604
NaN	1.17856806036436	0.761358823714174	2.16154503889253	0.810034849371493	0.539105312928783
NaN	-0.158534467177566	-0.390630199267903	-0.0237659669567754	-0.166149911175831	-0.679610315304878
NaN	0.0133322623646813	0.211326466714193	-0.402087067520384	-0.185287776203609	-0.418596890316927
NaN	0.454862148528838	0.294409485969322	-0.38227781112314	-0.00390412370177761	0.0364054144109855
NaN	1.6311003754125	3.13674066532955	2.31204742858142	0.856664377273799	3.39951470411645
NaN	3.83722052348552	3.92669920420925	5.44426940235767	3.24253141060566	4.80887489416011
NaN	0.494891641282515	-1.0963152365983	1.52236447983938	1.13595942228603	0.958662990693929
NaN	-0.49345202512244	-0.431610810451855	-1.38227028883009	-0.099331240732637	0.0220945493557885
NaN	0.61935826347014	1.15138849244038	0.331748420042042	0.0410285208117165	0.691717536121663
NaN	0.814800069785511	0.766259531035982	1.05471245782812	0.44376546136996	0.69935544912155
NaN	0.651913779553742	0.966802255680271	1.6462257900733	0.847398850401351	0.660236244112269
NaN	0.956424663559742	1.2370492298573	1.74345756615763	0.800990098075888	0.696571203518586
NaN	0.803900996828935	1.04208366938805	1.86133023496815	0.783216081302234	0.730309695411386
NaN	0.888589810346756	0.348815767126403	0.59679583720731	0.789606762325781	1.06606775144956
NaN	0.8547725226236	0.541296180917635	0.0686975069242258	0.805644175362132	1.22409712011943
NaN	1.00201620419882	0.935629895679752	0.835793720247242	0.674206793634271	0.991813570276622
NaN	2.88136949236511	3.96242732970789	4.29200352151697	1.87527120520846	4.67129396386219
NaN	2.69441664528255	1.48041063549417	3.58503758186557	2.1522686166716	2.67029609066805
NaN	-0.0887273711497435	0.0446398532629105	-0.0745160758807085	-0.0693579985017247	0.652024678700449
NaN	3.28838394265858	3.94721146430676	4.05029194104828	2.558599809693	4.2326137721213
NaN	3.21828567395789	3.19510548359207	4.00332117591736	2.81739916036484	3.96713745902771
NaN	2.38428309410225	2.16012245517045	2.79754146787401	2.23367174004867	2.90998658399876
NaN	-0.182327732547702	-0.800175291825052	0.103662447756123	0.385331748077719	0.215455127324834
NaN	0.640618555005054	0.7213042833306	0.502243182871687	0.278059810324718	1.28807135414324
NaN	0.446184044335354	-0.362979713637538	0.13195888766587	0.728744647630561	-0.0863078584380128
NaN	-3.88666963396362	-5.89623890874721	-4.49013081336959	-2.23805786765074	-5.08343953936061
NaN	-4.73287981288215	-4.13685868414575	-6.49222646713784	-3.61537142345707	-5.73977157397314
NaN	-3.03323418353026	-2.89823396189453	-4.5781487021141	-2.49896257242557	-4.17107454708093
NaN	-2.49768402340968	-2.93547297890567	-4.28271948760817	-2.66060100479891	-3.44675947883614
NaN	-2.05642296398507	-2.27660367597795	-3.57303112866392	-2.8369979069487	-3.0078890441191
NaN	-1.8087085427693	-1.66388811133325	-2.12579787997521	-2.0586342320811	-2.66780039553338
NaN	-1.50435290246171	-1.53305753831635	-1.59480551845645	-1.40317541915689	-2.00851785522323
NaN	-0.935811594386312	-0.153723933904955	-0.923745109223623	-1.1527187327829	-0.840249926083367
NaN	0.222300881123891	0.387116974307829	0.430293331164166	-0.141614302000101	0.317349367009059
NaN	-0.672012323034243	-0.433519419588592	-0.121065720458265	-0.0262573877703524	-1.01537791993531
