NaN	-1.22792170789669	-1.16579124285384	-1.51575545158689	-1.2496455704767	-2.09371494104855
NaN	-0.956400460699916	-0.853856468840611	-1.04670303905047	-0.86480283338253	-1.4780316576314
NaN	-0.828256072692222	-0.525642727399539	-0.897977847261327	-0.392380755116415	-0.800643027949942
NaN	-0.205314381442879	-0.444904704731236	-0.6246429491498	-0.423875615583138	-0.729141783734349
NaN	-0.192368184677482	-0.321781685790495	-0.206809587505413	0.0150915997959504	0.146245613494681
NaN	0.00255598148188746	-0.153608276491629	-0.0226588026387618	0.145142065994804	0.254653553384109
NaN	1.63191392786506	2.03783981764367	1.51576762386308	0.89907761636522	2.47065531658475
NaN	0.944092411580094	0.585003255039467	0.989749122063231	0.746505217126363	0.986272038572011
NaN	-0.525051815179974	-1.00823236758856	-0.0488675592270651	0.162577000372762	-0.461860758727765
NaN	-0.177896540104889	-0.075852100279964	0.0208857561329718	-0.193764898326297	-0.500072572125908
NaN	-0.0541019933362829	0.55864163098423	0.0127421813429107	-0.344110900605606	-0.141425174183405
NaN	0.799614789027664	2.02223144059304	1.31137353991648	0.739350239621333	1.8565764895683
NaN	4.73772207872602	4.70868353184342	4.24745890866587	3.49387582034452	6.06445311787612
NaN	3.41397337308526	2.17583206777451	3.24266852899106	2.94206683835992	3.76929237766489
NaN	-1.52632903056607	-3.77084289012161	-0.442920795728208	-0.771472752998225	-1.79884424215516
NaN	-2.51133891416755	-2.42565799817076	-1.90522248593429	-1.79944741459752	-2.35835707819937
NaN	-1.43055478369451	-0.173396412472669	-1.31521123432919	-1.23514110941237	-1.9855182050453
NaN	-0.852920673679462	-0.369990677674131	-0.908597648397312	-0.451390947580749	-1.23645022939311
NaN	-0.739274053304152	-0.473706190555939	-0.477064340707405	-0.538867200179013	-0.907104034515884
NaN	2.24436850226058	3.26149869755833	1.57992652042704	1.03143979304226	3.79213300669792
NaN	4.12270572721696	4.11794482140983	3.35114351972322	3.33243252148784	4.84632621569888
NaN	1.60718185616191	1.05181172121725	2.01948250215828	1.84422957068273	1.7787136871561
NaN	-2.63144447751614	-3.72924145387273	-1.36852015577809	-1.89395128448496	-3.90720677550898
NaN	-3.08041574496025	-2.33464871839318	-2.1743662811426	-2.12618038368715	-2.8032263693365
NaN	-1.93017970054455	-1.46957421442539	-2.04262995419654	-1.32704025049233	-1.76130476472133
NaN	-1.35204770165873	-1.60585504035932	-1.8159487616611	-1.13060459539535	-1.8104710761965
NaN	2.52321084079698	3.26647361184622	1.3560460895822	1.27852415741197	3.43394255388544
NaN	3.19795388729895	2.76017609257871	2.19408691588053	3.01300184319112	3.20269213954005
NaN	-1.37861890575717	-3.53148182118386	-1.07305822108084	-0.685302092632947	-2.64199742987767
NaN	-3.22079361251753	-3.9822574496689	-2.44708896109791	-2.91551690220245	-4.72491695761242
NaN	-1.00547190829465	0.743567004446866	-1.05072083508602	-0.791910797647141	-0.409389038113097
NaN	0.614720617524739	1.3821202766174	0.279516150717765	0.622357357254098	1.28572854129578
NaN	3.24490126482536	3.29457438776311	2.14683335507289	2.35840124991003	3.43139457809329
NaN	2.51682723851532	2.2995687548967	1.76180673548435	1.73242343627462	2.27705087853136
NaN	1.11737794132672	0.419416847448175	0.751466748044158	0.48314132966878	0.913606453061783
NaN	-2.75900912103837	-4.10488833622742	-2.22587653066297	-2.21027119508914	-3.77322920515966
NaN	-4.51098797903702	-4.5210822585407	-3.96475530915574	-3.55472546536815	-5.53999437246136
NaN	-2.88253153548048	-2.01687560465637	-3.46235570933629	-2.77558161057636	-4.17180592059171
NaN	-2.1879739637773	-1.45176039224132	-2.55176992640597	-2.0585817521652	-3.33152893519326
NaN	-1.88217939092653	-1.60143685429894	-1.7363461752657	-1.59664631136713	-2.41930874898165
NaN	-1.22916084282472	-0.858139274465238	-1.42696081358095	-1.0937071261113	-1.55917020931921
NaN	-0.773785947616188	-0.259553926993187	-0.163081147997856	-0.29211738534773	-0.284025255107322
NaN	1.15311331716401	1.99145618510157	1.01440434916631	0.610764352337999	2.24387348937022
NaN	2.37079451853995	2.3585748378941	1.9710265283913	1.87925412427825	3.12595729677598
NaN	-0.487243670150114	-1.38650150245279	-0.0935702919912074	-0.314828992753721	-0.703886985736876
NaN	-1.07223953270743	-1.26492750591777	-0.163982690411631	-0.657615888287035	-0.865467920920044
NaN	-0.367187363410425	0.163790527947299	-0.293147680657472	-0.0974689901065189	-0.605038818572083
NaN	0.000354718480166714	0.965951765760568	0.199098943249111	0.268763786744528	0.23786412717307
NaN	2.28080020392504	3.12766389520485	2.13489990379167	1.87491882731081	3.96055848917713
NaN	2.02171564286291	1.06577727844773	1.58741223801365	1.79851715984473	2.09601875440272
NaN	-0.313373325545442	-0.608825376829218	0.318038303290163	-0.176220700290776	-0.435094294434
NaN	-0.542411406877389	-0.325749167111541	-0.300468044665011	0.084180875073474	-0.134213936685298
NaN	2.4138411176375	2.86496397621348	1.84242068605867	1.32646220034247	3.46719088402187
NaN	2.36985559269464	1.42847251409848	1.73932552232162	1.73807189755464	2.36259505680507
NaN	-0.668328809399863	-1.16694249354941	0.17585129974168	-0.156742861550995	-0.909884307499925
NaN	2.20295804305967	2.98322346210537	1.97749659870566	1.406585355432	3.87789117799105
NaN	2.96671266322438	2.03741242629145	2.42532332699885	2.60969340945675	2.89777756168456
NaN	-1.02098837017069	-3.16325110351198	-0.780358067527822	-1.03813318328593	-2.82595021325423
NaN	-1.87088416269464	-2.34865363140753	-1.81101931904667	-2.37965163932866	-3.31885899985805
NaN	-1.162903910069	-0.419913157743742	-1.20134005684206	-0.994189647015977	-1.28215247678702
NaN	-0.206486945504396	0.404309490816173	-0.139492172933259	-0.246108197996897	0.185664589056728
NaN	2.11996363265765	3.10521484500886	2.06799382170642	2.00432145818519	3.94354658804663
NaN	3.59895031753993	3.53267205291145	3.28607227500111	3.28462840296273	4.59220873766089
NaN	0.820605120873835	-0.438877762672149	0.802128563441163	0.85049139759051	0.360191801797726
NaN	-2.56112797319942	-4.15026063576139	-1.73729280389895	-2.37416614927558	-4.20010841576995
NaN	-2.42880389098044	-1.63297758201207	-1.97629506907805	-1.88187507195283	-2.48679388694015
NaN	-1.35726816137357	-0.536753032571275	-1.36401377700928	-0.619897525865912	-1.20393824884896
NaN	1.23761504510763	1.80088126530664	1.1410718479759	1.09139356840543	2.41340649583042
NaN	-0.492903372728095	-0.984444886642476	-0.266996066682421	-0.0643354613569831	-0.915913055522761
NaN	-1.46293295382258	-1.79547514878779	-1.39185204579755	-1.12155832684025	-1.82060255950168
NaN	2.56572434800777	3.86529447047223	2.00128765870694	1.58723311151697	4.2101822248604
NaN	1.70207820829784	1.69730162810145	1.77910104184516	1.8216894792696	2.05820876430356
NaN	-0.726798729514979	-1.82680164148848	-0.301586518750145	-0.620699727493694	-1.06567540459408
NaN	-1.88310340130149	-1.97709620009836	-1.83201128128187	-1.71429049865367	-2.65006397763115
NaN	-1.32153298396414	-0.540097983868271	-1.41518782942891	-0.56046854380417	-1.29304425026116
NaN	2.66229696775095	3.91546145863098	2.21880709617457	2.24392178198904	3.98609687920256
NaN	3.65180727362425	3.42136114204818	3.00340408339505	3.17880063543914	3.86771109831487
NaN	2.25451591561058	1.73110250695556	2.5055630187593	2.30577501251837	2.81292784504134
NaN	-0.559755462698125	-0.981128470663813	0.0927031935373563	0.432037748216313	-0.435455481136805
NaN	-0.996804676561205	-0.974254439521912	-0.377989420293526	-1.02005497047887	-0.960560250569799
NaN	-2.67763587253221	-3.12122881598398	-2.67866834418083	-2.35086035127973	-4.02943290765034
NaN	-3.78565764137098	-3.75775637994493	-3.70564065602432	-3.62087115849808	-5.6590839539843
NaN	-2.75941733159712	-1.93611039801753	-2.80624648908617	-2.51330437975017	-3.77032661943046
NaN	0.752573270139106	1.54156325158483	0.151567879421056	0.0373473384663321	1.2996302737521
NaN	-0.964216181136552	-1.69280581272515	-0.998474446211676	-0.799447011587746	-1.77482866219803
NaN	0.412448642732753	1.05618741859761	0.345943183877021	-0.280372118330718	1.40936395533146
NaN	-0.724495035816112	-0.272368739502153	-0.349998465024877	0.00595220934469744	-0.421737117746907
NaN	-2.49420327880727	-2.09494217303562	-1.42102205779736	-1.18966436361931	-2.62315769149178
NaN	-1.77164494633467	-1.08681551188079	-1.0180503962967	-0.515471786025141	-1.35955841526465
NaN	-1.18942271698985	-1.11423153881888	-1.12621571539741	-0.111124552821817	-0.690506160022578
NaN	-0.507003562632285	-1.07148493088299	-1.50620170728946	-1.03025867340594	-1.61426093509486
NaN	2.11575968753718	2.70501583522296	1.46421327452181	0.532980429757521	2.54279926487316
NaN	0.637229403809796	0.129449869613787	0.690563968013728	0.515006662931277	0.179404734363706
NaN	-1.00272329816192	-2.02165864082725	-0.962893874706249	-1.44297128363284	-2.43603385321749
NaN	-0.577253263539613	-0.581887124600107	-0.868403260562685	-1.26476908784342	-1.36482242190756
NaN	1.35808973066499	2.32034703504182	0.940731911531075	0.614953884657994	2.24672674938168
NaN	4.84207634879632	4.88978837130391	4.13342584237511	3.79544344115119	5.90746012220243
NaN	3.29385845008937	2.2803636184495	2.95401681301479	2.78184399055778	3.50334758871783
NaN	-1.47407672947761	-4.07562245049337	-0.675251697842895	-1.46750650582199	-2.88908420026972
NaN	-1.79052861026075	-1.74443602236682	-1.86776545043566	-2.13321948479439	-2.16833414137039
NaN	0.461442175356577	1.35439353370429	-0.129274305569973	0.892181010714418	1.46902011893602
NaN	-0.652117475727598	-1.01204581702429	-0.967661674540536	-0.312625583827218	-1.30076977231895
NaN	-0.363173062495994	0.0172788525760582	0.165230378254313	-0.319710907182264	0.623145108093497
NaN	-0.48047958541081	-0.308778917126126	-0.0101191705756327	0.643484628976952	0.281248200553078
NaN	-0.735938232461829	-0.61576348481923	-0.399185208100076	-0.233395505434482	-0.835812827477092
NaN	-0.28175620541538	-0.492625513005107	-0.701914625547731	-0.713689020381747	-1.28500521357533
NaN	-0.0184551777488088	0.147034680247552	-0.489200306172358	-0.678296598820143	-0.119116979657055
NaN	3.24034201239963	4.49380007892227	2.87303553773903	2.59878679791877	5.40637580051949
NaN	3.74146457575792	3.5140368376285	3.26758578852678	3.72604320661921	4.44672317905989
NaN	1.36680491185604	0.116574964309107	1.58578787271682	1.16611204495512	1.64933087604662
NaN	1.39530256933744	1.20944354068993	1.38242602859988	0.956825723625268	1.86725450361393
NaN	-0.737918103422358	-1.26887333705596	-0.76438463083755	-0.89894166470012	-1.68952730222655
NaN	-2.15698178742509	-2.75285787532969	-1.53581320461656	-1.73219840192831	-3.00035263079284
NaN	-2.01687668505499	-0.88174930611719	-1.12979188893812	-1.15109458427535	-1.21838676552409
NaN	-1.05594393072641	0.132091220472951	-0.426989641595671	-0.26457106870979	-0.762699595350779
NaN	-1.14960442044298	-0.241250888649989	-0.804616950724021	-0.443427067849355	-1.20963450539506
NaN	-0.804391654273036	-0.997273088575345	-1.18324433496225	-1.19739712573844	-1.28221131564428
NaN	-0.518377643017117	-0.775120105446974	-0.747421231104004	-0.911548694473019	-1.16708636271316
NaN	2.32287850179101	3.08007842719027	2.13658180240717	1.59866319967423	3.34087655421398
NaN	0.996152040989098	0.462719471492076	1.04460676291483	1.52109231322135	0.734419238833111
NaN	-1.05379984514764	-2.43176683060911	-1.16919785201315	-1.30228889473313	-2.73612245778682
NaN	-1.00284126152635	-0.644575583175387	-1.52374584071913	-1.4734167452891	-1.99561203444394
NaN	-0.371063460987524	0.287754806460702	-0.492197023840255	-0.300716046262691	-0.7750728298781
NaN	-0.168957678906026	0.0416217993141539	-0.305113408768703	0.570018590823144	0.274288444251628
NaN	-0.0924044494122395	-0.418157902550032	-0.208873295407134	0.628428894341491	0.69773132191906
NaN	-0.0855076752662102	0.140706694507671	0.0236677526247051	0.646884410336441	0.568879655379492
NaN	1.20449532649373	2.28428214561829	1.52643784133073	0.731476488274911	2.20932596884516
NaN	4.61695871113644	5.01211908660164	4.3626221076574	3.70722376646495	5.60082588724615
NaN	1.3507143488489	-0.0650535443347495	2.17958091502818	1.57950575131899	1.13893332488199
NaN	-1.64458189886651	-2.88670331779601	-0.584716935626492	-1.04686982372069	-1.24794383162435
NaN	-0.989881804702991	-0.778722430114706	-1.09595042708252	-0.434789642313836	-0.265664936730095
NaN	-0.903235067864582	-1.16528257063128	-1.80629080556586	-1.37413875353478	-2.45882665831114
NaN	-0.88898132459388	-0.938399486119457	-1.52641374648451	-1.93085390263156	-2.38798297959611
NaN	-0.875806258449772	-0.431748750710782	-0.771485852351641	-0.965864927694012	-1.0743885480484
NaN	-0.546669128782019	-0.697539263721213	-0.556095123837987	-0.47939864606987	-0.849299215303855
NaN	3.34545274920988	3.78458822104205	2.13546058998033	1.45574383513456	4.17463495513945
NaN	4.33025475421278	4.01967992375655	3.32863061264495	2.86665813244518	4.72932814667401
NaN	2.92506605184885	2.41241704258594	2.50680274027609	2.19026932878309	3.44429015332549
NaN	1.94012705239772	1.36212647321072	1.55413969588544	1.22990883463374	2.20511371952635
NaN	-0.895406196499567	-1.91490698196231	-0.54631004289235	-0.490800530470057	-1.42604270059165
NaN	-2.83096998774159	-3.20294606917031	-2.46872086718949	-2.6700253938492	-3.35078271099489
NaN	0.545380286469483	1.32653717470512	0.280916326457182	0.51633874131777	1.31867689766505
NaN	0.360146182507748	0.722955158661191	0.224044900698242	0.540789074149277	0.485652490403427
NaN	-2.09920187408468	-2.66622992430234	-1.42947663180846	-1.07500365052583	-2.45973290757198
NaN	-4.87363133760235	-5.56765546979281	-3.56394071066926	-3.63207364635138	-5.9347780010366
NaN	-4.31013241267535	-3.14092158635306	-3.57203533335518	-3.04726623560234	-4.98510726010035
NaN	-2.33192379830762	-0.996348061908659	-2.37850845572593	-1.66854933760858	-2.32667524508021
NaN	-0.809987370478997	-0.0572570139093558	-0.777873192307143	-0.501060314342457	-0.798010191099209
NaN	-0.923005326746247	-1.05184002494253	-0.753780763655082	-0.657120490470321	-1.10865884211818
NaN	-2.31070423470735	-2.2464324968352	-1.71501745404364	-1.50218618993827	-2.76771233146686
NaN	-1.9037458567249	-1.53143502170688	-1.64927206194002	-1.47795234352589	-2.10970338416976
NaN	-1.05186645632136	-0.498234230132364	-1.07699253703954	-0.507955284412479	-0.689897123307337
NaN	0.650689776095547	1.62816594060783	0.56244193375295	0.594200526930297	1.74241327536809
NaN	4.46872676289014	4.75955138525267	4.09686898207821	3.62950485947686	5.54340371772111
NaN	2.74450858519003	1.77644600051318	2.60144361703344	2.79282278574634	3.16098159107044
NaN	-1.77135150983669	-3.83376840548792	-0.721074512858795	-1.43357549234298	-3.26491445308536
NaN	-2.60021007361354	-2.25104724335199	-2.03789273693451	-2.21688334435722	-3.45791208480946
NaN	-1.12136326953632	0.242437359118844	-1.08097286988578	-0.496537841444742	-0.764496455231784
NaN	-0.0156498892048477	0.535875601385205	-0.305749577543286	0.409459442876146	0.664388427835412
NaN	-0.180022382239947	-0.256561057160168	-0.149746709412829	-0.0757074422115655	-0.58639717816713
NaN	-0.342112398700729	-0.262627674083406	-0.126276173147914	-0.0241491724520208	-0.222723229232929
NaN	0.131394147080238	0.390891347490148	0.217650314891889	0.497504219914379	0.183811092135107
NaN	0.452322225519707	0.709251052025246	0.245972199721112	0.251912034243428	0.440546322351295
NaN	0.647087716229272	0.642274855612474	0.528458635571518	0.471518370284565	0.638777521023611
NaN	2.56183984780776	3.19455592255699	2.40862572655676	1.9979457857592	4.14628152369544
NaN	1.62969827194319	1.27822672956549	1.59312953160462	1.60152729022422	2.24118393487325
NaN	0.0678782733118187	-0.866258564721242	0.534356588934469	0.102118705249143	-0.0452443781083194
NaN	0.115373262928765	0.373086822715405	0.910091916567981	0.55718449768376	0.732444202157802
NaN	0.642002194811309	1.38577559565437	1.35106879334008	1.33744258005509	1.44533035201321
NaN	0.685213703591947	0.374839285378087	0.722591151224937	0.511037173804268	0.718077714392642
NaN	0.761334257674585	0.262610856532008	0.0209776858358465	-0.152099329000579	0.180479686888759
NaN	0.858922493805793	0.686998623447355	0.0400842209458773	0.347260910475223	0.819628126559366
NaN	0.74464897857521	1.19245743206889	0.662044011709998	1.29740011309599	1.58462279599164
NaN	0.902271680035832	0.376687091225317	0.349792419132717	0.230803085810704	0.352171845693554
NaN	0.667754441643176	-0.0444604474192785	0.185174457018209	-0.434323909901607	-0.1677289017943
NaN	0.836019463053462	0.697618719283543	0.25040601304241	-0.0795262546900241	0.67801947517471
NaN	4.22462601933579	4.55570498508221	3.29009332190366	2.61380175852437	5.81058258872173
NaN	1.80048676936996	0.463035362684595	1.51046615931233	1.58835629276219	1.63011893259395
NaN	-1.16772515389796	-2.44692964674768	-0.70146607010861	-1.55120220857015	-2.29628247694086
NaN	-0.91321505442669	0.219771933323253	-0.540346275287983	-0.699898808864355	-0.812077378241459
NaN	-0.558147466671737	-0.155339867244385	-0.586840871115336	-0.316784309321053	-0.550372015451616
NaN	-0.310656704677446	-0.719606489843717	-0.556786070403413	-0.667051596573445	-0.601095489492859
NaN	-0.263676950805564	-0.500437756549172	-0.586036857906233	-0.546903194643697	-0.662467445618114
NaN	-0.188817801197051	-0.420346956342618	-0.323193389776705	-0.477235896544503	-0.395897881607824
NaN	-0.290680074231713	-0.321312658868602	-0.502022278196877	-0.34909714958853	0.0113416149453325
NaN	-0.348390820714659	-0.273472374687218	-0.435314073007798	-0.352040078039444	-0.5336124337147
NaN	-0.215513022487512	0.207728516766811	0.020578849583372	-0.0737367031395977	0.243301781742494
NaN	0.29369126299566	0.968328430895275	1.29391403240511	1.08650949902265	1.97821518575341
NaN	0.496339985051313	-0.102908338065722	0.916660440278705	0.86952538506404	0.535363180541696
NaN	1.88618007920318	2.22774847465349	1.80741580478592	1.18144208922903	2.65989248797825
NaN	2.11180721749088	2.56289662850401	1.86783852267023	1.86852129151593	2.8132345520732
NaN	2.79139989996539	2.59263937266147	2.68635143884226	2.84075513216612	3.30839630199506
NaN	-1.03960502009461	-2.40081151688041	-0.376362869064081	0.160201788927987	-1.42867477758106
NaN	-3.17575497807998	-3.81896100059517	-2.04192139074936	-2.14026461603933	-3.960766327976
NaN	-2.40214645829296	-2.21672186642539	-2.47365059526672	-2.18583703262337	-3.5074897418572
NaN	-1.76758528325579	-1.6031446144367	-2.01831888344208	-1.77455266285901	-2.73211955959935
NaN	-1.47892994252417	-0.96220435215486	-1.81607494509269	-1.82299962667792	-2.63776365077167
NaN	-1.39542527287333	-0.443784367845426	-1.37411387179412	-1.18260615039228	-1.98010503262041
NaN	-1.01580034650899	-0.917059741030021	-1.55391023668265	-1.19843662332682	-1.71398989655211
NaN	-0.0672726261224955	-0.476230363634398	-1.07985877917643	-1.00399983996421	-0.74406631220861
