NaN	-1.26955656250727	-0.73687525734337	-0.501036477392358	-0.940111491124079	-1.66228263235487
NaN	-1.02692135145641	-0.104854623165863	-0.206391009796617	-0.302093985170006	-0.437345329210207
NaN	-0.622050160036221	-0.0635481328382148	0.227627141278472	0.23805546522218	-0.413453824878734
NaN	2.39506969707033	1.9590082301941	1.77459940874202	1.16610720031549	4.02246552236811
NaN	1.90092104574878	0.523795493244565	-0.760193585044393	0.933336573527094	1.15986162276794
NaN	-1.21685635722733	-1.55839692802361	-1.27361078855907	-0.791348697914111	-3.2053098843878
NaN	-1.53503482478834	-1.30693873790385	-0.353031795738717	-1.14760294575871	-1.40115013052971
NaN	-0.534738709084409	-0.66288196163942	-0.0719872708376303	-0.613464446532279	-0.0652617167820183
NaN	-0.246330257825841	-0.486407993088981	0.610279055723805	0.0994657704981373	0.0765895698003169
NaN	2.83576172417112	2.35470107759588	2.05867993699708	1.56592608518949	4.0778077194422
NaN	4.31681953305109	3.37137371359026	1.03883523036723	1.97605934779222	4.04776411252011
NaN	0.94853057260305	0.27756383814659	-1.44945343616128	0.30738317272695	-0.213618121997606
NaN	-2.9174019026428	-2.12991895128	-1.13387233566893	-1.31368378180826	-4.26226280948302
NaN	-2.20794975576723	-1.58351082651029	-0.409110444480721	-0.903186560794681	-2.48840657950386
NaN	-1.14327208950195	-0.842808450918362	-0.40353228724807	-0.554478387916261	-1.35035020903833
NaN	-0.562165909868862	0.296263098861573	0.607978666744946	-0.238871859480479	-0.407579854118886
NaN	2.54697607423784	2.60187010250722	1.36520546840739	0.820445056021573	3.69217531269771
NaN	3.28327441648687	2.43998316141307	1.21232176955961	1.44847256297984	3.88043292290783
NaN	0.336371449795427	-0.488004175242356	-0.590969100807463	0.610485188516849	-0.161446931209038
NaN	-2.87193771295382	-2.23337581389642	-0.243181198150531	-0.201025238730791	-2.81762694455463
NaN	1.34144360551963	1.34120175774423	0.784985816511902	0.494888081056644	2.38579757408804
NaN	0.266552922238797	-0.101571348927435	-1.23328821269012	-0.168572171143723	-0.503894538773903
NaN	-2.67259702573196	-2.05797204786785	-1.13888240794403	-1.59971967983311	-4.08138499647163
NaN	-2.40779195988284	-1.91606586325414	-0.66217289745269	-1.62120513280489	-2.73788902546289
NaN	1.42525433637227	1.56535958343072	1.32404256544386	0.268242647018914	3.00621801900504
NaN	2.10429184482975	1.85501024726345	-0.0227024864279875	0.972590663764223	2.34467954769002
NaN	-1.71233477547058	-1.15430867357579	-1.0986735490863	-0.00822031639135237	-2.59947641481848
NaN	-2.73651523905898	-1.80588345957452	-0.68397548010152	-1.03952638993257	-3.42383469022739
NaN	1.07906630721405	1.11425181054509	1.12244790656815	0.141772449672511	2.59431815730101
NaN	0.268835849598636	0.352626410872908	-0.368313951200112	0.862251576831965	0.927287784255012
NaN	-2.16618485151429	-1.59207598557908	-0.913988251054668	0.079097441258861	-1.62383042256234
NaN	-1.57036510185724	-1.4878082493904	-0.387631534596336	-0.57561727430299	-1.93588273042721
NaN	-0.81562587390989	-0.951226846322834	-0.232653168965905	-0.897668581908356	-1.23251209935762
NaN	-0.00580192846056587	-0.38934664311726	0.38275382614255	-0.63353555895693	-0.106404186363277
NaN	1.4246057460297	0.955488058105265	0.270159751263365	0.244300531237297	1.85456479414022
NaN	-0.145682539196945	-0.235770238452678	0.296309083100765	-0.0511688306780651	-0.610730481392078
NaN	-0.766602525864565	-0.351224129132163	0.706898024570035	0.306167417000333	-0.466714533074528
NaN	-0.353890190421296	-0.206598549884979	0.337945368969269	0.608551862021887	0.502604761343511
NaN	0.311621529515131	-0.176949875096178	0.0815878837295512	0.863110106386893	1.31835240799935
NaN	0.237610681925917	0.0613875306883783	0.201037185502662	0.358310008411291	0.555379352309665
NaN	0.207763837879581	0.817935536696404	0.616394043952952	0.663178308273107	0.820969470336571
NaN	2.48115228001704	2.32102011359463	1.22661526152568	1.46962742485923	3.38338926864111
NaN	1.52630726337926	0.737769810136533	-0.461875623133232	0.665893989154095	0.787973739788018
NaN	-0.0898038482016625	0.397420938866143	0.407968855587402	-0.534416045687368	-0.863844637461044
NaN	-0.0350494729915557	-0.0287737264069353	-0.568261335190187	-0.219129901213306	-0.234258060109178
NaN	0.184414968624171	-0.325844329907045	-0.865629563664492	-0.681354704505027	-0.90921673965162
NaN	0.111358624462869	0.0297998395152373	0.00220018401311593	-1.18429928101956	-0.417387499598688
NaN	3.80647035199735	3.2068355381089	2.22718178625418	1.11118595016032	4.70292810835897
NaN	4.58045139950641	3.48812787376484	0.864464291475984	1.7457741415266	4.40855731510744
NaN	0.336748978358855	-0.408586046019698	-1.65396491258538	-0.397232703853058	-1.17833083801157
NaN	-1.18384132367282	-0.280638815584856	-0.094274716802846	-1.52126308524638	-1.68641123439541
NaN	-0.808657133086322	-0.474683118201451	0.0625635090016913	-0.655827464166475	-1.0157793385
NaN	-1.24163727468981	-0.82043908499673	-0.374974001320929	-0.312967246532509	-1.50826731251455
NaN	-1.42210241591713	-0.936674860339795	0.062729595448503	-0.322724589547018	-1.47330553912361
NaN	-1.34073963245724	-1.08108108791203	-0.144261035063053	-0.109229562497507	-1.06210047498843
NaN	-0.9486323929604	-1.07321673248287	-0.869173901489411	-0.554809489494664	-1.07968657951123
NaN	-0.787819638389884	-0.670790094315667	-0.974773611383744	-1.03420017238908	-1.33474971138875
NaN	-0.709129482055666	-0.757584018438649	-0.503796949262994	-1.1818206894354	-1.26705451378445
NaN	-0.41816927010101	-0.721587514348747	-0.330455733000253	-0.496633893420321	-0.288332910315094
NaN	-0.311032502462791	-0.34100888143203	-0.255971249682888	-0.260853657971452	-0.553366715993719
NaN	-0.245126785559851	-0.272342139313961	0.145652878920565	-0.0611660098621471	-0.390947861799036
NaN	-0.102093278266989	-0.0270100711424938	0.031967541226414	0.505841437186134	0.412461074771744
NaN	-0.00495713353457322	0.012260887970816	-0.0196216898835818	0.0801781261835789	0.450275851401616
NaN	-0.00832387701151721	0.252988684176231	0.039666359721176	0.150153744511731	0.387263105926183
NaN	1.01861855325128	1.48413125701914	0.763081754748212	0.625813846173961	1.96092696590931
NaN	1.54652795694545	1.08566029165101	0.0869474510778941	0.679237861024521	1.49432816098211
NaN	0.518431491641201	0.380292400498814	0.28239174408662	0.578492630981281	0.131559605124651
NaN	-0.00828584001555071	0.609546363461849	0.242835031921258	0.613364109229614	0.0622292677674001
NaN	-0.354101650903542	0.218821943186821	0.081642236091	0.445855194528463	-0.44496002493146
NaN	-0.566723069598467	-0.25016099188548	0.613613582090016	0.840642204917682	0.583592262839035
NaN	-0.189914068311207	-0.795128989352373	0.430772076403496	0.718717051911535	0.651106269905631
NaN	1.42622160956839	0.944054732561464	0.809876357124979	0.735578195561889	2.38096185926471
NaN	4.49909267259233	3.58397166251807	1.81290883256593	1.77350564293936	4.87237122773567
NaN	3.53182475977032	2.6696782611949	1.3510236116866	1.9771450106347	3.40800764954282
NaN	2.41857483146094	1.68462764685176	0.256324576355219	1.27518770147771	1.99565126031333
NaN	-0.485030862917644	-1.30692694082085	-2.05245541884594	-0.463884494364143	-1.94001235945857
NaN	-3.75990015000365	-3.52913404582958	-1.4244114659018	-1.75980486061413	-5.28304357786273
NaN	-3.60334177507965	-2.80070393769322	-0.965112084991739	-1.69898556098885	-3.97546911614085
NaN	-2.25456040465263	-1.84920694789917	-0.620308958270365	-1.19561648255977	-2.44980962463862
NaN	0.705227517029017	0.946303945865035	1.45048433337499	-0.00227962734530255	1.96864088003284
NaN	1.75869714819505	1.1955032033592	-0.12521610767998	1.03493596689929	1.93208220247908
NaN	-1.99222614563628	-1.93434306762472	-1.79414012902125	-0.590966723533436	-3.10579301917388
NaN	-3.45268286621163	-2.34181634049428	-0.853866671841784	-0.823390840665098	-3.53607372602887
NaN	-1.80760676278927	-0.773233506652487	0.436241906507987	-0.358208645885684	-1.1505377009906
NaN	2.32517556572474	2.13778391127379	1.53016064563192	0.593765451588691	3.39731586711971
NaN	1.0777264713049	0.278061865490504	-0.770451875546298	0.196955886995143	0.454495571131507
NaN	-2.56179923352829	-2.30268119235069	-0.811871227178844	-0.839560496121922	-3.52765133247155
NaN	-2.52067324093577	-1.6522651832874	0.191732018405778	-0.488567194498023	-1.72400147677944
NaN	-1.22360242832394	-0.661709697730858	-0.402803454261566	-0.746006346454949	-0.7054600929411
NaN	-0.94583945143935	0.0871441440610284	-0.173951464511576	-0.829851617902348	-1.17591327757323
NaN	-0.73234964384563	0.150913057905456	-0.143702748700409	-0.446148817048303	-1.07138792654023
NaN	0.108928507501205	0.1184055924407	0.514633559041556	-0.250273142471361	0.435024301650026
NaN	3.97465858370208	2.90843952433234	1.94258751523537	1.28587631096216	4.88708154211908
NaN	3.82031672944117	2.90164280048981	1.0567528824255	1.45080722649871	4.16116993338388
NaN	0.0683854384459356	-0.433336043942718	-0.639692258387412	0.343668811953725	-0.955758771498638
NaN	-2.33332452310713	-1.2754586874103	-0.450022288155173	-0.914839458136704	-2.81529103637456
NaN	2.10072978234077	1.43543503098267	0.647827311043863	0.154803862522883	3.09461355090953
NaN	0.278687372681085	-0.190285722475102	-0.452938778469557	-0.417255821023749	-0.036557060909084
NaN	0.295662921507081	-0.210166426510278	-0.344349697679796	-0.0807502611562289	0.254146953521892
NaN	-1.14956845770529	-0.593841668769326	0.204595011138943	-0.463108302362662	-0.904888158838744
NaN	-0.0553064761247931	-0.0151299495094874	-0.12212622817617	-0.0363647349356881	0.195523209934896
NaN	-1.71874905314405	-1.5418141782592	-1.20091870389113	-0.436958747426544	-2.22685197367097
NaN	-1.9176842998102	-1.74480207119871	-0.85269951374291	-1.11898754100637	-2.49880926771464
NaN	-1.29553221071791	-0.689867655506071	-0.252275431458327	-0.670561459451435	-0.671907556913648
NaN	2.29289641609869	2.08181783027877	1.37213283758524	0.994694080547124	3.72447240557693
NaN	1.439209534732	0.76629510605668	-0.612707277076477	1.17960313366613	1.18602533447185
NaN	-1.60362806689329	-0.838778915450517	0.136043049930284	-0.141348270222856	-2.3006330875312
NaN	-1.60962233546474	-0.410843781722867	0.563262281293094	0.564148346879701	-0.691245812751744
NaN	-0.599623382786481	0.0320961341687986	0.201327555687784	0.331997573881275	-0.422379423545904
NaN	-0.286115852569875	-0.497087618027892	-0.28926331951186	0.122759292797918	-0.422088722627208
NaN	0.103447022878526	-0.599982036237762	-0.558882654635045	-0.577521488776284	-0.0362715969180598
NaN	0.0914995849905927	-0.00105982559144992	-0.29694140313978	-0.651522644812553	-0.536953440162695
NaN	1.81354181934684	1.4789695731873	1.25165135736879	0.088621646828252	1.86670350171789
NaN	4.35079826551645	3.46230564540898	1.13294670069739	1.53019238024214	4.89997260191732
NaN	1.06410718846637	0.0859935463099862	-1.08747825849388	0.619044776784903	0.383288938041708
NaN	-1.59285537389504	-1.20191751434675	0.0473929908945874	0.031194202834514	-1.28511965283152
NaN	-0.827374954806095	0.232631377939464	0.508341433941934	0.665575078378338	-0.0905240656844759
NaN	0.119796821579945	0.47558261786469	-0.0764854731782816	0.458791243742504	-0.213304562292612
NaN	-0.0607486509264503	0.384872178363846	-0.25042300079221	-0.248802968534646	-0.774105441191124
NaN	0.141300182250137	-0.265980085961689	-0.379236888230877	-0.109485054706548	-0.472735653252368
NaN	0.103737394989879	-0.41930735588049	-0.139671875507848	-0.0490864318093555	-0.200805372452092
NaN	0.321603275877528	-0.165596871012497	-0.0554566956931093	-0.227753174788935	-0.210865171807757
NaN	0.388757894864965	-0.0743355284811999	-0.0639204024117425	-0.646717813663415	-0.284856126602419
NaN	0.337976830101602	0.0907964254229726	0.814971518053689	-0.267328009348218	0.0528474857954763
NaN	0.395649547961995	0.254539900277815	0.220897953724238	0.171504044395413	0.782973730974449
NaN	0.551883182032875	0.284131402614293	-0.0704584034394028	-0.23031101895306	0.0945069598596703
NaN	0.497335320387188	0.351245838438094	0.0491909955180156	-0.257860962680902	0.354997702211985
NaN	0.593940517861849	0.422078625925349	-0.162872145676997	0.0787997439349646	0.876672998539137
NaN	0.574422855310808	0.392369577746959	0.140653017251142	0.0407833242433257	1.04923234332072
NaN	1.78274077792038	1.74329490280396	0.475629504614455	0.648490057501418	2.90978871741713
NaN	0.665060680628986	0.96507955554269	0.166770811208162	0.885732080364237	0.790565096297738
NaN	0.930920260590055	1.08286922213595	1.07538658114965	0.145478885912224	1.03150490931467
NaN	4.27527174514906	3.28161401332189	2.42059576694297	1.26413705451821	4.78189079163734
NaN	3.96296294655701	2.87777628956833	1.02103863096704	1.9393151209503	3.85698798668982
NaN	2.04887178393512	1.73584598024733	0.171279752800646	1.29107051592909	1.86910359343309
NaN	-1.70840432134442	-1.46015576683925	-1.29209325218865	-0.622672718831566	-3.04068254736259
NaN	-4.1651069205919	-2.69507328048697	-0.472084239423697	-1.5797436848192	-4.59652055416159
NaN	-3.0139564679394	-2.49983038539695	-0.974635354316933	-1.47948730047505	-3.18698473636601
NaN	-2.30232512279192	-2.3131336587557	-0.831952125048591	-1.2960473214531	-2.25867137772951
NaN	-2.13490235770873	-1.98377525757381	-1.10946059849467	-0.810923244733009	-1.61558848660144
NaN	-1.77313828840595	-1.50951731468098	-0.739499499572807	-0.875481878251374	-1.68711048978144
NaN	-1.38402587731539	-0.998404781845857	-0.158688601519567	-0.611918597770979	-1.44043792592779
NaN	-1.35639156730866	-1.06387221298276	-0.231510210435959	-0.410314451445627	-1.26958917151194
NaN	-0.862844451585003	-0.851376777365212	-0.782381662452716	-0.395754103109735	-1.0786094118552
NaN	-0.64508664845295	-0.620322018328351	-0.355476946556547	-0.536047026066231	-1.0235235063933
NaN	0.010418687396053	0.0233994304616044	0.616490711387703	-0.231277698502145	0.315477314036941
NaN	2.52393881396118	1.69451985961474	0.393370633146439	0.953426563465968	3.5042730306478
NaN	-0.00146932083822809	-0.228284287583782	-1.02420340965856	-0.117370224072194	-0.0124679213375491
NaN	-1.47643520504085	-1.00483622983033	-0.567707199225273	-0.574072262470997	-2.07843984822242
NaN	1.56994574638592	1.60680026669148	1.62723019258869	0.215486348183715	2.61669035650625
NaN	2.19923136545838	1.73866589215963	-0.126317518901633	1.66686477271461	2.64476052902271
NaN	-0.964771219390758	-0.829208806401934	-0.815883892785589	0.680922754403837	-1.12168491714981
NaN	-1.71399537915893	-1.20629199453405	-0.027074607848927	-0.404282905662937	-1.86484368161026
NaN	2.47477279031686	2.62736920876123	2.39115202342127	0.888634770501188	3.74533800777562
NaN	1.54172697543295	0.944649288484978	-0.414212855009361	1.30868180177348	1.42075157515698
NaN	-2.20959017744846	-1.79824937984525	-1.21244538412331	-0.529975527835062	-3.06393492912086
NaN	-2.40665871330271	-1.36001453890191	-0.355430180754393	-1.09688006069901	-2.97125526621654
NaN	-1.3008927019721	-0.617943352698654	-0.306107602662722	-0.671516802150734	-1.1307736079392
NaN	-0.708289996486154	-0.287142761870424	0.345307497205107	-0.22647348658519	-0.811950052092043
NaN	1.19965991449999	2.1730131988815	2.29946207308753	1.26562430238194	2.97415339913387
NaN	2.6783226281082	2.03484015339422	-0.0295107756842707	2.33047701713099	3.23824021144676
NaN	-0.89014956484887	-0.650635631384389	-0.766247352215105	0.0792880035675335	-1.82612461790184
NaN	0.240598667217187	0.480607001423235	1.05707864292409	0.0289973399446674	1.14310434143686
NaN	0.656317147324881	-0.204811064218772	-0.390251010173996	-0.0799211597041919	0.379943501592563
NaN	-1.51383070249897	-1.64430823932705	-0.57131746662598	-0.461467719266899	-2.23761144945565
NaN	-1.77070326486795	-1.52372326968706	-0.771430136201496	-1.01854077720209	-2.18375620571572
NaN	-0.298699172729394	-0.30761406804923	0.208885588752231	-0.669254423517818	-0.178819610835359
NaN	0.909706055946808	0.515816427319687	-0.219599489697085	0.474051804408896	1.1790420959239
NaN	-0.530192449575074	-0.615184775233667	-0.642189658827953	0.0936887911767203	-0.964238519143525
NaN	-0.742281730772528	-0.620115589141055	-0.0851716680794883	-0.537227340942281	-1.29977534924972
NaN	-0.351951188795695	-0.402036968074722	-0.0291954592060315	-0.569402519441623	-0.886748870438116
NaN	2.41065624042038	2.24455203759822	1.82437509151935	0.465132522730932	3.82710918433898
NaN	4.42616288013352	3.53559642959326	2.09468729433002	1.75301471460343	4.98901248083785
NaN	3.22864722039913	2.68308877364952	0.651028841251652	1.54007536034104	3.43061891474633
NaN	1.60488168376519	0.862445659715363	-0.300507805164237	0.804702211735609	1.27489905079385
NaN	-0.901766541576673	-0.405229410610725	-0.269545333034468	-0.51724491134959	-0.671683375809365
NaN	-1.33428036559008	-1.39600663370381	-1.16550298932766	-0.75168160851092	-1.84834543659383
NaN	-2.12955735310618	-1.76576595777563	-0.118652823311654	-1.08834260196736	-2.34346706962673
NaN	1.68197877765842	1.47667033957657	1.01956793375594	0.616388676001539	2.27292187571615
NaN	1.27528441365028	0.986579932912756	0.543361051085906	0.852865586306016	1.46406994464634
NaN	-0.88593266000997	-0.647258354218846	-0.756764727920489	0.0229256972507542	-1.10750044670239
NaN	-2.89857382983728	-1.84735678613904	-0.683684728074586	-0.683351366121749	-2.9060816658446
NaN	-3.62193327008758	-2.25395299209255	-0.514921826017731	-0.632498334760112	-3.51463761897201
NaN	-2.61742294897526	-1.76772927787974	-0.413919507230219	-0.370043573277904	-2.34220238056045
NaN	-1.83433290932761	-1.4989279621637	-1.09531314674591	-0.124397533438816	-1.80063640476254
NaN	-1.06771246423399	-0.696974345523723	-0.502683482955417	-0.731562748155762	-1.21648109386581
NaN	3.01974002112664	1.93522542788507	1.03520442610284	0.154040653850605	3.04644884871975
NaN	3.50391699792501	2.04995090269412	0.379779662301977	0.83454910313161	2.97043343908621
NaN	-0.00526159814029275	-1.1368273068258	-1.32203963488158	-0.593857333798772	-1.76190639497225
NaN	-3.20626329155387	-2.84550758801388	-0.48479352050654	-1.48637656629406	-4.35690049852489
NaN	0.891013701910807	0.718827798336149	0.629224569808409	-0.402665403565427	1.74862904548757
NaN	0.38078810970815	-0.215855177314327	-1.47946804250177	-0.335279023231818	-0.272182159381921
NaN	-0.880783697176053	-0.832124021585839	-0.222207087304628	-1.15107224209181	-1.39768516712995
NaN	-0.535765875179812	-0.494339555513778	-0.313576099163227	-0.828277647122027	-1.02514316227893
NaN	0.465460513469175	0.65530711365143	1.43859567375587	0.0501349500288771	1.32224884332844
NaN	0.702498353265757	0.311417692210543	-0.744228926831079	0.305285414891238	0.553341406204543
NaN	-1.41846471842881	-1.40918241181965	-1.13098528695714	-0.911409360747021	-2.55014029115536
NaN	-1.52525336853244	-0.984284786290505	-0.374196224116498	-0.995909219519298	-1.98718175883343
NaN	1.49070200313315	1.51184200326257	1.37480785178238	0.365810703506243	3.11276152306381
NaN	2.09762748907985	1.2568204852146	0.451214314560146	1.69495380676371	2.73932257086104
