NaN	-1.08577174652801	-1.30404257077909	-1.53766069686741	-0.671945366036212	-1.76469881060699
NaN	3.87848026211181	3.09922707678848	2.40104193119325	3.5415008566051	3.80822014434011
NaN	2.00219909717238	2.25107848430615	3.03734209369471	0.879227523148988	2.82734970657348
NaN	-3.0062380233319	-1.78996366704502	-0.757004751711192	-5.0263442056312	-2.52775766023416
NaN	-2.75228674972672	-1.60541335153569	-2.27993384306541	0.199438233413296	-3.89413871095988
NaN	-1.2637527367365	-1.21913850341567	-1.69921656695085	0.260382650455609	-1.66027618428075
NaN	-0.915534481474874	-1.37283681227212	-1.53743932132013	-1.61653067513082	-0.959651753778732
NaN	-0.669717633735173	-0.903355889187423	-1.23199452728758	-0.293569841454575	-0.68364158740102
NaN	1.6325647167314	0.774035352788823	0.256049765293887	1.86953288887711	1.30608083869897
NaN	1.16551489485569	1.40188990374941	1.83206521528274	0.977748159097992	2.80273797926358
NaN	2.28222247874487	1.62974257190811	1.84730901650446	1.75279486243923	2.69274890381532
NaN	4.49330650522654	3.47233867728587	3.54372722558105	3.25388054706659	4.38164214122196
NaN	3.08306447180144	2.252154774983	3.38796910606961	0.892121637307559	3.39325729395528
NaN	-2.8268178973736	-2.05004016812704	-1.01432868917583	-6.03266682107107	-2.06879608898389
NaN	-4.26166204735827	-3.63825929652693	-3.90404829639023	-1.54767128559935	-5.86504419636707
NaN	-0.403823201024017	-0.71034954241859	-1.83444498470954	1.92938319187423	-0.893835274472812
NaN	1.70743716597221	0.755084322066412	0.328242325345243	1.86455935996855	1.99129867054852
NaN	2.97224358218955	2.56673451294614	2.86348289106639	2.41424420402869	3.67805875805834
NaN	2.75311449605772	2.38859073807363	2.87430564513483	1.68343753663476	3.0668239054121
NaN	-1.58722191760399	-0.750338974008815	0.175193621811029	-2.40079017484028	-0.676331045595928
NaN	-3.94027080057441	-2.72024906924629	-2.55078697928634	-2.07774428566145	-4.06486189214157
NaN	-3.57126246186732	-2.02110701477115	-2.62121855781341	-0.497923426770102	-3.94875092816736
NaN	-2.65674310392948	-2.38501850036158	-2.67166278278808	-1.54666615737709	-2.92940589484525
NaN	-1.85444395974319	-1.78150909905712	-2.14245540808239	-1.82670485683533	-2.18033971584014
NaN	1.43271649093966	0.72858003368282	-0.0861582337798295	0.842138145423004	0.467313929182993
NaN	4.37849526619734	3.32083425873581	3.35491480291604	3.22278145203299	4.38761431483442
NaN	1.33395298829738	1.37755802861363	2.27496350755039	-1.53658125821072	2.27237946764142
NaN	-3.83538135397728	-3.00930200648885	-1.99511850580735	-5.55777946719162	-3.038994963132
NaN	-3.25977158260733	-2.57842368098549	-2.99750075060368	0.478707205597247	-4.73614063043152
NaN	-1.49411857964467	-1.05491531534012	-2.00802796710647	-0.209499080958754	-1.70134441905343
NaN	-0.816809359299136	-0.387282395565828	-0.612753044142871	-0.707195602324753	-0.624975131625306
NaN	-0.82307091459624	-0.870753438097238	-0.969271954201832	-0.624269034431434	-1.15732143559308
NaN	-0.294925117633537	-0.484511093364816	-0.828607424079836	0.0314543695176149	-0.838327872035749
NaN	0.0584517755505361	-0.0449873322947606	-0.303010443212968	0.389103779105471	-0.279318383681413
NaN	0.259362468235068	0.537939756543631	0.24437670105402	0.493471687152764	0.150273023468531
NaN	0.704974980488127	0.549736051556077	1.1851719866332	0.846565302880533	0.677912665035718
NaN	0.664792624840765	0.763504192440613	1.2127528145833	0.878243808204171	1.45201231488244
NaN	1.04246352159079	0.68230613642663	1.05522791068597	0.717712867153385	1.53791949478492
NaN	2.04318167164789	0.798446755121048	1.33613428190312	1.24127696641678	1.76918717340531
NaN	6.23776061082185	5.02343495868106	4.57736753492502	4.86382289910887	6.28977984348156
NaN	4.19513783995235	3.90932840942446	4.27787483210759	2.24045445876959	4.85898500157036
NaN	-1.65782463605016	-0.868304292426393	-0.128269313620513	-5.42773390784723	-0.896621780275437
NaN	0.168733430184866	0.353648944940898	-0.612546892004291	1.58297744326748	-0.713530579562374
NaN	4.22485461286527	3.25642937070109	2.59217719436747	3.97621178102543	4.12739797619886
NaN	2.93065770973017	2.32270596267152	2.80194995355539	0.801315244317098	3.50592026947749
NaN	-2.80233774344543	-2.12023298746701	-1.25734643011263	-5.57377939014229	-2.2867313600995
NaN	-4.10386430931488	-3.23237539258573	-3.68297133893683	-0.598114622104348	-5.56493731322445
NaN	-1.89886073200173	-1.99351939662643	-3.14911165968935	0.341997426473283	-3.11604014238816
NaN	1.63209871794035	0.497351824229573	-0.490980690480827	1.48081992576943	1.12181363396217
NaN	4.21316437581655	3.74090276014863	3.76150844405928	4.21904177434578	4.67682200301788
NaN	2.63340719866348	2.52067957560692	3.58342797417214	2.31274831914945	3.78258155757115
NaN	-2.91313034194357	-2.2165465498056	-0.538023644207064	-4.76222688294564	-1.34444920589368
NaN	-4.7628106914713	-4.01628412602924	-3.81509633824937	-2.76329886433291	-5.88948969015721
NaN	-2.48255010984594	-2.30098416058121	-3.6218958988399	-0.113529514845304	-3.55439886555288
NaN	-1.58536594575266	-1.71951992320823	-2.42282782831125	-1.26349331015576	-1.88160517339741
NaN	-1.48589170905674	-1.57458246131475	-1.52889649216446	-0.945710481856643	-1.08776220307443
NaN	-0.128238696976188	-0.683054938188932	-0.842876775789993	0.643597509376369	0.151332891117907
NaN	4.6175360491204	3.87883897703034	3.17156603820072	4.32694009705717	5.00004083523044
NaN	3.28367050471662	3.13758267253267	3.47749971931527	1.48179576033558	4.23618867319429
NaN	-2.64603757334609	-1.40340868392918	-0.379951067913307	-6.58833081028101	-1.62823921292101
NaN	1.32608209013013	0.437391340196243	-0.0628163044113523	3.17628212649529	0.0499630794643888
NaN	2.50812886970211	2.39376611166971	2.73329178866997	3.25978709263864	2.98367534018968
NaN	-2.62141237777393	-1.87944844113949	-0.739425868875607	-7.35112208932079	-1.52413955745621
NaN	-4.08123807697121	-2.94704854437479	-3.51255478622196	-0.875975860322181	-5.51316852483353
NaN	2.58009306669821	1.93428710329875	1.27327602695989	5.1700676661117	2.36750114979751
NaN	0.421558628105383	0.437305881655237	1.335544007073	-0.586074185112945	1.41336918505216
NaN	-3.79926945551803	-2.70238380731733	-1.95179431381853	-4.86692915153029	-3.65732263481774
NaN	-2.86473084126749	-2.11953722580913	-2.32526974814913	2.24045142077912	-3.74805798262671
NaN	-1.28652612007736	-1.45360811991895	-1.96356128651398	-0.395103847490965	-1.56139794200415
NaN	-0.889057073876982	-0.719018574036129	-1.51828513574802	-0.705077473925615	-0.578180076732989
NaN	-0.66283684083261	-0.73942054128865	-1.0645321150542	0.832659578499767	-0.630893403952147
NaN	-0.318533288496303	-0.680153634493583	-1.09874083350479	-0.279599535252097	-0.248473553606363
NaN	-0.0471309264133366	-0.12002406162949	-0.408401689761318	-0.231401223214525	-0.238187193646017
NaN	0.00305422695369129	-0.00102437201784054	0.242088352263302	1.02912275177502	-0.157058076457154
NaN	0.533190702183271	0.411527055902874	0.929864741138355	1.00854426844905	0.942446602425586
NaN	0.847426395308997	0.376327440529531	0.487428872263982	0.0142157070639914	0.850923840843939
NaN	4.64349751364505	3.79002865586975	3.3190517864285	3.09836141769903	4.01684920365523
NaN	3.15789983403619	2.67390224752241	2.66975617552996	0.864042109236316	2.89546015620098
NaN	-0.436226380370139	-0.0474537288111966	0.878127139109183	-1.8737588009872	0.662523364370921
NaN	3.46586647034259	2.76873064917198	1.8489884229641	3.41442817973075	2.88594197513203
NaN	2.38183250721675	2.27105185369089	2.96543845324623	1.38125892158492	2.46521348286072
NaN	-2.46318528140222	-1.42071182557327	-0.620458722572507	-5.20261060102362	-2.73809356574223
NaN	-2.3673749237748	-2.00149212376883	-1.79300722092117	0.436235502391326	-3.86891205768766
NaN	-0.0125931318215951	-0.567138512124614	-1.39879217244034	0.923228247922832	-1.04603473514632
NaN	2.63784586675627	2.34524393451604	2.43201618281558	2.35411486677803	3.18740681393593
NaN	-1.15384084396525	-0.595851252854186	0.414819625773497	-2.53571393060636	0.45324674223179
NaN	1.52223004071284	0.514429113297532	-0.341438944116696	0.852431337014075	0.612129242301121
NaN	2.19189223207472	2.14342343655911	2.24571971978747	2.35745404689711	2.43400142318973
NaN	1.39422040707838	0.86784701442756	1.03984877404266	-0.232319255870414	1.57744522117262
NaN	2.70645159151734	2.41598513998063	2.3762273248094	2.18226217315909	2.46529920788076
NaN	-0.857892641045249	-0.251001776123379	0.271854978929908	-2.01957648744011	-0.209242841052772
NaN	-4.71829830842073	-3.45712915741287	-3.05055621827992	-5.12626038779072	-4.29608418193996
NaN	-3.69357338466852	-2.35524428235443	-3.45783677182697	-0.106617561005806	-4.32828135534102
NaN	-2.26289017495913	-2.02533953293715	-2.38558556711267	-0.868412316160145	-3.2368326305037
NaN	-1.8309240278004	-1.87316108593859	-1.47648048858112	-0.344049555775195	-1.67096657432873
NaN	-1.27748535579784	-1.31049345442001	-1.29080661833822	-0.425020273128309	-0.978123194287472
NaN	-0.708040524450696	-0.940061565891293	-1.47082416108578	-1.75524259512633	-1.41664854807562
NaN	4.38749428893486	3.22455004808988	2.80649882558051	3.76732145713366	3.89046791284834
NaN	4.43393123072719	3.53999400726093	4.08962702686572	2.95333878785349	4.69202527651611
NaN	-0.75800760706548	-0.532343268890681	0.592734819091163	-5.13959695682605	0.323101459337948
NaN	0.048379185156149	0.269499010660335	-0.032798069179841	0.990967272020058	-0.180044725022694
NaN	0.438749293669819	0.114712557326458	-0.206336039919529	1.43843261598056	0.0864238379185216
NaN	-1.04529166971844	-0.855827478939131	-0.256451654207439	-1.71771869085442	-0.403482606719075
NaN	-1.41105075880473	-1.1195028411208	-0.936963184418111	-0.286372483965461	-0.89073333191959
NaN	-2.65852901560702	-2.01899812821343	-1.89694291788286	-1.13981224900894	-2.59899534654051
NaN	-2.22594448033901	-2.04541468095949	-2.28052907563427	-1.38915125312593	-2.82840723872077
NaN	-1.47919760613917	-0.924491601270217	-0.953748027725757	0.195708768900721	-1.39821789175794
NaN	-0.340441518279569	-0.42025759934897	-0.204723229148819	0.168974184746541	0.197526671113065
NaN	-0.698816129462966	-0.650290890210664	-0.890074455012304	-1.07902629133224	-0.600881788184967
NaN	-0.578873218754937	0.011389361842951	-0.467970843804576	0.266408616100538	-0.666878099305222
NaN	-0.217655999816501	-0.290106388865875	-0.722930773493023	-0.404513891170486	-0.559858561153835
NaN	0.124980318967265	-0.285626880202155	-0.478953530414756	0.173061254064056	-0.00478178729773051
NaN	0.329428293956048	-0.0124355358493849	0.432016745666254	0.947411292827108	1.23226543460801
NaN	0.514799758405172	0.261345203901112	0.317324193492278	-0.0970085716981812	1.23978221935195
NaN	0.69399859975047	0.481164613136695	0.138184581392397	0.29652434930329	0.744213955430551
NaN	0.947313682699322	0.900853117076482	0.477015083386979	0.823919450910337	0.520782924054922
NaN	3.22368332722147	2.54758069628328	2.18469059715738	2.11998965279564	3.3904928644689
NaN	0.615967888985856	0.506958221652553	0.944709066849588	-0.242408827422249	1.10976005495081
NaN	0.0143155535341022	-0.196239814920307	-0.345082205026148	-0.447482443369902	-0.555832350281229
NaN	1.83638426345735	1.40131572695308	0.993057672745499	1.74711173474952	1.47042706846053
NaN	0.72832337312686	0.777054274308925	0.936176209393624	0.0810769790665297	1.31656889423381
NaN	-0.029727167412751	0.060223753772611	0.311119505323329	-0.191328025296098	0.522425355036094
NaN	-0.00624706846635425	0.160597615214965	0.87773534723184	0.883464546367835	0.194320427432702
NaN	1.02573252276507	0.601998118091809	0.392095714079075	0.190519736921935	0.127562566510457
NaN	1.18709439660159	0.917717877071905	0.84002687877819	0.440416970753063	0.870640096159941
NaN	0.183822950953535	0.263729795829595	0.113035531655626	-0.434259405002034	-0.260920299481054
NaN	-0.039925459389728	0.0536670413405532	-0.191753219165624	0.0237745819883198	-0.278899314951187
NaN	0.231950870022048	-0.0316992537369797	0.0939032444358726	0.419798894030304	0.375546735807281
NaN	0.0889618633019773	0.158424886670726	0.0884481747349706	-0.0367086588046507	0.0973785602117227
NaN	0.168195309863178	0.256402161313798	0.0805373997943325	0.0304479447883062	-0.18540403696276
NaN	4.35339378299147	3.31982604197533	2.68805503577834	3.74446912215577	4.14704278197588
NaN	4.16386294941757	3.91474094368011	4.64354177275013	2.85164086916753	5.26630449137125
NaN	-1.45742352902794	-0.743254759237976	0.527609293501312	-5.53567693880306	-0.449407595445511
NaN	-3.05483246529972	-1.78866120141413	-2.04603863561173	-0.441195998150937	-3.97359433895947
NaN	-1.58953523947409	-0.500294641618228	-0.929545136024831	1.74479909252545	-1.84353701902308
NaN	2.09195231992346	1.20346333897414	0.969291896930007	1.8841228985781	1.94834467668802
NaN	2.94804024607188	2.33581200468299	3.04586652086752	2.46070489840502	3.77077848539655
NaN	-2.21000569233585	-2.04714953964802	-0.248961889930322	-3.75005185080988	-1.31547867798121
NaN	-3.40296961168557	-2.90304988124356	-2.16568353088366	-1.39463102273883	-4.13078002340292
NaN	-1.82039344999625	-1.80115659306496	-2.39371330817287	0.055272651099164	-2.4789602733289
NaN	-1.26097594627718	-1.44421785646534	-1.86239486611866	0.0582914039150957	-1.19390379711495
NaN	-1.17794664170978	-1.47473961746318	-0.886275699794471	0.257207478713711	-0.904968339755945
NaN	-1.09859423596714	-0.861387992337766	-1.19940560314048	-0.581011711253424	-0.767962110697559
NaN	-0.786376655480121	-0.533589220758577	-0.91698388037652	-1.11872366568277	-0.926332832132094
NaN	2.64013006391397	1.86664111553733	1.11513196251875	1.59098535243213	2.67100035941828
NaN	-0.5481486151063	-0.304781525886487	-0.217286345069551	-1.41795536376853	0.801125956582753
NaN	-1.80021536490307	-0.696417396801616	-0.982024302872092	-0.531465529058888	-1.1621446914382
NaN	-0.892676642494445	-0.139745682575719	-0.543030007610799	0.0893090599089841	-1.81063683110506
NaN	-0.398274952914252	-0.182586978090344	-0.604528266124157	-0.83171315523823	-1.09136171692203
NaN	-0.386452617848527	-0.821638425955819	-0.328494444035411	-0.564114818196754	-0.810902288084518
NaN	1.16509348732926	0.0282933218546203	-0.681248463156761	0.258289166708371	0.0722511872129085
NaN	2.02430641812655	1.42353934131085	1.08547159436173	0.585219127619835	2.0476399719254
NaN	0.435160411268603	0.186163552088187	0.335110398103238	-1.2745154175778	0.936569946843205
NaN	0.258737296718518	0.0132525161817728	0.173126907849862	0.418059697509248	0.822068072675277
NaN	-1.51107297617034	-0.955060057201565	-1.24024498218192	-0.896704520975988	-1.13131898549402
NaN	-1.12413725137123	-1.22416315870571	-1.4815505795233	-1.48483456058909	-2.41662120620388
NaN	-0.651826512113935	-0.696615884926229	-0.928525667965166	0.160455379048012	-1.70773500997296
NaN	-0.440581974952675	-0.413151973878726	-0.64576570736199	-0.259378830039666	-0.541096344695459
NaN	0.0221635900254515	0.000132034228830805	0.024106931641464	-0.264032582603985	-0.0862901150517507
NaN	-0.0635691824170641	-0.0692900931854222	-0.103413865012924	-0.242206520500767	-0.720017311039805
NaN	-0.411659267108268	0.0150860291325482	0.0734747937936993	0.332872057518319	-0.480968295349706
NaN	0.0803528516232568	-0.00592127095445392	0.13514620934211	0.99614449048908	0.786907105144796
NaN	0.877992938061644	0.778983206936102	0.696092487809232	0.107941452410085	1.64590662525355
NaN	-0.0161662587235123	0.158453313708792	0.176695228816256	-0.867527874659934	0.22982033590634
NaN	0.0184696405403497	0.411334684855425	0.507353288181875	0.555783615015979	-0.764198242239731
NaN	0.231257889567477	0.628650344109777	0.889999916782746	0.921581181520054	-0.118375909969958
NaN	0.237818534649395	0.41860304510301	0.594058503689227	0.0406887672908058	0.110755623578795
NaN	0.21930776248324	0.372073026436481	0.414515038707976	0.680665284752002	0.0391377077700163
NaN	0.26785345209112	0.14763355817097	0.752125633821995	0.235500615330488	0.172659396508886
NaN	0.32364995700094	0.00341379810590516	0.514743754507742	-0.604661644928216	-0.108272886930255
NaN	0.324640946955509	0.148387302803705	-0.0671300029417285	-0.107514288779264	0.658949668049713
NaN	0.528497601894006	0.328562238570673	0.755049526090403	1.69806725987104	1.28965408606785
NaN	0.238858495840989	0.363434824315361	0.970455665153618	0.149986013947856	0.586843013986151
NaN	0.413247110154789	0.522504315534481	0.957491100137818	-0.619702131795443	-0.0465660169124733
NaN	0.446545475808351	0.321330156966561	0.102755248670893	0.407086179480849	0.0340443491584368
NaN	4.92232642992211	3.53155858877267	3.03248275081244	3.72042221568611	4.63502494450049
NaN	2.44772585263742	1.79634835143063	2.61351935403194	0.285979725666331	3.31151804858713
NaN	3.67740332115519	2.89471576866348	2.96266697234101	2.34575055604299	3.7763861372045
NaN	2.57880592824226	2.55123135892234	2.78762678049579	2.08126234936964	3.22099672466068
NaN	-2.30538589404194	-1.35982005027729	-0.856323018825233	-5.14413014700014	-1.1310377086849
NaN	-1.18061587770322	-0.84715836732483	-1.15102235958336	0.138391016068112	-0.604482991313467
NaN	-3.11358978192756	-2.65759629163835	-2.94545786320787	-1.59488630572956	-2.6811182462472
NaN	2.02364497693963	1.161899798752	0.162772018497869	2.70876504852328	1.31694015342279
NaN	1.71376321958939	1.78356819741963	2.21299023140983	2.06697819565662	1.99834073959351
NaN	-3.7197345412715	-3.0453840670751	-1.53346074389279	-5.85564595515425	-2.95177823718975
NaN	-4.81528649856406	-4.43685388512253	-4.09853931023614	-1.48903842000741	-6.25871928957889
NaN	-3.05017922432677	-2.60733402177244	-3.95450394650987	-0.659305839096538	-4.34878721440088
NaN	-2.06348026344598	-2.0199022989953	-2.665645597648	-1.56153172119615	-2.7598739998739
NaN	-1.93266518288468	-1.63550816593162	-2.25515596778909	-0.946910727984206	-2.12918882271316
NaN	-1.49943594567609	-1.23956870128095	-1.71888421617449	-0.355087144724494	-1.67032534816184
NaN	-0.882247625181223	-0.993430308082279	-1.64701549956107	-0.8376171988929	-1.38210872315685
NaN	0.842953660849136	0.58851153035131	-0.0710805599859492	0.844463910637125	0.862367106049488
NaN	3.57890323346908	2.47955220852132	2.06742522659085	2.92509263176542	3.71341381103397
NaN	4.13786863115841	3.88398772782705	4.08212010453949	3.12495078261054	4.81639886077821
NaN	2.89242363700257	2.79882378661001	3.14172888353272	1.54586993884174	3.54668731123616
NaN	-1.924223645758	-1.34143770634683	-0.366217672532496	-3.99380747229607	-0.925742694099468
NaN	-4.27415336250358	-3.31118700655485	-3.69556900882156	-2.29223036233661	-5.22267475920385
NaN	-2.37112836982502	-1.66031490297423	-2.6143189724944	1.58286580828845	-2.63660570887207
NaN	-1.43707247170155	-0.497213718125292	-0.322141743216513	0.120471968843649	-0.703883891723304
NaN	-0.395152431328078	-1.00144766387339	-0.619076599067114	-1.14729171877212	-0.409726824900672
