NaN	-0.965178751782854	-1.00617026327006	-1.58500179065858	-1.8756971051254	-2.99327591251848
NaN	-0.323016583370687	-0.886213144469014	-1.1854889100735	-1.48674442630414	-2.40686437783669
NaN	-0.476508773796256	-0.165212415640667	-0.629649577829587	-0.918299850094055	-1.48248835064281
NaN	2.33658354258408	3.12750033175892	3.7100730448488	2.32837385854118	3.75169390417596
NaN	0.0472113046382698	-1.78953031360121	-1.49915316749861	0.270010607900971	1.75143806058109
NaN	-1.09543045917526	0.373956595261048	-0.0654780506860396	0.0972385551558182	-0.595424927592051
NaN	-0.649303864049933	-0.153120448401638	-0.196520810401545	0.87573807493913	0.74345950086174
NaN	-0.167751461390002	-1.27782864247072	-1.14969801138784	0.993831546513525	0.98366233150487
NaN	0.297764634951153	0.889464705268142	0.418190156532292	0.86453357038618	0.919137079402547
NaN	4.10196789371277	4.7914071778073	4.64951095861519	2.11247541297163	4.01795686118762
NaN	1.61513905095692	0.0315695720773085	0.807453636946819	1.68211971380353	3.35884137716258
NaN	-2.2670639907064	-4.22936680044108	-2.91891736345521	-0.78384451531123	-1.43216250694373
NaN	-1.59645082300843	-0.719559837055794	-0.780704141761174	-1.81638977614054	-3.65778061260609
NaN	-0.778041308101306	-0.309710626934247	-0.663159292269654	-1.08669405792134	-1.66458783111651
NaN	-0.609709112264634	-0.690445059990574	-0.321232228581595	-1.2305214504653	-0.0229616295317147
NaN	-0.533943052574983	-0.374366900409763	0.129510378531361	-0.710966304328739	-0.991588845682745
NaN	3.20508480370719	5.300745365281	4.65515401772995	2.09898163912789	2.64481903538382
NaN	3.73217415532267	3.94902390525726	4.00226647926208	2.74107490710643	4.43388181366742
NaN	1.2344303716824	-0.0981799519772441	0.313555006180975	0.979461627821276	1.69638719335838
NaN	-1.32418860451974	-3.35882780204668	-1.52670439992569	-0.318357697618255	-0.541512971448083
NaN	-2.76257661890126	-2.15668561644342	-3.07359170217475	-2.37514456724159	-3.87225629273314
NaN	0.214285554783009	1.92434455287103	0.697476435761214	-1.30725108219414	-2.34795559366724
NaN	0.99322430954972	0.862185801357546	1.53739467503984	0.631699704947778	1.92886256686834
NaN	-2.36804945398045	-2.52564500733146	-0.67890386098812	-0.0163046612470002	-0.449428754081869
NaN	-2.15195255758463	-0.0226262472538111	-1.79170869035693	-0.0484971933179013	-1.43717695291682
NaN	-1.17127518534648	-1.90095860998572	-3.04502765046642	-0.369972671518547	-1.01582246731385
NaN	-1.1732694074375	-1.66602516601218	-2.23113094716507	-1.6101048707991	-2.07845642564863
NaN	-0.888022476087764	-1.01635963588386	-1.32665108858968	-1.66922997795379	-2.85711860776962
NaN	-0.589948503300586	-0.756713262303195	-1.02235782008864	-1.20756069612508	-1.60602408283106
NaN	-0.184615671797072	-0.580426960217665	-0.853863058874708	-1.64802946839059	-2.0986547202985
NaN	-0.145022536110224	-0.200827219742153	-0.472586041063306	-0.537917528802664	-1.15079580285547
NaN	-0.0253607534039128	0.0408912169196994	0.926880372984789	0.360441814012161	1.36643658743012
NaN	1.29923772305452	1.73085643015964	1.56718607250829	0.271410622989164	2.50869094706793
NaN	0.305242391647482	0.240508194815799	-0.293962196493627	-0.219943599428228	0.930153779699786
NaN	0.971653313304389	0.696589368134739	0.586331802893745	0.570964424521706	0.800870100564687
NaN	0.272151340026467	0.17168715717081	0.175411385103335	1.25944569513227	1.52225810567764
NaN	0.00518859988490455	0.949703318930947	1.98260389259895	2.11443002367097	1.63076512240679
NaN	0.224299780019682	-0.680814357385292	0.68314034343505	0.399482641407994	0.20064601915664
NaN	0.319654418464805	-0.142548767313517	-1.53481036410849	-1.31463749479198	-1.8555496583995
NaN	0.360487464108992	0.300349935443233	-0.428702978593707	-1.20294348210756	-1.75825142551703
NaN	0.366620176433426	0.100623617827667	-0.0104121354720978	-0.769480435700304	-0.790185195386861
NaN	0.506312746452549	0.100965409987043	-0.126640894177428	-0.434082390231302	-1.09388745767346
NaN	2.46913920505829	3.75081379500116	3.126866657509	1.92327409829641	2.4826111264184
NaN	4.07209540608732	4.13625221617098	4.27582613632532	3.62708409756426	6.17959012580626
NaN	-0.535258689405054	-1.55083892797943	1.01493964939152	2.12045935503271	3.67151988265751
NaN	-1.61784175789911	-2.78231252291001	-1.65429052993345	1.00874363656812	1.18079876917964
NaN	-0.582057433940812	-0.239667858773029	-1.97609388532631	-1.30681544308604	-1.17231011136307
NaN	0.656843043398007	1.08042642218693	2.01270818857732	1.06507750460927	0.346260347865213
NaN	-0.387454115898735	-1.01436927530922	-0.430004304081706	1.19160762421585	1.06563290416376
NaN	-0.572975452123621	-1.2653914967318	-2.48038593584282	-0.00948661713766014	-0.903578028810087
NaN	-0.467165658652337	-0.333447077123391	-1.04300096218961	-1.46584029359418	-2.09700295009397
NaN	-0.278664086514865	0.519044469245012	0.0796909540567115	-1.87714188581268	-3.34631471956409
NaN	-0.3192645203219	2.18910699616023	1.38925594484066	0.122647428647895	-0.776117846893056
NaN	-0.278287946805263	1.1719218701438	0.981775125062343	0.400189286763308	0.803648264068986
NaN	-0.159467600936837	0.576182017096612	2.11066495177719	1.5335875037879	1.71783917872596
NaN	-0.0621743294500327	0.697901050148567	0.91831400634384	1.10737217686138	1.80886924211677
NaN	0.101379099678556	-1.85777512584036	-2.78229864453007	-1.64188040138303	-1.32638401071914
NaN	-0.117201784025594	-2.11440738555829	-2.71293657202587	-2.92186697556425	-3.6140230993813
NaN	0.750037143477108	0.450408784102884	0.0162107844949382	-1.81306861562361	-2.23142294591444
NaN	1.66810227012686	0.47389893657031	0.562457537345599	-0.648250731117685	0.861150870335433
NaN	-0.480639198990754	-2.28920696743739	-1.96842301624154	-1.06678942047591	-1.00298460395602
NaN	-0.437248687354863	0.96613711030606	0.514705561735937	-0.0942812310541244	-0.814581812031485
NaN	-0.335384348676902	-0.603382834878825	-0.780397719729066	-0.318274070500549	0.335098933387151
NaN	-0.190727342292082	-0.363673237941243	-0.462081184363423	-0.398126124529379	-0.824467741894231
NaN	-0.273730319880283	1.15868948035449	1.11175191737693	0.846585813151396	0.484626381003674
NaN	-0.166924846049409	-1.81320165776012	-0.491024919792798	0.0750505006050641	0.0878794927337345
NaN	0.0881524106713505	-1.60915776274072	-1.24141977061097	0.289106345941313	0.62626566624106
NaN	1.7418104638167	2.65028696881099	1.86129038873172	0.602842908763517	1.19283803352238
NaN	4.44255604758952	4.18059096004028	4.19585608491064	3.04934890916972	5.7003278451905
NaN	0.172378778239039	-2.81591259380287	-1.40162149828457	0.594290684104921	3.00527073233397
NaN	-2.57168877065445	-4.1461698594561	-3.00146159210991	-1.09703023135249	-1.38314569058779
NaN	-1.45898241759798	0.0493322124642174	-0.969143922369168	-1.34105893179829	-2.93458008728027
NaN	-1.08685359902835	0.454010978094008	0.0352081886008087	-0.67508587297081	-2.24810202085324
NaN	-0.908801686654642	-0.30547366068887	-0.195405756593589	-0.101237080983255	-0.688241963727369
NaN	-0.824477407967741	-1.1565112560787	-1.17446135721082	0.457412989992048	-0.0845930567374862
NaN	-0.634277560104102	-0.276982610813652	1.19003593066943	0.350264002917908	-0.0252158199821966
NaN	-0.520488863732872	-0.0669179949492184	1.75589033801975	1.04886750223133	0.637103511309822
NaN	-0.335852159198606	0.0119939927062489	0.894168778372008	1.76548773397609	1.96353166278567
NaN	-0.114079940779481	0.100211039070372	0.554738075057424	1.32406940623423	1.60401271382822
NaN	-0.0297329558694744	0.0655994341269186	0.259941647111678	0.14975521674379	0.359391288273104
NaN	-0.111312423026828	1.34997813224606	-0.476822922754907	-0.739413175493053	0.555275254977307
NaN	3.82310549457089	5.72557079820627	4.23851663464659	2.5550139363149	4.32475267355036
NaN	1.29150617390915	-0.754212097230985	-1.04991935311832	0.923146208529364	2.60094305580638
NaN	-2.2549246540709	-4.45970075337509	-3.80473757862228	-0.849554463513016	-2.22446707442887
NaN	-1.37040194586764	0.411646635556055	-0.115119797462712	-1.38514201091367	-3.61775404179987
NaN	1.60773284237894	3.38746869858537	1.24577225552173	-0.386892274167836	-0.501427078341943
NaN	0.148926356256994	-0.501207876436358	-1.68729958844393	-1.29852388384739	0.388261528802357
NaN	-1.38239795419386	-1.74192328086425	-0.842907486246108	-0.657228838397278	-1.39796053554255
NaN	-1.10037750865176	2.40717813394884	2.37604754094604	1.55629691082561	1.19605556089668
NaN	-0.653653724315405	1.6975350370547	0.365810637165605	0.0374945482329379	-0.0958243236139209
NaN	-0.52489594778257	0.786454242115943	0.535925086061233	-0.400910983249879	-1.78914551553551
NaN	-0.353988407844183	-0.611906866676874	-1.02990186567066	-1.01077303435107	-1.63851852617051
NaN	1.56624179834805	1.20654392688589	-0.0292428321191338	-1.43886644637621	-1.7077433066056
NaN	3.17408098253351	1.93783752065376	1.97694043724101	1.46824265632227	2.90072273760743
NaN	1.22967528137525	-0.52304330283151	0.95008958293524	0.775327975973118	1.47215822033034
NaN	-0.396153289101866	-1.36264005214482	-0.647585526948037	-0.689717344945416	-0.109419747686596
NaN	0.955772759114743	0.995756361815165	-0.380620980828271	-0.621729657143866	0.332600800031059
NaN	2.4160043676664	1.71722272454251	1.05024710349139	1.12293168791141	1.99656782044182
NaN	-1.77627643232426	-2.40269989357501	-1.99419231205675	-1.10723256694895	-0.792963714187651
NaN	-3.17809922109727	-1.73794936136116	-1.91633540253674	-1.57243720964656	-3.86951844896801
NaN	-1.85569663503213	-1.14370851872853	-1.58672961614251	-1.76034680471604	-4.38949927141788
NaN	-0.49061157064796	0.355927219047939	0.367591245877899	-0.685567999514979	-1.9395224780571
NaN	-0.207805735688298	-2.56811897361301	-2.07471008281643	-1.48339739045996	-1.09119420487362
NaN	-1.32118405586947	-2.03829238291855	-2.01276908907984	-1.49617932864665	-2.07245410451618
NaN	-1.07748644911983	-1.87330577609383	-1.63432753995521	-1.76825980497175	-1.08707081767538
NaN	-0.578254467090222	-2.03803664131154	-1.62930298329448	-1.53056906567421	-1.42559289038908
NaN	-0.375307076569282	-1.34922958490396	-1.0730222453105	-1.0353613446509	-2.3405812344263
NaN	0.0190381139342087	-0.418296840437786	-0.233989650313153	-0.595280036781602	-1.39054144205146
NaN	3.83574371039613	4.13190379247456	4.31783353021658	2.83343828942828	3.93961320243655
NaN	1.87182009734114	0.555132219996694	1.49265226406197	2.46736970895105	4.19648092802425
NaN	0.412411001971411	-0.325528915599491	0.256629900385344	1.29467264846448	1.45476996826008
NaN	-0.741879583774805	0.45532000576444	0.613582667662386	0.597574561510273	-0.316690264357408
NaN	-0.159472524964918	1.79396134158512	1.81245604599556	1.08491832918773	0.302000750271807
NaN	0.0848997557236513	0.730908645391597	1.60909913978543	1.37739267376017	1.79832198672866
NaN	0.566297086654973	0.136795159127882	0.388466695469711	0.532385124154557	0.822230748286847
NaN	3.01029726595996	2.01322243426868	3.06875494556264	2.34438247572321	3.88037782140347
NaN	-1.07672955395131	-3.60216056595911	-0.785444337136075	1.27218998773443	2.28969899735448
NaN	-0.425535948642804	-0.67527319964033	-1.53851424907205	0.0718446188292123	0.388642162479061
NaN	-1.52511327984572	-1.55730354831406	-0.989332222749779	-1.13511038234213	-2.04821677191945
NaN	-1.28919539729455	-1.31105144158503	-2.22189535822001	-1.05731747438152	-2.61710167412239
NaN	0.590756161901249	2.01061459438084	1.41606459040673	1.29236233199539	0.878789631571299
NaN	3.8751548308166	4.05221671354684	4.27805032328865	3.36858184998453	4.80869813661089
NaN	2.9037790394462	2.61055398275074	2.32391085436048	2.47770124051495	3.93261856976138
NaN	1.96505337727598	1.54972827710277	1.16173679188093	1.05324249031901	2.05858550673299
NaN	-1.55416692299803	-1.78708809084661	-0.316689865723848	-0.731598287286012	0.00202821289981656
NaN	-4.00863028038048	-3.90014545783577	-3.41186981873029	-2.65184836592659	-3.58370689143998
NaN	-0.381005215113627	1.29392099194122	-0.424248332385613	-2.08181469103269	-1.9008859566941
NaN	0.115771840686813	-0.380337131230933	-1.17038317529678	-1.63746844421897	0.170874216699328
NaN	-2.6758859044626	-4.32824679525206	-4.29047464297537	-1.83872799527148	-2.83099390379244
NaN	-2.11882925623131	-1.30812407718026	-0.8364839445822	-0.505753361042426	-1.86064992246486
NaN	-1.36115321338211	-0.414837589281924	-0.718099785874858	-0.807460433049876	-0.651655452876228
NaN	-0.953005643419767	-0.510139273770908	-2.33186604131041	-0.945027139527745	-1.39341005152259
NaN	-0.616691270103581	0.525928995338873	-0.468750254849951	-1.81994793789814	-2.90040864737442
NaN	-0.483078127864243	2.01122831048096	1.36896102955658	-0.776063093207893	-1.69112180648745
NaN	-0.0813982567044714	-0.695223057727921	-0.886086660623092	-0.948077983670003	-1.06476222834613
NaN	0.164671558589662	-0.369794599595303	0.901032107107262	-0.254726101189133	-0.35471613694829
NaN	0.272362284391223	2.68158450777851	3.30686493562808	1.35765256885276	1.27420673529873
NaN	0.447194977433725	2.44339223952192	2.7576729173032	1.78320601223003	2.48790050122922
NaN	0.931203946601409	1.98793070258594	2.05197318995002	1.43634574747618	2.35374328661154
NaN	1.92137957585434	1.57968458571215	0.719603251571124	0.998932257987711	2.23121902698004
NaN	0.320254716818252	-2.38118861783577	-1.18962789236515	-0.406069832099901	-0.564879422591462
NaN	0.185317251113697	-0.981730659738263	-1.93828051517483	-1.48333795397399	-1.47181953248467
NaN	0.455244184299111	0.134899150155189	-2.04584888975211	-0.157310127992746	-0.370346932456869
NaN	0.614951220156655	0.0365042043234801	-0.877320175949351	0.305783023913103	0.757786286498568
NaN	0.742787431894335	-0.0440182864311131	-0.76022811652699	-0.256143880125836	0.311808240478602
NaN	0.791383755302758	-0.0719569535720987	-0.503343736397848	-0.335360287039271	0.452619545346413
NaN	0.694678770513534	0.308162133192726	-0.261661614262624	-0.92615417722115	-0.00199305613602022
NaN	0.653207259562095	0.263542977229055	0.286178567069697	-0.700749080524451	-1.43096799365526
NaN	0.602387106556695	0.31863323491708	0.30911874377137	-0.438024989431817	-1.24402668064575
NaN	1.88572183325113	2.24113382673367	2.67221693988834	0.986859133562523	0.798362517124889
NaN	1.22557599850167	1.19585911529162	3.02082498031165	1.9987924567745	3.01240603925512
NaN	-0.0350916356462178	1.1416881323392	1.98014526989426	1.91687544797634	2.56315087037587
NaN	0.0641827989926813	1.23179300021554	0.27856157851144	0.956299275992423	1.04966910647296
NaN	0.0939987868075934	0.538154737758931	-0.0126489948665037	0.183468529228871	-0.13734064295062
NaN	0.130287496805645	1.4528866858824	1.38857635298177	0.882744933734309	0.823142351695752
NaN	0.0625421654360557	-0.530353007330155	-0.63291914027534	0.268522129144657	1.65277926802437
NaN	0.049195964753251	-2.34728024043072	-0.0736070532757182	0.184927378950458	0.533350913744462
NaN	-0.00238749077964412	-0.946125361512885	-0.864738078445664	-0.236741194178674	-0.525208028042484
NaN	3.03747773366317	3.44059503138159	3.03795927600836	1.71593467912448	1.9943599231965
NaN	4.18561530456171	3.62969825879052	3.40385240127784	3.27621149823437	5.3272402885478
NaN	0.451024143289026	-2.98590092466928	-1.13638458223425	1.33350847784975	3.01237318431386
NaN	-2.92526991639522	-5.05022133686613	-3.17196312066378	0.425032611486293	-0.0498912724625553
NaN	-0.341723840309837	1.32606781597786	-0.299622700511493	0.523225044061622	-0.317116353364462
NaN	-0.924861952041177	-1.45748952254818	-2.13202026521175	-0.49117796827578	-0.811628032921174
NaN	-2.21861544981853	-2.56551086943371	-0.685337946407309	-0.965368766946471	-2.05408129331601
NaN	-1.74417052325434	-0.985503258165643	0.108248096812652	-0.100492620046698	-1.33599701015372
NaN	-1.30007590857768	-0.830553559371513	-0.383847289127584	-0.460119909059794	-0.539878385435821
NaN	-1.18099535271714	-0.955610679376133	-1.13902385170107	-0.617086414043303	-0.383957713559234
NaN	-0.996762007906692	-0.523538665538585	-2.46122191222013	-1.53538298415755	-1.36591927445578
NaN	-0.844825843055457	-0.243086775233153	-2.12076770618275	-2.75099282391703	-3.8130142251191
NaN	-0.725988372737057	-0.227547359478788	0.110996179354397	-2.08757329592244	-4.35084867094843
NaN	-0.649146172638579	-0.0818566527386526	-0.814709962267402	-2.23505248857728	-3.52706528815339
NaN	1.62897087124282	2.84033686655221	2.0816293691485	-0.434419564272998	-0.887243607446818
NaN	2.84765055366186	2.37669171893358	2.00499683537521	1.01626891674993	2.61566857380072
NaN	-1.49957890025115	-3.63255930101311	-3.40306720082096	-1.27757284622336	-0.565736681134297
NaN	-1.81135669637948	-1.03167360063408	-1.75019499550008	-2.07572381630007	-3.42301266541671
NaN	1.77294208149016	3.75228423961845	3.07224630740729	0.583056187335939	0.906154692874905
NaN	0.417154167831354	-0.436791855242401	0.616510202593428	0.276916074481076	2.02645728944641
NaN	-2.00809371091344	-2.58509521072118	-2.29384883624886	-0.849879704400545	-0.993839037353425
NaN	2.73609226392064	4.89717849319924	4.2117403593203	2.86902936993712	2.79795631557222
NaN	3.09286400320227	4.50488792334457	4.43803200681738	3.41185985688377	3.53133432601006
NaN	-0.362436184610559	-2.42392906518139	-0.621310585079244	0.960691715481659	0.987181332531397
NaN	-3.79688232605634	-6.50585371074004	-6.21352276905238	-2.69676561598188	-4.95674293307247
NaN	-2.54235535846885	-0.56421973658075	-1.90113635630232	-2.94274712535262	-4.75996695316482
NaN	-1.80385781287236	-0.448152820390207	-0.893943263831506	-2.10159295261252	-1.47317046905276
NaN	-1.34527739522349	-1.28672570941847	-0.948834289921477	-1.44463170110407	-1.33811422625923
NaN	-1.05395872828179	-0.658887965362698	-0.733411768545843	-0.431904584506988	-1.83718532938723
NaN	2.26614756530355	4.16528047880081	3.71664186681459	1.92493164601485	1.75362146260927
NaN	3.63621056880421	4.26425081982734	4.54324380148541	3.52753625586341	4.92290941345284
NaN	0.396446863477142	-2.41693899130181	-0.963859650885387	1.09447575242331	2.45385926692589
NaN	-1.01821419878115	-1.16460842473618	-0.777848572082664	-0.343137414248778	-1.40626788941051
NaN	-1.57297534089499	-0.77931047733763	-0.994008011599945	-0.991231528863838	-1.66990225116902
NaN	-1.9557997810504	-2.07141028725756	-2.11757690148083	-1.47540682335618	-2.99867322528601
NaN	-1.37896007103457	-1.20380939300723	-1.3206726791561	-1.1109477830229	-1.94958541654975
NaN	0.226215227292706	1.715135177473	1.75601950621548	0.323244589471232	0.602179906677664
NaN	3.3210028180023	4.35539713263995	4.79965218461431	3.68866322530586	5.41285618954757
NaN	-0.728290456469763	-2.32335842941028	-0.264724249684073	1.39679446205073	3.17191907960546
NaN	-1.81945620168441	-4.28325798294788	-1.68960669830764	-0.143995187569641	-1.1944628638915
NaN	-0.855249371730423	0.362217715052933	-1.69822056917643	-1.2856256772317	-2.65075147288638
NaN	-0.461980723563524	1.72693761206243	0.382983194086869	-0.191242977194287	-1.0440805765502
