NaN	-1.01003928762057	-1.4246796077497	-1.68919284981701	-2.33628270031785	-2.82600831156827
NaN	-0.757267458650485	-1.00030024608111	-1.26623191790528	-1.6312554595024	-2.05850657767935
NaN	-0.529909403024896	-0.571408503482377	-0.941521291534493	-1.15743472503752	-1.56248450276445
NaN	-0.278606923037175	-0.317884368615847	-0.592580455845991	-1.11954289060095	-0.234318380731678
NaN	3.20620652597924	1.52484648759839	3.16936668946813	4.00765699285167	5.93416753521999
NaN	4.16651528547616	4.06920758924696	5.03911604146015	5.39802883178511	6.56809566103134
NaN	0.772082961452827	2.59039101228224	1.56571855685557	1.76661335939717	1.0012065742977
NaN	-2.54236144802693	0.21326334541292	-1.52521411443884	-0.60536920350641	-7.09972710101612
NaN	-2.00565482749262	-1.35666402831245	-2.60728254785097	-1.19482627393075	-0.358541019507928
NaN	-1.37720430460081	-1.44593205257588	-0.71739095501608	-1.35778311976082	-0.237462410914338
NaN	-0.973308002936934	-0.407196489908382	0.324539974423567	-0.557206452381333	-0.552157049941897
NaN	-0.721584289908202	-0.0319011396224418	0.744929596456823	0.102630394745455	0.67659595768696
NaN	-0.627973984660482	-0.982411962165193	-1.87836180162697	-1.94106342899058	-1.26267543352393
NaN	-0.336869598351454	-1.49970872939497	-2.16278977935984	-2.28414769211176	-2.56652202018793
NaN	-0.113787567675436	-1.41830100564531	-0.993147442467681	-1.61136134563099	-0.970080113710045
NaN	-0.159095861769415	-1.07028983290767	-0.587151978658466	0.00788207211072219	0.44358019126363
NaN	0.140547738931932	-0.695393669951876	-0.465475155703152	0.0911375419842266	1.04043332013618
NaN	0.164155445280088	0.198174251945706	1.20832764935962	0.933409884587934	2.58668425204797
NaN	0.198805762369803	0.401357474646075	0.306922011892959	0.169303820203524	1.49143845352962
NaN	0.409205188539301	-0.197838863707918	-0.392993250745892	-0.0913715270446192	-1.37528471047377
NaN	0.263488032302493	-0.081898437842002	-0.258109127885928	1.53273365987806	0.840430163280385
NaN	1.15361193873494	0.494619717564539	1.15891166616627	1.88941886560983	2.22571698953371
NaN	1.00859116146897	1.25159963641631	1.49125996786883	0.364910970952564	1.10569885293165
NaN	0.114619104097568	0.767414230553884	1.04518526742355	1.33499370589376	-0.47984853498795
NaN	0.248751448440616	1.41338548987887	3.37925273031972	2.88682291119503	2.98701995088871
NaN	4.14464561383949	3.28010184089856	4.60194283775797	4.5130473324442	5.72902680367611
NaN	4.24719593302887	3.38293465850445	3.61962656214885	3.84243413263608	4.85985126775446
NaN	0.0747491094547472	0.571198972702601	-0.96302105742991	-0.0483603496426557	-1.19586700655433
NaN	-2.72281308705741	-1.91513590109846	-4.79672709084983	-5.31505313751139	-9.91566722356765
NaN	-1.93499130051412	-2.19613675701673	-3.33559844691911	-4.46360980449156	-1.38565343953193
NaN	-1.22378218412988	-1.78945665898209	-1.85496846021886	-2.21054423235909	0.964331742149466
NaN	-1.24016833325086	-1.26615883957059	-1.23474025701399	-1.66594931735805	-2.19114924615611
NaN	-1.02632361888709	-0.482295156474064	-0.456683457419121	-1.36097018026637	-2.85501678103159
NaN	-0.889371983374468	-0.629257318247396	-1.29842102430031	-2.07136247945748	-2.3748648221532
NaN	-0.665496155082537	-0.900735609242053	-1.34326142483768	-1.62256719485353	-0.00947909400267871
NaN	-0.398311437761999	-0.746737107577395	-0.601808628185829	-1.07445885640767	-0.882652579330594
NaN	-0.34184725440831	-0.307182564120142	-0.421303922676754	1.06781333120176	-0.785013046038828
NaN	-0.035801521163754	-0.0836430665178151	-0.339424187603103	1.14768422759357	0.875071120823946
NaN	-0.072755402340787	-0.0721760105424207	0.00261467276669869	-0.164413181165997	-1.01370417369689
NaN	2.46421298640726	1.37270446045211	3.11706328940009	3.03619005231053	3.45411589714217
NaN	2.12005792383364	1.71025742628329	3.24606074827249	2.47676894439691	3.9191290258041
NaN	-0.996283060305231	0.176931088348174	0.98462175820311	1.10155343980314	-1.62342051908532
NaN	-1.11362020106084	0.025225601042934	-0.303971406665334	-0.73074212471201	-1.61793152690704
NaN	-0.564554216551352	-0.0882618989427927	-0.928852107202093	-1.38439521213391	1.02036385054349
NaN	3.06591550179877	1.68097823968049	2.32816040788248	2.20023216670185	4.40830437246481
NaN	0.492918508498	1.0827109701826	-0.164750672561839	-0.54167494708745	0.0484621311109688
NaN	-1.77561123009701	-0.358640023821878	-1.9817008049595	-2.04568595823421	-7.15603897397852
NaN	-1.49569253053357	-0.577041942066632	-0.825321460662364	-0.577612846536825	-1.3783479081887
NaN	-0.861106222265408	0.424576270968395	2.39216595157898	2.63448928812323	2.5625605218981
NaN	-0.665759713066997	0.176883516159791	0.836996702268152	1.08759302784649	0.407288466578182
NaN	-0.278392765915053	-0.985141089851251	-1.14805616084874	-0.742499437824757	-0.666381635479495
NaN	0.408677299469089	-0.57704885682158	-1.81531768021264	-1.38041360852914	-0.884585436798435
NaN	4.1431042825305	2.0161373334202	2.79875500063154	3.15162363798658	5.15082288087573
NaN	3.85773639268582	2.98130405109404	2.60997239221563	3.35669784753649	4.67341742443095
NaN	-0.196999646185488	0.445405066021551	-1.58542335967184	-1.36286866239829	-1.73613396691703
NaN	-3.20128673415059	-1.59195294542827	-4.39970539549771	-4.0677738636438	-9.62725303279123
NaN	-0.931709404301172	-1.17844243825119	-0.60922819060769	0.0228312179684122	2.22243806705273
NaN	3.01301855359721	1.86539255617693	3.43047941234861	2.82091413318794	5.06760176312338
NaN	2.54017075084807	2.07229597362043	2.74444399790839	2.47018974869009	3.34897272081557
NaN	1.35553419434467	1.04848171849195	0.971565033101503	1.0799225014665	1.71984335070103
NaN	-2.49673491825294	-1.31530114235977	-3.57998961103986	-2.67814801221761	-3.06757949451006
NaN	-3.95283258832767	-3.09809480509085	-4.48706320338981	-4.16405440129462	-6.81693915211106
NaN	1.15791517381491	-0.62529026563709	1.37750736785297	1.21047307456588	3.36195173652733
NaN	-0.235704024011127	0.0578975023887925	-0.039172408764846	-0.999995723977282	1.02279144678963
NaN	-2.80613745281046	-1.91798113631403	-3.13024371563692	-3.64650046193187	-6.72639611486657
NaN	-3.83147988492066	-2.11165658101911	-1.76670326878831	-2.00849015065671	-3.51935701146101
NaN	-3.08634137695536	-1.24474329186267	-0.33779742668631	-0.820543800173495	0.0279877827266824
NaN	-2.25527075489422	-1.94352549841879	-0.406326723621598	-0.577703658671136	-1.32072916751723
NaN	-1.59781332535855	-2.49500222453918	-1.3784079211458	-1.94549408326647	-2.32423226649251
NaN	-1.29054415214812	-1.97839526000893	-1.59880722817155	-1.62304832828574	-2.30894621357163
NaN	0.332880392953653	-0.649899856883192	0.0598493249938993	-0.401321367119601	2.23828207738549
NaN	0.197416364164031	-0.194570841567291	-0.224848983807999	0.438770820004148	1.49927833226109
NaN	1.95539076537156	2.10400783805897	2.58478684876696	2.97205164824133	4.35431572495837
NaN	-0.116041949872515	0.647536296410462	0.42953809209011	0.668315589730183	-0.967413830021168
NaN	0.732936161309255	1.01238315844214	1.11497768134366	1.16003768619693	0.747819905784793
NaN	-0.197373836318549	0.624295867577009	0.350202151967604	0.591078484774777	1.41687115792188
NaN	-0.368660768230344	-0.318257197524453	-1.78143582132485	-1.32265834742216	-1.36218718925825
NaN	-0.0734058225114276	-0.874768038574309	-1.49873853552142	-2.00601442023853	-4.12655436695343
NaN	0.303367063647742	-0.435476727764428	0.405661353580703	0.701232965531151	0.35432592772506
NaN	0.307731828094552	-0.46874245939304	0.0176199502746314	-0.192693906068146	1.45024248863472
NaN	1.12260340664745	-0.218242264886074	-0.582006361274328	-0.826798602027374	0.202807950138026
NaN	5.17770403162398	2.73265293622606	4.37050126496899	4.27393630891258	6.17604498480302
NaN	5.06111308536957	3.73426553390409	4.44920104229697	4.22861940230105	5.62324589314064
NaN	2.05761868723466	2.28641676637322	2.0118773481349	2.10618755854068	1.43801239674158
NaN	-0.750426911136583	1.09167799436106	0.211356114307372	0.825298133547355	-1.73060059246068
NaN	-2.04183534364478	-0.722631697140896	-0.745592603666703	-0.352518407809224	-0.495689072478937
NaN	-0.189039430980923	-0.648385861283831	-0.413114743130006	-0.759905589257357	0.850854881714966
NaN	0.0816053130774298	-0.534040722422424	-1.4054742978401	-2.76207904565483	-1.86637444133755
NaN	-1.07035655114877	-1.15799159749145	-2.71753024108627	-3.12481575165573	-4.88720677822993
NaN	-1.00638951435095	-1.37272691773904	-1.92945722035602	-0.435930362278342	0.639568827097511
NaN	0.229313165941081	-0.438331546330781	0.499031894925245	1.83880327940842	1.87024685824425
NaN	1.53758894446667	0.704127466296412	2.06286301708898	2.26542298010007	2.38775607635048
NaN	0.126490335889895	0.346203133175156	-0.368581091455179	-1.01008602596784	-1.01177748082891
NaN	0.573650456114536	0.192776534014412	-0.213019113293052	-1.50475398598549	-0.682368467196238
NaN	-0.288595224259611	-0.291525201239492	-0.947995145460094	-1.63684206424124	-1.86542222030277
NaN	-0.765013706131846	-0.297448061907304	-0.2898917808577	1.09903043259338	0.43243441513225
NaN	-0.441274864546559	-0.384477387780622	0.525043213675254	1.2284021722453	0.307511991514048
NaN	-0.470477442071216	0.122570008285338	0.761253552287694	-0.371983851209515	-1.94266794565212
NaN	0.885284326470261	1.20843062281909	1.7377136878582	1.68786813598832	0.129667177411355
NaN	0.581218876112786	1.71499645886691	1.47739863241275	1.49630467554691	2.34986727874905
NaN	-0.453748490216338	0.144328666052369	-1.35508793842436	-2.05027808513973	-3.46238186745331
NaN	-0.263597116959314	-0.182265156258373	-1.41421763129863	-2.49139783150373	-2.82433444299755
NaN	-0.287714247870167	0.707532734226339	1.24825806326527	0.4211409979991	0.796908134163503
NaN	-0.0345179534782945	0.649063200910507	0.222547901427529	-0.239729244630802	0.0788431521047427
NaN	0.0859168311713676	0.810715201793523	1.18657690867345	0.743875578115134	1.41639010827115
NaN	0.197270169653543	1.31330459107571	1.54526906704254	1.5335020012111	1.99512432046139
NaN	0.125890604072028	1.30612151482112	1.89113875592035	1.58158686210261	2.2565778058595
NaN	0.135510725753074	1.00153500716921	1.25217448064415	1.31784932542752	0.692861488939583
NaN	0.1600949560492	-0.0434477163484227	-1.24727097162157	-1.30497441256116	-2.1308515579364
NaN	0.236563405319017	-0.644066026733741	-1.22158016855064	-0.340908871603363	-1.33453715116661
NaN	0.234750597576485	-0.952690512687962	-1.24554816867244	-0.275410775823875	0.235348421413149
NaN	0.184510531461828	-1.12517427404433	-0.670793507075818	1.10103659504194	1.12010288772009
NaN	0.157812868456084	-0.845675793724918	-0.141733866015986	0.138330916303672	0.532409588140324
NaN	0.265974621386402	-0.747551453127203	0.719547209648059	0.327002298429486	1.08556640821123
NaN	0.239267807253297	-0.566763796793942	0.870170232138919	0.672628953211	2.05058345214712
NaN	0.0494760070400601	-0.309412058265598	0.53937963827468	2.07380744213113	1.92629843255719
NaN	0.386179909712592	-0.0957054714577828	-0.495279643619033	-0.482524934326783	-0.877278017174232
NaN	-0.117197412529445	-0.392841417610598	-1.8319103335312	-0.922644609547346	-2.61891638502215
NaN	0.174786334005244	-0.304017783973167	-1.48083414682658	0.0493401741845691	0.530252734302768
NaN	1.20972825123302	0.546279489632289	0.35502316527506	0.566945827721038	2.07947674556441
NaN	0.628153737873501	0.474692179773239	0.272133099265357	0.587157329207598	0.43933558040407
NaN	0.764819461755472	0.650153176544081	-0.0330907601080541	-1.18381886561703	-0.00119747197766371
NaN	-0.691446836793856	0.510888496358918	-0.024955153846598	-1.41274912640534	-2.68245540304194
NaN	-0.497887061215172	0.157373383160395	-0.386785319827692	-1.70998201686003	-1.49540245831337
NaN	-0.843289293508133	-0.41433717927298	-0.920961511936902	-1.71870979288451	-1.90190797206202
NaN	-0.700313591246083	0.0461567511431497	0.350491469555662	-0.67015418812423	-0.533738914971696
NaN	-0.995641803636851	-0.191607135378071	-0.635918013769406	-1.32231829427194	-0.63792612236207
NaN	-0.731947225762556	0.154738542491938	1.00503077004505	1.8126247407323	1.52964102518151
NaN	-0.488630925950385	0.841816001052537	2.0221457735349	3.15903319187417	3.10697231734833
NaN	-0.473478445292696	0.18776352195105	0.793675607288282	1.6735955137722	2.23181614298578
NaN	1.12241863535125	-0.207905118774111	-0.382545226924535	0.71050165131434	0.331134478121912
NaN	3.6626283551006	2.25906470022009	2.80816511829879	1.5875605176644	4.26697717990892
NaN	-0.171386224222738	0.212350700597405	-1.48418715433112	-2.85950634648918	-2.12945844298812
NaN	-2.36021126913038	-1.75773299999822	-3.74562646964298	-2.701569184333	-8.78874795514576
NaN	-1.64618564166903	-1.88043750942836	-1.9101364356224	-0.502937012749169	0.449655451704415
NaN	-1.16658303113305	-1.44838013176626	-1.25122242565744	-1.31050551138973	0.819170053563692
NaN	-0.90531863507769	-1.05476837265019	-0.303213582276782	-1.37346824118314	-2.47919616512672
NaN	-0.133648123078707	0.0375340631905437	0.717919513361075	-0.400005006754495	0.75251371984097
NaN	-0.112066702228516	0.122733048484983	0.376764576023226	0.0985011080450506	2.28326144107372
NaN	1.08891091074633	0.263226319879175	1.05259400570605	0.917664434350745	1.34881918027762
NaN	0.437523261320987	0.320846549864128	0.49013702009221	0.658301897387271	1.09123493355716
NaN	-1.55037730021082	-0.295450383940739	-0.903146409327083	0.683606535040896	-0.900572911491822
NaN	-1.25545589490111	-0.848735479894894	-1.5399973643013	-1.71644169804898	-3.12482472069062
NaN	1.21800914828446	0.106197829953081	1.31600076831559	0.33716037046337	2.21498050114401
NaN	-0.598898093318857	-0.0336182367401389	0.923064335730974	0.133676320143768	0.389202626149567
NaN	-1.39317613880429	0.263624436163609	1.16354671537909	0.834869869911063	-1.12194409546249
NaN	-0.90694879601559	0.170200922964356	0.396215090609382	0.505768145804481	0.571762220689592
NaN	-0.437708858948793	-0.232256262495808	-0.675873261954895	0.23028605580823	-0.756915723187852
NaN	1.87849452293669	0.689711703867554	0.781871353851822	0.57871314124791	1.13308408453792
NaN	1.61831942249465	0.493799702226441	-0.1952388924144	-1.18653190749904	1.23231824978759
NaN	-0.969396647927221	-1.29051307342474	-1.64087596632835	-1.69541736800828	-3.61329647804447
NaN	-0.205183138627342	-0.711664221933296	0.299479157383019	0.499743627914681	-1.7773752425689
NaN	1.50257851740186	1.3444315990934	1.52034563506818	1.48914516391201	3.33918242363349
NaN	-0.750893961509226	-0.353614718271973	-2.57235089273863	-2.61377519488829	-3.56834273128297
NaN	-1.4135673740795	-1.72213973087859	-3.29750808150177	-2.96919106936095	-8.10041040950643
NaN	-0.552053098926389	-1.27610538630182	0.610569047150878	0.691043809920479	1.53653986293352
NaN	0.617148191909788	-0.405700991908349	1.8007223969497	2.1356300507713	3.12909173631476
NaN	4.10691108158719	2.13173966837448	3.61455267422905	4.03498237016877	5.75270655030246
NaN	3.18046556273239	2.66055406571339	2.26437955835118	2.63903657391592	4.26599462667231
NaN	-1.23786650311415	0.344920206687452	-1.99413490835285	-1.49152218006649	-4.22226487692101
NaN	-2.91846120148633	-0.268859256501177	-1.10532441140124	0.206409222026291	-3.48594020450239
NaN	-1.96149483414415	-0.981296488256705	-1.13326250465651	-0.312203619013604	1.57441629865841
NaN	-1.16793076052166	-1.45270153103208	-0.831284452001597	-0.810022261220772	-0.167902428619373
NaN	-0.989963819926439	-1.23854160909702	-1.35995321726985	-2.2853306647469	-2.18239393714171
NaN	1.71671199127401	-0.179472745673442	0.799617478649135	0.93524746540819	2.16428601705216
NaN	3.15841276483891	1.7613524266899	1.5207042634057	1.82387917829705	4.49537282769378
NaN	1.99072811321565	1.78149677375962	0.202724262887878	0.402313605840506	1.87161629234982
NaN	-1.47785287504697	-0.482364932907805	-3.10941805522021	-3.63402666446222	-4.26200702071213
NaN	-2.55417906187041	-1.77767005297661	-3.32200731677489	-3.65183710222016	-3.41503966960597
NaN	-1.41837344770557	-1.08941605039246	-0.722642850648006	-1.2346228198507	0.355294517282339
NaN	0.382000896361851	0.426092156341227	1.0982895046363	0.779924180822847	1.30697244877784
NaN	-0.342392031359925	0.483096131896968	2.10016285431546	2.07590196654823	0.74821312146471
NaN	2.57314553033489	2.21977586954722	3.38376225080358	3.56422695079509	4.05352222904497
NaN	0.97244273333374	1.60126571612798	-0.0114038478434217	-0.177330399244875	0.637162728661409
NaN	-1.97134098230515	-1.01382641883831	-4.40826310736733	-4.05098290009321	-7.19115993595449
NaN	-1.83819959768243	-1.9289848223836	-2.48192431318413	-2.2564790799412	-5.14551077189677
NaN	-0.86442795599629	-1.43913781331878	-0.885229174740524	-0.98120105879787	1.4848854880727
NaN	-0.162855320974	-0.752704194114195	-0.553856284199101	-0.921628172226594	-0.69707268686706
NaN	3.96391873118273	2.255228483877	4.33113888605041	4.47739810411431	5.5226839027319
NaN	3.29729334841431	3.20869848538015	4.14729142097413	3.93210446435983	4.96921094834608
NaN	-1.08244251566874	1.31242555365812	0.862659706659605	1.09051637158578	-1.81734726419798
NaN	1.90568453165124	1.12237187925327	1.76185059622686	1.96418759624706	2.47998595982181
NaN	1.0862499819145	0.80384460062946	0.698230867299643	0.318993629165969	2.22807273386079
NaN	-2.57205558153753	-1.01405849259315	-1.92381845105493	-2.19414262328936	-4.30490718918102
NaN	-2.58804955451071	-2.1585116130722	-3.00184088313564	-3.3493046730893	-4.09526857432763
NaN	-1.74157911631972	-2.28479764164696	-1.40993711661102	-1.86042238797216	-1.28451538592405
NaN	1.43889959480265	0.115084724852589	1.7837197580764	2.99127343221984	3.64249384985943
NaN	2.45470100365453	1.32016277543809	1.97482948733486	3.21720413342918	4.55266293836052
NaN	1.19331191153894	0.906306509489306	0.869638116346759	1.36975028919784	1.43061531396722
NaN	-1.0699626933822	-0.619290865862799	-1.78132297715681	-2.81174020631831	-4.88989764643747
NaN	-2.50622445471776	-1.8184748569361	-2.40036765177601	-3.0694407352192	-6.80421213764519
NaN	-1.74029880482139	-1.33534038922158	-0.26554452419178	-1.2351650363559	0.153595970090429
NaN	0.543953327213638	-0.298904854873503	1.06694993974096	1.1987127166906	2.24310220842826
NaN	1.22556195207617	1.62721066387949	2.61047226199982	2.30255662073707	3.65586469067101
NaN	-1.12076717032751	0.84166225618097	2.02244222848723	2.40739269190833	1.22925442326554
NaN	-1.46096919116776	0.376046758910521	0.577404697462378	1.55990996047884	1.80493241893903
NaN	-0.882457123936338	-0.314039643494732	-1.02552373994779	-0.906204695697045	-0.351831855599172
NaN	-0.547176602961549	-1.40009502082185	-2.21109741399434	-3.11623220706483	-4.78108277084081
NaN	-0.10853384703115	-1.51749892034673	-0.680064522318698	-1.33475795153631	-0.283516747785342
NaN	3.06293832266658	0.781789478019452	2.16787718664969	2.59961422883221	4.3181921146672
