NaN	-1.72583883128585	-1.47239109682705	-1.70914004200375	-1.56633573741757	-2.28280574282022
NaN	3.2772255197387	3.12395840904731	1.56009355462921	0.717256273243111	2.08630014171257
NaN	3.69517523130764	3.08576218977989	2.53798593185162	1.83721876529076	3.01858331496272
NaN	-0.735142634726896	-3.35570466481035	-0.976196977495934	-0.243548256947071	-0.741804576486184
NaN	-3.9306699276886	-1.34898902140715	-1.26687162973489	-0.857198648373831	-2.52974430338631
NaN	-3.02293436671703	-0.190012508264423	-0.954481115941744	-1.07433026436753	-0.528277801469911
NaN	-1.21944016127692	-0.581434060496939	0.0254086992533053	-0.418882212646089	0.535588175625123
NaN	-0.681402960021096	1.03228073723715	1.90132191393209	1.11502186780741	0.539896709704164
NaN	3.38565187413767	3.15397399474382	2.25335007216364	1.90050036475056	1.85515342117563
NaN	4.31065950325467	2.50978434314057	1.81626282894259	1.55548232113555	2.51427170589162
NaN	0.135191530797827	-3.86650522205907	-1.94006313988297	0.353775191555142	-0.778503044807548
NaN	-2.06253947558048	-3.19195118602332	-2.85750410360887	-1.08814689013856	-1.92698986418521
NaN	0.977319706064688	1.97468406993128	-0.1164566604421	-0.750880894407146	0.52237664465321
NaN	3.21577627580916	3.07769135440488	2.04968298580602	0.882666608843237	2.13873088558607
NaN	2.02887033211988	0.924728775702747	1.20456678040139	0.814842986162162	1.44208483803016
NaN	-1.4068986176289	-2.84733767566669	-1.34153480756216	-0.555497596088121	-1.66272246242487
NaN	-4.65607628246948	-4.31151709002247	-3.06086000946748	-1.24192657142091	-3.08792291679117
NaN	-4.4080952871687	-2.32338205792363	-2.96603823938648	-0.995899816167099	-2.3712249169535
NaN	-2.81436729603306	-1.67964708741835	-2.09359140157493	-0.702452523659963	-2.15951825354867
NaN	-2.16845130028429	-1.5147298925626	-1.46131026662247	-1.57868671439547	-2.73755069964592
NaN	0.247342473141712	0.365386518206185	-0.226934916712203	-1.92536349514797	-1.50123796734502
NaN	3.64146546576249	3.67804247988622	2.71854104128056	0.821076012873192	3.14272552102032
NaN	0.0548484062836648	-1.15683491047687	0.112436987145295	0.0393999464955437	-0.0522336849453218
NaN	-2.70639943625927	-0.842387321376462	-0.427377096511193	-0.787615021544125	-2.42096635657908
NaN	-1.87787029828142	1.28714964400411	0.370690579161811	-0.524177780463406	-1.61196956249216
NaN	0.963967757760621	0.537477699635441	0.424211220674287	-0.507633274710242	0.0106596693251838
NaN	1.81777912698915	0.552906357754165	0.685015281777591	-0.00928801735073932	1.34481993893058
NaN	-0.46781676715049	-1.18249575547415	-0.663103799575695	-0.6139779051201	-0.600006035443176
NaN	-1.37458840209302	0.479163005896607	0.188059391925908	-0.222029187254199	-0.796505334651726
NaN	1.26485843350183	0.985151072847749	0.266107043040419	0.0155122722456012	0.652825561635023
NaN	3.95553813462633	3.02512337782754	2.2658783086247	2.47344838436572	3.69016751099982
NaN	4.74141523096338	3.35973236462689	3.19397691826693	3.13396400903348	4.57022396978709
NaN	1.89010364276748	-0.289676309634938	0.86869063325609	1.40041433910066	1.6606786529239
NaN	-0.467113108468126	-1.7374017940545	-0.913576829882323	-0.0662623780270209	-0.504883778123715
NaN	2.73080829937802	3.45793613322561	2.14050469615785	1.08208378033287	2.76642041763361
NaN	2.75931051450675	2.00429319570743	1.9456368241298	1.32820623730924	2.3235536550723
NaN	-0.981267114594252	-2.84263552567541	-1.04420465099665	-0.281491229787277	-0.693582407550135
NaN	-2.89396819204876	-2.76901914303309	-2.03948823542178	-1.45133100943809	-1.88023869329152
NaN	-4.49479186489598	-2.14525710568412	-2.39373946421428	-2.16375152543354	-2.27635844386882
NaN	-3.94051127613184	-1.79890229306934	-1.58301817465886	-1.88349725533949	-2.86712418371091
NaN	-2.73895732497553	-1.97386642569821	-1.79718999949109	-1.51516793061182	-2.82803679018723
NaN	-1.90707178447563	-1.56201692842759	-1.52613545523398	-0.879598325221375	-1.78526357991071
NaN	-1.53166705624364	-0.833005145434408	-0.398842268639085	-0.508359663440523	-0.637727111529497
NaN	-1.04182266016521	-0.551923099700566	-0.617528998901946	-0.875878532553479	-0.490667922724486
NaN	-0.648239404249243	-0.415339686385571	-0.732581886591605	0.0629853436215187	-0.479270668754466
NaN	-0.200220915593466	-0.0994064894675178	-0.223924505577595	1.42054970587413	0.959674019761807
NaN	0.0547676841264067	0.159949474713329	-0.149129904415688	0.808778825560233	1.08867600220401
NaN	0.585160458563577	0.477996285991405	0.569869475341002	0.393845922622209	0.0923945676737143
NaN	1.13897357653134	1.1965464854005	1.25399503732553	0.0253745341875879	-0.208850492842502
NaN	4.37405357271578	4.06670434816634	3.47660059444799	1.82556820420385	3.16176302518376
NaN	1.43952502657191	-0.0958072418763319	0.437009373805552	0.738935848252177	0.458004882184508
NaN	-0.706797893616834	-1.43899410743314	-1.21452082509404	0.348253763759347	0.606683059280798
NaN	-0.545789786932139	1.24918720616072	-0.0237395783769272	-0.117943107821651	0.218615701033376
NaN	3.56793636422717	3.51835662307793	1.76660219100666	0.330132417483472	1.28376515017014
NaN	5.61289001675474	5.13475037422251	3.86730734294478	2.01353321252627	3.90173394879432
NaN	3.80287941016079	2.16249412509988	2.52148226598452	1.72241925449009	2.34132174794307
NaN	-1.36300776282156	-4.23017031256622	-1.81070736134156	-0.632343550450865	-1.4699011416857
NaN	-3.66486453616978	-1.95484579228447	-2.02099666821335	-1.74593966010834	-1.46095359419778
NaN	-2.52584692445474	1.43895215712467	0.749770531083025	0.571217687651447	-0.176352057998835
NaN	0.47948005076924	0.537725321818184	-0.0580687429931297	1.0450350465997	0.331608088558352
NaN	4.01939466582709	3.24387198712865	2.00367716216213	1.10173986958465	2.47807234956718
NaN	3.52357144730416	2.15910687941244	1.9124531634858	0.854375282950452	1.73760924325341
NaN	2.24024030571947	0.91586009700385	1.05582960084707	0.469736208727672	0.81825368454609
NaN	-2.15138049288481	-3.13224026865148	-1.96856978566759	-1.21694780124532	-2.55542833895764
NaN	-5.05629288819987	-2.33030466807046	-2.29450425609166	-0.933161140439987	-3.55850981577628
NaN	-3.51834358843086	-2.05192430678224	-2.34891428059748	-1.51521524530936	-2.94817439699387
NaN	-0.820938698999328	-1.27360330138118	-1.32884963477564	-1.84412560410204	-1.8460297755797
NaN	-1.5499777817348	-2.04877201871629	-0.875410027569991	-1.60991660903352	-1.87630795047395
NaN	-2.43967554864683	-2.59889512651869	-0.43725744825687	-0.872429755023893	-2.18170534850147
NaN	-1.79008203539389	0.252670722233431	0.603413735045843	-0.176653085595885	-0.362337144685552
NaN	-0.336325963996012	1.31076783014582	1.04830005677395	0.676752363535205	1.26792613134185
NaN	-0.04963805109497	-1.13633210067435	-0.192509541723979	0.293224936316497	0.488918422519718
NaN	4.10865453983813	2.6136827916326	1.00174070649601	1.54050623489301	2.5948617170134
NaN	1.37089903730088	-0.69868341768714	-1.54365791657824	0.178788429671634	0.134537558340747
NaN	-2.58970882167835	-5.29527852337585	-3.93387624584406	-1.86280521529008	-3.27578461423351
NaN	-2.90798820223004	-1.55337070041023	-1.70799604936673	-2.1352456361978	-2.96099470561008
NaN	-1.4204131357029	-0.662530083069627	-0.22682883485117	-1.06064263783179	-1.17862967318384
NaN	-0.887627699536585	-1.14338175354091	-0.241549032963526	-0.498457115644514	-0.598108415837948
NaN	3.30120947132928	2.62481465978421	0.981307183640383	0.223020140474527	1.80463623929328
NaN	1.86942242138973	1.46500735062641	0.232885611019671	0.40580757658687	1.10627391818044
NaN	-1.32217865736997	-3.2658218340152	-1.27826589945116	-0.797676576387601	-1.31964975178937
NaN	-1.97948719477182	-0.942120976792318	-1.70187922512664	-1.12729015386455	-1.39537696884997
NaN	-0.887967053896553	0.230645193622825	0.333571701419474	-0.170833689414007	0.264363232864219
NaN	-0.226762803774189	0.0743771352150459	0.371459962379823	0.603388172592316	1.07462021024552
NaN	4.51994081949961	4.55649317960997	2.00460036235343	1.63277581617579	3.32654807781656
NaN	4.43746359235617	3.9788759086011	2.13851773304812	1.54973327672828	3.4172308012972
NaN	-0.459706257241842	-2.90456780626638	-1.79902384219373	-0.469184305307766	0.313925102916745
NaN	0.834826940062128	1.51650705179858	-0.419042621646337	-0.560621201426814	1.33758823243616
NaN	3.26212834873726	4.16485627268133	2.53099824175614	1.45157536469744	2.42406399832693
NaN	-0.638117705141658	-0.81981340432812	1.01392645187777	0.775382491138313	-0.530901327655152
NaN	-4.24594615742282	-2.77089806940147	-1.20125500697668	0.0820079105756041	-2.9747920344155
NaN	-3.70253734402567	-1.08395871584041	-1.56363664426861	-0.995146003374988	-2.01965309253475
NaN	-2.26743680496808	-0.73258489456407	-1.68579904124181	-1.33153069903781	-2.02642431964289
NaN	-1.42146504097949	0.748952074741912	-0.218999781847629	0.306326047499144	-0.0865470103705873
NaN	-0.818110199556778	0.390660940263252	-0.133967607789435	0.78578198153695	0.61313198831556
NaN	-1.03359115970049	-2.06129982689903	-1.40613147480999	-1.11945342277336	-0.94619885778718
NaN	-0.576241745380303	-1.30995009948046	-1.41901352847134	-1.39004014803771	-1.99401569971111
NaN	-0.22123806877745	-0.41714148801646	-0.68202851579443	-1.14780536713286	-2.01121167334864
NaN	-0.143790659012397	-0.3014238060596	0.30534804518299	-0.541890395710343	-0.39618164737085
NaN	0.252808965234761	1.57953040904881	1.15885242226186	0.52926695899239	1.47338542253579
NaN	0.418497096180911	1.80829681779776	1.61628876435459	1.709032779317	1.8118348110882
NaN	4.29318878810077	3.23205547006394	3.08447263737847	2.90936156690022	4.11933252368422
NaN	6.0599577740138	3.62389820318654	3.6345949686	3.20436201535337	4.57582477660609
NaN	3.53923100863196	0.733602476628891	1.95136251674243	1.9308486108321	1.98919899615538
NaN	-1.71059701427252	-4.98885427591681	-2.17197884803233	-0.568302521522304	-2.29936312214697
NaN	-3.48702966188923	-2.88347988012746	-1.22123106199922	-0.489988904340137	-2.15510101941919
NaN	-2.08669308330796	-0.299308996793049	-0.797972478717434	-0.447988201966437	-0.890469517545009
NaN	-1.16653359910049	0.705390023872061	0.33520347164052	-0.770193455127654	-1.11105364014789
NaN	-0.914724117749285	-1.24159049237192	-0.232397661353952	-1.40575830469165	-1.25256255519077
NaN	-0.483209054532093	-1.22025667946944	-0.974376301329106	-0.851950325968009	-1.40333620425989
NaN	2.50288824931577	3.49534042182432	2.2702318213575	0.568746660399172	1.86226963257425
NaN	0.31537431298941	0.766556951425426	1.12888868234307	0.787673212785027	0.273988366058279
NaN	-1.24587663930853	-0.794897324193112	0.188019893865178	-0.215904286277901	-1.65806020825968
NaN	-1.12102125895548	-0.733825974079577	-0.519936270864796	-1.10425191899133	-1.65608859209851
NaN	-0.52742865173151	-1.98643376399484	-1.63692220482649	-1.84121766657417	-1.71425197302837
NaN	-0.199509954686283	-0.0572847720250145	-0.574817318799447	-1.13717539186806	-1.05662180313778
NaN	-0.180001614162848	-0.137907257904185	-0.22501241556544	-0.684823200395919	-0.508189676855157
NaN	4.21336806125307	2.75924914677542	1.70602844026927	0.800638681823248	2.83718366333142
NaN	4.01888977466351	2.48921311797907	2.37606090206674	1.47950166715237	3.21768006568525
NaN	-0.648649688404427	-4.01115098845018	-1.46215897507273	-0.205883978071511	-0.786769679058597
NaN	-2.87493301472458	-2.92841685673614	-2.22221775062139	-1.35922509932746	-2.20508032634539
NaN	-1.74627276865628	-0.0363229716259069	-1.06934251385311	-1.10503802299456	-1.22201499410876
NaN	-0.856668976606474	-0.728836634172819	0.3150176568062	-0.199873994098816	-0.224505789544373
NaN	-0.820434221931891	-0.807481572058338	1.27658319435461	1.68361994009927	1.07604391031384
NaN	-0.523775267907914	0.0251585153444779	-0.00865902931405996	1.62461192168399	1.04338612780393
NaN	-0.548016396398501	0.152052436137663	-1.22263114541046	-0.271351133343507	0.780666125962106
NaN	0.320530305808644	0.555918941668892	-0.489964114342384	-0.82880680757355	1.46323581643785
NaN	2.27395908542494	1.9799737995231	0.657973799684964	0.0726188617005734	1.23769216886817
NaN	2.82377825404792	2.73326861518091	1.9046421666024	0.997894624742253	1.90348072389688
NaN	-0.487051841507901	-1.84907176819799	-0.681213790369711	0.745198024876168	-0.540652839222898
NaN	1.28391688631455	1.82387952605373	0.506419253794583	1.16414687529539	1.15847334076841
NaN	4.02099172434216	4.66346085664945	2.78735181955408	1.78435867772952	3.22318169024689
NaN	1.06331198629599	-0.0982336887678361	1.48623492849022	1.08362638395106	0.953735989863402
NaN	-3.35416715054621	-5.1965997732112	-1.01996900284804	-0.169192059984503	-2.00005783664185
NaN	-3.99679814385564	-0.796323455167628	-1.34094127502777	-1.03399168003534	-2.57765475538634
NaN	-2.68668979747975	0.18685096568284	-1.69094656894753	-0.947248878704522	-1.85220369861803
NaN	-1.76871702385807	0.814948049719552	-0.909531956537293	-0.756803114919916	-1.38850824409997
NaN	-1.04251345653634	-0.602434439402133	-0.929297023388289	-1.22136423421333	-1.64134092919207
NaN	1.33666574041699	1.51910512734122	0.510198767784457	-0.00607465717680524	1.13605071701568
NaN	-0.279572625837441	-0.686173023072542	0.0644197167560222	0.0292299812596231	-0.227849164467567
NaN	-1.70295690339857	-0.771986881560795	-0.649595574003773	-0.367603822081382	-1.21675391077198
NaN	0.0951473155025579	1.70190489206467	0.185892234082832	0.505008835627576	0.890018088493218
NaN	4.48451105855438	4.09211066868084	2.55338432991906	2.29563775483274	3.53640338194448
NaN	3.4849220545539	2.02419284926034	1.29031880997538	1.65305972926477	2.66278185956546
NaN	-1.47472112630981	-4.48913677191876	-2.70032870396382	-1.19342893144316	-2.15410378804388
NaN	-4.10822728638944	-3.67858903897503	-3.68644975087365	-2.98117895893604	-4.12167996770869
NaN	-2.92977295949712	-0.563377794215756	-2.27730930904549	-2.61450020813294	-3.00988322890444
NaN	-1.79603441104539	-1.21011147063425	-1.75630614130694	-1.8231394098418	-1.7023447024868
NaN	-1.21164086590066	-1.35437590336946	-1.46270726356031	-0.957028102813502	-1.26218550210386
NaN	-0.955710312464906	-0.630440214469613	-0.8386159541571	-1.17322980978391	-1.18172893758409
NaN	-0.636772633772439	-0.294680866850082	-0.075728944423815	-0.771476759225355	0.1935267083212
NaN	-0.235967827749938	-0.297872924499991	0.212125698692239	-0.22228567784793	0.952954616073073
NaN	2.35486712404342	1.85482112216812	0.729181361195224	0.174116852992671	1.76615632654385
NaN	5.48971664339206	4.868878798875	3.87114423082041	2.36465975773229	3.93172039405684
NaN	2.2391205769695	0.685320191907722	1.59062877410823	1.80201987766612	1.5055706043352
NaN	-2.10646745036175	-2.10475227626732	0.0219535764773757	0.57088321742104	-0.370253377542881
NaN	-1.82737658495577	-0.581241367484433	-0.659415911810915	-0.459273443443304	-1.28909779863463
NaN	3.6158788005228	3.47524777392783	2.07226881727902	1.0856773049455	2.57194285764117
NaN	4.07752716120674	3.16198960824522	2.6668348989298	1.95406958454806	2.74182809113229
NaN	2.23266591565969	0.390757549543377	1.20112973633036	1.43731941871838	1.00479483414959
NaN	1.48548477021247	0.749576014395897	0.826342615980357	1.08667853005197	0.855870996846548
NaN	-2.02072407330917	-3.05019141893764	-1.60775847526281	-0.698566896511642	-2.15982724652778
NaN	-5.2485062585173	-5.73546055880671	-3.74653527129636	-2.23451198716296	-4.56914824090634
NaN	-3.69151526339893	-1.85426956015407	-2.3330190759532	-2.39683251272589	-3.0637998012233
NaN	-1.18434789403562	-0.262876119978829	0.117287917687645	-0.649408481455741	-0.704082550198927
NaN	-2.25290562334852	-2.78990567742547	-0.276012126047906	-0.0715689402584428	-1.03058331818156
NaN	-2.52042553910182	-1.76461787672206	-1.58449391702254	-0.219057086392674	-1.85261276651206
NaN	-1.77326632659736	-0.657973197340746	-1.55885725277679	-0.7212573479158	-2.06585422624475
NaN	-0.838436275606023	-0.885764304206036	-0.972601484816033	-0.941404600938053	-1.79807835762362
NaN	-0.829495551090015	-0.510543557870254	0.454058728089384	-0.419988109908677	-0.827496003595779
NaN	-0.386714109385975	-0.0961391075525762	1.19509153362144	0.496581721835841	-0.0959899560305708
NaN	0.220829056674787	0.23876025410747	-0.3802768543231	0.083389426266394	-0.332703220939853
NaN	3.2877326726124	3.33459596384352	1.50170023646407	0.630770938862361	2.24910907080534
NaN	0.891685974122796	-0.185281196766795	0.0424798138025762	1.11338360226852	1.26396136838838
NaN	0.998676903844857	0.166617859302229	-0.209411091199613	1.49628034293235	1.51749965352485
NaN	5.28714168339309	5.3393980999126	3.41718530208902	2.70207439522739	4.47306217618211
NaN	4.82493233197963	3.95451046032432	3.43130977697465	2.12844393036668	3.95731267552153
NaN	3.43333877869802	1.72141079496512	1.9751114221268	1.3218822262462	2.46723861633292
NaN	-1.18107928184687	-2.90210756749101	-1.36603182435826	-1.10228920243326	-1.01413663062917
NaN	-0.778422106448219	-0.147913733372983	-1.17544193730008	-1.5160977134631	-1.15886793814012
NaN	2.43811971749258	3.35871404481087	2.0435560110488	0.539985641100656	2.1217751169327
NaN	0.558432867305284	-0.313116612709729	0.481545437195587	-0.0617007004423468	0.595887387016664
NaN	-4.2713694608098	-6.56921938238406	-3.41151150544922	-2.10358296945983	-3.67627824571316
NaN	-5.06636414427138	-2.73020572386745	-3.06703156085998	-2.30115093876345	-3.77796043674089
NaN	-3.61022927540914	-0.727740075051102	-1.80701935366883	-1.69790339131378	-2.390197403693
NaN	-2.15382318519	-1.49430245661565	0.0954844925802964	-0.894763742590685	-0.916876959671635
NaN	-1.69734550593768	-1.19584455584298	0.513352648540945	-0.294665513135563	0.26744085897952
NaN	-1.60425017355426	-0.389451259759417	-0.998488040212582	-0.785350412447595	-1.03067218363287
NaN	-0.702694344849031	-0.184723478876501	-1.77467937727833	-1.19224411225141	-1.6929734609501
NaN	2.61206711288933	2.72708108733015	0.847627785653783	0.0428144045371864	1.47019401187418
NaN	1.36175501876358	1.18149089382495	0.625534050910073	0.947028941593356	1.35718320374312
NaN	-0.77187822894512	-1.9353281901105	-1.19222480111973	-0.331930731121206	-1.22769788622344
NaN	-1.08402321834238	-0.18840849629438	-0.833770267053716	-0.815779857838933	-1.16964625867961
NaN	-0.0300164188380449	0.696694094044211	-0.151604189645787	-0.618043563529837	-0.00399684174036462
NaN	0.164921940066339	1.6689120667251	0.98444623425387	0.0208255608633153	0.803833131485598
NaN	0.372560876467619	2.59171197237984	2.01249709830977	1.10832857358972	0.927343973732841
NaN	4.84636089409346	4.90706040901962	4.45840473328629	3.41682814334071	5.16970312955576
NaN	6.03802924654951	3.90091529657466	4.34718428463499	3.62602312605487	4.78189224823624
NaN	3.93376649605206	0.990777289969544	1.35201999511386	2.15625982055847	2.72476801649566
NaN	-1.39047115767748	-4.46491978009232	-1.61244896624689	-0.157031777585289	-1.52887543252092
