NaN	-1.04691866922943	-1.34219522432773	0.220602261301787	-0.463482589551414	-1.47657001937276
NaN	-0.740035608560973	-1.00159812322722	0.27714848849828	0.324802427486127	0.366310761526957
NaN	-0.627408704091778	-0.496927772549357	-1.2177212585186	-0.690078623594062	-0.676054156223707
NaN	-0.377734997385073	0.958546821970557	1.16362082592751	0.0693184810209308	-1.1083776492484
NaN	-0.162310198858226	1.41080935710854	2.65860826694376	1.38686816575332	0.71901085476954
NaN	1.82233387637115	1.77607347796546	2.81728828916368	1.63006984230958	1.49989003596979
NaN	5.09786008240527	3.94617553295152	3.07430466454009	2.28864153534217	4.31968468281242
NaN	0.735344889153637	2.19593564235818	-2.17953604290661	-0.843612943282346	1.04025263583791
NaN	-3.19501507475843	-1.49834254368113	-7.59780396140723	-3.85496772583967	-4.54793803862278
NaN	-1.47919986033027	-3.13426144858022	-1.97933198177785	-0.832419719896918	-1.98003735111598
NaN	-0.494069241462228	-2.46857034702497	0.480476126739487	1.55177678686632	1.3620614201825
NaN	-0.468288527896979	-1.94377945530799	-0.337480425686061	0.62662092050614	0.634234617581328
NaN	-0.424547780702262	-1.25152373125316	-1.06132244224088	-1.29214070431316	-1.24347020104166
NaN	0.26835118216715	-0.954519706032931	0.517157756103608	-1.15943660892691	-0.799588851233031
NaN	2.14207277267913	0.333923453739122	3.00861626660581	1.54529601399411	1.90775402473991
NaN	-0.0334310290978902	0.54281655780931	-0.19901772482321	-0.146118800029002	0.908239980876978
NaN	-1.26315034652227	-0.042167546090018	-2.75074888113837	-1.80590509471978	-1.28074556485452
NaN	-0.619503384723462	0.83669458278133	1.00913688275398	0.0902996261223565	0.861842118205654
NaN	2.74745797243375	2.49481765348027	2.71625253516971	1.41479185467307	2.01104034790484
NaN	0.0463509794577754	1.20250962263266	-1.07007539572858	0.199188898980017	0.940852059383267
NaN	-1.65206260877512	-1.04284320754423	-2.49761514820527	-1.33762561357923	-2.16982690459961
NaN	-0.801063994430078	-1.53981017187215	-1.78461857039972	-1.42287492338019	-2.49346592321737
NaN	1.01116904910477	-0.229302490813886	1.79867300309576	0.210341507082439	0.0569050531244659
NaN	-0.229839164600569	0.126209726836397	2.09094325613106	1.36305259874903	0.835507488308972
NaN	-0.757503267434172	-0.586337192869174	-0.615468373305785	-0.291750892394173	0.837879557915817
NaN	-0.276726467505554	-0.627819165881773	-2.37591048814807	-1.39441105914353	-1.18748715605574
NaN	-0.23362478505566	-0.488905957845848	-0.922140144480015	-0.417189937220172	-1.62526693790798
NaN	-0.0794388430219532	-0.147668961301422	-0.19929988823004	-0.188988317695201	0.289839269618956
NaN	0.0774602331760769	-0.0392133215888641	1.12754685291682	0.458503397475972	-0.196303686702834
NaN	0.0369220867515866	0.0319124321824361	-0.09507172136756	0.183292116344888	-0.487978592097686
NaN	-0.0663594071429649	0.322638860384426	0.0680377637020567	0.540903078897522	1.43593281526756
NaN	0.072949523585673	0.27185978295797	0.17289346509106	0.160565035052991	0.501802866194161
NaN	2.80243092677477	1.18268392649325	4.56376145793114	1.92513320198465	1.01758409555732
NaN	3.20987321610523	3.83911570475135	4.74826225281003	4.22207137599118	4.37793163856961
NaN	-1.37294170871468	1.84047514234733	-2.39833891396339	-0.576116048317229	-0.708840860124618
NaN	-1.88075257095772	-0.691123374824662	-4.10407612257074	-0.0156029760766468	-2.18866552087775
NaN	1.74862765954509	-0.202728084210577	2.55521019420639	0.820181400960373	1.48762951162124
NaN	0.640187226074548	0.956434083204978	1.76714702516212	-0.335397131892954	0.842648077292029
NaN	0.541662762944826	0.984709867433256	1.0544925721866	0.189027954410992	1.18436571277975
NaN	-1.73028882551318	-0.280916335291379	-2.10583757131495	-1.03229003324704	-1.73144039054812
NaN	-1.61978451850013	-0.80944046085381	-0.281761457550484	-0.0451273681652622	-1.9089735968522
NaN	-0.721770515619486	-0.992015297186542	0.276189935156764	-0.668520012621422	-1.30842850581521
NaN	1.57302762295549	0.27458086372013	2.69766903649795	0.432658804347899	1.85859664954718
NaN	-0.553716446945003	1.09921462280289	0.423480494663889	0.623185534072572	0.207661081510559
NaN	-1.67083015192576	-0.603218786392119	-2.7190934459514	-1.81666211918006	-1.3652534248894
NaN	3.16961038315429	0.0911048507668756	3.04673065623042	0.935870064729236	2.64904799273151
NaN	4.05731116063758	2.99040016556828	4.26403748709798	2.90714735720135	3.50216942461742
NaN	2.65960477593982	2.74396531277135	2.55539818815454	1.72159104862048	2.12803808526682
NaN	1.37824048410508	1.83533840962021	1.08091383500718	0.809147471617022	0.929238372994877
NaN	-3.02455294666514	-0.617000327768955	-3.48761237749366	-1.74402608696538	-2.03596407133729
NaN	-5.10962893935366	-3.68678387810292	-6.23279933256813	-3.41200289535946	-5.42789240265023
NaN	-3.196384466108	-4.4394697421361	-3.04769392041077	-0.57398311202558	-3.39322993261149
NaN	-1.48527504007828	-3.27748732258666	-0.901971016108819	-0.807040907254111	-1.79633086912209
NaN	0.921238482108415	-1.29693908747228	1.31580511708613	-0.7407681752705	-0.158170886784031
NaN	-1.22103218847231	-0.196470381300641	0.449235452325131	-0.184178445580489	-0.206901992188263
NaN	-2.89841976556146	-1.81671710821655	-1.43117217229945	0.739334515995678	-1.58428776871217
NaN	-1.74550412655358	-2.40269690516519	-1.78970671024188	0.593321470916937	-0.712859264479153
NaN	-0.950521498293551	-1.93185650562567	1.07532997510065	1.10891457931071	0.380764446488339
NaN	-0.153592126015184	-0.851943100139469	0.554619840125633	-0.0023261197631661	0.674733961543234
NaN	2.72762414431701	0.927791380773483	0.791896884597068	-1.47450999079106	0.619237800792423
NaN	-0.000462782135229132	1.35371361339217	-1.69331042329826	-1.47390310726969	-0.340500569484573
NaN	-0.277446578398283	0.248435890301982	-1.71891006787088	-1.5816802912822	-1.36838214050228
NaN	-1.08744564554403	-0.518308097704917	-1.42148207765006	-1.47444528804974	-1.41603998036148
NaN	-0.591720155650257	-0.663542072900669	-0.167779397805898	-0.724135709655397	-1.00242425389386
NaN	-0.123240163536343	0.729791266804206	0.824319529477249	0.194197999844947	-0.0682178387913882
NaN	-0.0161657815810062	1.64664570229149	0.0312114738896075	0.411899625172739	0.700306525457857
NaN	0.173584088389741	0.262703339728047	-1.88049697277488	-0.721816856994963	0.376202341301572
NaN	1.32912522854687	0.199153605278321	0.904107106509383	-0.376656819650146	0.620934112486383
NaN	0.418598215608516	1.21420998879025	0.555811101754771	0.466292532564554	0.537316013170279
NaN	0.159945387981187	0.390762316703067	-1.9681953364984	-1.2456598746416	-0.740171259424841
NaN	0.329326921228946	-0.731989429109216	-1.32529820731349	-0.616315432263962	-0.221279321464855
NaN	0.598660227845571	-0.516409497399508	-0.163665779515509	0.166470955303319	1.95859770155132
NaN	0.666696266451994	-0.213885990469766	0.0123071397054032	0.620201073563413	2.28179019291322
NaN	0.731480702108862	0.0625691315954873	0.315292894772465	0.137602100498276	-0.00928988590794434
NaN	0.877127014445246	0.265359606755078	1.86577388142006	0.892152752931912	0.470207541687344
NaN	0.887313959594037	0.379829040556502	0.961772650290318	0.784397685893738	0.475574133531469
NaN	0.728599483580801	0.490718044834542	0.180023176066778	0.393383267856561	0.10361639821006
NaN	0.856107921430157	0.651575487062244	0.0508454535423212	0.480533312126744	-0.121378840042025
NaN	0.715762850930671	0.663548177352563	0.429275483063561	0.376472403148836	0.186576827700153
NaN	3.93579526880629	2.0493509986256	4.05927549168948	2.80164918511824	3.56034856164988
NaN	1.44281054333832	2.68814783390633	1.94391154357794	3.1345113770625	3.67879563867005
NaN	-0.961397103569651	1.24731357791352	-0.805432190787181	0.804010779409421	0.152579727928411
NaN	-0.50653786603685	-0.00181797160022372	-0.603652190302038	-1.25406945925215	-1.28730794655441
NaN	-0.266508327716774	-0.306543463875266	-0.0756948361666269	-0.652154855887722	0.290475517960328
NaN	-0.174170845165569	-0.0153938392192433	0.835354850710253	-0.000713963887269848	1.01451427271052
NaN	-0.130796014750601	1.12349328468742	2.14686760701551	0.856843902834869	-0.290666176799525
NaN	3.66701292889986	2.31129396770101	3.57693708142603	1.61174177033578	2.76476270736201
NaN	3.98902431718806	3.33900317145097	3.78941912916884	2.16673014704767	4.25819665833395
NaN	-0.466392211205405	1.87555736081322	-0.415441580924139	0.248576741046971	1.13533885993308
NaN	-3.68396553771053	-1.14758085041906	-4.87997900831395	-2.63602435453179	-2.8637374455832
NaN	-1.8276814058337	-2.85374586322077	-1.66227906762327	0.130573312060673	-1.25823997899492
NaN	-1.3109783224329	-2.29718703833959	-0.407814011670256	1.01296564572301	-1.3505954441924
NaN	0.717662977242294	-0.416099657678839	1.07576126619876	-0.745492056001926	-1.37892320503904
NaN	-1.34246510708299	-0.601081292524183	-1.34036132670587	-1.56808316087664	-2.62338402917119
NaN	-1.68560989628121	-1.6722930217731	-1.8209854409773	-1.22376131959178	-3.26987605282753
NaN	-1.07434936509623	-1.51458375416381	-0.900199039018976	-0.655839697495013	-2.12205002518937
NaN	-0.764832872405817	-1.16232679503066	-0.31991856452656	-0.553444416269544	-1.44538966959275
NaN	-0.801644243046436	-0.787545765673597	-0.477325722454327	-0.668455584067489	-1.35234468304038
NaN	1.20295301965746	-0.0865837534688074	2.26451365368202	0.360600615787417	0.113693992219115
NaN	4.46051863172706	4.12967336583813	5.72077897441413	4.04261666915524	4.96769798698004
NaN	0.283100001404142	3.54151084998277	2.01669304250483	1.37395450801706	2.26761569832263
NaN	-0.523178192325417	1.14534468881153	-0.108493183767137	-0.824797562432718	-0.928395066035666
NaN	1.69758725821327	1.64102810420981	1.7809322654196	3.09132062427572	3.76996129948977
NaN	-2.69240954241554	-1.07765555471325	-3.72946561601359	-1.39541454771481	-0.908666660388101
NaN	-3.58206490004571	-3.31790617438402	-4.46181177386135	-3.29893098322425	-4.93808579258884
NaN	-1.78324056909856	-3.3035076664996	-2.14278346113927	0.380328143889222	-0.316610285677652
NaN	-1.26556372699042	-2.99295826414777	-1.9601924386385	-1.82588599881564	-1.12904333039321
NaN	0.162043568744068	-1.35560330204561	-0.189017414257065	-1.91701302575777	-0.220913329418071
NaN	-1.51065474640582	-1.5125089368413	-0.877623137149797	-0.934541491271612	-1.98792969156704
NaN	0.225494149076236	-0.660158066668595	0.842992798233495	-0.22721606254343	-0.591918394715692
NaN	4.25798953062902	2.48175286287598	3.59729537955698	2.09746772828653	3.7595296628378
NaN	3.50137754635494	3.03516738747772	2.96412255433335	2.72447625458229	3.31800881713773
NaN	1.55883588960451	2.2826348608287	1.2101150809731	1.53057739737767	1.8434545906585
NaN	-3.54767158354593	-0.538590376516485	-4.87607352648365	-1.74406469870725	-2.4909568878289
NaN	-4.24031297400801	-3.5063287259837	-5.85062935552395	-1.86636510535026	-3.98379427033105
NaN	-1.93225048224051	-3.81978316370719	-1.5644395026693	-2.0326788472198	-2.61903683471918
NaN	3.34884309238844	0.24534721942131	3.45979057892931	0.321855228328135	1.9684890726287
NaN	3.08388276981091	2.44202274771576	3.44942834606509	1.32159508636423	2.89090912584626
NaN	-0.519588571043788	1.42484587174367	-0.500017374070523	-0.783658593063431	0.588291695548017
NaN	-4.81714172963552	-1.77715774455403	-6.44586238196441	-3.87579486753026	-5.30329690121991
NaN	-3.16763433102174	-3.57562861592503	-3.1374311102196	-2.63566741456347	-4.74758813779071
NaN	-1.64305521288344	-2.90447106535307	1.4104567930098	-0.290721094146321	-1.18018406279149
NaN	-1.32240410985682	-1.90743010215565	0.318698320930171	0.315620122797797	-0.327436416686455
NaN	-0.777983140781226	-1.2704850273903	-2.38646495251415	-0.969188633080352	0.504640644418433
NaN	-0.273542437449765	-0.936066277035183	-1.22743006491442	-1.39290267404542	-0.187571738019932
NaN	0.00620239992189811	-0.240378445156066	0.18090136325568	0.20851262942877	-0.31704188044086
NaN	-0.0663846399655509	0.191210696401518	0.566626026659785	0.909386537469708	0.269591753988032
NaN	1.15830772196819	1.90437650548809	3.31066255894961	3.02084550355834	2.9623137438074
NaN	0.219549480419294	1.67752091879033	0.121841538902254	1.49891997302375	1.21745998347828
NaN	0.362265383072931	0.619743716139547	-1.09279055088684	-1.62185316122932	-1.20958504652633
NaN	4.16792810298097	1.41261730441461	3.90427594069325	0.364190596191238	2.51802077892043
NaN	5.76368618617621	4.92825265582379	5.70979012728552	3.66196822859498	5.39858203770488
NaN	2.90690261848896	4.53199309627603	2.88680325560292	1.94878375868248	3.26057471725489
NaN	-2.61207672796475	1.07283522961361	-4.04683464194126	-2.15309329332198	-2.34088135743747
NaN	-2.10589579553314	-1.57911223101887	-2.80856692200233	-1.78125288054194	-1.65501892526999
NaN	0.802460476677009	-1.39749958647308	3.29097688863953	1.42294475578981	0.200047664979414
NaN	0.512833171518182	0.384586032015945	2.62468585232707	1.89876753651397	0.95509199933629
NaN	-0.928340096218596	-0.307952684954739	0.56177404853747	0.12347599570103	-0.899836670719984
NaN	-0.679803922154989	-0.869426967881597	0.337003421509103	-0.0726110447213393	-0.960317139405112
NaN	1.68978645119584	-0.0374903129288153	0.656830987895928	0.473848354593236	0.471977378568088
NaN	0.549189726897447	1.07409545703856	-0.988689010584178	-0.450354471734878	0.463105422712265
NaN	2.07688245511274	2.2738868681305	1.90722170845576	0.991115817594542	1.26042639552339
NaN	-0.155543991596796	1.61607945343666	-1.25917333143723	0.160259511960354	0.346918708264635
NaN	-1.5314876819882	-0.669916672617181	-2.19596929454035	-1.29569520743435	-0.42400466998901
NaN	-0.477315067441551	-1.31243145338827	0.31486273200146	0.527836017593339	1.30602080650993
NaN	2.5327765808902	0.986494226467714	1.30466159579969	1.26068411022342	2.12021600722213
NaN	-0.520827930702572	0.745031176418058	-2.25893576111698	0.879255763614596	0.2462134561222
NaN	-1.1536561353773	-0.0499822317050635	-0.951391028479985	1.34173831831304	-0.800239035166204
NaN	0.230744156245221	1.03681576412375	1.32599412138238	1.51288199688839	0.423921845231871
NaN	-0.333029869565436	0.452975959165255	-0.379468712566688	-1.70256166333862	-1.50102159286443
NaN	0.221808875400653	0.401048816523686	2.06496085879387	1.15789197330129	0.32944469716308
NaN	-0.0485546072676277	-0.179361278933928	0.545777632063077	0.486018419807025	1.34446096502449
NaN	-0.407901650075298	-1.33908572199032	-3.26436975415529	-2.70776105489306	-0.51503295544136
NaN	0.980010265840516	-1.3122138059498	-1.43570157857222	-1.60718042250676	-0.554476699087075
NaN	1.59902198811531	0.616276781600515	0.815278268010148	0.616984574944636	1.42373830058094
NaN	-0.95832526404288	-0.252128933622526	-2.04443279611311	-1.287851809382	-2.55065907300164
NaN	-0.942212546729111	-0.822156033708822	-1.52008780603501	0.11016798570356	-2.75688607004369
NaN	-0.285646563523289	-1.08347117973622	-0.564668536217191	0.120837539050065	-1.1453593435635
NaN	-0.349699314204769	-0.581088089570078	1.01297521421216	-0.362575809920588	-1.04645486701849
NaN	-0.441304548094522	-0.179696001934973	0.372554324241694	0.282546159670968	-0.705692229069511
NaN	-0.154571246455482	-0.525538170715489	0.123055953029097	-0.653049439822308	-0.891022353114764
NaN	-0.0304009902929693	0.019330176767629	2.6737825937399	1.04560429546517	0.307243757757161
NaN	-0.12333135312327	0.0912202001001735	-0.503254647264336	0.157947934567661	0.286425255809284
NaN	-0.0446012015059214	-0.513827316455209	-2.13633170873141	0.0618250285725011	1.02915298667528
NaN	0.186950212917119	-0.437919922932504	-0.452628012994259	-0.941269914119682	-0.636840521278716
NaN	0.10109530834803	-0.289165905816832	-0.0515372862782472	-0.844094296735204	-1.12980992626722
NaN	-0.0076345302593058	0.00727845304453941	0.702599252559145	1.03116799160963	0.49454111379432
NaN	0.138017843144028	0.175377234213742	2.87161991787805	2.89152815815787	2.37439945141307
NaN	0.233948872508103	0.125008770252605	0.947169735197154	1.21512519935143	1.57514657504694
NaN	0.131210924464916	-0.0110225635618321	1.47836486289539	0.455294645027172	0.735609158130182
NaN	0.121059939432751	1.00503598422141	1.95497000956621	-0.295793431828626	1.0451738923395
NaN	-0.0568453169435666	1.60700899172294	-0.181823293897598	-1.16665222372632	1.4494753838516
NaN	0.0408538385130113	1.63147864348015	0.391497330556949	-0.108519590208333	0.579035879636461
NaN	-0.0729277228290997	0.883351377672435	-0.777272543415494	1.00947014520495	0.212461687591934
NaN	0.0816453220438702	-0.532353030808028	-1.09056978875018	-1.0039609593124	-0.904051504886312
NaN	2.61490276804451	-0.422825983622901	0.911325935982371	-1.16030052586091	-0.0630912909489919
NaN	4.97665514052804	3.1259655137956	3.84020824521147	3.03032040949876	4.71293068141363
NaN	0.911913843349498	2.67665517978952	0.151653000434821	0.968807648085865	1.95200935439881
NaN	-3.96108054552885	-0.97820946867901	-2.94698754462314	-3.00344816864173	-4.12610088971249
NaN	-2.36995497825259	-2.85977444817102	-3.15616734377908	-2.81655847893418	-3.77649072639354
NaN	-1.00176734470047	-1.87815779187264	0.733010042066704	-0.50779200143961	-0.919086838094903
NaN	2.07195426427909	0.150465670099076	2.24486758304095	1.61712155375684	2.43020956036466
NaN	2.76476204936545	2.03288014146122	1.28922279460184	2.24379973724008	4.16274531078602
NaN	-2.65694126335129	-0.0084716740823058	-3.73246761696698	-0.949433042430518	-0.199214147856549
NaN	-3.52068499877992	-2.82185836474028	-1.71078225823085	-2.44054441766003	-2.5404312158663
NaN	-1.53930809310637	-2.79823825430931	-1.10429067230853	-1.7577008943353	-1.16129056769688
NaN	-1.42906452450703	-2.43665648229999	-2.7580218084624	-2.24524127602353	-1.7557998519446
NaN	-1.23986316015932	-1.68147923414931	-2.35710034224896	-0.515226063360337	-2.72242284341744
NaN	-0.983323481037069	-1.30229883082021	0.31718754448816	-0.367208392533587	-2.60901761101784
NaN	-0.655098625086452	-1.13309499741033	-0.365260628315728	-0.866406125330571	-1.7663738925136
NaN	0.380296037696476	-0.632539837355203	0.251926901874482	0.525250328950319	-0.781564535583434
NaN	4.53774018049793	3.07706443519714	4.71346447045058	2.57148965232188	3.46158000305788
NaN	4.04965989374115	4.96413643063102	4.54951504148245	3.09728727459054	4.48878602361025
NaN	-0.525951794924311	3.28219537221173	0.512121091103044	0.473554056838914	1.23771273978595
NaN	-1.78707414244004	-0.146405686322085	-3.16117251452049	-2.15593171411223	-3.83910969533254
NaN	2.65986797796377	1.13452053561581	3.68173594802345	2.4483051880979	2.49809523787114
NaN	-1.27444722420119	0.684099714662277	0.622384920444036	0.743014947034318	1.26275812896153
NaN	-4.85735162815657	-2.60087390131847	-7.06879194173627	-3.80256107551535	-3.29050324961483
NaN	-2.66868054967775	-3.9183420006481	-4.08796022164244	-2.45454900470627	-2.69810045040141
NaN	2.73678362862079	-0.339958902449081	3.54896852583788	1.96576841106786	1.62407412843652
