NaN	-1.04248085154167	-1.88361792693781	-1.84850358837218	-2.4986409066526	-2.5860260873301
NaN	-0.617714131545942	-1.18695909586943	-0.502376792781174	-1.06176814804326	-0.421616492468735
NaN	1.99107922118292	2.09052335555301	2.7525036175152	2.73399912454187	3.76390532894235
NaN	-0.30292604692547	0.572688690305841	-1.87271275255196	-1.09721535433972	-0.203963458790078
NaN	-1.62796570430248	-1.41289132823518	-2.29621511232057	-2.71570920709876	-4.5450648172321
NaN	-0.617417415488173	-1.58035199966997	-0.335303113334314	-0.526650762771521	-1.20750821117413
NaN	1.88620196945977	1.23505911961467	1.96354324127134	3.14364135546848	4.38432417344178
NaN	-0.23862286731213	0.411725865603265	-1.14569760317903	-0.609005821050656	0.160204693525047
NaN	-1.23908629754991	-0.999479099020315	0.22123314678735	-0.49677557313112	-4.41808618517158
NaN	-0.392644357466541	-0.62730824974236	2.48237808578371	2.09706391234349	0.723490516835233
NaN	-0.147016070739358	1.05654862889594	1.97495191781841	2.20247615814222	2.58147550309141
NaN	-0.229239779696574	0.83267133565769	-0.231226991663079	0.0822891622951599	0.579353952135561
NaN	0.12642371086996	-0.360369824513562	0.0552908439427759	-0.192354843862149	-0.288449306230294
NaN	0.0559737581931035	-0.149442654740497	0.71278113669081	1.0948850961986	1.53024030043007
NaN	0.0552010712972447	0.513378088118062	-1.03612316916236	-0.689785058891487	0.0237233389982716
NaN	0.131093342272267	-0.00289774962066044	-1.6606391414738	-2.3503696763102	-2.33266755843254
NaN	0.269855533666654	-0.389223822069771	-1.22397353171997	-1.52262414192153	-1.56922645928744
NaN	0.150644523528199	-0.560075695355639	-0.367958264689113	0.600605217587686	0.533895800260634
NaN	3.67388251618139	3.22586275868576	4.80215490167759	4.37729812737666	5.40107959507953
NaN	4.98586695820621	5.03189909277863	4.65725863619368	4.68805269200558	6.46052695008707
NaN	2.32639314685676	3.8423052619968	2.52053906704666	2.72120098871611	3.57660984822791
NaN	1.36076844173157	2.13720051337438	-0.41921962624594	0.778125041998995	1.80449288310796
NaN	-3.13665852292509	-1.62839924960786	-4.47342321595703	-2.97735414765144	-3.09775017037528
NaN	-3.39312054079238	-2.43112429649115	-1.314842786843	-2.78494747906427	-4.3190642307181
NaN	0.826261919196202	-0.272982135976827	1.55509265398418	0.813618214733338	0.934508186375961
NaN	-0.0981960849220657	-0.66815572688991	-0.633533251498473	-1.00921587466967	0.129147497350664
NaN	-3.2567324095139	-2.97872116688415	-2.68030438159158	-2.82901692733371	-4.94314585755034
NaN	1.50050982102448	-0.0167780539099472	2.25773313661512	2.0908056789136	2.05758553640063
NaN	-0.170429344939866	-0.520642362330152	-1.92494501791654	-0.181893961991246	0.689639150823881
NaN	-2.95923543966031	-1.32538890903589	-1.2311529546877	-0.360668639615912	-2.91204131564027
NaN	-0.731933798987126	-0.211509634310078	0.140910344103279	-0.810962795413554	-0.736154843277301
NaN	0.395617536857841	0.271349988423898	1.48589343784353	0.0639063771271593	-0.0933492807548749
NaN	0.421809942209837	0.559907615551157	-0.472702533387452	-1.02983910232352	0.519355273813468
NaN	-2.38801186223045	-1.67393618747357	-3.66443799534267	-4.146558613162	-4.55531290813958
NaN	-2.08680771582574	-3.56782090225478	-4.02281591180254	-5.1529137269358	-6.64638112680625
NaN	-0.9640043479359	-3.87412778502251	-2.51979667823485	-3.67026404214308	-3.21861939529524
NaN	-0.950367597714466	-2.98415178493976	-1.78495513424442	-2.42844292715964	-1.6637103608101
NaN	-0.730226940490638	-1.98972763782416	-1.14693112211947	-1.7503513998131	-0.57380607323928
NaN	-0.4149898594531	-1.58526082983659	-0.760745222520099	-0.22074957107014	-0.926626337721805
NaN	-0.20432677543606	-0.969185955875798	0.288900882426031	1.49206232382641	0.97321920445167
NaN	0.0485568335931707	-0.372596735708358	1.88163827133706	1.62951333393118	1.68867983969505
NaN	0.0430414805023527	0.231340350394225	-0.135935190155475	-0.269712352883086	-0.136485864941226
NaN	0.482360307896397	0.56619155078136	-0.205190496445011	-0.480317927419819	-0.490224539819671
NaN	0.362638901376452	0.79433909812308	2.58130599326606	2.37473445031579	1.13414131008078
NaN	0.354545917497861	1.22322396174734	1.14414205198827	1.36583746535512	2.07854491355369
NaN	0.565514021339899	1.333250235992	0.440472865414341	0.562554739294961	0.224701130370565
NaN	0.565359371736951	1.15492917952277	-0.415965298821857	-0.36051554059947	0.0444564368721262
NaN	0.668054389160255	0.513962323324683	0.182905272705007	-0.032312628713268	0.0350906657270706
NaN	0.79093690840321	0.408188651053698	1.80779794322258	2.09513470951534	1.59595536417158
NaN	0.531308684246944	0.581464671577798	1.56682518611929	1.83507116139649	1.62571819747446
NaN	0.746673208941927	0.854549888614573	0.389590569764986	0.917659641608434	1.49755119220024
NaN	0.54675969621102	0.930630196842158	-0.662645783185821	-0.401650241651658	0.44425443142131
NaN	0.578054505784608	0.859526404721993	-0.116600993593199	0.363345641358719	0.457810022967973
NaN	2.62517757255023	2.84083728263147	4.29948113671582	5.2704570453929	4.59670310635565
NaN	4.07732876338056	4.72374142583132	2.93680405875637	4.43280157602363	6.92065430332756
NaN	-0.894110283875821	1.48915281366463	-2.42316491028624	-1.28600644825062	-0.255496464569734
NaN	-2.08091658817423	-0.620793974939888	-1.30635302517688	-2.40066259253046	-3.36666402814228
NaN	-0.112439806863617	-0.928842222860021	-0.288326487566591	-1.34757646703824	0.443869425487337
NaN	-0.297252764880978	-0.574165232120644	-0.402116068517516	-0.782366853965271	0.143312055667461
NaN	-0.457280144399079	-0.5862907591464	-0.422183264420426	-0.564811027330744	-1.89691395359615
NaN	-0.363802774305597	-0.512742258722396	1.20929840980987	0.726359378762201	-1.34150270397222
NaN	-0.355638551529688	0.70526856630738	2.43643276283134	2.3973266744489	1.61618026957887
NaN	-0.10955580647057	0.966014507518882	0.798794065651202	1.10377996291437	0.44017837001287
NaN	3.87150017273531	3.57116714137133	4.03097724336685	4.65904010616872	5.42016358856107
NaN	1.57357764682099	2.06053423049814	-0.464361305586844	2.06331858707735	2.92794443911961
NaN	-1.51473525912979	1.07387679834551	3.03442845605001	2.81301595587485	0.610316983442384
NaN	0.958716000693269	0.889594590429767	-0.61721044086182	0.272940763233123	2.28794262495196
NaN	-1.3863582907295	-1.2723118564919	-2.42079216698996	-1.87241547697451	-2.9463589468147
NaN	-0.141925330580361	-0.160558765122084	1.22720093326104	0.26735712702013	-0.878395801253842
NaN	0.367763777546337	-0.525206247187385	-2.48118010906537	-1.47137825709764	-0.231552597449259
NaN	-2.0289278378628	-2.44698884671016	-2.04521926619585	-2.35117880468202	-3.67078713960747
NaN	-1.89669587815797	-3.28936378189263	-2.4451385578251	-3.96502075961219	-4.69216276600818
NaN	-1.28477580787416	-3.00294621647869	-2.69159800199303	-4.22180246293204	-4.26793002885879
NaN	-1.24373134967601	-2.45625743284047	-2.19441672800221	-3.35259688329766	-3.2910898259885
NaN	-0.930520021331597	-1.82133307923138	0.381700514129263	-0.335826340463948	-1.6058781583545
NaN	-0.86325882645906	0.0170164976182687	0.849947016363403	0.367726567406401	1.02764874274362
NaN	-0.575070141846566	1.01388999123788	0.295470052049297	0.141614876706443	1.47775807593127
NaN	-0.472618435391899	0.333077005585895	-0.907907778932639	-1.0269151518336	-0.0527135047588326
NaN	-0.24569719308966	-0.864895250149762	-1.20168562308239	-1.40182233112544	-2.92307430269583
NaN	0.626908029964217	-0.397551798609929	0.687285863268121	0.887738247442905	0.474659094917262
NaN	2.17632836905812	2.02860908775312	2.97124528579067	2.71141547726648	3.46196854650762
NaN	0.475255257172643	1.04338205780121	-1.43168442599808	-1.08901545895459	0.494135384329619
NaN	-1.69100317922489	-1.28827199535675	-2.84521034542572	-3.11098892368228	-3.85695578922746
NaN	-0.951035611737634	-2.69535118810747	-2.11655030741937	-2.84442605284648	-3.27559361240186
NaN	-0.177373734648338	-2.4312259629828	-1.45993530772279	-1.49910110448201	-2.04608057911797
NaN	-0.283742780669245	-1.63422472328501	-0.944085292910072	-0.905715773295608	-0.908889654203313
NaN	-0.356177561155531	-1.20027603040007	-0.826868876717137	-0.999462793489592	-1.08145301850997
NaN	0.0285570894671538	-1.00692448907844	-0.417426186915352	-0.722710044366732	-0.244169799619391
NaN	-0.0541028697826055	-0.613587677338257	-0.0738117536387514	-0.367568147528556	0.445511027911754
NaN	0.159303874068835	-0.357151691268188	0.172388866588978	1.68357618434876	1.27873537995479
NaN	0.0538946609257894	-0.0078480934852668	0.313485526667242	0.76664102822336	0.756325252719599
NaN	0.187452907426785	0.24356811830129	0.691982598479949	-0.0529610190761536	-0.305724049164022
NaN	0.0644205691671181	0.329583095619696	0.86022558565366	0.581388634512648	0.530264536069416
NaN	0.30351195132752	0.490063579749872	2.03083347300813	1.77111560557173	2.11151889243141
NaN	0.388626082337929	0.728244629905083	0.860262010408752	1.16467071051396	1.30780790921074
NaN	0.431071503943123	0.709886711312109	-0.142685129030743	-0.222048110563313	-0.353366679616209
NaN	0.215777530561737	0.761216544344743	0.092964283683641	0.185100527717617	0.0353281456636675
NaN	1.52751518174982	1.78895648787933	3.82898823570621	3.81228330217754	2.54906915457318
NaN	5.13763901381461	5.79128611344672	6.00491450057894	6.69335822778069	8.01189733687834
NaN	4.08713288749466	5.50229716236041	4.87760922630224	5.46615933163436	6.5502456748827
NaN	2.18394885797376	4.27963876692971	2.77367409198036	3.57814096288908	4.36959840431937
NaN	1.73978618304397	2.87454583763465	1.25688970138123	1.83972973424031	2.50981945669456
NaN	0.99920572579616	1.74313015661571	0.685955785268286	1.07835728443955	1.83529723537516
NaN	0.158944798163683	0.776135532462266	0.130422003384207	0.666555890021464	0.959132576314479
NaN	-1.48684061389147	-0.629741000340644	-3.49197108364902	-2.91039767792698	-1.61884208268556
NaN	-5.597649953004	-4.27057975720567	-6.71026900526336	-6.72436176568317	-8.36790363050429
NaN	-4.50295048767525	-5.30200158374869	-4.56669476460429	-4.91648507579428	-7.50688667056189
NaN	-3.10086581633968	-4.22627161884499	-1.28513078217587	-0.669533744677632	-1.92816861367638
NaN	0.0622707110421164	-0.72718158602487	1.57793245774967	1.73577614429224	2.38364321998301
NaN	-1.31567058796024	-1.53464076925681	-3.40856448327743	-2.75418693136877	-1.51703272509431
NaN	-3.94725141754812	-3.34110255919003	-4.43333456028649	-5.79718220300666	-8.57278639067838
NaN	-2.30982701752623	-3.30153499942164	-2.56157630852796	-4.23651792773464	-3.50876380615379
NaN	-1.39605914204626	-2.33960889155843	-1.19541422304681	-2.35126136235296	-1.75418618889724
NaN	-1.27586469728017	-0.80052190101569	0.156246523797822	-0.704118249597417	-1.37309477464631
NaN	-0.947838227102043	-0.768689943507978	-1.52638086318528	-1.86894002462946	-1.66782664459343
NaN	-0.485891020756171	-0.955875540301882	-0.77009077303921	0.169311612880403	0.932604556013011
NaN	-0.196416319206841	-0.680960889179135	-0.594153904333201	-0.396355465065007	0.931679678207869
NaN	0.168472349594896	-0.628671050513118	-0.301632876611973	-0.139593616589575	-1.34753074002037
NaN	1.03252196211928	0.75745162638841	3.51800150059917	2.68966158493465	1.33322236720633
NaN	3.41801966952659	4.26505459706091	4.39705203310506	4.86558775978912	6.58895931321414
NaN	0.325398520482211	1.81988641510212	-1.49017238251868	0.377386745896076	2.24653289560729
NaN	1.37821515854002	0.983614192854592	3.01110580381922	1.8746333837826	-1.03604117703814
NaN	5.04797541028994	3.75044934281246	4.59074720971028	3.82114985860346	5.62935537912174
NaN	0.737092470867304	1.42265564025028	-1.96060518541894	-0.798627943328898	0.897043433789723
NaN	-2.38833446339497	-1.32380160162579	-0.447858738345208	-0.869079182835592	-6.00297511546738
NaN	3.97755714333121	2.26376705353403	3.78936151442354	2.88937036432826	4.76587252131287
NaN	3.30489955514353	2.74897636550039	2.25730732656803	2.60066759909217	4.39602712392942
NaN	-1.64821758167901	-0.201014869424855	-3.78435083785236	-2.10450364745097	-1.93446444852645
NaN	-3.85292326919764	-2.35081478815893	-2.06916803752032	-3.61354286714871	-7.77476260678472
NaN	-0.775409015761052	-2.26574868638024	0.0926204955243262	-1.34128424560844	-1.46739700737908
NaN	1.91939161150788	0.0178148112482654	0.357990846986386	-0.340445612360058	3.02465621977036
NaN	-1.50734131849316	-1.37456508591541	-2.51509767433443	-2.63743129604941	-2.56619079133045
NaN	-2.09940188862049	-1.38527724729864	-0.112493522941042	-0.964303251342501	-3.21728529685792
NaN	-0.445731548415123	-1.62452293689499	-1.66915513838694	-1.91512185092604	-0.706700636952219
NaN	-0.732525199787555	-1.91146594806026	-1.66764323511178	-2.1661958906751	-1.28231750112868
NaN	-0.324893972006206	-1.62375558863084	-1.02455870980296	-1.34681925469222	-0.546360297122384
NaN	-0.0764087547029561	-1.137753302002	-0.499382395983313	-0.584854037958321	-0.572549919873649
NaN	0.0284558297306155	-0.66739599691653	-0.289351894154492	1.51648695834826	0.497691526453972
NaN	0.365994907769964	-0.0841789359640775	0.140385795495138	1.90674674439433	2.90028080351505
NaN	0.336244938585998	0.425729879792968	1.92021539591296	1.69312631204966	1.16025863491608
NaN	0.246132713823005	2.38902561325454	2.79304541623755	2.60360004168006	1.6577519732681
NaN	0.456739647856692	1.70050073925828	-0.310062000539171	-0.00210279427419294	1.26059819948292
NaN	0.532867781080262	0.248952673845541	-0.531425714969438	-0.730298729342795	-0.397192986655346
NaN	3.71108223571549	2.82184014966498	5.33540627277683	5.27029318163772	5.44275162299479
NaN	5.1415177406072	5.22493159041403	5.19002911691485	5.85352242579618	7.22200253636321
NaN	2.79956208073503	4.37244867221986	2.97855388512984	4.21975076988761	4.58744959985633
NaN	1.28774963464884	2.74967624417447	1.33456969980004	2.15692425379448	2.06079902461087
NaN	-1.42063144516527	-0.664732488980659	-3.70164831089365	-1.65772486159594	-1.99378450828304
NaN	-3.18419253231402	-3.4969889078442	-3.75847175839217	-2.46120005489108	-3.89192520322837
NaN	-2.11263332742878	-3.59455810773269	-0.199300956575506	-0.954441142113626	-1.1100682313963
NaN	1.06703289577149	-0.101779401698096	2.30567806304558	0.686901545592448	1.48398534685997
NaN	3.10377632035288	2.73736216978357	2.83014178232296	1.66001578093509	3.1268354514327
NaN	1.2248233920261	2.06684452850777	0.219619079389436	-0.329807775873342	0.664394987504489
NaN	-0.300684287383929	1.08846247093264	1.57871042498414	1.12406013145305	-0.572465804057759
NaN	1.43987343181677	1.33512515546754	1.11200977502123	0.896660403168958	0.967549283168097
NaN	0.571271460132425	0.81501088020114	0.125508987382745	0.267740906683586	0.421858431701162
NaN	-0.246303998415923	0.386660685463778	-0.555556092102694	-0.772595888281864	-0.997232220294618
NaN	-1.89693094712714	-1.06796687789118	-0.888898432971786	-1.54830072085231	-2.41783256096399
NaN	-1.21119202263511	-0.665789609610801	-0.619758811296603	-1.07635778337203	-1.31554110793714
NaN	-3.99233516010424	-2.08595622166147	-4.85493151007425	-4.53645023419729	-5.25205385791512
NaN	-2.74622450514462	-2.28707819564355	-1.92678493085697	-2.46279625463022	-3.50754388239354
NaN	-2.75138375051655	-2.57984120198644	-3.41860668647666	-3.72609954328619	-3.39093022958561
NaN	-4.60977597571182	-4.48774830563813	-5.64131816074589	-6.08341418553005	-8.12254649699163
NaN	-3.13177848982968	-5.35815924596061	-4.78834362620143	-3.76456423821955	-6.60690452625619
NaN	-2.12640866527628	-4.50813136017908	-1.82186739919379	-1.43742119050344	-1.75133924756072
NaN	-0.750345256631214	-2.37247306321505	1.21270360312103	1.27067485808016	-0.11465480139539
NaN	3.39955577026243	2.3184103325107	3.34974364064437	3.16578450200893	4.2797458705078
NaN	1.54647781268988	1.8437836925073	-0.593484332532996	-0.179869367003146	1.81657854785948
NaN	-3.71694252520457	-1.38678180275785	-4.40580585389438	-4.77294884170913	-5.8764084858785
NaN	-2.17498275620744	-1.80818746540794	-0.632827867733764	-1.955662061129	-5.07430373139466
NaN	-0.2864694587832	-0.452484443575396	1.6956483849851	0.872982396485558	1.90382736148396
NaN	-0.481818883862974	0.411492935961359	0.943198421993543	0.734609279581575	2.05649716768222
NaN	-0.242563337721733	-0.0516606729534597	-1.7146592161228	-1.4656567104297	-0.400591299238631
NaN	0.324507385547395	-0.715550354153566	-0.968575469305818	-1.11578213026176	-1.91613524770405
NaN	0.466701750984622	0.572998325796787	1.57581263120189	1.248086787595	1.51912940467676
NaN	0.74782830521547	1.3021662771457	0.625278137687051	0.717663411305743	1.98974698163333
NaN	0.974742295392434	0.163647652321913	-1.22591311955832	-1.15852297306424	0.0579893826897177
NaN	1.01153031325015	-0.873524230890217	1.30197521929852	1.82064107087778	2.19843432706046
NaN	1.44335788790449	-0.161221700023367	0.87184124607076	1.44348763604564	4.50869754666489
NaN	1.57095362019245	0.613653211552154	-0.553883605959277	-0.680333132822162	1.87252408325616
NaN	1.15738271126234	1.45199615297868	1.2678589404475	1.23841605199582	1.38405128598017
NaN	1.32312884825352	1.17243086552006	1.39905477504007	1.30890742900621	0.924528953059744
NaN	1.3161451598482	0.646199405181398	0.755063807915649	2.10611698163518	0.997908778868421
NaN	1.66438791265788	0.961836907263037	0.333515332699172	2.40944094993808	2.22185019721234
NaN	1.09322806062365	0.981223644417354	1.36526122067206	0.855171563120479	0.774968973404063
NaN	0.799463376657838	0.840846699161114	1.62137317659601	0.892876748788205	1.56102488537736
NaN	0.958742570592605	0.838256681032488	0.381204033627194	-0.0460302804230322	0.88376088625488
NaN	2.42182706907234	2.43950336509638	2.74548636914946	2.41316448637302	2.25523945822037
NaN	1.21240039986263	2.62624389221182	1.88744761287463	2.27241012036316	1.93063094916541
NaN	2.84269574989742	4.42151887715505	5.02315862522556	4.80146335232189	5.01781958244906
NaN	4.89294089964213	5.07340228100709	4.3892853014884	4.48455746261317	5.89257828244221
NaN	1.17996487643841	2.68780652743911	-1.05923632007971	0.0896623917406482	1.60199170283247
NaN	-3.81407058124595	-1.10060344824298	-3.25620894401548	-3.33681123486001	-6.84743804815659
NaN	-1.96556695991659	-1.72949347741238	-0.614721838006216	-1.24698091034901	-3.1009588729668
NaN	-0.143436888142579	-1.24343328725633	1.54188221314696	1.15537133819871	1.4283765018058
NaN	1.63478636167236	1.03254155363667	2.7931111357314	2.98934818191581	3.82883523578093
NaN	-0.606241045549258	0.219554049016484	-0.531780386565271	0.857573540936424	1.23808800270102
NaN	-2.71341951918081	-0.667698690450765	-1.26711639695254	-0.0372764575678151	-1.82710597628186
NaN	-1.56699278996813	-1.0045769402387	-1.47577115195763	-1.44968683120906	-2.18780776192709
NaN	-1.21188174252313	-2.1768534343166	-2.92885283649834	-3.56039130210664	-3.65542927162703
