NaN	-1.02604153493905	-1.28057287374349	-1.1486866822452	-1.66229075120844	-2.1685967014343
NaN	-0.630865659147817	-0.856213978047828	-0.880928550779248	-1.1522112113867	-1.17815113961456
NaN	0.116834758295055	-0.616893758116852	-0.572614068099222	-0.59399244083562	-0.435396557281997
NaN	4.27682324322219	3.2180430898922	1.71768272657495	1.21761699741983	4.23992970136135
NaN	3.68787972256789	4.33828102524989	2.70149494023593	2.4039465473179	4.77338596057071
NaN	-1.06916281217584	1.92458450847085	1.12815535952953	1.51213950980991	1.44087753513515
NaN	-3.60753103971459	-1.95269717303204	-0.737976214117017	-0.254817274791985	-5.37203028084704
NaN	-1.57460996159407	-2.48142389890439	-1.34236992923111	-0.94408759872582	-3.96177543881334
NaN	1.33170616273398	0.174541737492125	0.755332988833508	0.456377166541963	3.37537201399156
NaN	-1.55235394952807	-0.874499994298457	-0.365073133735118	-0.256661031053134	0.317819436589522
NaN	-1.85589624562168	-2.79539152982984	-1.81019589333079	-1.15975421889719	-3.70374054611341
NaN	-0.697547278724492	-1.58269602087934	-1.17477003762788	-1.17529315104036	-2.07595505294173
NaN	3.5793038197413	2.36409178831635	1.97799425137111	1.35652678353794	4.88895151720383
NaN	1.25067409655038	2.21383666535517	1.40944719592513	1.19607865509728	2.68956683634779
NaN	0.570187141069741	0.266787290329813	1.16118343986245	1.45148059448082	1.42815253128852
NaN	-2.30290492686236	-1.27763593570573	-0.250046480894963	0.101578184652603	-1.76716965278265
NaN	-1.8734355027004	-0.690443503093429	-0.596135682505482	-0.0876843241771694	-2.45031127749591
NaN	-0.712234644040781	0.162048994989055	-0.176924735095803	0.166240059833302	0.608527609657994
NaN	-0.886774126845073	-1.75708453923717	-0.769285137226798	0.733904622566044	0.922644172090159
NaN	-0.626963505259572	-1.88417411729383	-1.67658753934076	0.34313463299347	-0.505731174587502
NaN	-0.355838995298789	-0.821566157047468	-1.50388437047063	-0.046915163218071	-0.669047449716573
NaN	1.44425540758273	0.110362494907692	-0.678642388900508	-0.875476782461813	-0.502862640382406
NaN	4.53710028535291	3.62151444285568	1.8744147215483	0.058939384692369	4.02564667990562
NaN	2.62414051274324	3.30348928632032	1.67028871858388	0.35575164912676	3.34238585499622
NaN	-2.82716403327279	-1.46793690349821	-0.746886837050109	-1.08337749969842	-2.23540071824444
NaN	-2.36887132490945	-3.80808164683906	0.051392802634167	-0.644926463893161	-3.67230631996135
NaN	-1.06708055372868	-0.562849753646399	0.480127548651302	-0.750534301826669	-0.56715721108054
NaN	-0.630684213251356	-0.0402487556986253	-1.29510720780911	-1.55712374097142	-2.32781962047935
NaN	3.69268206913759	2.50825187341879	0.452024007621226	-0.168780249749088	2.55456136087494
NaN	3.51236341325531	4.43664769527959	1.9947139949601	1.29772086371654	4.16202811091707
NaN	2.35922578313434	2.85918522041872	1.30770642533136	1.12480092415152	1.95478620897751
NaN	0.978604347462576	1.52520956961473	0.703202007882115	1.73148442836955	1.59127572642624
NaN	-3.71095677535888	-1.93620660298578	-1.20055110221723	-0.428765213439029	-3.64875251204338
NaN	-3.49489316011681	-4.40857215255605	-2.60720937887522	-2.39524965844925	-8.2842797953544
NaN	-2.01523777236446	-1.56576270159788	-1.3121414988351	-2.01037111532375	-0.840718900272179
NaN	1.06945472109631	1.8161499319295	0.583135944701523	0.0889978369781733	2.31502235857565
NaN	0.362641762452311	0.659647481782411	0.33339319469213	1.2157708969271	1.98504616303908
NaN	2.51110107942988	1.00398031082182	0.581283503932128	1.79127197267031	3.41605351893122
NaN	2.20997612600108	2.11260811635569	2.2402789487111	2.3307460779499	3.50560770907176
NaN	1.12259950613251	0.998206035996226	0.980997815741595	0.559965706195888	0.317173302244955
NaN	-1.77308225823298	-1.24884297993245	-0.970828243257365	-1.09102820995511	-3.02745258486153
NaN	-4.29367535945665	-4.85387144657576	-2.53797689915228	-2.57090641899943	-3.12764336383937
NaN	-1.63099475740183	-2.92997756698598	-1.72557609140168	-2.47642125199931	-2.31338324680984
NaN	-1.53871977690346	0.427951025868549	-0.220340565010093	-0.761121504942284	-0.417649193627143
NaN	-2.00138199369502	0.287213622335895	-0.0698761129715703	0.127880426181268	0.946082671139347
NaN	-1.40867490778174	-0.454397822981496	-0.0937078647264054	-0.420108749178117	-2.00214710942571
NaN	-0.841491935365449	-1.27624444154293	-0.214528838235203	-0.886319909899858	-3.56828666407341
NaN	3.47181426639886	1.68479035503572	1.75805866577881	0.94151117961854	3.67938062478073
NaN	0.94525065203748	1.68166428468029	0.862842623769312	0.478234602613598	1.12602717879855
NaN	-2.33773624904917	-2.32235325837366	0.346673599695527	0.359267020913594	-4.73004161254397
NaN	-0.786561150962109	-0.325541509143522	1.00829534013073	0.920658423582425	1.38211992332674
NaN	3.02072917708325	1.7468571859929	0.86797767154604	0.926572711045276	2.98221133489778
NaN	1.23168542128621	1.08865675628219	-0.484047965970147	-0.036043373055227	0.12471846958758
NaN	-1.89773002775991	-2.51175035504923	-2.01770663534137	-1.31200449322904	-5.76988120223947
NaN	-0.766348079021044	-2.89563329529107	-1.85503332575642	-1.39631855027848	-2.11743386125395
NaN	0.0380263221612478	-0.763049703750624	0.219544363593332	-0.18845873652259	1.99291050220753
NaN	0.168710243356746	-0.382814621987363	1.21372362836948	0.924111180743113	2.03754247416552
NaN	1.27157748057839	-0.14349281449358	-0.0288891213296212	0.348098667811322	0.463122996863375
NaN	1.71693442612161	1.91429775994952	-0.200908797829819	0.352121023090607	1.80227854995389
NaN	-0.361484932917693	0.0802842499291725	-1.03869615606603	-0.468351753928972	-0.534259117631101
NaN	0.149553008710018	-0.657880852252222	-0.950656093585468	-0.643037113797238	-1.26088751930327
NaN	0.456047147792546	0.420870672735062	-0.382157466120877	0.374646442782568	1.53657842877992
NaN	4.43020541770137	3.43368855564758	1.16526800970284	2.72479387264534	6.16381554194326
NaN	3.37722195960082	5.06950003374777	2.42457035176776	3.33154153249802	5.51187716742904
NaN	-1.78037877360728	0.202177528227886	0.00116225063209825	0.648985216548512	-3.10313006696654
NaN	-1.48386817026993	-0.923393897075114	-0.386895627521062	-0.67150505926483	-5.3890477176092
NaN	-0.215632399056788	0.593702534119932	-0.334273595381472	-0.504624970149423	2.57032781922819
NaN	-0.213186459485419	-0.623247787594026	-0.214588625522804	-0.283543501998489	1.41258447697218
NaN	3.98362909111296	2.10804748982624	1.44588801707915	1.38946623997718	4.3809590621904
NaN	3.95396326999847	4.84674941295533	2.72830532464932	2.9265643739189	5.77322263416521
NaN	1.69596992154163	2.90984764979492	2.11121849427383	1.4115380944801	2.19120532969874
NaN	0.467819274849916	1.32717309222699	1.18364901521794	0.31147428258268	-0.017437538975283
NaN	-1.40778114776084	-2.01102808160477	-0.926575488710394	-1.36905919440881	-2.06804745302049
NaN	-0.51603782410164	-1.17880491518707	-0.60675813829295	-1.37575228045985	0.66353222687456
NaN	-3.57940278202358	-2.95530749870213	-0.506193668833254	-1.11861690697183	-3.00156437649779
NaN	-1.61630007933469	-3.14420007823311	-1.07177664734493	-1.51712751709618	-3.97490923021278
NaN	1.93388689465971	1.7157117859932	0.431598453274937	-0.0901594777739195	2.79850887434269
NaN	-2.43811986449263	-0.556877060150289	-0.25211095514901	-0.592636494388987	-1.28916854139706
NaN	0.812291934398448	0.05404090563	1.42871889540091	1.75215399944969	2.03705329615519
NaN	-2.2939145893782	0.318405862938956	0.728183663938004	0.897264378331997	0.176739960509184
NaN	-1.27916396868822	-1.02444572580405	-1.28505518475652	-1.05573457947373	-4.92928064686906
NaN	2.58327184012187	1.45587116024131	-0.177627130590812	-0.322378603642538	2.04173710045174
NaN	-1.57510902537378	0.6895801981404	-0.122705735020427	-0.651290601617875	0.157372562757537
NaN	-4.2494972413299	-3.37654805114054	-2.10617356098357	-1.80323105176541	-4.94807145977294
NaN	-2.26066727392894	-4.58065568295669	-2.43034781719344	-2.15003726731038	-2.46370327104995
NaN	-1.36740691581441	-1.87164309138026	-1.46912741935883	-1.74805574137436	0.339083007982978
NaN	-1.01499639883088	-0.0447694327969941	-0.652867762695978	-0.835065455527991	-0.324782828610622
NaN	-0.764737839509871	-1.72390587776252	-0.113200214389295	-0.402863538540644	-2.44074939341976
NaN	-0.460769251942207	-1.9098008966425	-0.660664279919402	-0.428399866788638	-2.96750662176703
NaN	2.49152062712728	1.46898544618828	0.00386782025107147	0.780554821162856	3.53346473974299
NaN	-0.416212153301361	0.527559017956997	-0.312474784580169	0.441015258481538	1.48134073488494
NaN	3.06601606003142	1.25043080323262	0.62425491978387	0.550847172613939	1.14977740518239
NaN	2.76280869847897	3.76248947229528	2.14234291375337	1.70631636467876	3.47840504441962
NaN	-2.39476236384453	-0.978050728415778	-0.36883162964321	0.26443323749702	-3.79933669896262
NaN	-1.64683874496331	-3.67126050872245	-1.37968259115086	-0.810879693898208	-9.30414722269956
NaN	-0.377545637931676	-0.688824770050967	0.649087164775753	0.189658744639678	1.45390672787217
NaN	-0.144655292665939	0.137906287135952	0.579645827847454	0.189985443239818	1.47901768623324
NaN	-0.226013366247731	-0.120144032340046	-0.913246295466511	-0.470347634571202	-0.553969596656678
NaN	3.78047308094633	2.60726887270388	0.80588373454673	0.724950463379084	3.7653217657689
NaN	3.28711161904016	4.6573640860837	1.95248061604118	1.73305872168119	4.06696802902858
NaN	2.80236812245019	2.649686262736	1.43720296217027	1.81205935987819	2.05523077650408
NaN	1.64443374603928	2.67695700254171	1.36923355097693	2.63374485351376	3.24669978991709
NaN	-3.17806465370594	0.091878061368057	0.885114197780703	1.57076330692838	-0.848520124063659
NaN	-2.80479743744711	-2.36596201066742	0.380210535583397	0.226235099019645	-3.61722555572816
NaN	-1.29020142938867	-1.40989072709914	-1.4252063210785	-1.30328874881051	-2.64150527679625
NaN	-1.00128584671909	0.429934183026096	-0.940285734474577	-0.982408574328517	-0.608564193748604
NaN	-0.788409614922334	0.00657344544168128	-0.468011694531384	0.309920173954695	0.810688670924136
NaN	-0.479917821633616	-2.118150681601	-1.37877673671249	-0.607271898265782	-1.06820857772014
NaN	-0.245837199562826	-2.0314706086941	-1.05635587970001	-1.66638417639257	-3.14641788282053
NaN	0.975104082340485	0.516414034780692	0.0461257119768741	-1.01678811783897	0.952172746002988
NaN	0.0204570551175757	0.634659949708917	-0.0807688571802768	-0.940069838395335	0.681475089402986
NaN	-0.553004649292608	-1.473933785657	0.501209738318026	-0.0694836620145963	-0.00917502467383066
NaN	0.382775966009186	-1.20470549687716	0.286599425855256	-0.0392989961626302	0.598012876284182
NaN	4.15186463655578	2.43696824000748	1.7573672753401	1.13122817524843	5.61631760515717
NaN	4.30550697451176	4.21325518299831	2.20173208234753	1.77270616874203	5.69339658743846
NaN	1.492004902883	2.24531847280578	1.79894563419034	1.56057514033787	2.9112937708121
NaN	-3.3141944982037	-2.70644655145607	-0.00290992711142706	0.227630120614088	-2.64419487223173
NaN	-2.1805839864641	-3.4810862799493	-1.22116871495776	-0.852020911525514	-4.50121637317071
NaN	-0.821499086360683	-0.722630769547736	-2.35371553389137	-2.02293245596625	-2.37391685958912
NaN	-0.859689493663428	0.727528050355997	-1.27266260640767	-1.2624753811858	-0.541751698784051
NaN	-0.579958607101779	1.53987660400319	-0.0999224794854275	0.796284297120665	1.67891270528839
NaN	-0.172135887159009	1.10374455374888	-0.129049545922197	1.38167577926784	1.74610852820388
NaN	1.0276456554828	1.17238322803071	1.57076253428251	1.38721305173311	1.45714357373804
NaN	-0.176532525283095	0.441499450383023	1.343472381169	0.38900573717377	1.52329851418379
NaN	-0.703307782111321	0.133703589292029	0.334006108904949	-0.139589236147199	0.242020636631936
NaN	-0.166571889350316	-1.45699006500616	-1.87103116087358	-1.86829579608026	-4.7508429536457
NaN	-0.0529078879723027	-1.68144511408009	-1.90539659022414	-1.28315921846033	-1.57827713187688
NaN	0.125340709855209	0.275223828995533	-0.603816057975047	0.373061189965438	1.82997978096253
NaN	0.136339584642495	-0.600932275400619	-1.02880676529758	-0.532460784142703	-0.757316424751968
NaN	0.739186266062547	-1.6294334715286	-1.12858120044184	-1.87622407309169	-3.61776271078934
NaN	1.23225199514459	0.48396966904846	-0.147234396870202	-1.1760552821874	0.656462781406496
NaN	-0.459117167126865	-0.617303225326961	-0.476026367820537	-0.441561086435511	0.600833554196412
NaN	-0.0740269274170166	-1.13269374470238	-0.470723164290209	-0.315016138791431	-0.401015859549021
NaN	0.0836873745591201	-0.37357267994854	-0.0102934828022786	-1.16079383534622	-1.50408148946049
NaN	0.785611894748981	0.369129957854049	0.209408891471969	-0.755594474105653	-0.150214505713091
NaN	3.57517018753504	2.83463636461348	1.82842200167956	0.915171286035614	4.45518424836541
NaN	-0.299078568632307	1.38111545240701	0.832056132616101	0.507372690128496	1.24793458292775
NaN	-1.75759840624759	-2.00275782233369	-0.472587796711763	-0.38679258224115	-4.57467483283583
NaN	-0.603725960994737	-1.00921108150182	-0.326950466732014	-0.595821686547242	1.88592733025051
NaN	-0.287221255190484	0.265717144897476	0.160065955823125	-0.236116729463703	2.40431062936805
NaN	-0.543832107719252	0.0173032384544409	1.2691486614753	0.487505632714434	-1.16627372679902
NaN	-0.295988844222516	0.189552581135924	1.85693195912105	2.70750727815424	3.15928046377185
NaN	0.185497874551408	0.77269489191932	0.504413237230003	1.28694936527893	1.01594205610374
NaN	-0.160171618718902	1.64526733771856	0.0689032768395041	0.155271213784156	-3.0544519390532
NaN	-0.294056016169313	1.62240525267872	0.800646555910503	0.545455655584545	-0.207143651703732
NaN	-0.217308824085499	1.37793045751598	0.716213084854742	0.535789219355876	0.839732324839081
NaN	-0.202420793399235	-0.78515630377315	-0.414939379502486	0.393589678266432	1.08089608822578
NaN	0.0616724590585061	-1.21806237789004	-0.197070720131555	-0.0592768416405444	-0.427481774441804
NaN	0.00669212009718335	-0.405860611603964	-0.193720734150394	-0.2200551192088	-1.99602760476973
NaN	-0.0120840194294123	-0.224319753522642	-0.0376551565814312	-0.233116589026477	-0.0019981155692603
NaN	0.106751662147541	-0.358214808268908	1.51473882816575	1.92893932746235	3.40739617608244
NaN	0.222886693019016	-0.139409652677334	1.67348477296115	2.48980239336218	3.70418526960547
NaN	0.239155368294875	0.0267843561256285	-0.00605119279853729	0.359696313309347	-0.0982427542067926
NaN	-0.0102316852768005	-0.118329131203829	-1.36658093341307	-0.822095774997929	-3.36569714488098
NaN	-0.0507234326596265	-0.0561507139657498	-0.103175045939424	-0.455907032145564	-0.751692769737901
NaN	0.00553022614900779	0.194985189610427	1.39461407135768	0.713879396362262	3.30227910267893
NaN	3.15762170121941	1.93022913423099	1.77536380651374	1.54459003349468	3.33451130434413
NaN	1.09336951560542	2.73592329837749	1.22902883347706	1.75029028432018	1.29817772785068
NaN	-1.93019550721362	-1.28403142498397	-0.716352653361042	0.122553544535421	-3.27236817951195
NaN	-0.921378675903576	-1.74243002760172	-2.26500651009515	-0.429613419633073	-2.28923213111859
NaN	-0.369202748050351	-0.1799732340907	-1.24039799645568	0.415604832023519	0.784051555779764
NaN	-0.587190465048444	-0.212725255627178	-1.49245087941579	-0.877642740849989	-1.9277392633029
NaN	-0.365621308393584	-0.254198118579218	-1.16850037678422	-2.15174829184168	-4.2246983809797
NaN	-0.422198463386413	0.626475965881913	-0.935364648521522	-1.34600036687436	1.24170406983503
NaN	-0.350865998232856	-0.185763838092951	-1.1106536047419	-0.415404956236164	0.557393855575506
NaN	-0.310017298549849	-0.277264939908633	-0.834613836680063	-0.587239624101435	-2.80397325730462
NaN	-0.353246126573389	-0.164816545099019	-0.529280530388468	-1.1850742937727	-1.55945512781449
NaN	-0.0155838466242435	-0.391854882950369	-0.382251414985616	-1.54898874497884	-1.38294219963381
NaN	-0.0897319178321103	0.0547681044008828	-0.0759706155242232	-0.768550236588193	0.595577279768783
NaN	-0.113344175396961	0.799328505393025	0.411681610677439	-0.261790739163252	0.962245615487852
NaN	-0.0626210511852744	2.12178345746626	1.0624487767025	0.224861665213607	0.073879674001365
NaN	1.99117445310287	1.09271103528551	1.2557537813949	0.377033343263268	1.6861484930476
NaN	0.938207321550527	0.292480520412238	0.543643505999312	0.350445033216224	2.45549642653689
NaN	-1.23317600206202	-1.29382693449224	-0.791024094766393	-0.468791403045086	-3.22065222994567
NaN	-0.570734879033812	-1.61896515851836	-1.15659982176867	-0.957773461931347	-4.14635313068261
NaN	-0.348040972769802	-1.17066809092306	-0.421614865901861	0.365503674550714	1.66493714782635
NaN	0.223089790524383	-0.646294395808819	-0.310032435446657	1.39583168020669	2.17706664937879
NaN	0.47278275365011	0.121545965153236	1.03456902890787	1.2069705714036	1.23360026794847
NaN	-0.570014300625769	-0.959716894935715	0.628742129764237	-0.25865737024983	-2.01488881596043
NaN	2.51439227594648	0.666159138633284	1.32996120942246	0.29526619419915	3.29506823627073
NaN	0.261548704464323	1.66185452498169	0.579324203013685	-0.213267858245395	2.17128335500577
NaN	-1.6281344350399	-1.41288672560269	-0.146985951739835	-0.315861067413288	-4.12371312875314
NaN	-0.713377830263313	-1.7182930325996	1.1516218585715	0.431953074499645	0.848130392300788
NaN	-0.493310612454766	-0.385526454745513	-0.0955358958024325	0.0327398196704899	1.10858841027273
NaN	-0.316211949049944	-0.499805478956666	-1.44188900886422	-0.813028535184601	-2.37862500337351
NaN	-0.384358948180431	-0.287227783929051	-0.876753785348097	0.126963879149472	-0.417399943014626
NaN	-0.35002461841448	0.282742777282025	-0.596574740659502	0.964523860663957	3.41394966180768
NaN	-0.251703072997131	0.657905912172377	0.0124084121303326	1.15685076053944	2.80429427975792
NaN	-0.0649480205585481	0.14032621720317	-0.255936160250835	-0.297921575292436	0.0150368867187906
NaN	2.31008179959329	1.55998379060504	0.606151652590373	-0.51405579485028	-0.33010228901616
NaN	3.82014058897443	4.0764743031356	2.08928481569951	0.563550978621505	3.62621588085996
NaN	0.639546131649684	0.763104002471716	0.402770840433139	0.543409761382072	0.187438892104068
NaN	2.09207635143823	0.449436423372439	0.889608084786245	0.9793516707207	1.07869482182265
NaN	2.28476527326982	2.68549028485082	1.2696395881624	0.797761232719448	2.40393620937837
NaN	-2.29028909659468	-0.286165128853413	0.551566207363134	0.165948362293198	-0.319493268843634
NaN	-4.1619267465676	-5.07980127999129	-1.77102145074618	-0.798213696285036	-3.55664871057502
NaN	-2.10768866093342	-3.22970377697456	-1.1887822250669	-0.791108903403374	-0.686794434094583
NaN	-1.56782951857042	-1.23982880575897	-0.924945954315389	-1.79453183289598	-2.06442455230138
NaN	-1.54230180731735	-1.50639098631721	-1.35689053440238	-2.06156884684516	-5.88211286906708
NaN	-1.07112202600024	-1.12038334261105	-1.14906098346642	-1.7562830566177	-3.55792213553724
