NaN	0.521543628167606	0.802948060019707	1.769135902974	-0.349986402540653	1.62023034409175
NaN	1.68559078470699	0.677951572689848	-0.0824503405302315	0.228126242960636	1.04150240875973
NaN	-1.26322845951117	-2.04573707082586	-3.5469830086104	-1.48710217249675	-4.71541650198194
NaN	-2.16530154359015	-1.72172463723432	-1.11095130222245	-0.080457370751113	-1.68719807483189
NaN	-1.48717238156766	0.489718680958209	1.3540424579222	0.606958327566837	1.83096786215956
NaN	-0.649597749942898	-0.421490941875656	-0.520247822787714	-0.38644726308491	-0.0587584390050949
NaN	-0.711500575751079	-1.37640000111802	-0.156596778928275	-0.0769075410624816	-0.315245873788449
NaN	-0.250755938819037	-0.685893782002449	-1.65978471997305	-1.09389333868954	0.585180631854057
NaN	-0.0988810282109047	-0.341481784596416	0.463566872628511	-0.627019282611243	-0.92060556366842
NaN	0.0548357890563032	-0.186741143346512	-0.363134225105756	-0.54794972893876	-1.7573525812788
NaN	0.201054920828723	0.380805944331947	0.722537853611529	-0.112101548810002	-0.934995011537736
NaN	0.229360931698023	2.28597962675507	3.46388048149341	2.08447486982368	1.86455997612538
NaN	0.922383200897049	2.47134101555297	3.00633318863504	2.40927589767427	2.48623898594914
NaN	4.57372252538134	4.76020339973894	4.09371525892039	3.43725585486653	5.27214552293753
NaN	4.43647084342889	3.33143322577441	2.30432731010464	2.83737225365196	3.60645662362692
NaN	0.379945198370645	-0.189632996272024	-0.745039600811256	0.345557569876663	-2.38273387940673
NaN	2.0582885314007	2.17454742411286	1.99246999930735	1.2413207736831	3.30950082013745
NaN	2.85062677709201	1.21795042173892	-0.46893518117773	0.546591848475414	2.51030533523366
NaN	-0.666129595536291	-2.54644469340734	-5.16697587188201	-1.71162891324936	-4.24308065715211
NaN	0.65861196988332	0.23104815108015	1.2592544257107	-0.159071544228547	1.32258508723476
NaN	0.851771028837965	-0.425074394564662	-1.48111623600297	-0.893657610953248	0.790978936769519
NaN	-3.10627595639398	-3.83208531359809	-6.39404484329228	-3.71672007248809	-7.17376021049934
NaN	-4.57669827007687	-4.12125125474842	-3.21687070549005	-3.95191627336158	-6.86658006670643
NaN	-2.60265438805045	-1.98378061324744	1.11994403369186	-1.39829843849406	0.588684082235077
NaN	1.84613769794146	1.97330959602037	2.74449002562617	1.60797332185417	4.32935996882856
NaN	2.39089687163001	2.34315643169452	2.2445009117147	1.86124693323691	3.16568420463489
NaN	-0.593803080126736	-0.805578859562252	-2.35819833454324	-0.389114180226641	-1.62090026660116
NaN	-3.01172011130438	-3.00130715616531	-2.96315039424341	-1.39906546250794	-3.55843620539696
NaN	-3.55858802734336	-2.31457115763245	-1.55365360475349	-1.88824094616643	-2.58379426932955
NaN	-2.19815687402639	-1.86246845908245	-0.655574476224014	-1.93383501091673	-1.1334804349273
NaN	-0.159216565708723	-0.783080980628068	-0.624950320700849	-0.597964130420092	1.01854540145484
NaN	-1.68129979255447	-1.79435544888126	-0.478620993472106	0.371180540749168	0.628037281470415
NaN	-1.98663889073561	-1.79336131600183	-1.03490055258451	-0.649511399852695	-2.01958390907171
NaN	-1.36830542920896	-1.19763089950749	-1.26413488208151	-1.57812501421718	-2.88308323475952
NaN	-0.689770420035419	-0.597874626162759	-0.279599446499083	-0.925242000793424	-0.951761048003929
NaN	-0.340156212767993	0.626277701265207	1.5825956422443	0.735962968832251	0.657156105852567
NaN	-0.22934776031841	1.96456993383568	2.94179926709635	2.14483319879561	1.8015703786282
NaN	0.220080424159593	1.79927465846999	1.37195212929804	1.10407619390646	0.596621031209132
NaN	0.659042943998948	1.68539522564806	2.3685472167455	1.42563135217231	1.03714891022993
NaN	0.960969204911335	0.753140038658543	-0.132250887128506	0.647559801721254	0.917696938252532
NaN	0.985909750643593	-0.455876767731436	-1.75963531153447	-0.474434388022729	0.595925538547269
NaN	0.737735310653529	1.22897759654118	1.90007409008593	0.593719435911877	1.40122559152666
NaN	1.58544440361225	1.53774886539661	2.41564377062959	1.19354140956972	1.58162751546797
NaN	4.90628876080633	3.64656271169031	3.09764462355698	2.71743229859466	5.21419861062543
NaN	2.81039059969816	0.760828071529437	-1.75261875785848	0.312936323265595	0.823836103919695
NaN	-0.120513900964237	-0.834847419700117	-0.777261968592384	-1.27375990246927	-3.33284411887048
NaN	3.43762016630241	3.04423072411476	3.93161054646314	2.09904942907273	4.90504681250715
NaN	4.21500300954034	3.13960666612633	2.58753585439841	2.59721079697624	4.63344803449143
NaN	2.47950542271262	1.78396558183695	0.733938475726225	1.47298782775725	2.18810210177296
NaN	-0.881335873993518	-1.4262387477084	-2.63219175105833	-1.39083375208964	-4.18683999777441
NaN	-1.82437273531763	-1.49282224566396	-1.16731267682814	-1.20225734473921	-2.26753834703817
NaN	-0.91642212911357	0.192655163129168	2.12680472265827	1.12057890168718	1.52061257241672
NaN	0.76039221085889	1.44470122930312	1.68714622535739	1.39627487595747	1.86335071023912
NaN	1.24644099523961	0.785405233464937	0.690590466470905	1.10507054443446	1.10391910488091
NaN	-1.62215057905165	-2.76871725074742	-5.0673519298568	-1.90910317960354	-3.71280119657999
NaN	-4.03543728074211	-4.29589532808576	-4.29557979522563	-2.30249753111943	-3.13218213475164
NaN	-3.71033379230076	-3.13472876632529	-1.43293930950999	-1.75827898032435	-2.2858837189126
NaN	0.704221039870839	1.37870864867954	2.17658494575039	0.707238318057683	1.92204463073499
NaN	2.1486569442976	1.70501101033161	0.73168473730014	0.362299618900531	1.33183032624333
NaN	-1.52997611464909	-2.06063215400913	-4.81441152571052	-2.76095917603717	-6.42561341390029
NaN	-3.72768465486492	-3.09416655774943	-2.73878585061375	-3.43940058068398	-7.70579937237134
NaN	-2.64981806529916	-2.131083665029	0.613565503028378	-1.38518001033978	-0.731722433980334
NaN	-1.39634089684475	-1.53134111540769	-0.95930755881528	-0.992295543844899	-0.331414145490944
NaN	-1.30816624767713	-0.882926632357297	-1.46009358706807	-0.715850738928215	-1.21592665939212
NaN	-0.997413743183605	-0.352662545207463	-0.157228519918583	-0.512751683480784	-0.376504940561661
NaN	-0.520010044162163	1.39033602112961	2.01897289410641	0.290462534972679	0.644836272691229
NaN	0.0305106422533434	1.0387095109566	0.265166099106731	0.083629445851601	0.519790922657137
NaN	0.101207999499897	-0.250935311038648	-0.0175367469148064	0.719076830525788	0.580246785796258
NaN	0.484119862724584	1.01990556523445	1.94172520250103	0.644036613534858	1.01033098565614
NaN	0.484873381144614	1.29633110335871	2.2696876737719	1.04361432372853	0.96172281274064
NaN	2.0435646610292	2.021497678024	2.76662209446049	1.69452797850163	3.32793246095564
NaN	5.43930234115498	4.30178936536444	4.20589369942194	3.12126072081655	5.93730274864258
NaN	4.80486137448028	3.6390755668884	2.61817106611178	3.40356879977986	4.9619364761304
NaN	3.10698434402076	2.42934121906372	1.6047851376807	2.95157816058361	3.05525084692056
NaN	0.700724603349042	0.840748978644252	0.368722356446611	0.37307100892236	0.154055642796239
NaN	0.804509433651937	0.919442934111348	-0.023610477353883	-0.278259393926947	0.915911072972947
NaN	-1.98523315617517	-2.13806128987332	-4.83991779174381	-1.53521065748272	-2.7082689842631
NaN	-3.49434316594212	-3.94847530598001	-4.22320012661987	-1.60213423331489	-4.11517059475502
NaN	-2.46203125957947	-3.05330992724704	-2.19272111598941	-2.64125350927739	-3.19328744781721
NaN	-1.80067413196051	-2.13214033180978	-0.89175874451206	-2.75621714104558	-2.14740539443464
NaN	-1.33092679067402	-1.59396770452078	-1.13865961679369	-1.58846648525701	-1.45393250869718
NaN	-0.80392590856017	-1.24524412272119	-1.08831046631705	-0.212839579737163	0.538002955075061
NaN	-0.641530857105881	-1.01009776993215	-0.41674046604535	-0.846281526839685	0.460069244754978
NaN	-0.326565462083539	0.0718900935014796	1.8800594288321	0.255674269679348	-1.08694523789171
NaN	0.0984990165886424	0.934293651840947	1.3099078521784	0.458634776941574	-0.312389389462074
NaN	3.43276438526577	3.60674083075209	2.89102494193801	1.48197318666897	3.72536473994776
NaN	1.34416723146643	0.849136728933479	0.238848617959235	0.477937473762189	-0.233267612910765
NaN	-0.999071611268457	-1.34930632094859	-2.31574770512323	-1.21411258725435	-3.86032677535995
NaN	1.53145622962353	2.34587984256926	3.27484304344663	0.856340629830766	4.12399190436024
NaN	4.18124174230838	4.65782264538621	3.9807287538392	3.46666109294316	5.53010358563335
NaN	3.24638646592116	3.14558782281207	1.98228659853606	2.98493531491955	3.007532925463
NaN	1.9041570972851	1.49440534836991	0.852269012001127	0.938837167533194	0.942096847431342
NaN	1.52311654272108	0.887931578354841	0.361481274444439	0.128118550880965	1.85479907844377
NaN	0.293003360609456	-0.69455659403105	-1.32950552314929	-0.471824215126381	-0.138949438903338
NaN	-1.72523259187916	-1.88794325205439	-1.79966068916087	-1.69668929140563	-3.49196829946287
NaN	0.267179523610838	-0.0419893327314869	0.339606588791382	-0.0105275927876238	1.00462242786065
NaN	-1.40200864969952	-2.2063684637127	-4.23768359734635	-1.54425305802292	-1.94393921240692
NaN	-4.87980689873306	-5.05952582064906	-6.17440309586916	-3.9688661611759	-7.43984687215727
NaN	-4.76226449087003	-4.14478162686172	-2.89831013121989	-3.17574390682328	-5.91945679548447
NaN	-1.2437937444524	-0.725437913580722	1.55652396882585	1.100732070072	1.73922448012184
NaN	2.12290395522009	2.15290817135151	2.71529938755833	2.85217534623234	3.55341784245166
NaN	1.3376102733636	1.32024596842737	1.02319651882438	2.00366546106953	1.49742157949273
NaN	-2.53264557798507	-2.59352874978819	-4.64138575356119	-1.50984433351865	-5.82486843964342
NaN	-4.53812351074729	-3.78164450969727	-2.32123581161094	-2.87098700409468	-5.33182888986794
NaN	-2.84449477090065	-2.60994283721932	-0.838384190729189	-2.00246574357047	-1.13398836513691
NaN	-2.10290439647516	-1.79821221766793	-1.46435594632429	-0.520108578534509	-0.470824877516977
NaN	-1.37184088152895	-1.07895413661043	-1.10007838261029	0.178846693592708	-0.113082020108205
NaN	-0.976325958361312	-0.778921551648188	-0.226626898590287	-1.17971518737986	-1.09921242560046
NaN	-0.327617100882931	0.0243162865711119	2.35044100276156	-0.480823649359734	1.6019171206183
NaN	0.188809115150891	0.673947879676179	2.39610354627269	0.608940424390527	3.17686193067305
NaN	4.30151345660458	4.50613604398371	4.39303430773101	2.36981121077136	5.3328498522057
NaN	5.01418336818065	4.66786298231875	3.64250399280948	2.53124831206653	4.17493279666721
NaN	3.80019616412459	3.48619220338742	2.34388050871127	1.89563109797604	2.61089752521971
NaN	0.259522138663884	-0.397373265392101	-3.20279985804887	-0.931378923546747	-3.02022894425435
NaN	-0.975443616885105	0.338857097961836	1.59739602739681	0.0539215686725277	-0.893998609957563
NaN	-0.7658560071943	-0.634205854059351	-1.6563374487006	-0.660090900372694	-0.450848388508082
NaN	-1.50040186884229	-2.15769906866712	-2.93508389794685	-1.9859061716606	-1.4208175111493
NaN	-1.21363222354241	-1.00311271852268	0.310547691347037	-1.1448458919211	0.182536089312676
NaN	2.40434020765436	2.45688482829122	3.0857500582822	1.95798388154232	3.73163676998386
NaN	1.74238938300915	0.886518002271018	-0.52175960918647	0.63488766163331	-0.391659297008892
NaN	0.919510615210754	0.913181536142741	1.82519571700272	0.641678073328231	-0.676002612163081
NaN	2.84768160907109	3.2468824964523	3.55455322812737	2.62563293973981	3.34946472456724
NaN	0.572261048431986	0.391664573777644	-1.48511620347638	0.648079900150297	-0.754721146801292
NaN	-2.21655941393363	-2.52724830663004	-2.51134033900408	-1.46143027165723	-6.19067263541528
NaN	-2.28969762186702	-2.33075715034794	-0.0125179476573015	-0.753249826603667	-1.61884125652599
NaN	-1.22771200529311	-1.43487838149716	0.632863982875031	0.231982547209679	1.26500654724092
NaN	-0.883138426978749	-1.11203092986714	-0.896668429388506	0.123893746660203	0.624663264457665
NaN	0.45741906749406	0.484279047796736	0.263216887343489	0.823385799514597	1.08307236584291
NaN	0.595220874171424	1.08198659613251	0.348375038804072	0.250346465394257	1.15346066376947
NaN	-0.462932195905057	-0.291144386706648	-1.72894910468941	-1.13231442427566	-1.15923005675344
NaN	-0.518568571199863	-0.84837994867931	-1.49924931504215	-0.360301371007434	-1.53553064480986
NaN	-0.0234318983920192	-0.524993600030692	-0.289864236461947	1.42035391795606	2.57803795896751
NaN	0.0487600247618287	1.37538917044867	1.56203214651033	1.6274287946544	1.79040096183037
NaN	0.274855148891182	1.75325380694162	1.73517918237597	0.903747135598631	-0.638520900096956
NaN	0.776775081960473	0.671924032830289	1.56779801885612	0.19618049767679	-0.0482029329345939
NaN	3.5678157425728	2.97583122911809	3.71262486734409	2.08859430531699	4.63725190533004
NaN	1.81114109982492	0.426751417115795	-2.08391449494607	-0.578416306530926	-0.292248731193646
NaN	-0.657599028778121	-1.51437080344979	-3.64047568432176	-2.2048972856415	-5.59132261235313
NaN	-0.684439221264371	-1.19561515096915	-0.783553398938126	-0.185258418043873	0.443992865848502
NaN	-0.119381109835747	-0.765596931454103	0.285304584232749	-0.287474395373456	0.760113835603516
NaN	0.168331121425054	-0.188415648573968	-0.0927128912201289	-0.186390101373406	0.181701805705702
NaN	1.46765353907675	0.85880005472297	1.077527863956	1.29233482386165	2.42267131995552
NaN	0.217386040690911	0.124662131916024	-0.109147419085736	0.627973333828293	0.694072222350471
NaN	1.46040852912089	1.73951031557062	2.4508126423472	1.39325532214992	2.90841498382274
NaN	2.77842058432209	2.45868534721394	1.88014025193825	0.96977008346583	2.91234055383453
NaN	1.00878058108551	1.35519225860477	-0.0974893992649104	-0.885082705105194	-1.0728681126801
NaN	-1.56481642303147	-0.915308139543819	-2.20309231310473	-2.90150408943322	-5.12977643738351
NaN	-1.80069692133829	-1.90250917692672	-2.02810743326734	-3.07401241115481	-2.52706095056613
NaN	-0.937661702490869	-1.39564130202109	-0.0239069734711749	-0.65362782776136	0.362070871913055
NaN	-0.940752766364294	-0.893021332263708	1.3814272948882	0.502775376990489	0.489731727259408
NaN	-0.702067553690296	0.755506318502442	1.852960347156	1.25161691588451	1.02430547872582
NaN	-0.656417651591455	0.342426872664017	0.128084862979656	-0.126757173972909	-0.267325636869706
NaN	-0.590742183305789	-0.334467816246817	-0.624856648493047	-0.0643253099671336	0.0347286625952802
NaN	-0.461246711847915	-0.796855071845204	-1.83529921490395	0.193349700776313	1.7358476137797
NaN	0.546643680791581	-0.417226531578892	-1.32445235875441	-0.216646736113339	1.8528587297662
NaN	0.0966682113845885	-0.361830594463772	-1.28150236810416	-0.433374098142431	-1.33756038830259
NaN	-0.149979091598958	0.328278420933506	0.366706491110705	-0.37334171355414	-1.1621387745446
NaN	-0.386334959627196	0.311420079138219	-0.469818940112117	-1.5952763344758	-1.63417479810209
NaN	-0.413424971649779	-1.11794302579368	-2.11190975292602	-2.93552403842512	-2.98632445499739
NaN	0.145677726101386	-0.560710818952109	0.216880423843691	-1.50469112124244	-0.879102203311659
NaN	0.616959325416493	-0.325471446676913	0.620929190283772	0.548090886721717	1.93706897195673
NaN	-0.280517055343022	-0.65374189096079	-0.33563572948256	-0.446918798623067	-0.871702359757833
NaN	0.796963934181196	0.411185527586534	-0.00868277452965893	-0.389049047979344	-0.411462700910883
NaN	-0.170349609576396	-0.511453015825532	-1.36415761883809	-1.22473471004819	-1.90552410349334
NaN	-0.739647018718394	-0.727574756973565	1.18059378199888	-0.203382931253764	0.755163727180337
NaN	-0.415079843538294	-0.191777256165867	1.95782400783704	1.3272976523057	2.47973329953297
NaN	3.38861735245195	3.73037618816572	3.93079134348441	3.05314622217637	3.92817227390728
NaN	3.23053747719599	2.52034385300521	0.0602188718340393	1.56757203664675	1.52426318803488
NaN	-0.928360816327182	-1.15679709105607	-2.93422230580576	-1.14648426575997	-5.79872826655882
NaN	1.56374895396901	2.15814494988265	3.34216651300241	1.70766164557962	3.83913496635055
NaN	2.60417958393134	3.28001908639365	3.15879952827305	2.90764361146169	4.17862783269348
NaN	-0.395465287024071	0.131178297481795	-1.87211840386955	0.744705398890048	-2.26764087757826
NaN	-3.75761402340323	-2.27316867440143	-2.0729992355589	-1.19498460747482	-7.50146552689938
NaN	0.166730112307563	0.603468519626197	2.18962769862873	2.33830438915664	4.05982996077003
NaN	1.78335010875733	1.11346301725673	1.45245898193167	2.06387622611382	3.35342180510166
NaN	0.569152027468678	-0.226380576766171	-0.382344549448098	0.522945470070909	0.541228228524978
NaN	-1.71981880545697	-2.0900366549013	-1.91120779880572	-1.05231957925418	-2.45428314567584
NaN	-4.51302501664731	-4.66006529903568	-3.27004024640083	-2.45480915543823	-5.18231447371294
NaN	-4.71093998536775	-4.13285001252232	-2.59174581958989	-2.45822813450407	-3.57133832055814
NaN	-3.35859156477606	-1.70456162294941	-1.21289649320963	-1.25932279829867	-1.46661783136645
NaN	-2.57544115524498	-1.5211900996991	-2.27526996544974	-1.4243582251243	-1.81125328988391
NaN	-1.91400063129482	-2.17561787589598	-2.83892372607017	-2.2034088274082	-2.2667249647336
NaN	-1.57763985551338	-2.07337880373363	-1.91324889114317	-1.87320717611583	-2.12523092825939
NaN	-1.24247873221432	-1.31058340831579	-0.570363573989864	-1.10178628701175	-0.65034440446561
NaN	-0.827035139416935	-0.748907560565968	-0.480874830571651	-0.0435461810866719	0.222449977084878
NaN	-0.192113447343081	-0.0654440565048416	-0.200053369537736	0.445314771823631	0.442738512302829
NaN	0.0427364886127193	0.0835296288081215	-0.154434193366352	1.65534340476505	2.0750991416113
NaN	0.340041594235116	0.864313025058187	1.6496778211693	2.30969521265997	2.33273664345384
NaN	2.98070643293945	3.16247120971833	4.442342320484	2.59836242817398	4.58142525479549
NaN	5.40797639782805	4.70069609270929	4.21736063162589	2.53880775515319	5.43720981831719
NaN	4.72571426409	3.79268287727894	2.85047927113426	2.12903312900017	3.61934795703492
NaN	1.34536635460055	0.657278470667025	-1.2474141929328	0.179985344293816	-0.877983335040026
NaN	-2.3435048255158	-2.22851504629908	-3.04080463432151	-2.02890362799664	-5.3372562936349
NaN	-2.07402050162614	-2.0680314428014	-1.27849468518084	-2.67326141395676	-2.61820899194889
NaN	-0.451642520306563	0.270718332033975	1.1829794883935	-0.835774721461585	0.640351394403058
NaN	-0.248985176902778	1.11587860212496	1.77495589982142	0.546651081164348	0.509130588019328
NaN	-0.415138357537296	-0.569887307437668	-0.912431806755494	-0.301176563227673	-0.899254437464604
NaN	-0.279458446058112	-0.667110885454919	-0.933339863369333	-1.27824590282418	-0.917670893740141
NaN	0.264531493055374	1.30560507384918	1.58860598906385	0.598084754581759	2.6384827827786
NaN	0.358575572473051	0.79796553823923	0.181455282060725	1.93808165735883	1.82123287007092
