NaN	-1.19484995714406	-1.22279525511783	-0.867542327857685	-1.79806564428752	-2.13564694090905
NaN	-0.996891451789004	-0.463533352343637	-0.390611438362607	-1.06986773047377	-1.27755028319788
NaN	-0.592299072606732	0.000546205287372549	-0.0345959861470594	-0.322580246903312	-0.52991324304257
NaN	-0.311631938403582	1.48236906753079	1.36583123276282	1.62403604808784	0.934769996423836
NaN	3.37883486945935	2.59720188481547	1.11558587511654	2.13570950346881	3.03948482406998
NaN	4.37313040726898	2.16976202366797	1.12388814592319	2.27674151926908	3.56492445463327
NaN	1.28257751018058	-1.60971881885234	-0.652147683050976	0.0814278165511935	0.72696548268657
NaN	-2.59472218367985	-1.76201227114634	-1.75840003163602	-0.355743175289575	-1.24440676699081
NaN	1.23312608171676	2.0541678328965	1.22385692675108	1.43401463685976	1.68158688349507
NaN	3.1464858204677	2.11766545602222	1.6697283286187	1.45012019685314	2.28726940227418
NaN	-0.0732014092159121	-2.00153510508282	-0.397378587323326	-0.943457488284674	-0.198889793052478
NaN	-3.63792240223955	-2.24564472756987	-1.66316545005198	-2.8782557683534	-2.13166557100097
NaN	-2.51844353685807	-0.423911598901313	-0.38195776466647	-1.22653761855265	-0.916604625632019
NaN	0.908716813192237	1.20834807903848	0.852032795540053	0.634227626809849	0.42933180735798
NaN	-1.30869141276459	-2.45326191962325	-1.31337579475917	-1.76975414371162	-2.83242945280806
NaN	-2.0011085728922	-1.590692438417	-1.23790823356933	-2.03890241466376	-1.84434892826816
NaN	-1.95702285677971	-0.459955311221053	-0.515664739499993	-1.22236060041444	-2.22344153921359
NaN	1.64267818190136	2.38397677571591	1.23068400388401	1.56416214085483	1.1554280927522
NaN	1.33693965740917	0.337343521827889	0.553006798859107	0.819985373651039	0.59378564566802
NaN	-0.212262086881712	0.741457946042924	1.48163697408383	1.96454632864641	1.1643232932196
NaN	1.44098197708705	-0.312924571717191	0.650554100543305	0.807791515862786	0.858317058380794
NaN	-1.20912677960995	-2.38933648503022	-2.48067818852076	-2.57511328809272	-2.48919848564856
NaN	-2.60118545368182	-1.85359239383437	-1.13283842572654	-2.28844352355406	-1.86404749825403
NaN	-1.98535453944099	-0.542375780145441	1.16057867959942	1.44306325813317	0.130036572438349
NaN	-0.260436695463681	0.76161817398503	1.13281737137398	2.21962685479961	1.01697381837819
NaN	2.87577352327021	1.53335741750365	0.344090480280235	1.28806581235498	1.69283813234813
NaN	-0.0521183525348245	-1.74745494387888	-2.15350086757077	-2.2891764647889	-1.9839071105971
NaN	-2.32009861292686	-1.41891909596306	-1.25014077669114	-2.13971935053028	-3.24770157829706
NaN	-1.39666535330344	-0.543429211647858	0.511735015752322	0.767216072304145	-0.90721546084117
NaN	-0.800151595440479	-0.407834115708591	-0.153226491033909	0.530826637334992	-0.225224755284694
NaN	-0.466664832912427	-0.0974569038393756	-1.33858893491859	-1.49748179671446	-1.48437701914512
NaN	0.971890288396412	1.89271745090038	0.257073279597304	-0.23669100795339	0.695549609424855
NaN	3.64274099215595	2.45822251945291	2.33537587885724	3.12625307474595	4.46455855593314
NaN	0.730895515492259	-1.01947137282807	-1.37506757085576	-1.15379635262665	0.937530159079226
NaN	-1.48153748401097	-0.99646544577461	-1.08921811155826	-1.92908063594819	-1.35974418454273
NaN	-0.747946217212514	0.126954444904023	-0.281591263286085	-0.991068223247852	-1.86334903618596
NaN	0.297641444513541	0.253192125098725	-0.231474349208546	-0.421056112671327	-1.33657141796455
NaN	0.102283635938163	1.69976717666058	0.412161195109624	0.291923842123299	-0.165178159705101
NaN	0.156399548536343	1.42353319040335	0.583939728277246	1.05268845606265	0.558563551360515
NaN	3.68289261838464	3.48500706571476	2.1175832669873	2.66946886136548	3.95279643970074
NaN	4.92925614287398	2.81206045391941	2.87638051326942	4.13707964753616	5.15748320971324
NaN	2.81251890554876	0.145397519295608	0.428924508887323	1.25071004920033	2.45670869187133
NaN	-1.59998482732387	-1.76681373452413	-2.15338937640838	-2.66927254310487	-1.28882647239518
NaN	-2.75310705155174	0.361513627359105	0.262712137094423	-0.455529170551277	-0.95919190606243
NaN	-1.79317108385517	-1.06570465636218	-0.370287355154472	-0.389826872150378	-1.32912154677767
NaN	-0.968018439936308	-1.77796022718228	-0.426844091590631	0.494174900309352	0.35660318330742
NaN	-0.594471114742413	-1.19156520540169	-0.919455017929624	1.07785258141308	1.11894875544609
NaN	-0.597191705970477	-1.01664264886519	0.876926172280113	1.93097243381174	0.820374807948702
NaN	0.0540460111476992	0.258191973292455	-0.0820692087366953	-0.849332357041554	-0.426427656446472
NaN	3.55987830978592	2.4582061002802	1.16705684138177	0.0869453176250404	1.66391431065791
NaN	1.41146067737363	-0.850120519523724	-0.285303857998125	-0.953371800979851	-0.386153582028712
NaN	-1.58875701603838	-1.5000782639096	-1.10108119943037	-1.93379425474466	-2.54650226156628
NaN	-0.424557560565418	0.776410957627023	-0.203366828425019	-0.722924211183786	-0.99831617097844
NaN	1.70055299312422	0.330590688195555	0.633520020733651	-0.128887811899792	0.407963212229171
NaN	-0.7578619393435	-1.0137033321102	-0.856322993064877	-1.50273544688829	-1.61920884675804
NaN	2.08208057644815	3.26780743474951	2.45353550227043	2.5473057886115	3.07360326086796
NaN	3.29963637078171	1.94694302171948	2.17303295881157	2.82699313776396	3.1893601204491
NaN	-0.633999709662153	-2.24073875473323	-1.14263752048776	-1.31580790658077	-0.161634782501042
NaN	-3.32243032129622	-2.37617855511178	-0.917535009362841	-1.74993301095422	-2.09536836171958
NaN	-2.55236419244762	-1.05675531214072	-1.25701045062272	-1.788081438528	-3.17082129710663
NaN	-1.67272296327329	-0.796988761783312	-1.08699637442824	0.0555773496405934	-1.48294940781323
NaN	-1.20939870860378	-0.567690499700801	-0.676141798995469	-0.716652509114435	-1.34911158735081
NaN	-0.97033888250346	-0.399211554826857	-0.630056092169751	-1.86515005257488	-1.85725104382993
NaN	2.5957071256037	2.77899232275785	1.37485005940645	2.10531626717266	2.7817480902652
NaN	1.88123299678649	0.153915160436314	0.44687658540142	0.462286000402614	1.82233778461163
NaN	-1.62854285654534	-1.81735582037378	-1.38349998064429	-2.50169340066413	-0.579540475922999
NaN	-1.96146587591489	-0.818022973518379	-0.535399587177114	-1.57984557014064	-1.48277754416047
NaN	-0.765149398379616	-0.00866482566032349	-0.21181310389653	-0.453700509115236	-1.69735425424817
NaN	3.15869159115783	2.93338560109962	1.97225402363913	2.77406892187416	2.78514707556903
NaN	3.44874836953524	2.8353800660638	2.05825295313439	3.24084503157864	3.97316310523687
NaN	2.7078171602744	1.99988266765233	1.43619028157422	1.50073891316558	2.58012033183203
NaN	1.98110938783014	1.55470275079762	1.16507614783615	1.49423128585849	1.82886127601568
NaN	0.281142415571578	-0.755389423485929	-0.247921566671653	-0.210918478703516	0.174478758779614
NaN	-1.28526731529697	-1.48133062954504	-0.759886787311502	-1.20876547195041	-1.32299458018315
NaN	-3.52833619615007	-3.1526585375876	-1.92373911211292	-2.28691169440265	-4.1570426358758
NaN	-4.01879645420625	-2.25281496305481	-1.4705947631565	-2.24754825207068	-4.79491129569629
NaN	-3.13696949911401	0.00862252638846768	-0.0875800156348549	-0.0478667197045662	-2.25434638483105
NaN	0.747190283545308	0.829352324471177	0.713638278469597	1.47513563779799	1.49537180221107
NaN	-0.410067607329805	-2.09615550316141	-1.27626880485532	-1.05488085744563	0.169173590652988
NaN	-2.59094012168179	-2.10212777107954	-1.3494698781301	-1.63062313067931	-1.11366700470226
NaN	-2.25469790306579	-1.29368325413143	-0.0281914660939633	-0.132167383794554	-1.8414448533597
NaN	-1.24063663565933	-1.08460396369014	-0.926815929010722	-0.778380679864325	-1.7029198476835
NaN	0.019078133117733	0.223202171867024	-0.24432288336541	0.361474992600004	0.19853170598777
NaN	0.775100886311719	0.627250437362775	0.295716332048836	2.23102086631446	1.47806514981136
NaN	-0.279526239785157	0.532337872499931	0.543504077272981	0.896223304775482	0.363545631612902
NaN	-0.705808943282892	-0.763487052892151	-0.341534092081187	-1.30038961344918	-1.05812205517017
NaN	-0.389168876518819	-0.42147386752914	-0.0414286762088104	-0.542665036817211	-0.939187002618709
NaN	2.32723985244819	1.36468902550869	0.755993957588126	0.863706516945915	1.27730494215632
NaN	0.895208282930515	-0.436280287667564	-0.294717886579589	-0.562970523074818	-0.0992667339100812
NaN	-0.241841433389286	-0.403342555365031	0.00420338064734333	-0.392071629056035	-0.740458092575443
NaN	-0.076950897831856	0.333137034448373	-0.123152208809925	-0.289059127177467	-0.572869901475322
NaN	2.02278660397589	2.68648052598367	0.934152206865591	1.29299619752074	1.98058855300246
NaN	1.82309339262786	0.775136333382136	1.32169461536887	1.71830512780689	1.96595626748427
NaN	-0.118383422559914	-0.525843304966658	-0.692380438570882	-0.526552414580162	-0.171161891547253
NaN	-0.471746848363375	1.04238414887892	0.341142435218342	-0.0575237503354559	-0.118797127683891
NaN	0.26452334148332	0.746582108940559	1.55102273031055	2.0615055988798	1.76950307020463
NaN	1.75852463212554	0.8855291176264	1.3822829556277	2.96156547229788	3.5896595254911
NaN	1.78621210657317	-0.731889915355438	-0.929839176212581	0.54881944198563	2.48100557403952
NaN	0.0325759999741851	-1.06671556048079	-1.23649680702698	-1.50895840119151	-0.554466869553535
NaN	-0.323802457180217	-0.583578135941618	-0.667706069368061	-2.11097756142026	-0.384878241275077
NaN	-0.0245448560229779	-0.231219772992971	-0.662796776348968	-1.68117764055172	0.362216433932671
NaN	0.174320679278242	-0.0493935979118759	-0.461565821605967	-0.944849985892709	0.236339559845233
NaN	0.334263235074996	0.139196167261564	-0.261750749466914	-0.519765580228433	0.230240740948116
NaN	0.195238583177356	-0.0720532763468671	-0.161479745851999	-0.437914897816053	-0.60419307615247
NaN	0.379438934277932	0.871984398916457	0.162996624680117	-0.178048091599195	-0.239421866558065
NaN	0.434020646638792	2.30785346960997	1.24403034499691	1.52940645090848	0.00185610449105572
NaN	0.36379103253448	1.63626824796204	1.81805365602268	2.25602984101318	0.553408650436942
NaN	0.45164473603755	1.15441274050487	0.455899642591453	0.826919849964911	-0.392548591942164
NaN	0.350463858213139	0.119248031386988	-0.168389770753427	-0.206607077377863	-0.66763181336324
NaN	0.321197935269326	-1.59914064399735	-0.809823289923657	-1.55924400469266	-1.63155914969828
NaN	0.282007996589994	-1.21466933252119	-0.814351126232026	-0.732912750674195	-0.77191941451898
NaN	0.294888509934918	-0.71319431300209	-0.486655860760294	-0.643483636648238	0.491860236586548
NaN	1.05810494879227	0.781427730356454	0.059222835747337	-0.455584970200129	0.870118500220743
NaN	4.30810760078885	3.39964248163769	2.33238486992075	2.89123488491804	3.81636237600597
NaN	1.75380874376718	1.03550572930949	0.884332524598439	1.43204235938449	1.94918615610767
NaN	-1.82763964026086	-0.338333824803443	-0.498642533033625	-0.141249056178712	-0.129328011238498
NaN	-0.524782873563958	0.654225696085789	1.19005393450356	1.58106659399517	0.334091997250403
NaN	0.146010508766606	-1.30201473686688	0.138543851623282	1.26027091670186	-0.370194671018206
NaN	-1.27768299686624	-2.98261997022649	-2.28624496454772	-1.2030198500214	-2.49555967802691
NaN	-1.80241559355119	-1.90485946944505	-1.49079300788498	-0.796754986107135	-2.11585247358797
NaN	-1.27097520691543	-1.26245116102296	-1.08114469062993	-0.744641977873592	-1.67069420352812
NaN	-0.94406057450545	0.185887287414593	-0.15244065635867	-1.77448595578576	-2.30394158265963
NaN	-1.17106266045014	0.572852991745435	1.24541871992837	0.5321165243906	-0.707061539360578
NaN	-0.905231019721541	0.579119700925141	0.462739250863898	1.20266515959756	0.784386194648825
NaN	-0.750154914508415	-0.721976680631161	-0.864125998947773	-0.315067824049841	0.0809274557182456
NaN	-0.362788198468953	-1.27431448466009	-0.394945908061176	-0.442849442633789	0.277365538319656
NaN	-0.154880505577993	-1.1854800695326	-0.178493048483205	-0.850737521255409	0.298372926220908
NaN	0.420549738715516	0.634922147848294	-0.840142935792874	-1.96837717125528	0.0646006522084053
NaN	3.09479706486259	1.61122876115715	1.00817461180121	0.383142651633389	0.88139478518846
NaN	-0.0817633811402232	-0.267983049983195	0.831514568353115	-0.159962532234622	-0.830737744120638
NaN	-1.7716638788111	0.120803182065133	0.161594964606554	-1.24190964348121	-1.85779517579857
NaN	-1.65817448551752	-1.22756145401365	-1.86292791465055	-3.35231353287933	-3.2799710281888
NaN	-0.939304958518742	-0.900997807855498	-0.918221647650659	-2.4458609523067	-2.68684209563301
NaN	1.56541374706306	1.50158160707814	0.73924862678571	1.0614487262136	1.42507641275288
NaN	0.701576845247442	-0.702301055470994	0.331677993204781	1.58694323411229	1.37304819094829
NaN	-1.41336410433234	-1.41236469159969	-1.03253939724325	-1.35408300082263	-1.24314507444447
NaN	-1.37875027184062	-0.787460923969053	-0.964027031244188	-2.50049524273781	-2.22260132715585
NaN	-0.355151558365584	-0.0225623641656667	0.881669319252347	0.220264406863595	-0.0766750127884929
NaN	-0.369953498513398	-0.290701428320512	0.985399446564224	1.79474853885426	1.39618040277171
NaN	-0.657395582020292	-0.197400419992036	-0.896612988517894	-0.842976025804608	-0.520498203146761
NaN	-0.59530675042197	-0.109998223614894	-0.915380914636326	-2.10080872655154	-1.02379426733918
NaN	0.853097984636665	2.12930517651632	0.382142554622507	-0.0195837196916939	1.79035130552205
NaN	2.91237937586102	2.15428108316815	1.20288095272952	2.05808048493925	2.96908767736156
NaN	-0.14321573858152	1.00117334395017	0.130166737890009	0.778416288081767	0.729510402949108
NaN	-1.6271886744297	0.121139567046688	1.35721873481631	1.73587630264176	0.665518796504697
NaN	-1.14273930121455	0.0618125285743385	0.244958707101166	0.987768280883861	0.00513369919657569
NaN	0.168589193888862	1.25835504537999	0.0832614295155532	0.490786398584852	0.402591139060362
NaN	0.31865200466269	-0.97786520740864	-0.510077105699004	-0.537329864632036	-0.0982596950069947
NaN	-0.367984422565647	-1.55744181856857	-1.07621254732464	-0.95371027777415	-0.769296031774376
NaN	-0.455085900782509	-0.727552770288276	-0.530489800810208	0.304624190689593	-0.449425340409108
NaN	-0.549086309643811	0.189519311483046	-0.14840169748135	0.106503619321035	-0.293672170886484
NaN	0.432593144602263	0.463728549836093	0.782143757717535	1.15283080049708	0.984324930995093
NaN	4.20316814483903	2.83646347463228	1.89779827192599	3.08399340372154	4.38636517113605
NaN	1.83711645318948	-0.485452160558634	-0.304249494035472	1.87298856530433	2.07133692640324
NaN	-1.7125960674745	-1.454628716169	-0.848411272444504	0.799261425499875	0.284238899794037
NaN	1.82128598748887	2.43981041916821	1.30888945443278	2.14074214447396	2.76903002198165
NaN	2.22414964703931	1.01364620533216	0.780596870915737	0.821096506011169	1.57189541883772
NaN	-1.47991006580776	-1.63354032305065	-1.03851499373035	-2.18039833690037	-2.03216541514619
NaN	-2.6997428887618	-1.88892063688531	-0.566086887979878	-0.821843898329003	-1.79300608505574
NaN	-1.54829448225691	-1.00079014638928	1.18648534386476	1.05435803346312	-0.287095797551722
NaN	-0.951889593074457	-0.360909223537431	0.751830025954555	0.569178978088895	0.00614365744149927
NaN	-0.970188994064491	1.48156836842705	-0.177933325664016	0.286120374646166	-0.143396431725858
NaN	-0.640116883669432	-0.282327864753974	-0.94463234561354	0.424780342111313	-0.0401024891053591
NaN	2.72816245040462	2.56904762875791	0.586921982484915	0.0157311942232727	1.75530116886718
NaN	3.86115992351276	3.02932243670859	2.04531234471217	1.61448744430895	2.80953463739741
NaN	0.357426739960671	-0.268045231012218	0.796157585745879	0.665498512662212	0.793413003486811
NaN	-2.48707726699719	-1.60357628228216	0.227087577889788	-0.218257687351764	-0.53559301289861
NaN	-1.90934996481026	-2.53176997689868	-0.672371035827813	-1.52550603588859	-1.87791469006101
NaN	-1.04953888094241	-2.19024072467371	-2.0055629982994	-3.24174757789591	-3.52510943058814
NaN	-0.5498664584413	-1.45852066517036	-2.44848852224124	-3.64886732900056	-4.08263628237169
NaN	-0.644234642513631	-1.01615169213465	-1.34765492845435	-2.86444616242225	-3.28013379825985
NaN	-0.48198073713042	-1.03174368635336	-0.989892611444952	-1.72300117933174	-2.38124153671547
NaN	-0.187978444342821	-0.551563232371431	-0.944876133254971	-1.51432007214166	-1.77566983716093
NaN	0.011614691917532	-0.422825063420016	-0.516254319456865	-1.12265225710093	-1.11458537108313
NaN	0.366872971397089	0.386592251596729	-0.38139910432098	-0.38241947991564	-0.139974101872899
NaN	2.34052100608144	1.33925787336637	0.753986529117777	1.18426174881948	2.40876987479931
NaN	0.7318568484645	-0.318576929535474	-0.415958564334011	0.0624053955197191	0.372680207928322
NaN	0.094032052459583	0.911003785799138	1.7083391217507	2.31045257581864	1.7790454872915
NaN	4.28733730886051	3.54954207268474	3.30151310335813	4.68580358732492	5.05042819313228
NaN	3.51916157405062	2.04896135063796	1.75281388904289	2.94723446392532	3.59840573686747
NaN	0.954149907847056	0.262521442418948	-0.182779072642199	0.519956956342507	1.18020249304071
NaN	-2.11497148492838	-2.18890563524644	-2.02148293383462	-2.54132863536193	-2.77961983597806
NaN	-2.48288793047368	-1.36956488938141	-1.3123912328069	-0.687116204359917	-1.92837033571799
NaN	-1.35684776580119	-0.114913439534357	-0.504841694770755	1.12369470976574	-0.068736272015516
NaN	1.75487878944759	2.25356036889572	0.914978872531832	1.44739350729353	2.11748848049888
NaN	2.92985634684104	2.8242183239874	1.67599448690986	1.54108667760157	2.6303955033682
NaN	2.11056352122708	0.76452088682616	0.660485225069018	0.207806985499085	1.49503004150756
NaN	-1.66738450818381	-2.28709976995414	-1.53867719806327	-2.05435514848716	-1.96015413183936
NaN	-3.8261858511327	0.0621386496706006	0.132869414282329	0.753049133652614	-1.14708190523967
NaN	-2.19035279127971	0.567345584009434	0.145406309979558	-0.42986850517609	-1.45316923934638
NaN	2.24920022270528	1.43488186743965	0.871370283973065	0.193912061239297	1.3655086660724
NaN	2.04142432282536	0.0328914890293334	0.493667861969184	0.071965058038849	0.892508948533652
NaN	-2.0101163697908	-1.714209607524	-0.766319954219997	-1.61847382831394	-2.01069454381735
NaN	-3.64447851969896	-2.94815349952415	-1.72616392628153	-1.61658081238735	-2.71373855018931
NaN	-2.45506274644004	-1.21996060103005	-0.994600558770048	0.172704818513978	-1.34467502716171
NaN	-1.64395876333022	-0.137153455667308	0.371019645731036	0.809094007611548	-0.0721310358384785
NaN	-1.37848562398926	-0.481313627235731	0.474615759651828	0.220988526566594	0.0499135591383713
NaN	-0.989387440142701	-1.60211489140505	-0.477576721638995	-1.36080511880718	-0.0331892197713041
NaN	0.0414404567138133	1.09320815134523	0.247803149894633	-0.378972554682	-0.305037409052146
NaN	3.84230246947102	2.59350607318973	1.6833556594093	2.29870794134295	2.59060165950228
