NaN	-0.60225983149713	-1.04295176662558	-2.56895227986321	-0.714061918838084	-1.13206296224415	2.25486956586428	1.45738044693821	-1.67149971167278	-1.66785262601299	-0.124909885342817	-1.32650342274594	-1.03952629786187	-1.9914377095572	-2.83015188107149	-1.71113638171011
NaN	0.770693841705366	-1.61577336172223	2.2966517329671	-1.51648640542065	-2.13994740002059	0.860497834078247	2.81358659543268	1.99628134631958	-0.49560252202767	1.0018064710797	0.602745535545089	0.650552286924568	0.38330087500826	1.18562536942918	-0.706256389024408
NaN	-2.13355554528931	-1.93047271938113	3.60787293362844	4.98198532557468	1.65243014604191	-0.211213907143436	2.80458817041156	1.5005401817827	0.038892263413998	-1.63667437476939	-0.943258323020298	1.70819705807118	2.70325195036901	2.53797036378027	-1.35121447477413
NaN	0.418208898428013	-1.98536225041897	2.43420509400292	4.2009217184277	4.30649490604109	-2.67127468124194	-4.06090875862562	2.33285400577568	1.08774660222841	-1.85499139865016	0.331255928913717	-2.03927844499673	-0.122936560761062	-1.08632561909126	-1.00210353346944
NaN	0.549740440019464	0.0990662754086921	-1.457215860736	1.43295388368302	3.15877141729369	-2.51600427847956	-2.75710059652131	0.150778201416998	1.10127801147881	-1.74202063469227	0.0717524555338057	-1.80648571085595	-0.875101062983002	-0.291928395181351	-0.474313387056963
NaN	-0.487328880083712	-0.135457613613891	-0.409832575886538	-0.0638969710518842	2.44020343618631	-0.153823063958597	-0.709880202618695	-3.17490798705219	2.49997215705491	1.07493918744691	-1.23284246862031	-0.631399863873923	1.4959684864889	0.230381959780702	1.0857848814019
NaN	-1.43678737969221	1.00910211291649	2.52891748859264	1.46939637511429	-2.07820146447847	-1.08794962645813	0.380877160742797	0.157412227106831	2.76481320606519	3.3146189155016	0.17421182463581	-0.672653851839598	0.769113379997554	0.988586704551379	1.94809128639936
NaN	-2.55879391241624	1.53212870309181	0.964328357385185	-0.237921049360118	-1.93308745499335	-1.0140971178255	-2.14469495611276	1.89736471952627	-4.11150792904414	-0.67024257717466	0.286066602556021	0.904177719832041	-0.132404444785454	-0.814952260386096	2.00784106714247
NaN	-0.506162104181432	0.594063874044607	-1.71739507220532	-2.1438370261717	-2.84183929875336	1.58043349237945	1.17684333480655	0.111417221185786	-1.18940548965974	-2.03242996136682	-0.70551881304589	2.40905221483948	-0.405260222943432	0.661002835334118	-3.23386823807036
NaN	2.2230901558022	0.847272216262709	-4.80150162542789	-6.86140554869898	-3.28628107366604	4.61374089974186	3.45725930665782	1.87864119498133	2.65766710242323	2.21160793687252	0.850682907420997	-1.51250711776075	-1.50433653026125	1.17426039231595	2.90911570513382
NaN	3.1454543553921	4.03784908538784	-1.22125997944972	0.0552433244378015	-0.750805054255578	4.24725450088954	4.5932129545914	1.6629547197511	-1.18133769986244	0.314971464453878	5.82329765505605	3.7419201643775	2.7022631520172	0.529536338775082	3.32150956416872
NaN	2.00523742956605	0.252810227161174	1.32074693373328	-0.27727575339994	-1.44739090857693	0.167047922561044	-0.124748910210916	-0.537202396610829	-1.89996365610313	1.73483227359217	-0.462774021846426	7.01809355287844	1.5872324229529	1.36550444599835	2.69965375454622
NaN	0.347319321546674	-0.585692544162822	-1.63807373424439	-2.2328983022757	-1.52275179455313	-5.49950636052088	-5.78472122527444	-4.38432560447881	0.334168795270311	0.00310333966489242	-3.10108039404247	-2.03228911054329	1.8809396681211	0.0426689757339946	-1.18939243928902
NaN	0.0269894810732968	-0.563214448424937	-3.87608836522694	-2.60662552079639	-1.91769260258894	-0.260409521352742	-3.17640225837642	-7.08899284718088	-0.392653388407152	3.38867226457725	1.20930498917975	-5.15553265552842	-1.88669429687136	2.31175642459544	3.15655095787786
NaN	0.30598050642368	-0.0245217865235404	-2.81484107539165	0.621300328669311	-0.969602023346197	-0.0814698174765807	-1.3192149358608	-1.3019995739378	-4.02737342279194	2.24719999049728	-0.271010070307314	-1.31072585786305	-7.84732684963079	-2.91991029005876	3.53883388984698
NaN	-0.376902175227321	-0.417632188763782	-0.954218293157361	4.16549492906191	0.951676297939957	-1.35970605433153	-0.437058368245481	-3.2101235910081	1.7654335072747	-0.4869890271567	-1.19994047435627	-1.42683498771274	-5.24707239425045	-5.02295635132945	0.325754556055433
NaN	-1.1235945470802	2.18058200911657	-0.332717198880171	-1.47269178475249	2.45964548953807	1.34193940979242	-0.354988185638574	1.96917259343633	1.44766061760319	-0.654746514146065	-0.0890646441309616	-1.23816025341751	-2.9211599430143	-1.38546059982639	-5.28923146203456
NaN	-1.30072724774471	4.3552441724154	-0.289010687843582	-4.92702159131242	-1.65668939511136	2.28425088940332	0.549885103837951	-0.956018357501644	-5.2487639131647	-1.8088016679168	-0.968451701051482	-2.43060033122073	0.42250141969716	-2.25469155959221	-5.55449336729508
NaN	2.9461484187418	2.38762751883614	0.330944851841257	-0.285127106131322	-0.586644107563611	-2.61810049039732	1.82204477785704	4.81323682241254	2.76345050812749	-1.29310495604425	0.451100585608325	1.11918479141381	4.74749199890659	3.91820307348744	-1.48369195945226
NaN	3.05131223444924	5.18500209966512	3.36196410135148	3.60111039087174	1.78332581263803	2.71727795541843	0.804039704381141	5.78957793925708	4.65404453414234	-0.537164430763972	0.330284706531524	-0.00154165504242481	2.68565339814186	4.42917031569117	0.748225337011714
NaN	0.371567277819733	0.306331002492333	2.92682558396498	4.1704115297185	2.71722756135623	1.56963738390177	-1.26736197828517	0.304225583524268	2.123507684774	-0.186213445157303	0.898252019085006	-0.273627888783176	-0.657534458595104	-1.98357843947772	0.268225162890573
NaN	0.0432148672365385	-4.15915488501214	3.47035382126403	2.62992057318033	3.01771346693104	-4.60878425826816	-3.72220768365681	-3.15772269616935	3.63434835158602	0.846314353553932	-0.156092510972021	0.596933406656858	1.21470884573619	-2.57729964200471	-1.685125783951
NaN	-0.868413649589298	-2.74541983023553	-1.06574723479581	0.629784084519288	2.17604097946265	-2.6286094190457	-0.84417421844559	0.318769841791532	-0.0834117654070282	-0.50329178771805	0.708147725220948	0.444257898227612	1.17354422153025	-1.18449273237797	-0.06743746029045
NaN	-1.54205315533271	0.622022266012056	-1.16156859402982	-0.827194043224403	0.141437305027431	1.01124325821284	-0.47467513072662	-0.856376086836555	1.60039865598378	1.82903600237613	3.48389427239726	4.42041320542449	0.844738702781981	-0.0664391490891428	-0.201113490040872
NaN	1.54118955839312	3.59607720525275	2.75118587110414	-0.307026760548311	0.754819802035289	-1.82979341314176	-0.904732385098216	2.58275748335813	-1.61606513022744	-4.35518967316037	3.98081036900913	6.39988335726604	2.28225704126821	0.317265733649819	2.10318089114546
NaN	4.69816851372109	2.62305913265651	0.111680968058676	-2.81056757811104	-0.699738253401495	2.42262966187676	-0.606320518328768	2.00334675548764	-3.91797370648811	-2.39952162732187	-6.26984058575716	-3.06459602692954	1.85797070722394	0.830386180461058	0.708325079971179
NaN	1.56166953067728	-5.78737828629978	3.01580543034841	0.198616998180543	4.27481915093482	2.02761341680707	3.32766455688363	-4.5857813901078	-2.73552926034055	-2.10788606809136	-4.49985313440468	-5.76685872263958	-1.95260481194513	-0.653968190770277	-1.78037184094896
NaN	-2.09946141402798	-6.15049763941906	0.885981544596603	-0.0454406472877522	-0.0434012552124062	-2.72082478057974	0.269212789949878	-1.12958554507504	1.53159172459651	-0.725823984693598	2.22336895508166	2.25341332379313	0.859200993592902	1.60651847009879	-0.735244677468913
NaN	-2.95842521298502	-2.05922215740427	-2.58912284561342	-2.86367744695849	-1.26942373592757	0.212826901143073	-1.07122985481765	-1.40175383905311	-1.22228446459233	-0.864564628003608	0.422845613089751	-1.08107347897984	2.28213336943533	1.36072362456841	2.30350793643004
NaN	-1.22723010786749	-1.23880058448242	-0.985021727352841	-3.35847471489112	-3.15921698414781	-1.32262186263126	0.519954679820505	-0.909684198194534	-6.24123014396379	-3.07646435418284	2.15117354882457	2.76249004200493	1.82275051071533	0.0991529421213047	1.73262693738866
NaN	-3.87335587129785	-2.76606437962921	2.06259840420272	-1.11497905072975	-2.61274841770937	0.881493903180977	2.91292400855707	2.52344192739581	2.13229487794902	0.433452365821111	-2.48455796804932	5.30558846335573	0.736055025806959	-0.0139171328315682	2.52848010158051
NaN	-0.299370593998253	1.41524005128836	-0.535735700524612	-0.38479353690897	-2.78123649322436	-0.717924481728076	0.85010199611303	-0.392323163754883	4.33571600836789	2.46600145479082	-0.759737235665036	3.2493167499743	0.707398547319428	0.436665164118506	-1.99409971228026
NaN	1.12738423995672	-0.295156013881155	-4.76118618528467	-2.4647420554789	-0.955523977026415	4.46700855461637	3.23249133672096	-1.73377926476623	-5.10432474433888	-0.484768470365672	0.555887506789026	-1.36256995726844	-2.4523788426512	-2.60619552477729	-2.25527153125391
NaN	-2.72518208968343	-2.81243659073993	-2.30682934443553	-1.33660358021241	-0.0577256024678678	2.00107668260069	1.987656723975	-0.397251293682685	-3.98881535447027	0.924419670060249	0.0990251268946506	0.0421257054348296	-3.31724786902346	0.218807277365355	0.217297909070331
NaN	0.0471207163255298	2.37333057605838	-0.92073598356956	-1.3661125559692	-1.12917644847954	-2.61542660530155	-0.555206890254324	-1.08841284133959	0.53161503976846	-1.85155303001258	-1.67790738384319	-3.94772133318132	-2.29109847833245	3.8975584927905	2.6588064909706
NaN	-1.66600777006846	4.80494780307254	-0.633639399088315	0.0788687789983842	-1.04193999730024	-1.56211057638645	3.46120595550685	1.6330217172254	2.3002948022004	2.08937006488831	1.1568926273689	-2.95570146575195	-0.705778663247259	2.02115502443898	-1.00077862499409
NaN	0.354701842575004	-2.39766628849987	0.262439707386855	-0.697800849993311	-0.4832745700447	0.270805393756927	4.51184697792326	4.09549612398419	-0.0246928797273398	2.51261927873336	-0.957197633701911	1.41474425251943	-0.36581167236005	-3.26124160824022	-2.09741500303922
NaN	-1.81003254877424	0.819753818401278	-0.749114877339901	2.20030687799787	2.43794889203407	-0.0742285386612732	-0.879050260775757	1.45039359124639	0.356682802198798	3.59930330337936	-0.532583970550004	-2.74597678571341	-0.216657625878373	0.42107819402776	0.554383919529044
NaN	-2.09054023997752	0.789575437280997	-1.09244273215324	2.9399476821142	2.26995242197127	0.400000750610757	-4.47072991250413	-1.48501726062569	1.72561392769296	0.159882876530584	-0.985513860917676	-5.93918659068782	-1.62433192133432	-1.78348622967477	-2.3000095620972
NaN	2.80241664813559	-1.65286432781068	-0.0437603543106021	2.52812012633337	1.21733760706721	1.63171937048469	-1.4652302874618	-2.30997435744993	-2.4155640960484	-2.29481390747342	-0.398350721285321	-0.48011884067797	-3.8520078907253	1.55693796248845	-1.33144025653699
NaN	-0.154564260693551	-0.711927944740873	1.10046610472072	-0.596640136478943	-0.716981949007992	3.03475047626487	0.507260783828433	-0.521698771224727	-1.69547805031642	-0.490014060056872	0.990271261839105	-0.680808191379546	-1.55168209115258	0.406840352050885	0.342899227126103
NaN	-1.06022673908561	3.718200711731	2.59517874810872	2.75732331414678	-2.40537452635803	-2.01124978696023	-1.49232731232955	1.58911435441375	1.36983518448894	-0.151128258968044	1.38075998280571	-2.9863266623777	3.03384103803236	-0.751237418759174	0.0142763879460809
NaN	1.04348126328996	-1.43862027802467	0.838652780059862	1.34090480025866	0.322337068840743	-2.21300115122104	-2.20085581806046	-0.698576147175054	2.88418881786683	0.155820484276653	7.28993530276432	0.356996251092329	4.02936739773191	0.763066269520615	1.5528497857369
NaN	-0.150008589400557	-3.97519913809042	-0.390865690565155	-0.724039286348653	-2.16255866581517	4.64923865405377	5.58691349837389	2.72789952579262	7.1123116866168	5.74761441547715	-1.87089649713171	-0.0539201630262487	-0.288938386820079	-3.55257037288015	-0.881651862153506
NaN	-0.285022991935201	-0.433913745656855	-0.381394120755689	1.2931763050688	-0.685470623969529	-1.45511559916346	-2.61506533662966	2.38780396165159	-2.99215370218145	0.772480206250975	-2.96501537441466	1.36757845071293	-1.06758590066728	-3.07242113886297	-1.70865373198469
NaN	-0.870049039508999	3.79664612384393	1.83607859013323	0.823889187410747	-1.24784112633187	-1.57414279646371	0.319652801130312	1.53037892207179	2.1888032389421	-0.173229164616786	0.79373351116962	2.31346524621197	2.4492573701081	1.15670991821383	1.47251134100198
NaN	-0.266630443667741	-0.959263841589644	0.579598400951167	1.78827849013808	-0.0399983594256393	-1.72479495273903	0.12683877763117	1.62660954129738	1.81661173277922	0.226298964036912	0.521498580782561	-0.286155065479886	-0.836205856897474	-0.428712818291252	0.907719911364972
NaN	0.632251144492024	-4.85298985940407	0.518287579206221	2.78491871420055	0.818379950579163	1.4025068213999	-2.37401063847698	-2.09232659050504	-4.58849059430214	0.967741683467813	2.81965029120916	-1.59862243110413	-1.5960882373726	-1.83844667880799	0.921500820329595
NaN	-0.963629513788878	-1.27995498664547	1.56538817230871	0.934240148614146	0.202055141462993	1.28470195340559	-3.73253571362876	2.64140485171139	4.43018463359966	0.270106247522658	-2.66252576653374	-0.551194865373684	1.91261988167966	-0.0957494095430809	1.01476109541103
NaN	0.18580094723277	2.02283469549757	0.823241164179848	0.180597423471019	-0.570093624337023	4.28622203613447	0.811263111190992	5.93011831256282	2.50658387252288	1.27029892509208	-3.39101984036766	3.5293865488068	3.54269765588403	1.9260613028487	0.707615450442661
NaN	1.62647219544787	2.46015020021695	4.60802930728358	3.4257501959412	4.02312034547371	-0.359775383945052	1.0451816381959	0.607375211337349	-5.35214780538908	-2.63420369611175	-1.85361279287193	4.78365209022562	4.37509483523182	2.08766289595137	3.56877337255591
NaN	3.38310434552747	2.82551498083666	3.02929915380329	4.62920588670433	3.84489920325096	-4.30808590082464	-4.0287187950278	-0.145249197505548	0.359999262323758	-1.65588892255152	0.778734661538873	2.82684637817601	0.737387724639884	2.63146140053988	2.70157907018238
NaN	0.611613401996334	-0.686848508283494	-1.29700212626718	-0.0951820859539247	1.69205637910048	-1.32655918688786	1.35570788859363	-3.03481994321875	3.55426252785475	1.39178351771036	-0.703918808105013	0.573045812824788	-0.36383285061972	-2.13605501655997	0.0656495132237062
NaN	1.98264240469299	0.19583072210487	0.656097510596213	-0.882438667730212	1.0882165571066	1.19505975639115	-1.40204409913347	1.62348083330154	-0.753205454331636	2.34171301218574	0.00066108452487774	0.0406237991691904	-2.10572273329731	0.546211921472093	-1.41029914195626
NaN	5.36120714988065	2.83844962055295	0.459333065357535	-1.06037943995745	0.990697645272605	-0.785190739420772	-1.65624712847087	1.69027847606061	-0.715574606084772	-1.84109858203292	-1.12259303839296	-6.19171711828106	-0.778431833873865	1.75256846867938	2.67458274473442
NaN	4.33317397464507	2.53529252152606	0.454653373565608	0.938415961059339	0.20607909556854	2.99228299153942	3.30423754010678	-1.54936122222152	-0.528720248313033	0.928894872758225	-1.34651190932919	-1.61347479629605	4.10300433769001	-0.131340539735758	0.224004249320059
NaN	2.9895198264642	0.68582440237479	-1.01087269686527	-0.183067239736575	3.85038883884859	-2.18438605427368	4.99124075201573	-2.21611430064299	-1.10446302777858	-0.791973822294395	0.681793786462138	-1.35793157941099	-3.09461389156827	-2.70661223196085	-2.27943963651569
NaN	1.67587902272525	0.73323542525877	-1.43587961912878	-0.893005447276725	2.5310042880859	-3.09468903592205	0.581758571536753	0.170673498828745	-3.18411637918939	-2.88300681997254	-0.854582693093415	-0.733707606910019	-3.54730679591981	-2.37719099699121	-5.20933384839126
NaN	-0.678559472203799	-3.15675454200704	0.219997228741603	-0.611142318339712	0.0136219198867775	0.37468052300585	-4.20389998018433	-4.22799843740076	0.619740642223878	-2.00908113078861	1.00345564438103	-0.278812576477562	-1.91087237446908	2.22432391744474	-1.90520106483531
NaN	-3.2944674787902	-4.63117092717345	0.770565014432771	0.898875064285948	-2.42281409430513	0.158510539493748	-4.08148949411722	-2.74541741810818	1.86206477623164	0.320899849998446	1.20052435468204	-2.16007166450273	1.32669856261995	0.010320424463712	-2.08500241042245
NaN	-3.69212657269055	-0.40646382623559	0.613519877631654	1.33346268766976	-2.13319522223065	5.21354175364361	2.88947397749256	1.37962215996704	3.00261418707457	1.41038705439966	0.250840322514672	-0.607317416166334	0.850412626097778	1.26530107814663	-2.44764601215437
NaN	-2.85442207086896	1.86680273223638	-3.30385882696687	-0.741173699796629	0.781690370789471	4.32296702001822	1.35283728397594	0.773162413591706	1.24383788093982	2.20821430445068	-0.000169604229460099	-2.26927164910167	0.0191979776206372	-0.045446650891393	0.989060124546706
NaN	-3.06004903334614	3.64953491207009	-1.99998056438532	-1.09507433183626	1.48552268641355	2.86672390641569	1.24509530737842	-1.99611389570255	-4.24562848963207	1.67853692617618	1.50658188799551	0.404285202174847	-3.73875759005057	-0.407013464266084	0.411112191272036
NaN	-2.68914695585369	-1.36314557343263	0.84892485777027	-1.42283573394465	0.641284211137156	-0.169158239398961	-2.88944888294714	-1.91898920916166	-2.53604422606009	-1.58477799536861	0.279744214983261	1.08313789749635	-0.703955808689513	1.93687515118982	-1.00346961045033
NaN	-1.15865923289028	-4.70444407281757	-4.15324261098922	-0.211753611953033	-4.0920753382738	-3.78407445035279	-1.17520443169569	-3.76195534182851	-0.201642219843591	-2.1382311717214	2.69573130550159	4.3400604623683	-0.48046248436323	-0.307873951397664	1.29380619413351
NaN	-1.87039514144654	2.36501669376112	-0.897651268663712	0.078415334177266	-0.807919673568652	0.76056762006957	3.23924236761059	-4.21624714885574	-2.98214565302897	-0.263389174058911	1.00462470551208	4.90202329643225	-0.126871852573664	2.07414030858089	5.49082796231527
NaN	-1.3983071233452	0.35057586599386	-1.50404888845176	0.231811761454262	-1.47728381169797	-3.13688057297596	-1.29782933986604	-1.11922361065036	-4.85663262436758	-0.98693593939523	-1.10993607233671	3.28039680634889	-0.610145479777943	1.74244700009568	2.95161947621085
NaN	0.52225075052663	-3.28423367776545	-3.36339291348332	4.32993669859676	-2.4640312274536	-5.24974542223021	-0.852485157742024	-1.3653082405584	0.326103445334172	-4.0205283815658	-0.46586861293391	-0.795762019060556	-1.79148698729863	-2.07689626940417	-4.11947859270087
NaN	-0.967155472834136	1.4958468399526	-0.00637731321634321	3.70541233801213	-1.0501398309497	-3.4782492046331	-0.915832705030118	2.51823841799731	1.37729432988884	-2.97508876370863	-0.67294937887043	-2.3024536278474	0.576519624984043	-2.23278733805944	-3.495142063227
NaN	-1.1292555924894	2.84260279427882	0.214097232085315	-0.820279267178171	-2.49887893989138	-2.10467551893552	-0.877217853511939	1.75719617620914	1.51152257117601	-0.761912765210773	1.62710720496591	-0.761890838599006	2.47531061344665	1.53828056828157	0.309769051101914
NaN	0.425789470378333	4.85690323866019	1.37334571655248	0.0759676175087863	-1.26630605423041	-2.26385927200145	-0.180701006898732	0.308511377663673	0.0333100704737357	0.0199563949177515	0.0427765390524855	-0.349682760451451	3.87904514472135	4.40978909214576	1.76945378888448
NaN	-0.100269171650685	-2.43186287235096	1.62842478248471	0.511605836560971	-1.91701707580783	-1.47044579420551	-0.0844157373268379	-3.13568458101121	-3.6488905228362	-1.14907146771052	-1.27265885196125	-1.41415217774314	0.130798889357239	-1.99979005752263	1.38987626073791
NaN	-0.701065814598545	-1.97826660255435	-3.38777767291441	-3.28326482292109	0.694716328431274	-0.669716779690848	6.0546588284231	-1.49093324961356	0.971321140614784	-1.38999468534896	-0.576118457825001	-1.23828852524962	-3.10883556919644	-3.60823896174365	-1.74182541906103
NaN	1.506876538716	1.43096925387988	0.362901347035409	-3.03959037285085	-0.0390776628456028	-0.0569165415020402	1.66254049274675	0.105512209813835	0.568219599602393	-2.04794814003837	0.0149350803281908	1.35464045577539	-2.55116624051852	1.48333560300432	0.0824390312496248
NaN	2.5504095371974	-0.379492995127468	-2.13112412491084	-1.46405050507272	0.608982710201166	0.796605295861719	-4.84028283675241	-1.10522742521433	-2.28011538023083	0.970578013434014	-1.43539238240752	0.86884445984921	-2.01131632996587	3.30307672208711	3.46033467935583
NaN	2.95830473331673	4.84816786082954	3.41095591381992	-0.973350495311424	-1.68599664223792	1.27397653233125	-2.58076766926553	-0.311317565685106	-0.764720358548401	-0.0901786140274712	0.171563920741582	1.820744027274	-1.23480064518722	-3.50939733665029	0.496614888597529
NaN	0.967356632301445	-1.77036834482721	2.46992205548183	-1.14134208340428	-1.57171864591883	0.313257053856338	0.450871989938002	5.41802253063152	1.82425103956838	0.99958408639352	0.817287301105857	-3.33461525637987	1.76760189514436	-0.234420156330229	-3.77721517522528
NaN	-1.06949534343023	-6.21234335012556	4.30476815609974	-3.0831224854749	-1.11692253018107	2.13187177018856	0.984034581526124	1.76892258916824	5.86483067495837	3.45839977568834	0.567962739045946	0.50822301573516	2.78030743961989	4.56054377220165	2.67191758940597
NaN	0.562341184697559	-2.1950549193302	0.63269818410285	-2.35703021507751	2.12100733310238	-0.34720677782258	0.79620536538353	-1.92102569334497	1.37472671852546	0.927403983757421	3.2090257632802	1.34880115760179	-1.19667195201952	-1.32124489673291	2.70437315284058
NaN	-1.03632933549289	-0.644376822753816	-1.99302252122216	-2.361430433887	-0.59421595568716	0.304540008057591	0.484080059124009	-1.84866019682453	-4.10094057779689	1.77313473964789	-1.64463234350802	1.51059347476204	-1.94082408699644	-6.35858526684936	-3.29770166540983
NaN	2.88094928508991	3.12712119997635	-1.60147866555756	-4.68814221172679	-0.672657102673752	5.55277528101424	3.13517635988318	2.29130987499493	2.27091890844939	2.82467229061454	-1.50966442641019	1.74604303541184	2.35748539147378	-0.883744724378971	-5.17979965103528
NaN	1.71543434078486	1.92520727850664	0.840198441241808	-1.55345459669511	-1.38107751402083	0.842859158026905	0.168914858387678	3.82981382913003	2.65358766163841	4.98715111752384	0.502308722279846	0.472547401308942	0.887250047773961	-1.36165684302765	-1.21442992946522
NaN	0.0989260617923127	-2.34546731723254	-1.66310688745649	-1.64804475848905	-2.04792766141565	-1.00998162825079	-0.344273243848547	-3.04378367973672	3.11850025476207	4.12011192295064	0.533939059241549	-1.95860058070026	-2.08004053793331	-2.61176696689346	-0.483151874950031
NaN	-2.49809689435524	-2.63722815231634	-0.963920674189953	-1.40777544256621	-2.24282033565847	2.28911105623876	1.28835677633238	5.09549677171075	3.28483249370124	1.29273654770683	-0.824029264530275	-2.53107508208415	0.553598195755198	-0.00350861918415943	1.14887665810385
NaN	-0.685300747537114	2.93334317158746	-0.124235080625894	-0.520587812641522	-1.58220019743606	-0.064611806810129	1.88082244664388	4.186291710925	0.975952675909766	0.942417230027947	-0.988493417431165	2.96263318070002	3.13783469094422	5.73070570648054	3.53000355730367
NaN	-1.01168044752273	0.551511330706159	-3.04534074159353	2.78999520834758	-0.601941618758563	0.531335963941506	-0.969238115881976	-2.12961687861056	-0.371981360509989	-0.23942644784104	1.00234700732812	2.38727926408278	3.93341436635132	3.3413758165851	2.6416850475322
NaN	-1.68182488293424	5.4372587496829	0.690292048499805	1.41104626587285	-0.69346964365486	2.45877042269184	-0.429485801757267	-2.40288293459202	-3.16000274573469	0.735957299549369	4.62855477595611	0.0691532728676756	-0.716342820838725	-2.64186922747946	0.315625107571422
NaN	0.602645272428325	-0.909241911797965	-0.428482566284939	-1.35611128041552	1.54823427203732	0.616841737305115	-1.29269321324767	-0.686122788660813	-1.91552524836131	-3.74452771214599	4.8160297207002	3.34761079611774	0.565637581836533	-0.255242627567896	2.34482867233401
NaN	-1.64829544309125	-2.92189313731605	-1.71569995134472	0.0654690660334958	0.807778003744954	-2.7910530876394	-0.218685023711088	2.28282359512327	-0.481567146469233	-4.25259959582688	3.70433244791721	2.74841154919237	2.04554346734191	3.04545725562667	6.42182854295458
NaN	-3.19967039037307	-1.08676113438804	2.85873476942372	-0.137307955602936	-0.541020149960147	0.123148838413754	-0.105069035669653	0.571546667182471	-2.45172269946665	-2.30256961741448	0.508337381895998	-3.24105529855237	-1.23358262420925	-1.31536598738032	1.69464485178002
NaN	1.86257254056777	0.74106399706802	5.1280573750592	1.12175769309522	1.35243844377429	-0.417320944767251	-0.473848985371758	-0.73321451458473	-0.446095039401569	-2.27233090537005	0.80473509647671	0.059018520529768	2.25519340344946	0.847802907710932	0.684860314711474
NaN	4.74290780327019	0.985388675441845	3.99923872349984	2.46067800744867	1.79685414988546	0.2434605872157	2.83109207651498	3.07495329589282	4.39588091906787	2.31431630094564	0.251661018893323	0.743809353237374	-0.0310886607666321	-0.27585839604665	-2.54427754734347
NaN	0.180089189212342	2.45042046657141	-0.301138406960125	2.17005934123811	4.26534512487752	1.18562766568138	-0.54759392673605	-0.200315099617773	1.36916139600194	-0.179731700602707	-0.839590244348873	0.369562751774133	-0.35822868923753	-2.7033238977204	0.945835434623565
NaN	4.16396416460142	2.20035169290336	0.044335597161342	1.48147783196625	0.305883814723077	-0.708857893192282	-0.457650236159048	-0.565507309237516	-4.47300304075912	-0.0527585096698307	-3.29540606484773	-1.41518480348304	-1.00485037367997	-0.97809041850746	2.06680695886128
NaN	-0.077667194998092	-3.60151355997282	-3.23554082958895	0.335406430100256	2.1976482634478	-0.149031147399066	-1.53155295247348	4.75002072798594	0.547428503247482	3.78125732642294	-6.52042879569821	-0.529127770452263	-1.08029548309971	-1.04439872726919	-4.86612369111882
NaN	-1.28106545565952	-3.28285751064448	-2.50963766368143	-0.468192103252991	3.67854907061631	-1.28404485633134	-1.04243823556685	0.980813932463253	0.715446508543932	2.37269374803761	-0.025342525035261	-2.16082975283928	-1.17997972415168	-1.1358348008723	-3.55807281292117
NaN	-1.17267685109421	2.88345057629916	-1.39199089106982	0.783117766511934	2.85473300704125	2.43501429536818	-1.72530046335731	-0.586953204605875	-1.16325008741541	1.26616459779338	-1.58210786618463	-1.12653687716648	-0.844241134820965	-1.79401663108088	-0.231818835827605
NaN	0.674774846798665	5.18214093722074	-0.0670639540073358	3.03174500882759	-0.0152705729116965	4.85598467010207	1.79487561721134	-2.35681053331063	2.53068777537211	1.48653704160842	-7.81689950616027	1.26167229388414	0.177211213131204	-0.817476539511435	-1.70027152863232
NaN	-0.0516032707202042	-0.664063173333966	-1.09554410929719	4.97180436640501	-0.43952450110548	0.525663447920632	-1.10231899641348	0.108553288628025	2.86275370739979	1.8454482433111	-4.85608349412826	0.372960078735845	0.791698330530487	1.29816475622091	-4.23487040390569
NaN	0.328386836631679	-6.46701549137378	-1.90825145497681	-0.195201560055244	-0.734006104413016	-3.17538020582001	-1.4316462544962	-6.23940873922377	-1.93913737850628	-2.79603483911278	-2.5268829697795	-2.31891867216667	-3.71459271913918	-3.32240425976779	-3.12076749130535
NaN	-2.79965164184706	-3.42169340723526	-2.10252136206682	-4.36612871520149	-2.188723642463	0.989872646880755	-0.357318546386598	-1.56330765626001	-4.56941433093613	-0.58002506943048	3.22532074389704	-4.90950398963889	-4.07302396392169	-0.0454413762733415	-0.782735969305303
NaN	1.04705697139927	-1.04353442444053	0.966373973505043	-3.42829393950771	-2.15452888746669	3.74655608843751	2.63880908247416	-0.499367575339065	-2.8131949152965	0.0441396050621969	3.5686341595247	-0.248059851004581	-0.582845586150288	-0.0863077402107807	3.27222355407793
NaN	-1.02392649585969	1.14464602818734	0.922082094988947	-2.11486097451549	0.838631191202459	-1.78263791293497	1.82648195723257	-2.2408002383197	-0.425089951527972	-3.62092091035634	0.138044575503781	0.736782979431663	1.78962761864847	-0.231966291707843	0.702791136152697
NaN	0.805121486878929	0.700538111087217	1.81961078193096	0.396834792761215	4.68460093874599	-3.28582165055327	-1.09366345588982	0.445331634906258	0.272150746431314	-3.82041775236124	-1.45513097198276	-2.22110952795789	-1.17989190392646	1.76603744080967	-2.18799680793734
NaN	1.16888958726943	-0.639712151871487	2.24500137519405	3.75152091834825	0.00522770839744811	-2.41931174851301	-0.412856606205871	0.255119958672239	-0.423999238416843	-5.53260484374011	-7.17743352014237	-1.84365041381721	-1.18054277079573	0.09859739166184	-2.04428695375278
NaN	0.215087338872412	0.802120851799029	-2.07714168935894	0.124632702410332	-1.1429858968133	0.440522244198644	-1.40818490807769	-1.80570357592428	-0.650893873914242	-1.15235973865529	1.95872770414836	2.89158867962269	1.42278820145649	2.60306128700361	-1.09710195862351
NaN	0.477869340975461	2.18437071612161	0.553358557950927	-0.636033304012849	-1.0867237945794	-1.7078670691548	-0.808918615578867	-1.71428181142692	-0.200221318506498	-2.18017463493142	2.67061214093998	2.56683153839101	3.58930129880542	3.73131520671429	0.617167044309273
NaN	-1.16756517508254	3.43731868993194	2.44936520362352	0.790498103056173	-1.410523050305	-2.39932910567403	-0.912752357728231	-1.39025391640387	-0.355427635644101	-2.35460579386712	-3.88585853476118	-3.41175273318786	-0.746421322559566	2.85738447629241	0.925339057092064
NaN	-0.573938138444566	0.559562728250856	1.74810639799095	-1.05553425434287	-1.49611888410523	2.36361494898125	2.00522946468799	1.33576943624767	1.24781975829304	-2.26239550085463	-2.971804739731	-2.53122474797215	-0.343069775481194	0.11125713682647	-0.661164943687497
NaN	0.25692116843186	3.20975028963473	1.08276419791815	-0.805117030437791	-0.311415835547746	-0.0604086814787025	0.135885455330823	2.3260543134947	0.231502324910839	0.342324520549398	1.14793824316317	-3.20740825688274	0.83381299654431	-0.711992093631243	-0.961561699306102
NaN	-0.348725960765862	-5.26285043343092	2.87616751653108	0.764133564347058	2.75855178007878	-2.56419717114435	-1.72175349289564	5.76991477042866	1.76555418379593	2.16599518997448	-1.45393958327683	-1.80621620629158	1.43541098343936	2.39596026900685	4.74698879859002
NaN	4.05898298255038	-1.00016615485109	3.43744800643562	2.24291500086224	1.12818481402817	-0.688934258615398	3.56538683272415	1.46624202530471	0.701169057461196	3.13293610407118	-0.538592392500939	-1.31681605716494	1.34069533979245	1.37701116537274	-0.453449684012915
NaN	3.7299899455458	1.00922351623819	4.70456439559989	2.29138732998562	2.3588063585269	0.025575271628633	3.0632328077105	1.94374330160692	1.18843118950425	-2.53019068314434	-0.714344542116739	1.76476990077722	-0.593237127604528	1.03524588266396	-2.76214142394437
NaN	4.03242888940943	1.53970602988375	0.592086468530897	5.1074048513825	2.42305450911367	-0.364422454241839	-3.29109429174972	2.2180477235895	1.86181036113549	-1.22523036297161	2.16406915337026	4.26820172534402	0.843880722178622	-0.539303536499775	4.20875476166588
NaN	2.15597213445931	0.909498525350688	-0.396445576399865	4.35200539235078	1.43200336731415	-2.89186241466507	-2.54849341773681	-0.54815809153753	0.535376665162418	-0.201877816869926	3.24176595642982	3.63221528785239	-0.802788512810608	1.12965186536686	1.31386642659127
NaN	-1.45756092011522	2.09840610872828	-3.93515797275995	1.57074302058785	1.70549946578622	5.12570969406285	0.200199544387137	-2.37209264347452	-0.504433751592518	2.27104761553923	2.74544816760281	-2.08418315702762	0.00686496289174317	-1.41131533801961	-0.256881010012927
NaN	-3.6436152129296	2.37739225484055	-3.36773847812466	-0.134063667925701	4.01455609912904	6.20240941914927	3.80241754528551	0.0482554219816015	-0.394042223567353	4.37276793535552	0.255464053450637	-3.18018578519763	0.278004235406697	-0.78397162193961	-0.701694519841986
NaN	-2.52235979259664	0.0710747318362107	-0.682135306874377	-2.37290325312526	-0.311742153099542	0.667902161928927	0.810338751922815	-1.03261051095883	-0.979888146391576	-0.34837825160351	4.79836367272732	2.06755087004937	0.150150810426948	-0.46459102164799	3.34493608707872
NaN	-2.61353491428982	-4.76588038873058	0.289403710908695	-3.71612410067677	0.0297193491869726	-3.58811499976382	-2.77282188843352	-0.303200730166854	-1.12354890128811	-0.738477800366798	-1.34981565366813	-0.253221901875025	1.58439706974652	-0.343308388915869	3.09001710256494
NaN	-1.89429619117033	-2.63189349210276	0.963292476634768	-1.87045487517547	-3.539907782379	-0.10803708194656	-0.127780141084505	2.26566124991912	1.33694146989589	0.543072350408692	-1.41277235148254	-2.38068585129658	2.42586432363227	-0.552301580656471	-2.74243580241622
NaN	-1.218028725871	0.835574721803491	-3.43811128984019	-1.73727456460561	-4.87301567941679	-1.7631899688095	1.1970046371552	-1.24582434732352	1.67155830949713	4.21414864723521	2.27799503340053	1.8160617110918	0.779214285225848	-1.2515503721127	-0.0337814585630825
NaN	-0.20375544819623	-2.67177820962795	-3.30563436874906	-2.78122555057358	-6.40470420621563	-0.697295171557998	2.9966466719321	0.306768431763863	0.223911391444717	0.28923681249365	0.236276525396065	-1.28713355948545	1.97758768786372	1.59405861056629	-1.93611735596455
NaN	-1.17989105137182	-1.25663398060068	-2.47166610498788	-4.28926315288531	-1.26531498207579	-2.56503963697244	1.86848939339791	0.558371301871663	-0.436067861290149	0.0152175072627795	2.43814546731009	0.236285788191284	-3.19288927825819	-1.87776267260911	1.13200213058947
NaN	-0.206372383337351	1.38528807429379	-0.170514055776852	0.135887487624461	-1.48926285425374	-1.30479590363637	-4.9060416202601	0.595360703843388	-0.378454487354093	-1.72616854950457	1.48636114043265	6.1048101310234	1.15793876870579	-1.33252668226703	0.0302811797024293
NaN	-0.555378577855934	-0.334908298318353	3.64473375894953	2.85281700626545	-2.93316900485345	-2.5760040512675	-2.53507391706604	0.242918216554458	-0.669194463726638	2.04137826475622	-0.548808831239149	2.29560509173097	-0.899542047229248	-1.78540834071931	0.136589688778209
NaN	2.69472576826766	4.74306691784992	0.352493204760363	0.316728593024953	1.25965443954975	-1.7128536241784	0.793830223254126	1.26112678586467	-0.202365776456176	2.82166214388424	-0.040345976469341	-2.64320406306583	-3.23555226461857	-0.57073365655707	2.9978088547679
NaN	2.32705256831739	3.75601702253595	-2.44608955944307	-1.82517614137164	2.45213904614828	1.87751495894708	-1.85244000791726	-1.70686749973055	0.65029835290515	1.83257728305782	2.49658112875709	-3.87560733451968	-4.23946395185699	-2.79679210172212	-0.879657628220287
NaN	1.32868793385973	2.53787850909262	-1.96602039411716	-0.91842606405492	-2.73068599698455	0.493618523270352	-1.87361304672735	-2.53816205125802	-1.31096828238132	-3.19641231398709	3.37425411449073	1.62213672226389	-3.99452857055778	-0.619928281066186	0.240379691843183
NaN	-1.37145144673004	0.0627469400607935	-0.199425406163809	0.783258513346867	-0.517030423103043	4.19734886895195	1.33557380088391	-2.1312838798826	0.361635275670877	0.270092759480473	5.51880452003586	3.93257510948146	-1.90724925532828	-0.184714578115781	0.245801717687461
NaN	-3.28113729389003	0.320603088210801	-0.166585920335768	1.7731412334756	-2.53095533638788	5.08610392655121	3.20978146646561	1.28389583198559	2.91162971929854	2.15400677051666	1.19045919129469	2.24930907050488	-1.1853508689743	-0.0665745360006132	-1.01974892224535
NaN	-2.92111317531287	0.164558722525627	-0.600579525023091	3.89183164156173	-0.145497749263936	-0.654784859216554	1.13879847830789	3.82120813232584	1.36720376107385	5.17560508196892	-2.81419752038542	2.48496858356847	1.73541756546742	2.03021604757965	-0.499756833013162
NaN	0.395736288834421	1.42151728224844	0.511125083646942	-0.750038275473662	-1.96893168828003	-3.66777116696999	-4.68858576873865	-2.22335095808415	-1.490652767377	0.681266289628096	0.49695351626851	2.0503444715358	0.83752962966947	0.178975788617412	-1.4963038937405
NaN	1.73540191711477	-3.20299419785331	1.13269338569243	-1.54199044454937	0.96979758912107	-0.964720735881647	-2.53763746400101	-5.13555391829097	-3.94994136870539	-4.55032242742965	3.70160842186364	3.23082832298694	1.9069547617108	-1.16123028212868	0.655418707741577
NaN	1.62397765706308	-4.51693187008183	-1.04286718123967	1.20462768950078	0.422100153816094	-1.25188262247468	-1.76151587876705	1.00185711495836	0.507961561393939	0.411641119346325	1.96837514682366	0.693604353085681	-1.23259788094345	0.311885204672262	1.1140309399837
NaN	-0.869277104150033	-4.7845124159039	-1.99152030621657	4.1052147554718	-0.0755270093592973	0.356932437150866	0.066430592874958	-0.0963780496718585	-0.922696196688521	-0.870026637870289	-5.53810912782069	-4.98111292761837	-2.60061596100746	-0.746491107523955	2.4698798045673
NaN	-4.1655426721081	-2.58873726839476	-1.60801064670189	3.85526533351887	0.214574025429394	-1.09624632790984	0.209330377138702	0.113751622320272	0.222955203411172	0.73089998117171	-1.19576062926903	-3.45716057854775	-2.42014993453815	2.78539337291388	-1.91025118682447
NaN	-0.353367622372182	-3.39617912447766	-1.45269000924954	-0.823525612546142	-0.45887873027068	0.182261209538483	1.74253784837526	4.53501354518268	0.601807963819324	1.23918382580014	-1.20610845811179	-0.508923902788768	2.28385435390237	2.23377875689227	1.16622986612701
NaN	-1.30867546007158	-3.13829411915023	-0.979509370295437	-3.67571694956007	1.48267288566656	1.1072644777021	-0.254915852882665	1.76860200197579	0.0653463465024217	-0.569698933731568	-0.692584671715722	-2.16578572104874	0.755525086200774	-0.52234831341189	1.25774771143453
NaN	-1.36283313650896	1.79341129356314	0.567211311575102	-3.70238653193546	0.7275299734868	-0.967925799446142	-0.977753828092	-3.33736264849023	-2.78170337917598	-2.51628067939395	-1.17395368562243	-1.69798387508558	-2.45892832872315	-0.760699648947305	-2.55727231162642
NaN	-1.90495790500869	1.7774106081955	2.48415035408028	-2.25986185366928	-0.928111920208914	-0.303757066971377	-0.245883079728522	-3.69338331938844	3.39862819486902	-0.64086944494064	3.88835259062833	1.94023109908304	0.412659772783141	0.56915897760451	-4.32326470767041
NaN	0.222350388658033	0.992659453755814	2.26278951435552	-1.31125998842636	-1.18639216148056	-0.33390666781892	1.11262991099242	0.631800552669974	4.47903613540543	2.48823887074276	4.07134363189806	5.76208887929579	4.24371436833988	0.535528542402227	1.82389713497722
NaN	3.21444086672625	-0.165291255053463	4.11427362494954	-0.030534588825396	-1.36120959291233	0.383783164025723	1.09082036667638	0.0217353482487661	1.276125925825	4.45503973819143	0.952038508810442	2.4978337675129	3.28447351508112	2.16031723053326	1.89145700676781
NaN	2.69598863082475	2.48839637758559	-1.03378534947874	1.69887266517062	-0.407620200178055	0.415906182515647	-1.5115894471226	-1.21149459602456	-2.90661556857946	-1.6115710235631	-8.00188350477828	0.509057061147274	3.61794815776851	-1.09314933733926	-1.98844220876337
NaN	-1.43560557953382	-0.886115588162941	-2.18847767172633	-1.53391216431185	-0.684180067456863	-0.209030684286282	3.06081989199092	0.947081352698222	-3.15522737350386	-2.25547852294723	0.880325752990569	-1.07752073612441	0.0754571466340847	2.60253950560167	-2.40606945198842
NaN	-1.06459436800185	-2.92411461950108	-1.37533324494435	-1.75483862100118	-1.32852929867511	1.1985797788187	4.0153667524378	1.3692578375546	0.0948112513824843	-2.82282172040146	-0.353070022940312	0.956031839539881	0.185516296529874	2.22671141997212	7.7463713133557
NaN	-0.454275552301058	0.413036375233767	0.330219301474822	1.3179323127174	-0.41516553791274	0.497948532631786	-3.72119794572393	0.490250141522392	-1.80867850319372	-1.6922921722779	-0.635815525299443	-3.21429114330305	1.33248668881052	-0.750454618761798	1.49740253643074
NaN	-1.69700372421314	0.020796126020561	-0.107000727441398	-1.00150791718404	-0.0652459145993346	4.05671458265387	4.04381837240494	4.14805512494946	-0.611272272940742	-0.564087370283164	5.69148403733619	0.350546175729864	2.14291797355644	-0.449384292439733	2.01372510799738
NaN	0.409364095768599	0.460176534747974	4.30345925555508	1.53729347485655	3.31267365016388	3.19845167712726	2.91976056066654	1.48625812794702	2.60914116857579	2.22982136050039	-3.01613359163545	0.125762342247222	2.5030087610074	0.089665843190945	0.357098073596361
NaN	2.51841779408143	4.00362820206958	1.7290737783636	1.79173038968291	7.19832978797222	-0.675725355777172	-0.9369579692056	-1.22167553147901	1.60817029349571	4.34280513146426	-6.31950996084503	-2.65021626040528	0.37485731033693	-0.720514126968477	-3.68552525170112
NaN	3.57677819452174	1.8117246167447	-1.46882483588261	1.4078325490808	5.21453324919674	-1.35272109760593	3.97045774665545	-3.1484190596158	-2.65465906897522	-1.60463107593902	4.33350690770891	-0.30479375613434	-1.43335950822229	-1.86843111859146	-4.30115523844393
NaN	2.62899466714457	1.10668361076336	-1.58437552416669	-1.80340934881235	2.89811609653652	-0.223006233332104	-2.66487600497555	-1.74949960438746	-3.89497260247996	-0.598011503393109	1.92444211891345	1.97308127852465	0.933868025904993	0.336969313933045	-1.29479179649484
NaN	0.84387759154696	2.90847957329313	-0.239195716599003	-1.82166482929662	0.834742634692835	3.48049830100753	-2.1956614970321	-0.0326055242304361	2.84039735937936	0.249928402302114	-6.01979470706247	-3.11834131971942	-2.31825496618167	2.33999564511409	1.55839286826592
NaN	1.58564515816912	0.0425099094588114	0.508451767342609	0.151216293861045	0.135788784853642	-1.17377385157572	-3.17686736570917	-1.11418574819793	3.35128843581489	0.273410968652428	-3.03628400858408	-5.47687257838563	-1.29105099775661	-0.268154570813946	2.58615332799132
NaN	-2.04166363351522	-1.69391795143901	0.262204441999539	-0.0722317795677416	-0.265057066224068	-3.1067096390045	-2.08040299594727	-1.19134476553984	-3.99780748566427	-0.236987629924962	0.9652547415716	-3.46555011825069	-2.44615079381859	-0.0544464841705107	0.113889296257615
NaN	-4.92495121710254	-0.264805117840704	-0.715808211481419	0.0122049228366106	-4.76972257474563	0.379054522829386	0.299238464539788	-2.98086398638645	-6.85702401305902	-3.72772454181243	-0.691081899337228	-1.07087969236268	-2.12466117623886	-1.7730496812205	-1.85581827726061
NaN	-0.922335297523216	-0.768589528714782	0.232728784678977	0.420558826108149	-2.14251956682397	1.41322818390347	-2.25286245278917	-0.556984796403895	-0.0775787981712044	-3.49619112112053	-2.64390725740393	-1.09867105712063	-3.13591668069547	-5.06807048952585	-2.62948871484677
NaN	-1.19085019712456	-2.01695434439069	1.79164473087085	1.49614894604995	2.84435994454852	4.90058350963379	2.16637562066861	-0.248989172190112	0.595919443037598	1.09929208394788	-0.326169590339526	2.34496550481337	0.813963214043745	-2.38830880034739	0.808878057696959
NaN	-1.34620389254597	-0.0587436575743986	4.06831575151958	3.18644105208588	1.91264935494587	5.42783660783113	0.797079869192701	1.86054379606114	1.80667550253823	1.28634611466807	3.20312767096315	0.148676469223286	3.03430903044477	0.577403612396307	-0.53331408967905
NaN	-2.68833839867863	1.02785298820406	0.992359192699249	3.01310801608188	-2.73591008451985	-0.482018030477356	-0.214233569337953	2.01470026887072	0.342726643497021	-1.00545440934207	1.6827884082403	-0.580177147735454	1.52909768564689	-0.890736252824005	-3.32086760911114
NaN	-0.474262810076918	2.87723314097776	-0.867052626950571	2.12361938613509	1.26107879191625	-4.24288977284526	-1.10855721186974	-3.27627977404719	-1.35820163674658	-4.988718870898	3.56529365564549	-1.3580737476471	2.6235300558683	2.24907586927214	1.52336804716832
NaN	1.13835327359621	3.61278066838665	1.50066553065618	2.84488140803211	-0.746824856278798	-2.48182399587175	-2.74868646055388	-1.50178578321062	-0.922335009921724	-2.09150925674231	-7.80672917259776	-0.852543617416446	0.144135467243221	-1.8900147349897	-0.931076115723081
NaN	1.28075095550827	-1.23072590186528	-0.961565814888886	3.87560668030366	-2.03724506216831	-1.27531518018824	2.99350171550818	2.47205609359029	1.83234763831516	-2.37038426024288	-3.01593580249902	-0.0368166414695794	-2.61712829643881	-2.90233982788506	-3.14969944839106
NaN	0.204198526163651	0.347149429587511	-0.252221554404294	-1.64612131293294	-1.99539106345413	-0.19323224924408	3.46014263335654	3.11849680057698	2.32833959522649	-0.383895384657013	1.16916115280924	0.532668225473287	2.81085903659368	2.90124394177102	-1.17579187747127
NaN	3.50021340590661	0.925737739986936	2.19837507572525	0.125605431011626	-2.053345881461	-1.48333400287013	-2.5267416743512	-1.2917664184425	2.3700624980803	1.4469862164241	0.610945108818407	4.20802279245992	1.91027732433126	3.72449545160342	1.60506531678739
NaN	1.78469716199538	-1.18642409102442	2.721876629363	4.58217203340522	-0.407667695225992	-2.79142218084123	-3.22900702680096	2.44693946530905	0.44378982613825	-0.397880791347163	4.60485983676456	3.22027216317746	2.36126741787782	1.59607456092768	2.36120852149735
NaN	4.34088537362663	1.09422230678752	2.2938664304246	4.24594243742366	0.334884167713482	-0.0538104251131097	3.6735462302869	4.06916940877523	0.495724567434014	4.59213134009482	-1.99983894079308	0.0159128373629736	1.84874648092308	-1.03526753914315	1.23622747566944
NaN	1.71759531924661	3.43023314123569	-0.835680070237988	1.4542408662075	0.0251203493982134	-1.93303575578779	-0.625702257508302	1.04636302552197	-0.502787947724051	0.304504525566158	-7.39725279546165	-2.30734991523645	-2.12874115932631	-2.15118704344247	-2.71903170068963
NaN	0.399777325634741	-0.445438083390583	-3.31591795955709	0.260568191485907	-1.52914869270437	-1.12168867015472	-3.39771515623891	-4.19368662106536	-1.91349709477661	-2.62302567054437	0.176071224826428	1.38438293425502	-3.4397466173215	-3.58347920700074	-3.45910066781364
NaN	1.68796951565021	-2.62338817479572	-2.12400455878917	-1.55607553953788	0.113978328041147	0.247670662671597	-2.9366385867299	-3.51450099257958	-0.170416245840451	-1.71993427332968	1.36532132366886	-0.488077203836094	-3.01899052694939	-0.902731025081296	1.56586465303631
NaN	5.54659792795101	3.74258994214485	-1.11331649746044	-2.86726308390795	0.660995201970435	-0.461494557668525	-0.4133339173626	-0.221106458810944	-2.9379191842457	1.45055653594053	-2.47612289995481	2.08210895765704	-1.8342629630153	-2.07673562828694	-0.886399452801774
NaN	4.95902713149334	3.78439274929393	-0.800359704704079	-1.87021660050258	1.9799159492958	-0.041247353583011	0.174327180631591	-0.580230127822232	0.522710227485914	0.49575348345651	0.778661555302889	0.553764212412019	-1.84092225770603	-0.251183831956832	1.38534054698292
NaN	0.209746236488683	2.23342121263419	-1.27721435143123	-4.17408689338973	2.28171812730138	-0.722714825074358	-0.124665584055523	3.62765912730956	4.96553711081023	-0.0129145204479797	0.745951341245217	-2.22914677859334	0.420009319003626	1.42505947769298	1.41350362054681
NaN	-0.650627924646386	-3.44672410099858	-1.45911579243251	-7.69807259329317	-0.804658782003289	-0.607172663687611	1.68659142720239	2.67109895312664	2.87554245253969	2.40923479540935	0.556876871936863	0.331472309659737	-0.96038681337505	-0.561219388418239	-1.90030234516037
NaN	-3.91678049675682	-1.52381877386353	0.450237201415083	-5.29378863995999	-1.50950836359446	0.0205621354307315	4.78568153758692	-0.989189326155179	-2.96257199111948	-0.907568274401423	0.298865218981429	-1.5429770646529	-0.700098319380243	0.588270140082988	1.4884761605154
NaN	-2.0711812775746	2.99659845071297	-1.33352094331523	-4.6587724304638	-1.55348464063897	0.794220641970241	6.81353173217208	1.15537738419619	6.59164012262329	1.58396758124892	0.688402715902204	0.535652920916806	2.87004401351749	1.44930730672622	0.649759869532208
NaN	-0.864114001381656	-1.21504240826336	-0.479174492109065	-1.74209244356653	-3.38124837133504	1.13111843944371	2.10179770744677	2.69124074182481	1.77094090985547	3.61812854744522	0.327535903759808	2.26674571499052	-0.124577206101171	-0.231585621226699	1.91692534510944
NaN	-1.21916409499512	-5.8324537085795	-0.266401617010088	-1.52479105586051	-1.90452742492807	1.99135145519983	-1.6191231163983	-2.20243987052548	-4.47285836900171	4.63281730643089	-0.138091143943288	-0.989275947358153	-1.33463907562878	-0.807466946679551	-0.401177749093953
NaN	-1.60406068324448	-4.35145968443545	-0.454142575987134	3.48612085028168	-0.117039515577739	3.97974077135589	3.46036831697392	1.28291368402437	0.98884033753722	1.87917171586201	4.32649612770861	2.62466317622366	-0.131569848807081	0.406590218972453	3.62820650703604
NaN	-1.58598703567159	-2.93905970369326	-0.450064119020964	4.14571169503203	1.34426120155433	4.32574750765493	1.92362848363102	4.30491447227584	0.82914939181817	1.84880451964168	-0.89732496620414	-0.568733194346673	1.45180213747452	0.793064071612676	5.05949915563039
NaN	-1.49857568777367	2.12492901016704	-0.767986277456321	-1.86466797627547	0.782597632775842	-0.744590728218043	-2.60197614965972	2.34360030603353	1.14911327773453	0.681943429082629	0.135400072245675	1.34128130813141	-1.51219195177377	6.66593661806594	0.891054961511861
NaN	2.54157986943038	1.75615452821645	0.239273136334477	-3.61982469297057	0.425452063729186	-1.47236187068266	-4.78560573094331	-3.26683213014812	-3.72314881991173	-2.37827376086726	-0.403702762585719	2.11639681386367	-0.67455027580904	2.48259462829684	1.17860197484073
NaN	3.07696952955297	-1.81829582554378	-0.918301429805084	-2.6684016249724	-0.272283674375007	-3.31402638152991	-2.07547030068314	-1.06455228802696	-1.32848649286732	-1.25032127526005	0.241607528701546	0.211835577049178	-0.754178558622562	-2.58368931377204	1.97761238443818
NaN	-0.859457844876302	-4.98595334326571	0.127572096614524	2.58781863288185	1.49694782547586	-3.68775731569717	-0.802167644044071	-2.33534351689912	-1.47649447250956	-1.96147608639153	0.0779718334310453	1.67328655495916	-1.19862112735288	-3.09116707734687	4.86147560333852
NaN	-1.83075289446912	-1.35840547680312	-0.887901315966554	4.32498707009711	1.26291618272692	-2.25467086013925	-1.55445534722971	-2.20175713251598	-0.679188534031279	-1.16529361809235	3.47482028723918	-0.901949220892431	-1.64599351412743	0.84639185870371	0.316006664944654
NaN	-2.79421139447261	-0.663367575539477	-0.332009801813014	2.73207776243579	0.844932902809303	2.30255655298981	1.41856872573515	-0.927123081703312	-0.738439624858766	0.696977970761009	1.4233054604973	-0.416246467614473	0.173918864866479	0.726703032605439	0.557652092333129
NaN	-0.234544350802571	-2.20477333056662	0.806877524668189	-3.74560994940866	-1.01148028110552	3.63964635005177	-0.132704452919932	0.94813114206092	0.63661767996379	0.0635660148293443	1.58768277557833	-1.16937581684044	0.0580827709331479	0.723325861289448	-1.7988900646037
NaN	2.21581326488399	3.40101614223876	1.10434399617096	0.489775988010355	0.489444847038426	-2.16970053112182	-2.29616858772279	0.441101362617275	-0.993098959913577	1.87121279719992	2.04920843543736	-0.85423887661528	0.808312850897966	4.33113366782326	-2.88803630487952
NaN	2.3213257343722	0.0469876923686589	2.564709031678	0.184197314424573	2.60529716992782	-2.8907403577859	-2.34218295441753	-0.676733102313268	-2.00753570649888	0.503304375888914	1.13004463838593	-1.77734738827548	4.83771055149276	2.16243762842616	-0.454048506831341
NaN	-0.208238234155759	-1.58697326986975	0.684190467912726	-0.22668072836302	1.08996730878812	-3.89530002819723	-0.921104465103982	1.99294612725276	5.16992024171688	0.0526639223951889	-0.988136371984248	-0.0525216681996037	2.03101592271795	2.71085296328052	-1.92452430811316
NaN	-3.40936300525637	-1.24078170211394	0.305145270602575	-1.683916423445	-2.23164921446506	0.46875868235769	-0.333748954204317	-1.72076386069982	2.81636977125822	-1.34260440168041	-0.660393824341958	-1.15964607497773	1.62141443767845	1.19715341545677	0.332134395177881
NaN	-3.00025529158652	2.67097997381873	2.20792686296551	-0.413934630338496	-0.456592585286909	-1.41400983560975	-0.818289717468719	-3.78075213039758	-4.87027578866004	-3.3108050095626	-0.871304727867971	0.626858452749076	2.64599453274487	-0.0680372549086075	-1.93185023359947
NaN	0.651373057834192	2.75677542201106	2.26745038801696	0.758554204286596	0.574566768236057	-0.584727353165834	0.266688344401241	2.17800656601393	1.69243613529119	2.02845296799927	2.14297569788489	0.317156765973187	1.87234402751576	-0.237362372370043	-1.92448693258304
NaN	-0.423518500204339	-1.55488119435931	-2.11202635333013	0.718684931085824	1.13777650980052	0.276041832902163	-0.633666994852965	1.04561631395371	3.08802885040086	2.47895657974969	4.9232684465598	4.66638846550036	-0.362924474287164	-3.76061178956784	0.212100827636408
NaN	-1.23650770644849	-1.0770830466218	-2.68939342342978	1.07707508917801	-1.87469221072145	0.845890094405545	1.05423625662485	-2.0931694688719	-1.26048655767485	-1.83087948010655	-5.02180563316163	-0.233822981167133	-1.92330774735724	-1.73788457449318	-0.689964289328441
NaN	-0.371041403869362	-1.12876194250562	-1.23389042810362	-1.47540290853325	0.653662160818804	1.55055695961379	-0.14947691513043	-0.209256021902751	-3.6554775276627	-2.53345658956977	-3.37818058112073	-2.66534970801269	2.23275535215919	-0.0252586466157015	-1.95574368162326
NaN	-1.21960931032791	0.225346582044841	-0.905908815185353	-2.54681998815017	0.911467050724537	0.174564466655582	-0.813104634746541	4.51778234715639	2.68695371964822	-1.22024627772832	0.181670440516953	-0.617203365363811	0.416316740672892	-2.72847650246739	-1.25493103633815
NaN	-1.46471643159922	5.39412614543567	2.53060180957007	-1.1640470660396	-1.23044561454925	0.802911329429635	6.35996791791637	0.524656686902123	1.98168837281912	-1.61392783739629	-0.127893593628074	-0.95105256948895	-3.90354848144349	-2.97698420957188	-2.61213330839628
NaN	-0.2535720247658	1.7612814760564	1.11704904607906	0.188299908214126	2.96478072027692	0.830233443194255	5.61458672233424	1.49162554939447	-3.10988200582957	-0.0240206553716795	-1.30276000694906	0.420374149420539	-1.40535407385569	-2.48982350619907	-2.05577831229126
NaN	0.0850104540197431	-4.09909731738769	-1.86673915546952	0.0434396256077599	3.30511831516386	0.255781773677635	-4.3091507603898	-3.52644344741987	2.20201991275592	1.74313181288007	-2.35283923062924	0.613199843171775	-1.9485200875195	1.09246534376987	-0.586405835145376
NaN	0.028845383753484	-1.33970600704664	-1.81448694774723	1.32332271401887	0.568024071141129	-0.135861077090294	-0.264043777055028	-3.05271125323289	-0.353833266649815	0.411841565096306	0.319223617066615	-0.187113896517428	-0.282802572703987	3.3643156965865	0.935382413166347
