NaN	-0.119288333000375	-2.12166584951461	-0.723628912382742	-1.01406352238476	-2.09741418073461	-3.13107502551394	-1.32872491048257	-2.16565099029129	-1.86983796328926	-2.19690125739712	-1.52165689640238	2.05915564842785	-2.27954620667888	-3.09783226317129	-2.91184011717714
NaN	-1.13974808552361	-0.488781612912204	1.27254011985133	2.05037714836924	1.20123380971893	-1.84243035913516	-1.46665221255766	-1.59055640818606	-3.38160535920732	-1.59104311121701	0.109950033369809	0.237250696401032	-1.06461969454184	0.0215794523498595	0.508864909634287
NaN	2.57199284566117	-0.779976938120694	2.27184928717817	2.55660320888488	1.41495096586984	0.688808400447952	-1.60718313731808	0.199394216507888	1.03689435273929	2.70522074049053	1.66604432225523	-3.18622007309482	1.17542662010063	0.421120803692877	2.38738530644375
NaN	1.72903770799487	-0.0906715333822089	-2.59126777664249	-2.99203474496963	-0.566210908199433	4.49848441600772	3.14288375037754	0.432245731066762	0.018629086859757	2.58848835792329	1.52691566142767	-1.25237113653129	0.48865358574136	1.03581844172535	-0.278950631136906
NaN	1.46229502600497	0.168183005654402	-2.17821559590171	-6.55495602220527	4.31710646213417	-0.75092268362973	-0.375060795729597	-1.56589097959068	1.24233021178722	2.79582057556577	2.26871121868068	0.207912604755509	-2.00581345070621	0.739429650878792	-1.68339820326319
NaN	3.5346097246356	3.0569840412555	0.784292449952218	1.61740207975132	-2.14875200966433	0.524565438409045	-1.36960183874049	4.30346163612323	4.51503590018782	0.125246897269633	3.17052931412308	1.34560296087996	2.62239200042555	0.303659939481238	1.78944513417062
NaN	-2.84615426754465	2.93540492643412	-0.0147830765246096	1.34095191263967	-3.17985660235833	-0.0770148983490197	-1.39134277955671	0.756316626231201	1.71579810500118	1.00509810199475	4.30746124904279	0.954841770338314	2.61584641720708	-0.05456855621216	1.57748046984545
NaN	-3.9173195306022	-1.13798208559873	2.9045736625938	2.51034649778391	-2.6782969441429	-0.278908444507313	-0.00495719157444528	0.0245228929661547	1.34443662956777	-1.15675762105721	-0.140383323253052	2.99331959420661	0.934022791441427	2.86559858877423	2.76858860708839
NaN	-2.2769863312541	-0.646925239961413	1.83186098150198	3.93916320739159	0.173596031026386	2.09956707094206	2.02019694883245	3.09453378269757	-1.99824015708467	-1.25162656745162	-2.08855006299236	0.530709228163008	-0.559531845123516	2.0605649557045	0.684790332134177
NaN	-1.18849300067869	-1.46740815451703	1.72220873667623	5.97447831069627	2.80987410138095	1.11971554452024	-0.421882471624353	0.657158168690427	-0.634010275472834	-2.63730835578779	-4.1753504199791	-1.10468546167633	1.81139864281379	3.47314858070283	0.529836844740052
NaN	-0.703967438370863	0.595303432199589	0.81989000309438	-2.42060399598296	-0.915931112276969	-1.23595131843999	-0.249240571469231	-1.12408177441581	-3.06344726232706	-2.84233471671524	-5.1557927804648	-1.21074176149612	0.769644009448898	0.577219176939083	-0.548905022446403
NaN	3.21077394990337	1.67816447406669	-3.49876360219548	-7.97564149189667	-0.259615564424704	-1.74728486655465	2.3985827309648	-1.77046065339967	-1.8935869451964	0.106502300829722	-2.20375107960019	-2.37361511930607	-4.10245150563293	-3.39619863131704	-1.57756061944299
NaN	1.0600602882717	-3.09530415462506	0.220189277206441	-0.430309745836045	-0.412526763682733	-1.55674214683273	-0.179387400003637	-1.09785867898354	-0.73649039681179	-0.0293057932783747	-1.15218059224856	0.331520004988811	-2.3818181887968	-4.81804104228571	-1.31033332304433
NaN	-3.68532385818892	-0.885970334638144	-1.90989017036716	3.24268434887078	0.915804523897765	-0.644155999313665	1.88052666854376	3.04111269123554	1.64673439915952	-0.555407844938155	-2.85282672410782	2.10767319711403	1.11088390792768	3.14653777521805	-2.32484755927978
NaN	-0.412491624096912	1.42025866403957	-2.42367703116243	-2.10300496651872	3.15088527287406	3.19962834776738	0.313859896512314	3.1575719037594	0.324751069459093	1.26820343107548	-3.98809216975891	-1.56031301574314	2.29590990083783	-1.34105560918907	-3.33345029789449
NaN	0.0370988665073577	-0.627947906838857	-1.07125784181772	1.83483221406237	0.408470315022461	3.17401608701204	3.52839793916216	-1.83391157440135	-0.448407378435859	0.914855708199751	-0.637691044440962	0.878551513224048	-1.60543285083725	-5.26722622178294	2.81653500606308
NaN	-0.906559002482394	-0.139565352593466	0.103555528854779	3.51012839960165	1.53121323700659	-0.260797959313308	-1.76807829070143	-2.51458986920639	0.386596824866751	0.70903316856416	-0.31546481575432	-2.42293162005559	-1.72070968070157	-1.19361796420512	0.564759407471479
NaN	-1.23695105997426	-2.78941929206896	-1.08232412734495	-3.69450338848153	-2.12842793608306	-1.85830699575069	-1.73375203446606	-2.23528935043796	3.71813572041964	-0.426916066008948	-0.0763074304219971	-0.437536365982599	-3.70568354799147	1.69530580151491	-0.0450242092898017
NaN	-1.53393839293942	0.446352411868637	-1.68863986805555	-3.27358040726942	1.34761067345336	-1.35651020185563	4.22064036665981	-0.382883643636249	2.03276395811264	-0.268660348766853	0.956407014236735	-1.72927572123902	-0.387872651843839	-2.11288660580924	-2.96235872748229
NaN	-0.629063809540597	0.0013364336826679	2.89091831749848	2.88380032577216	1.88557611910295	-0.762254996096373	1.6183854453342	3.32499296441595	-0.703227854959059	-0.716575562521363	2.51712053517898	1.38549255604648	4.38026867944697	2.70947388524428	-0.196761855048021
NaN	0.114403890234593	1.08450141902462	4.93406789074792	3.04602659639544	3.06670193215178	-0.780937137443808	-2.90441036771467	3.01730114058756	1.56671795098024	-1.79253668159615	1.83080046487037	0.270400934293611	4.00423951364751	4.14325558526977	1.18979673554929
NaN	-1.03293345828982	0.733958807796789	0.624360330663285	4.17477443790042	1.019647584157	-0.362610115835952	-2.49008866433772	-1.01426835061103	-2.18137179774087	-2.70589073776005	1.02252014794492	-1.09917689406969	-1.46132886396662	-4.07379058498002	2.25732794421296
NaN	1.22628415952291	0.22157369333065	-2.72454823330166	-6.25477289589789	-1.33189700875967	0.167799808369365	-0.470926878730853	-4.82946592413322	-1.90761685215491	-1.38582545268306	-1.17057658807391	1.1446852873482	-2.21790516627231	0.259999175721583	0.338843359675937
NaN	0.835121666579091	0.131524640086078	0.936290044902279	-3.82015588237262	-4.48261470989246	0.134260848635772	0.528028638808378	0.11746336101728	-1.46956986151299	-3.27635032129067	1.0887221606975	-1.13932798695351	0.580322338336195	4.28956801787098	-1.77590685226737
NaN	2.25644607237317	0.480613115121408	-2.31265098100938	-1.28879252430514	-4.06783992461026	-0.588850045387697	0.335531257702403	-2.79194118260934	-1.41572341280148	-0.474913427559273	0.944386633680882	-2.97233997919373	-0.63421050296493	-0.790869111305033	-2.78145612624583
NaN	0.924430344201536	-0.810920790709021	0.985564078769112	1.06912120099346	-0.644173007958072	6.49775244041062	2.73923605818312	1.83669569300642	-0.753291792386597	3.16396327188968	3.41333254137612	1.71869274316133	0.668757382257095	-1.5275727284636	0.671505875449534
NaN	3.37799489308144	1.48014202206755	0.912359938736299	3.58468511213119	2.4842944771317	3.53804786313764	2.65859222451802	0.612666651399558	3.2789835220607	3.22050517207692	6.11858730136922	1.56517751972595	4.06446732463882	0.481633173173374	1.46843980376357
NaN	5.43950732539426	4.69429220202473	-0.463861460989395	-2.63846586625375	4.42335425082931	-1.39577043809377	-2.63147142790188	-1.94334543929577	-1.24572467696558	1.89152459384839	-0.0874229488266972	-0.616101562765554	0.188722588328812	-3.36437186669995	-1.19358134325005
NaN	4.081333910146	4.28765532046769	-1.60944916314884	-6.05162803782513	0.615379531545362	1.91953990980219	1.36429991977839	-2.46113302045253	-2.45238975851168	0.885867816986579	-5.08953342971741	1.01725395358766	-1.39259656605246	-0.0403960605499655	-0.247544366594242
NaN	1.95540968212541	5.57020222449522	-1.76554373823466	-0.407488455418309	-3.79515168880231	0.33802490802176	-0.00790902555782359	2.03990957891894	-0.596014358812469	2.21157677812854	1.62980561497702	1.14989343697319	-0.19226176770291	0.0939344798383065	0.437612677672242
NaN	1.81547529785996	1.65710006555961	0.615497762382382	0.67564278249121	-1.30874245285039	-3.12718706253092	1.92952435028609	3.76781919283476	2.26868047923079	3.25194102423581	5.05889689473635	-0.135981164239396	0.568046835297003	3.51984743384203	1.04101876166964
NaN	-3.76343789539924	-4.03206787137302	4.5088208295619	0.287369208014096	0.59403114445652	-2.42300465393096	3.06205304446358	1.80998427964193	4.72357139660711	1.33398688871804	2.89246559718431	1.17056773207173	1.57298455534398	1.46991255355722	1.74125562222445
NaN	-4.1361153281875	-6.50762346349573	0.867003202297305	2.20749108933012	-0.262315066059548	-1.93083797987682	-4.3797596638617	-0.438010394162253	3.80149119749818	2.29563269179508	1.56912758729082	-0.123592753228647	2.24594250337994	1.23574852928374	1.046579146625
NaN	-1.77781721913939	-2.96157361907246	-2.55877707033153	3.77923184285407	2.46162881430259	-2.51236083423181	-5.21083967487633	-4.94402578072403	-0.991022391720751	0.914697213645589	-2.1514263165082	-1.62216941198335	0.204126333776877	-1.90762879112622	-0.543381465785317
NaN	-1.71447569743641	-0.905033019522506	-1.35389696442787	-1.63652385557396	-0.191001313603093	-0.405706650390757	-0.330268733125782	-1.32481900673165	-2.93311151621988	-1.04758718115586	-6.27329898130172	-2.548386928881	-1.82996911384161	-2.13564301413482	-3.05949072635804
NaN	-1.15690628369419	-2.63725890065243	-3.56389017613625	-0.443498907690992	-4.56623041295752	-0.795625367126521	-0.858614653110631	-1.2998094396681	-5.67832715329503	-3.95603943622133	-0.606499421406837	-0.922752024042919	-3.3550396979351	-1.52161774300986	-0.960279121758685
NaN	-2.69631815013057	-1.39423232546359	-0.339578967151328	0.331924928147391	3.55107115968034	3.35177784568379	0.940114556535395	0.156007171241698	-0.0772830081137841	-1.0248903062199	-3.54973101826292	-0.543157958327636	0.823327958605886	2.51463888669657	2.60182862273394
NaN	0.126443789762056	-0.0481502173694388	1.53946010515819	1.34221106591344	3.11914604912532	0.827003633267983	4.04623991210842	5.57091258830128	0.451042339985642	-0.010247519625649	-3.08097517249395	-0.594987204998689	4.26603112784991	1.94848461742669	1.18618466229651
NaN	0.308168467720127	0.0110252198002664	1.91041899772367	-0.778470575965387	0.102222951069026	0.443210966812974	0.225452032368212	0.106837699080748	-0.849375827774483	0.60141679291703	-1.27415656179001	0.699570586214198	-0.561335959906236	-2.33192557857214	-1.25149677306804
NaN	4.86666257014385	2.08271844694856	1.37117589337822	-2.3902525594711	-3.61286497140179	0.0124696845574535	-2.19620452260248	-2.01115302298682	-2.16097718450947	-0.912938885729357	-0.429111836855743	-0.235968507117767	-3.38092405680371	-2.48930105305765	-5.55530581377678
NaN	0.808341384923923	0.0482659004099119	-0.835666895201409	0.624754478683416	-1.25338150225622	1.35897246965466	-2.67256845502274	-1.654859907114	-1.33247232484275	0.387057704997719	-0.168063271528311	1.8458643651519	-2.78913697911517	2.8680855313565	0.885227502197479
NaN	4.28843889348354	2.02950044544324	1.41858036247717	0.307349867556484	1.74564264840346	-3.11365675574907	-1.18626375583189	-0.964402205655657	-0.0377273918575649	3.43931920384284	2.00854869384078	2.23550655939737	-1.18665082347939	4.18786400012122	3.80342290118372
NaN	2.14360636863397	-0.296854820400124	-0.385728664634126	-1.52842661729714	-1.08131495224801	0.272137753264119	1.00963234396002	-0.218065269433487	-1.17380969550797	2.8509103563553	-0.466097130273665	-0.303430152916067	2.34365052684925	-0.898568799897711	2.64672921159004
NaN	-0.0242783010472798	-2.99189532861436	-1.39569160058018	3.12380564404884	-3.74689443601147	-2.54468905108559	-0.570455195470938	0.767059565388737	-1.79427222096619	-1.56436203245908	-2.30986096934298	0.426327950978748	2.56828346712658	-1.51114261969598	-0.263542194999175
NaN	-4.91701947073678	-0.764162842093283	-1.89524359136257	2.29004731826439	0.321535679816784	-1.41184548159462	-1.96893300902501	-0.365692437998258	-1.76213964360326	-3.14294878409984	0.519102527360608	-0.04896145851449	-0.408895287693898	-2.70468988253269	1.71772099594059
NaN	-4.62578925561963	-1.67178111461471	-0.600394689525132	0.839749360397731	2.0176880369841	-1.12122984723511	-1.42309980242278	0.140260005194496	-0.927676692827016	-4.41605661115558	2.52033088607391	2.13595054565133	-0.692089752785253	-0.872440482717357	-2.60761974283512
NaN	-2.88537301120819	1.09479399472941	-0.288816332959495	-1.74613814809427	-1.28491368366449	-1.67758202021253	1.74113959842058	0.599953484658677	0.814576918188609	-4.26896421651675	-0.213930869175872	0.606141660001636	-1.13817641712863	-1.75934096454757	-0.488488498759835
NaN	-3.11359542081075	-0.94000172520812	1.32892088041013	-0.431935086572425	-1.26768399983907	-1.52126168295595	3.95935575124942	3.73801336033713	0.366167761980764	-3.24421875201363	-1.21511129205152	-1.17067241907531	-0.253732197009358	-0.609774407998071	1.03896789825866
NaN	2.83897105238708	-0.766120220870825	1.29988568073971	0.923330217393313	-2.78659753961427	1.09996127067469	-0.806611607402586	0.890637733133432	2.09964272877895	-1.51325185231597	1.33221104962725	0.0350923315005126	-2.05751959353274	0.855651179543771	0.856715385589237
NaN	0.174786637871346	0.469769172242074	2.51757829333366	2.24904272551292	0.213734792749891	4.14708822922284	-1.44181517491613	0.057377976039929	2.56618178167054	1.42233323990387	-0.14729540086846	3.38561851283675	1.57269818400475	2.95219622075351	-1.97441262640635
NaN	-4.37326747921818	-1.38012647218497	2.89132146050635	3.40421206019168	-1.93941449810321	2.605893549631	-0.587907426242899	2.2097727172744	1.58559520012986	1.20418564199994	1.24631906487929	1.62473850406512	2.29438280739949	2.38776197868659	-1.96159318922046
NaN	-2.68521602098307	-1.93981965045972	4.01669328113611	2.31518234766709	0.585063108273837	-2.21370977730481	-1.66505390596229	0.139855996886534	-0.946628742240937	1.57697721478468	-0.505015226508678	-3.76567781867652	0.365244268659024	-2.2837535240764	-1.92499768070371
NaN	-1.16847031933407	-1.94465652744133	1.46202580460072	-1.32697165657071	0.366660027048255	2.57820681482829	4.18975714864529	3.41856015441173	1.92984666817264	2.08421431733325	-0.692853027240632	0.464972229474071	0.580956724146226	0.131655275592984	-0.727629701220392
NaN	-0.426141661594283	-1.67705111038839	-1.84427853713401	1.96808732836806	5.2992334952546	0.170129089587032	-0.0628571960332105	0.192454296971058	2.82871620610832	2.07555847448519	0.204232901564324	-0.0158006436013409	-0.418400095351668	1.17057260158844	0.688536545030667
NaN	-1.41957862670473	-0.637995287630026	-3.98537130256687	0.822636536793648	0.554354715167221	-0.646541626009923	-3.41936487527312	-2.28329809587789	4.20116982279816	1.29217547701531	1.21761896749669	0.791652992621659	-3.63426595457488	4.25621109378531	-0.0476812959410093
NaN	1.0071917006131	1.77637405285786	-0.909677015007467	-3.33032101455568	-5.22707530591502	-1.70155980456278	-3.15673150182271	-1.82226749746179	3.29372344721007	0.0165198118346075	-0.166594998131257	-0.98199439979297	-2.5410236853627	1.89109660642702	1.52671830490935
NaN	1.76391235116025	0.667466088718846	-1.86863895160817	-2.96024065467263	0.269553080440519	-3.75149821684315	-1.03415871262082	-0.324498671179047	3.31722324288577	1.43366034170545	-1.61262840155876	-2.13845780092095	0.769839901229783	1.9218664382587	2.17733979538801
NaN	2.11366085334993	-0.103329303819672	0.156546754933376	1.06880236907151	3.79843164327752	1.70686465628861	5.8511543498041	3.19571043283153	1.51566532528383	-0.691438051729478	1.42009498450665	-0.929911457834349	1.53752935855427	-3.68653481183866	-1.86810816600089
NaN	0.362978748765517	1.59488930391034	2.45259534758059	0.755632872589831	-0.0364105921091471	3.07441715946462	4.46841383154207	4.14952218285714	0.0204167660506021	2.21734137578245	0.76229791325004	-0.859848216329009	3.10299918747241	3.2991046168272	1.01208015986133
NaN	1.15027395611877	0.193551392945295	0.988026953760416	-2.59069933798255	-1.5510630998257	-1.49788009254162	-4.3602600969392	-1.27380765169603	-3.51931424543709	-0.107635304560451	-0.635283110280001	-1.0178807225084	1.28251364535864	3.05417337118847	3.84388893134244
NaN	1.86813034864064	5.18852511003447	-2.37615345315408	-3.05733888389419	-0.685399459024438	-0.810454391349637	0.260413959676427	-0.928403439268239	-1.3491645663604	-2.20897610324496	1.13022923533904	1.01401831944532	-2.20729284821381	-7.73983429466007	1.11060116919254
NaN	1.781379774268	0.0211062588207777	-0.710030194470504	2.81650482232057	3.41976858167586	-2.6710008401936	-2.51965582244278	-0.781124805643485	-2.71398998557009	-4.83076384380655	1.43503065037702	4.79534472643115	-1.6129989201831	0.295587073713998	-2.72511097176594
NaN	3.51461745971438	2.04379658930148	-1.35156940485004	3.66496431036449	5.85729991800714	1.99507361025408	-1.81244346721092	-1.92349005439101	-1.18713746335483	-0.821059010601579	1.32181812872632	0.255090041669243	-1.03220310468771	0.686809588431778	-1.73755826795768
NaN	3.01909788494341	-0.228585318629034	0.778250875378964	-1.99956913653595	1.75222840405487	0.865879650305384	-0.833785657800627	-3.27172734285245	1.56365839297496	-1.71739868203548	-1.6867425363967	-2.2038556563151	-2.95283713599924	-0.907779887919947	3.69409495460974
NaN	-1.07783539758475	-1.56822749117891	-0.471893233792666	-1.37591493366806	2.21768642441664	1.20193892587761	0.57086982645157	1.5454001693373	0.20113842512366	1.70386122322644	0.509496807001767	-0.993348395026567	-1.54697112214753	0.6392038563323	1.97081533308302
NaN	-1.78496554284244	-1.29776452285267	-0.773407831958434	0.838270286316868	-2.21178630672807	1.62880427442829	0.256354620069975	-1.98727935771688	-4.25556484823249	0.467878616719783	0.439888921475174	-2.2540596913963	0.32908393677938	-4.21859078510496	-0.21062779117955
NaN	-0.611303589241371	0.0142027430838935	-1.72832755484583	2.10816454085298	-2.66339107440516	3.94081397021032	0.806275558899465	-2.54141616766989	-5.60243036843691	4.16741300673429	-0.87489929767758	-0.856829357735743	4.53281352672223	-0.100622227549381	-1.79462934267874
NaN	0.627349801217487	0.387532886643299	-2.4701837022943	-2.29443571636703	-0.798545040676406	2.41214905574758	-2.46083813458443	-1.31727229355497	-0.996370274070154	0.889079606214696	1.4835463511889	0.352663083978457	2.33015051998758	3.12201672795849	-0.395649096528564
NaN	0.839363990720765	1.78879528873946	2.0871272228578	-4.96298656229351	-0.92056958107848	-3.14116261829543	-0.862103149545826	-0.928486981022134	-3.49184594062427	-1.82220144777941	2.01191237292121	4.22373271284069	0.346919836279725	-1.39229820260284	-0.0140639760468555
NaN	5.90017370716061	5.58370686127891	5.88172788955	1.75092419663199	1.56281030749652	-2.81516640175484	-0.611120247341035	1.99459258157098	2.89891184126813	-2.84423691064556	-2.28084186038044	1.58819058161965	0.686546409629707	0.781284258443918	0.89161143260988
NaN	0.797265089514466	-1.25588046045865	0.468363506097185	-1.60923648943666	0.77232154770264	-2.69535419212305	-0.00991213095942776	0.543764269274721	3.56127092117292	1.50100001295368	1.93618957044076	0.47422394472337	0.466524516011466	2.55575451720895	2.9684614152735
NaN	-4.85675753765584	-3.33348287637358	-1.27918115510294	-1.152878445813	-0.189736779592512	0.663972186518595	0.278401478921539	-2.13627873478124	-0.608124264777676	-0.157879832234881	-0.93631115928675	3.487848482481	1.51693793719003	-0.479168107505549	-2.24433550332999
NaN	0.252854237301501	1.35093753928938	2.72303616620926	4.07955768478618	1.42854949635757	2.07000352533967	4.16594889432644	2.26567193433847	-1.72897021027159	0.661122563013364	-1.14259384258248	3.57838432832073	1.23481625514446	-2.70450287951802	-3.27992817572774
NaN	1.75773252465482	2.17054635012177	0.588785011095089	4.04752591635954	3.57119499865036	2.70212859573018	1.90660002127622	4.84665231261744	-0.73103084141257	0.576656825757296	0.892930084487789	-0.933430278574344	0.206278800828531	-0.294508766194761	-3.07263479557409
NaN	-1.52480657560114	-2.52838135679759	-1.64297729071609	-1.69327268796655	-1.76251700361466	-3.5417106290846	-1.16029397817242	1.83077139191019	-0.812599879323141	-0.191092888578247	-0.698539220921197	-6.07871097717975	-1.01016037512106	-4.67870660179269	-1.38259334917925
NaN	-3.67823894198163	3.28016255517527	-0.674009356051713	-5.27932382962093	-5.28872212986292	-0.366380108756687	-1.10151820609324	-2.45119016852798	-2.96541803609535	0.736162266721042	-1.05152265731289	-3.01916315263986	-2.65170561162025	-3.13715553399444	0.197157498797673
NaN	-1.29101096918116	2.04519138861152	-2.13653430911134	-2.6640901401003	-1.07763159585459	-2.22639954616664	-0.689143943566859	-0.62709852320583	0.713742633289297	0.395082679931578	-0.765897768936377	-1.94552971367825	-2.28225873200721	-1.78679559903224	-0.632339506241329
NaN	-0.000696942333963186	-3.15088633796866	-1.29668103194225	-1.08918638688116	0.420644774440598	-1.23845070152408	4.26342111708271	1.66946162786431	5.13923367934968	2.54607915928002	3.37863563183128	1.0389663465066	-0.50942156964805	-1.8573311943269	-0.46215190468256
NaN	4.98181630175897	0.623686340356939	1.70971836611525	-0.537899155107355	1.44558358365379	-0.552917760771369	-0.31620310658702	0.978586185030526	2.99959975802935	1.17005067869778	-3.4717916867199	-1.06389555083871	0.414957382220236	0.951690417659938	-0.894089458214703
NaN	-1.65837361112497	-0.242681678742114	-0.871211743805773	0.00170117403148135	-2.20865614064192	-0.24412185338662	-3.22045287337888	-0.657851161339868	-0.0784606545128361	-1.54120800167506	-0.0931782086068396	-1.7533585576133	-1.4835452091756	1.68964802073947	-3.47184946910909
NaN	0.128631229612179	-1.44365008545763	-0.909244852943191	0.142294153563747	-0.287004689125783	0.250091319097606	4.46666424310288	0.773266722215969	-3.88910876617224	-3.54029157563852	-0.499081320778198	-1.75801664537312	-0.32296179225637	0.778790065748587	2.13865453174359
NaN	2.00768624455065	-1.10283313898706	2.57842678870936	0.39562012465622	0.521111178598979	-0.451892749540094	6.16976692495889	-3.64225116149386	-3.56483061788652	-1.86450435804062	4.39407959593932	0.883244100971483	0.452379843822666	-0.834314349589508	3.69881944023355
NaN	-2.61051605965405	-1.9390487778272	1.72192026507881	0.600027724202089	5.00892552657869	-0.0979831575663321	4.19346708790748	-3.68297406473266	-0.879321777003617	-2.68659590077415	2.27964954508093	0.872198347625634	0.503780118374203	1.56055715401908	3.71934488939996
NaN	-2.44995409016162	1.73518302197434	3.37445486152673	1.43171726403303	6.72349909428728	1.05771983318018	-1.96984698206512	-2.30686187288153	-1.70643509066354	-1.47452019085193	-3.58758125746548	1.15289278772441	-0.186849950548323	0.398839708166049	-0.711086084842722
NaN	-2.51608763798711	-0.444762763801279	-1.02363688513531	-0.285105149472168	1.59629532922389	-2.19873461768924	-3.53353259749139	-2.6295464856315	-1.42612956123043	-2.83774027879016	3.63802877767857	-1.73143597026245	-0.816561189605608	0.793376471350947	-0.489546643443543
NaN	3.64237520363116	0.154964488252393	-2.57790087136853	0.0543373245031991	1.7776217309656	0.800567515352729	-2.65209885614882	-2.16840636595581	-1.85240325587969	-2.14575769114278	3.34781651945126	1.39979639573864	-3.77729911928565	1.29943619653113	1.08229490307155
NaN	-0.909844047783435	-4.02760042941936	-0.641683985461381	3.16182424370348	0.358461030678532	0.170655924763433	-0.934493518805275	-2.03089879710239	0.891329492684725	-1.87768653722668	-0.189647107006543	-0.111215821080613	-0.954006757395561	-2.75383763855048	-2.04633712980783
NaN	-3.77358189226024	-3.09492814638951	-0.866324852409229	-2.71984606429563	0.793120557916529	1.62377544178626	-1.40742694451819	-1.93540637414783	-0.742853341033227	-1.24180454421833	-6.36425323385385	-1.63229347186355	-0.309134712012786	-1.4610539077148	-2.49505679042302
NaN	-1.79839031205805	-1.56295159152577	-3.08545914394422	-0.947225702157186	-0.974628437832251	0.633955991089403	-0.13090043776909	-0.521119024570432	-1.08549878505687	1.59200466602969	-3.55021609094397	-4.14735133317299	-1.65949698886922	2.12170596291488	-1.30633909139678
NaN	-1.12030121185689	-1.08424823868025	-0.416296940520446	2.04007185240449	-2.25371518264342	-0.155893819671076	0.592624705079568	-1.59112699798396	-0.133732561557543	1.94003317040098	0.758424265121004	-3.54327813586609	-0.578377706049828	1.93844081867299	0.847642910669096
NaN	0.360797505427798	2.12947628389313	4.40255517292739	4.93509570041838	-4.65186768377395	4.06149650645722	5.68584428020017	5.06851172866749	2.59527574419259	1.36110597776036	1.01714060382873	0.167826165963865	2.10074601153388	1.92148824859889	1.95542685321475
NaN	-0.194360211609396	0.96282318591015	2.36321938881464	4.5015732439591	-3.34943945449189	5.00682358891755	3.92665111103816	3.87277042370115	2.91441306548674	4.73228212254079	5.85247742165951	2.63882008913955	5.50700223767398	2.23258684100112	2.34742458082581
NaN	-0.455971833994981	-2.23983140476282	-2.19361147349578	0.226496422497682	-3.44156926096723	0.134506084394104	1.69754150521134	0.600072012505827	2.2590190974647	4.30804709666633	-2.94852440154715	1.00012662549594	0.0463876002202016	-0.115486373577732	-1.59134278293824
NaN	1.19736794534977	0.164493081278379	-2.68326684456794	-6.46312130304495	-4.49403235048181	-0.285744503114794	-3.83087679014307	0.860401315618968	0.915863219070959	3.24004145044878	-5.94976964991925	-3.27864192258783	-1.6544106566511	-0.581914702729548	-3.84873187125854
NaN	0.874721824297271	-0.22422117858503	-1.82008136132721	-0.0931862760618954	-3.69824477407433	-0.0459796071823079	0.856086098827183	3.93647616323939	3.11711440449581	4.9608438774027	3.03425787972469	1.86262752602138	1.54171075366189	2.66436742230199	2.42037563344352
NaN	-1.44783987382516	-0.0597549916612038	-2.87102526863615	1.28218242076422	2.43899840793942	-0.0013137192836083	-0.330569389904022	4.30503317495281	0.568008491843341	2.93012607644803	1.76220770775068	3.83596984829605	3.49218036044726	3.79631554651247	1.7991163151162
NaN	0.160535355586723	4.11090929336484	1.57112416372868	4.26516486382151	3.70384496903261	-0.459609427302763	0.370232592723726	0.465671223982796	0.00972539117775179	-2.49522023531999	-6.17564565664594	-1.53943745249995	1.31219383805473	-1.76222977849293	0.357936960165608
NaN	2.06895817535437	-1.98638399589742	2.09760033349095	1.42482530086344	-3.00626526667021	0.827709906954017	0.271424321511455	1.7873742356167	0.899471951760803	-0.0476877836517266	-4.62563912905432	-2.37355728394355	1.81316824932347	0.743558266104389	-1.50026148650062
NaN	-0.647607852547475	0.555913901373185	3.76244225083703	-0.552090561124481	-1.7975309753535	1.71200001352148	-4.66399142850988	0.869983003982561	2.60390516430275	-1.38199759014725	-0.751947148902584	-0.0650515600099021	2.24672474067805	0.983787050295541	-3.74549723184109
NaN	1.49970892421092	-0.0528680769884673	0.429696364822264	-2.54886359717784	-1.98158458284643	-1.93039128812217	-1.53001637967061	-3.21927294996662	-0.495898794783784	-1.63391932541112	-1.28468699039727	0.427229394049509	0.00638548780803017	-2.4962845474564	-2.08690408795477
NaN	1.97339948498089	0.251202845052805	0.503261658677826	0.129877556430892	-0.797078289400543	0.387123590629834	-2.29824513937977	-4.3900772575151	-0.243050031878214	-0.159986842961258	-1.21066658668846	-0.00820332367301434	-1.41225737143015	3.63217427507528	1.51347245681845
NaN	4.43888798992088	2.65114166649154	1.73075790058562	0.660944061783835	4.11263736277827	0.539241738498306	-1.36633848889629	1.26425906898943	-0.53658089495231	-1.44096141941248	-1.6478793657146	4.83281658017252	1.10219731156981	4.98660703635017	5.23560368837977
NaN	0.866130445312272	3.04251079722661	-1.66067357571052	-0.550207448450845	5.08841495383975	0.793274125602176	-2.07853677320539	-2.06994080031258	-0.951206520505382	-1.33007364359465	-0.393553412991287	1.16483946142523	1.56253641270924	0.808276993032177	2.15390281931701
NaN	-1.51538650273439	1.77168065653417	-1.71002091495448	-1.47966435171556	5.15556558224471	0.0259322406344752	2.17844507671339	-2.22558538840747	-0.184947774671608	-3.43175879177991	-2.04721946301076	-2.67323246339821	-1.71961921776968	-8.58391111574357	0.292222846954399
NaN	0.28375608172568	2.38769453437118	3.0478155108867	3.56597017430778	1.81910885467897	-1.74905085406202	3.54217515870631	0.978519599572821	1.27148034649705	0.442406748419653	5.77996116023011	2.09377925613931	0.709605503072235	0.78793772883806	2.28577575700983
NaN	-0.905236781264718	1.4450294226011	1.47107242313351	-0.122719746682012	-1.57097918223096	-0.097234968896998	1.74915397386407	1.35191539895897	3.47296927652859	0.382774976871122	4.63054649816596	2.99133796207715	2.88978904478012	3.96444152348057	3.03754453788146
NaN	-0.115035570181414	-3.47044761854794	-2.898743748188	-5.57950431120782	-3.81282097014774	0.776364416436831	-0.069745059097069	-0.477848669694934	-1.00367220867856	2.62426145460994	-1.10026635616141	-0.372967822647129	-1.31375971870558	1.73993420526319	-0.355944641154789
NaN	1.04334162072789	-4.12865185985164	-1.86906079235696	-0.0275216564061311	2.24847850478676	-1.41317991136582	-3.55027789298608	-2.66634068010415	-2.72242802480792	-1.6925936668093	-3.17144084804622	1.26640668471295	-3.19394006964036	-0.790580542344672	-2.59372427059957
NaN	0.846843260025975	3.55187539852511	-3.94465744831027	3.0358701490938	2.66487948892712	-0.576880050107625	-2.82134793823775	-1.10853272990526	-2.1174669521732	-2.15636439511646	0.032103002214968	-3.01023410266715	-2.51114727352909	-0.563500201776628	-4.17630477925442
NaN	0.23788407242246	1.25069323984017	-2.19092782400343	4.05301026746246	3.40044591569292	2.4678822120424	1.68197347564371	1.61206990352089	2.06867886622286	0.38504810597673	0.86980861337544	-0.484526202425338	0.380394776203878	-3.961487077053	-1.35382339883843
NaN	0.640790594501379	-0.951944314329446	-0.416189209164627	-1.17059512798048	0.345976248387953	1.61829108622126	2.08373504536391	1.87344502367794	2.58696663212522	1.10446276862334	-1.21795819389644	-0.882412496801381	-0.535875494247688	-2.40716317779275	-1.81171962324789
NaN	-0.638795020061774	-3.12807488967856	-2.05403243549296	-8.03653394534421	-6.36272477173732	1.87395093982793	-2.41523002267595	-1.4017115620609	-2.15423398255064	0.0282169023937484	0.877009714243286	1.98456996445589	0.211141524090363	-2.59718021717411	-0.632608523079495
NaN	0.042730305776218	-3.4337438003219	-2.56074548952076	-3.12968683199586	-6.70308984170964	-1.56183300626352	-1.40979487416939	-0.994945568001904	-1.93515174806606	-1.87729068676848	3.02557391361265	4.64758955659037	3.12147620802419	2.39986249293789	0.712590504019558
NaN	-1.34663484025868	-1.55177232436966	-0.00887104443948854	-2.71676231001535	-1.90441238830098	-2.32999731043874	2.83342367145092	7.34427387827384	1.04200044464291	0.443382759711721	1.68167066337839	2.37782081201453	-0.0642970651798144	2.81631985888626	1.75348776462423
NaN	-1.22156204764738	3.85775096825268	1.45527939972097	0.423328324320529	-2.42181033664762	-0.745507456053468	1.86126413186747	5.59503238540591	1.45783324696914	1.06102180598582	-3.04609203486081	1.13338454970561	1.11729765320598	-0.288354303252389	0.938303069517369
NaN	1.81927872987858	-1.02563880080656	0.905859621250403	-2.68048615879392	-1.84686519172689	-0.0668010665942733	2.11190330395018	1.64081076034553	0.0247638439007151	1.5860142594966	5.85918954910109	1.5009459222494	0.795458568737872	2.00019448511567	3.99126401927763
NaN	-0.0244940602452508	-0.616056589216139	-0.92395277258438	-1.16175478138132	2.11451587169906	3.47223420334565	0.357232414879747	-0.507152740613143	-0.207399637823277	2.6608022222435	4.75582662240448	0.583806925753356	1.05755993175236	0.634281466184946	0.989974913985634
NaN	-2.12333734650867	2.7708593110037	1.25611752248515	2.80649294323718	-0.856882843584206	1.05200375543723	-2.14846957617838	-1.28404486408265	-0.587334779994321	0.752866614781859	2.40826489661482	-2.56475847316168	0.770396618044518	-5.66448906764146	-1.36375486805284
NaN	2.97414236882868	1.66375029525056	3.52110566086704	1.16959933754582	-0.941960925466537	0.498751434121552	-1.19090102078769	0.309297171486897	-0.283396643864333	-0.227110141771097	-5.00656331222731	-3.83167241207723	-1.20288539619223	-3.72342951535316	-3.06332534855212
NaN	5.43669970260531	-4.19207843880676	1.60378898519955	-0.492134620443856	1.89031389692887	-3.17085084569653	0.505457512362554	-0.599335470041524	1.57945466057087	-1.57989522986229	-3.02833288551016	-4.35810803295806	-0.562063965753738	-1.7966322357008	-2.56802835002311
NaN	-1.61520411019181	-5.35736924113252	-1.06723483890156	-1.45799447667157	-1.27189782067489	-4.54302901532885	-2.3764171343334	-4.19497314876414	-5.23075289708394	-3.15896342322136	-0.32275720411734	-1.97016133222187	-6.30987340734741	-5.27910061709862	-2.74783849332063
NaN	-1.7298794382125	-2.17756065200135	-0.781002398982923	-0.116457827343001	1.20882656746902	-1.83336654317935	-2.561372987009	-1.27073213980755	-2.88995128936136	-0.471014241447959	-0.744806318011246	-4.191452582935	-4.87457697719637	-1.1894331662519	-1.09997357879231
NaN	3.8454327931007	2.01807708565352	1.84518793660408	0.303792276147826	3.52829823679256	0.0628418245299813	1.88480596163802	2.21646518701538	0.659591714303614	-0.232579699377494	2.19190811131885	-1.12275294570747	1.38625018687729	2.91953701242706	1.6818219039803
NaN	2.80402876435458	0.575764138032713	3.10298786817031	2.0793159255561	3.18911485651254	-1.89419265948859	-0.181534968349177	0.921499209306926	0.924835218094536	1.04080952892009	3.39250478085645	3.19125763528078	3.10825309253006	3.74843240833367	3.63948105317398
NaN	-4.92892473299542	3.85768339740601	4.54529926817344	1.34045883645182	-2.68390625187832	-3.32297927436521	-2.34231052587335	1.89144983752985	2.93533314147214	0.997649951906255	0.745039423798766	1.52900796686423	-0.640269231743291	2.00214950584202	2.63862118545824
NaN	-1.83488492116075	-0.166790243390658	3.39704810817041	1.97710099680271	2.64024044306608	-0.448419753552062	1.19439419693545	1.7530214187517	5.29783970858456	0.815859559161725	-5.15279769662771	-3.54968475778261	-1.5680671649054	-0.390771954128815	-1.77118073062185
NaN	-2.48347869380525	-3.91444844198116	0.93167732596294	0.81381926178719	-0.616419614173452	2.16931196930847	1.5777911515116	0.120001266076206	1.91484277690796	0.521849445571254	2.59193680399835	-0.637247276211509	-1.81108082423742	-4.63232071389956	-2.60186644414505
NaN	-1.34634298547115	-2.83315780457744	1.91935793094373	1.99930191964258	1.74504797261819	-0.799738055665878	0.568231320917869	-0.73834414281823	-2.2125786551034	-2.15571230132903	2.51514544381695	0.236801660416665	2.69184329991181	0.376211757630893	1.21821160796272
NaN	-1.5652165276083	-0.34755260230691	-3.42071044354345	1.27662572139018	0.0860680495502502	-0.415348545736017	-0.677078509580447	-3.36296008177971	1.21774760299088	-1.99479207113386	1.44834252069877	1.01057507978483	-1.06343490114399	-3.44117975036651	-0.385847161230314
NaN	0.0681159358677746	-1.40552888702542	-3.48128134511386	3.70118133101272	2.28112282833644	1.4923210482783	1.58357983395317	-3.51108577000254	-0.552885558016534	0.116173966703988	-4.17592480145453	4.27080265780586	-1.34368615594955	2.00601769169886	-2.311207628263
NaN	-2.83996101352289	0.631858588349546	-3.23908778850032	3.17045740653122	2.87238709775053	-1.43444938782341	4.70157168538235	-0.708215040696598	-6.16941277007713	-0.418909900994175	-1.90736712717852	-2.66457142128294	-1.19856492789047	0.629778229196978	-3.68227031306349
NaN	-1.90480205297986	-0.246556609276831	-3.18638547466289	-2.90281986972567	-0.0333992738319881	-2.15717869367745	-0.893386805518137	-1.1611035069385	-4.59415566677593	-2.4156683006046	2.25080151211865	-0.96335641690975	1.64338612283668	-2.23017814439481	1.63139614899467
NaN	-1.16002403443276	-0.478743691217336	-0.345370204553375	-4.23513064646863	-3.9771694618676	0.39337541896438	-0.941439180740366	-1.78852683586747	-2.58985102932474	-1.03845141437003	-4.89971534156253	-0.438926992217862	-1.41032952278274	-1.78943499638008	0.607744886255232
NaN	-1.8377727825243	2.03199017055983	-0.498817686287127	-0.286222297385314	-2.96116225074398	2.56632173005445	1.32047497897074	1.26400994715419	-0.95665634405515	-0.489659984420941	-4.50275030984966	0.211062895929443	-1.83476127035029	2.57178491879245	2.80426899285663
NaN	0.143817593072348	-0.360115314437545	-1.57921360430691	1.74297767413295	-0.50935299504246	0.771938128001089	-1.45953987455906	-2.77690578751447	-1.16102386893034	-0.191611130783729	1.37574181290694	-1.08968485310966	-0.653433444319956	-0.0586438216596096	2.37851295919919
NaN	-1.33149387084238	0.945357829291448	-0.682162534267369	1.94613486549295	0.78339558097063	-1.4155650881256	2.53971026495006	0.892428056816721	-0.435234451262597	0.731939817026308	1.75265881422446	2.08514061048256	0.524972769310129	-1.13076126086394	-1.12013160124113
NaN	-0.782079709448669	-0.295129360866457	0.14044399826601	-3.56675555401274	-1.47210340719147	0.0525941054957868	3.6292199186115	2.3741180578742	0.660350176949262	3.24200155890198	0.205825617688841	4.33404166909994	0.981885884164962	5.20735544757075	-1.83208000735818
NaN	3.85415068281875	5.31594480650396	-0.0583757980754371	-2.57388601302947	4.73699770670065	-0.906097217317653	1.8984777703885	-0.755707763917982	1.69378679476663	-0.424622423677554	-1.7803562409613	5.03808332364691	3.13176687476168	1.62080672410763	-3.29415349151388
NaN	3.71519649978662	5.23776856337608	1.82848354260068	0.692426202635166	-0.332806218453008	1.41837860304502	2.49442605120415	5.08356040915343	3.37064487301849	1.0933072236358	-1.14984982902742	-0.197613362575197	5.88691936574537	4.24262001786532	0.443049780877516
NaN	-2.0845361389877	-0.126494005135557	4.04797883042213	-0.561167130377098	-3.26134991309338	2.38210178439566	0.915059831778539	1.71120669208502	3.4753311634285	2.04755143794564	-1.3238711715558	-4.4231554960933	3.12991614548449	0.765697913837002	-0.209685268755546
NaN	-0.598874387831965	-2.23487423416497	-0.821837823333763	0.0449048921832463	-2.59702484306487	1.47374988937771	-0.157827359905765	-1.41343536493464	-0.116194336159247	0.0595924907669248	0.53590845001167	-2.05028980354245	-0.162145110062559	-2.03987288885299	-0.0908403366850089
NaN	-1.52261647618782	-1.10940685855298	-0.924621213020023	-1.54600010940162	-0.0761420510762575	1.51143140611687	-1.82706085372838	-0.295798949484114	2.77424141767201	1.99723359313111	0.547178516357288	2.85971978889471	0.903436719198269	2.15330413666298	2.33263754698932
NaN	-0.634714987196676	0.335689359354702	-2.46282453122598	0.58882571256167	-0.8376957378827	0.71604756341808	-0.0609622067472883	0.626038456958593	-0.0262896205031886	2.6740192214881	1.01255521107408	0.729248142845088	2.10401315653106	4.50905964696544	0.388591553129024
NaN	3.36397600421508	1.8289383333561	1.81618673612723	-0.0733616701299155	2.38398947249041	-3.19537769581008	-2.96459149991971	-1.85056727654204	-3.6827248978204	0.355821052127534	3.9520038876353	2.21527447718739	-1.76543502582581	-2.6409308514553	-1.06727474266529
NaN	-1.65080976367361	0.332830042770981	0.491368579664608	1.06417055456604	1.42130336106702	-1.99941898621071	-4.4428151752379	-2.15227205248316	-1.91787746855341	-1.5036636834055	5.65279390531039	-0.709107042287922	-1.91575803398305	5.21898344847029	1.75415119103428
NaN	-0.725777888139102	-0.087756626687589	-0.447863183640377	4.64738672394836	4.05031534673233	-1.37720335921671	1.29902392399205	-1.14364191751127	-2.13165397690261	-2.33887672127544	1.32324266413198	-0.403985236680433	-2.50103580890899	0.574078444742432	3.18965919358392
NaN	0.310683537726098	0.0286738937431186	0.202250123683484	5.49094948210208	2.68990087003411	-1.63178168221477	-3.82350179137809	-1.28290668476136	-1.40872117181291	0.0552959163638704	-1.66760271970829	-1.19948854586638	-1.65622717155534	-3.78704780279972	-1.35256479183562
NaN	1.01146462713515	0.237177018493873	0.65851223821166	1.06504339405127	2.66292140221728	-2.87126794696912	-5.81624502807075	-2.08358330135973	-1.89094166569951	-0.385309806333494	-2.85664362235558	-1.83099302756108	-4.8672169314304	-4.53142131069469	1.0202459929679
NaN	-0.126034761983962	-0.458448796175753	-0.280359443664118	3.21164310484226	0.725000599729736	-1.42375672458269	-4.36515055505943	-1.58179774871033	-0.67785989759832	-2.03534860915962	-0.517476777304699	-1.85565098717268	-3.33358923664286	-0.116790093748633	-2.05518241252932
NaN	0.86666362030691	-0.00865615496797244	0.122025296862842	3.53798227029615	1.79463875042327	-1.60658763434413	-1.28140652472829	-1.83072415917759	-2.23663313395393	-4.5699242710386	0.192805177159878	-1.67354566831244	2.19295697023177	4.40559246210962	-0.0866987246948482
NaN	-0.00305278236965286	0.617070760925158	0.38808886483486	-1.12645052029085	-0.510778936009979	2.37318179713211	-1.51431592703486	0.434586970622584	1.89987977970385	-2.73850428544752	5.10451470644942	-0.0699554076395253	2.05752909623035	1.97072838259949	1.61231512999841
NaN	3.94192894724622	2.35886121603396	1.12945031498356	-0.498006887142545	4.9640966398588	4.01934765664697	-0.970780035773435	0.497654249329529	2.07199363772734	-0.707980121353056	-4.17890617570838	1.02555075333834	2.38113306997378	-2.45616098758707	0.0153449104696172
NaN	2.19668541804079	-0.26167660763234	1.66958049714696	-1.0213335528719	0.155619995600798	2.72604369612969	-0.189145868168891	2.52972120085767	-1.26881381216666	0.132160640972907	-5.51323087964276	-2.672262565526	0.234390621622551	-5.56384410997379	-3.01763405935045
NaN	-1.4315117414315	-3.27772032176262	2.81546553083431	-4.2611231480813	-4.27740112793904	-0.862581382603757	-1.82910357990736	2.50528747258808	1.64369475754381	-1.0217226980981	-1.06196454960169	-1.67817159149625	-1.82397814390751	-0.852027572132586	-2.09613930144648
NaN	-1.78822814626762	0.368294244629095	-1.80261057054415	-7.18442519029905	-1.89461439180653	-1.6144493906874	-1.16420488672688	3.82923386869025	1.83522237682186	-0.928722821275831	-1.26546719386962	2.6025952262114	1.21711517543244	0.553192735619501	-1.21825788712538
NaN	4.79649824568977	4.02041081132237	3.07724879203663	-1.11353175676071	3.24936167779596	-2.00143525695468	-0.660871705682524	3.63565681266927	1.10828645018234	0.307851712142254	-2.20975911439544	4.6662128116459	1.77147173244747	1.06673631930736	3.85301380286312
NaN	1.38932654759089	1.78550098080661	1.1813243419043	-1.96592544447269	3.73968419244104	0.819917009887345	0.636130825788447	-2.68211068449328	-0.916707632355264	-0.470785346861397	-0.369896194579771	1.73171057952634	2.14493848572817	-0.803927142909816	4.01715996496887
NaN	-1.62589403662716	-1.36825124499209	0.114339950041845	2.4737024524127	-1.18044154810724	1.24902711825399	-0.0531714855454746	-1.00598133120982	-1.3054735584775	-1.99952793830873	0.118031834077227	1.52849639542453	-1.69080961553647	-1.44385791610583	0.0487456779715856
NaN	-0.922217830665787	-2.53775755715632	1.0118427837418	-0.568585044786288	-4.45791232416841	0.325643473004144	6.40493418524416	3.44886542728801	1.21128425315495	0.168997422682594	-0.171662874194722	-4.62026668442013	-1.89663198945971	-0.301984062694234	-3.52614714913414
NaN	-0.945785880121381	-1.1966975115524	0.364107360445439	-5.48300313105818	-5.22169074017275	2.23282805067675	3.22852465976847	-0.651322620022139	-0.857924334224365	2.84153445119443	0.611621242782001	1.30270743918176	-1.71964794016942	2.8795206389522	-0.0529845476456475
NaN	-0.248807019988601	-0.724238364891664	0.346022903866498	-2.12610914415216	-1.14066327926888	3.83003001654421	-0.285534854613023	-1.66736135416903	-1.9920667685175	1.75068221007698	3.47923294153631	-1.11534302077001	-0.626781988011998	3.57476904532574	-0.102964454500805
NaN	-0.00347185056403661	-0.36403237557226	0.56438218783356	0.267394268366784	-1.98641210181188	3.85721244268994	3.56341768742449	0.744664526621205	3.41639329370638	2.39068108371555	1.3424404706767	-0.260060023925462	-1.80856239391968	-3.26329447087474	-2.20563188122463
NaN	3.86234297866221	5.55147619695228	-0.0762575031116434	-0.33535660042349	1.93991877701975	4.03047611476361	0.519049922410521	0.982161440341112	3.44257542107475	4.10753186471965	1.60377764881064	2.16542299630109	2.99475049737194	3.1282177515751	0.180076293493623
NaN	4.02868709910228	1.79088110901709	-1.86770722851792	1.66079066336684	3.19711631001486	2.19132496703125	0.451993316133503	-2.12060871505323	2.23695339465328	3.34051175316137	4.06158163853887	2.50567368309292	3.81936034182759	4.10117564155798	1.51458486795249
NaN	2.0898651227938	-3.43776988696844	1.9442337144047	0.951373957020408	4.17510834232689	2.1693206173735	1.67598890812172	0.26234636621063	1.71395214120755	1.89767207493042	0.175258996585284	2.57887023595347	2.37319426720819	1.62627235883668	1.08751830944682
NaN	-5.16488783443466	-4.07269847461576	0.00447414623380722	-1.04188541915085	0.219452697167461	0.143697944987062	0.280640309709493	-0.52780551557203	-2.63585193587523	-1.45392852061435	4.55414610962193	-2.11706691087197	-0.756533063715184	-0.609599010242876	1.59843352444427
NaN	-0.931533096415619	-1.00779169166764	-3.06734461422188	-1.98118917990795	-5.50858743100767	-3.95430195690221	0.0702846941553155	-3.02259227222671	-4.32014288124969	-2.57931951159569	0.794954665787662	-4.7115663180388	-4.23738641972261	-7.3242973992295	1.72821292189001
NaN	3.60474275305451	1.1119157354129	-2.96385888796492	-2.11670810743611	1.44774700940307	-2.60798782092693	-0.396064693801383	0.668908088594521	-2.01833461388804	-2.93093243668105	-2.6619590551256	-5.13003608729643	-2.63971975677393	-1.44722969678681	0.645109009990979
NaN	1.75188632244222	2.05871444678625	0.0130185455688104	1.16215249819728	-1.6790149668944	1.92312917678052	3.15756787561463	0.0195953898380875	1.33965036819656	0.34562235918828	-2.52132650651292	-2.9950560460374	2.08353957270935	1.44949762741489	-0.576568421604449
NaN	-5.86714496008282	-1.58533413388028	-2.18581479847176	1.02996675300367	-2.39902006421202	1.85025126058195	2.17458127449591	-1.23938212103096	-0.117875230116848	3.94656655239736	0.674634298807824	-1.9775939177694	2.30824457439374	1.02655478901598	2.06418055979681
NaN	-3.4646781995696	-4.51714660012401	-2.41491448608079	-1.83475366130913	-3.52691758226006	-1.36355175848143	-0.27376843003366	-1.98872997527961	-0.679010406094274	1.71423984872999	-0.711908258561599	0.553601963850584	1.31326715641702	1.90186396759151	2.14201679119473
NaN	-2.16363197646735	-1.96072681432021	0.637825514722412	3.20776354936823	-1.95560786112234	-3.95593387100922	0.732861918116038	-0.793045954924562	-1.27034857183559	-1.74793410933449	-1.93325616652606	3.39807795266283	1.88892794790025	-1.58905219382212	-1.81682661461511
NaN	-0.928466012127943	-0.331202983036199	-1.39159802958072	-2.09906607390102	-2.46758472216	-3.60853790811157	1.08232443032989	0.873449669745546	-0.84168082527743	-3.51196180446183	-3.03341376387962	-1.42155957140708	-2.1733064741819	-8.33336046631983	-5.58786809720078
NaN	-1.08869260737034	-1.10809690068046	-1.94332420856252	0.74095699412663	-2.46154696721138	-2.19182451925548	-1.84826027387649	-3.05499867629645	-0.834862065002605	-1.91814633186164	0.259043886565499	-2.52864350859863	-3.68686720123905	1.86356502836267	-3.27536938591471
NaN	1.33252861938017	-1.32197127970737	-0.56600545268293	0.985988242224015	0.13866824774309	-2.21567709671315	-0.101779377277592	0.105914019411831	-0.25457811457063	-0.544089232963443	1.81228982551925	-1.40567950779969	0.166820556412261	3.20109030871873	-0.19412824346393
NaN	-0.178678987276868	-1.80468484098062	0.968690204947065	4.85132980646378	2.69815839470743	-4.99979007099994	0.1253484078399	1.02046869349092	0.32924200876285	-0.800830802335542	0.799433110240654	-1.32803111044432	3.11155112626431	-0.702299748303736	0.702501769857799
NaN	-2.06917756775688	-0.200518473456667	-0.242137191541501	4.07368839176543	2.36838143651234	-0.106936992128584	-1.05426108615263	-0.987042135585764	-1.7820777441781	-0.891993956068551	-1.86791923164244	0.109411440423355	-0.259848482756886	-1.43310448231457	-2.44538078401041
NaN	1.3694490844091	-1.91059269944832	-0.634244119179396	2.33463607373054	-0.987578051857972	-1.42701913183707	-0.60524554609805	-0.0909195070599756	0.446542118249834	-1.23655263182049	2.7420545001228	5.68106725273006	-1.39908294591498	-0.819001696003611	-1.63671040577851
NaN	2.84282219815418	4.07400031921395	1.20561775451588	2.53808046229417	1.8218130504034	1.24802881825314	0.541724112957579	6.35880752592799	3.33210207703546	0.67014384986552	2.04032866123223	1.16269992717704	2.95163033971968	4.16722807307956	0.756046765861414
NaN	-1.49524595265626	0.711967456909465	0.690706338099545	-0.65877874989521	4.17837915795082	-0.585655641823325	3.04945706015816	5.3842412304954	0.550748913507235	1.7534275794734	-2.57408246232811	-0.466230378460433	2.58980962361933	-0.519984133939327	-1.42676696788979
NaN	-1.61210708093258	-2.2787816754706	2.47414357226892	-0.218802639602542	5.21585848742776	1.25074519874596	-0.413861115432504	2.10205391968795	4.10859814984292	4.28085218989408	-2.74611535427518	-1.56476611863904	2.01497272875363	1.12223279203567	0.013665212800924
NaN	3.21957000116591	4.0393869632799	-0.22199362912974	0.218990219289795	2.71198313544298	1.7879370113439	-1.02498281195041	-0.273877931288164	1.4056100156426	2.59545890034585	0.226466764917007	1.74034776140427	-0.928233171235796	1.55137005368223	0.267283162485408
NaN	0.708399283891269	-0.250775846586895	-2.65329797991229	-2.70458558418526	1.23381498016909	1.07438484886607	0.893298647540606	-4.82910222460155	0.802396111221794	-0.638257233554556	-3.31397782471769	0.525535420213881	-5.29174503889286	-1.06559684115881	1.65335119293456
NaN	-2.91502635258447	0.864144255826324	-3.45327942458308	-2.7335534131016	-5.40786284659366	-0.161859369711871	-1.13643272151114	-1.69290788010153	1.01023060603212	3.20562489305357	0.0226788847652745	0.948923086271158	-2.89832366756774	0.562160067860608	-0.854597601850138
NaN	-3.28436990555295	-1.90337922964475	-0.579990883630663	-0.717922890916505	-5.81028456588271	0.279715194118266	-0.814284596952924	-2.00704324695357	-4.93384184090451	2.01221567939624	1.0330493873099	3.53372201435514	1.93069651534242	1.74202250422868	1.03000935615333
NaN	1.7421772895117	2.71405527297742	-0.465952930997488	-0.627509519545785	-1.02038747819685	2.52965281747488	6.26008246992643	1.75588923838005	-2.0321361779435	-0.332966214842944	4.95746750999231	-1.28168863004168	-0.740908654912864	2.11864260727378	2.09388703178698
NaN	4.24586503235331	1.13678826764525	1.3147829627754	0.64613162177781	-1.10072976363426	5.59315611608196	4.19563433095408	2.67603021158711	0.920135111341094	-1.17677205673184	3.28359993677	1.14623064672816	0.731030105741398	0.21096920067581	2.21523337482847
NaN	-2.12092964712852	1.19704720750468	3.51572076966814	4.98877356656083	0.914005103634673	2.02410405432075	1.4511700121454	5.03865289203747	2.99216871672004	-1.17447909528943	0.77429994752899	0.757250171662493	3.34421411070375	0.483529997267763	3.77926511602386
NaN	-4.44362270353715	2.19610420977576	3.11751551715503	3.53025324454145	0.862240586756721	-0.527242780692872	-3.4865054792177	0.760001333255434	-0.211193666026203	-0.47111488572957	-5.36146873413967	-1.09293936509848	1.78595140173554	-3.50562508325262	-0.0658514904764396
NaN	-2.72443089014817	-1.28852685882781	1.36540881103931	-2.67465814249211	-1.00692964792354	3.22751719597796	-1.42767759978428	-2.11880798441964	-2.92878011817701	-1.34336910358372	-2.00707101758168	-2.53333674432047	-1.77007133791822	-2.43987444855543	-4.28887267516329
NaN	0.654005494162829	-3.97275888924078	-3.96951352970602	-7.01549277383101	1.82549376152228	3.25116616908694	0.954179052910342	-0.182123478769065	0.431263050636897	-0.501433818166601	-0.283184314712759	-0.310509244281677	-3.26834659638642	-2.7520386757205	0.576750459909872
NaN	-1.33507660940215	-0.99662070244636	0.887343215189259	0.737435227107571	2.21327237088817	0.624871498202887	-2.45830407421844	0.306958977334311	-0.683469538417752	0.0926019784168117	-1.56918517359479	0.258008941445439	-0.332990772342543	1.23116993748067	-2.44506334697222
NaN	0.66769433198874	-0.359707075144387	2.5142612374761	2.51281564203947	-5.95181574422308	-2.38660082654125	1.99098727990605	3.8970471777783	2.18898769160233	-0.42320653036663	-1.03931342848492	-0.510710776621379	2.38708317634722	0.249494134250321	-1.26985579217941
NaN	-0.656879811692727	-0.691549473388709	3.49581697440205	-0.549523817111439	-2.07966929161217	-3.87617110906234	-2.39522076251276	1.55780549224222	-0.336950358140509	-1.98970753588322	0.435870712141686	-0.423339147004352	0.958777441332332	3.28996499195716	1.64558397511718
NaN	1.35427396297571	-0.133722279884184	1.04161619530342	1.65329460493531	1.72758118167779	-1.22606105045694	-4.63469912567588	-5.11064428781126	-1.46379896819172	0.646363593410875	0.596094173159453	0.327350555446325	-0.136134940754358	3.1584253642964	4.57835032801543
NaN	1.9283789088347	-2.9213867644226	-0.0261337100363605	-1.85588993589288	4.56077435584222	-2.8590623807984	-3.73749841005158	-2.14971066176008	0.755988081973203	-0.629289054327648	-0.788084747803533	4.87363672114332	-1.20398021259501	0.187023583256905	-0.388544252411748
NaN	0.312186165686189	6.56548109978212	-1.91824471728447	-1.08585719617572	2.28723271435749	-0.513651717633957	-1.13987047564905	0.18795740842309	0.164734106130587	-3.19968011522572	-0.245759248105141	-1.03398490829821	-2.94587026755217	-1.30952772260863	1.38157694697629
NaN	0.103729893040447	3.20272348723527	-1.02065441942746	3.57580390898357	-0.547216182153757	-0.774977754537487	-2.03401547404676	1.77083526968027	2.82824279847279	-0.12831794239789	-2.10106392810649	-0.362057728138869	1.44329904054857	-3.47445729973606	3.10661557366405
NaN	0.848297263007968	2.51674955203823	-3.04765521448942	-1.16314138799828	-4.20556280299326	-1.41805568659704	-0.644853853689346	-2.48099384477192	3.45792428541331	3.36653704835267	4.51101324729707	4.89138116219324	-2.97558352116164	-4.27808850422316	-0.332247807903135
NaN	2.4838917626668	1.61698760566858	-2.71201417748295	-4.46204894864293	-3.41859596718101	-1.27276192841722	-0.732395127236438	-6.08733280222805	2.18950877781486	3.12779763544923	5.91815761511958	0.443236869418665	-0.160243374437722	-0.0607675769710913	-0.947522330651401
