NaN	-1.34369324494823	-0.835803389134684	-0.643253376363202	-2.2380429903995	-0.668373303530856	-0.931792404191461	-2.25381633182621	-1.40761759555747	-0.983892482702072	-1.33526858532868	-0.639315318957499	-1.55539178323094	-2.09291172408176	-0.742357057882093	-1.30818347110334
NaN	2.63745217388819	1.72309038817316	0.279528462258359	-0.774455896361307	0.735583881811773	-1.89078381687369	-2.19637286110015	3.74811169914138	3.68852201039789	0.804451641743708	4.21688055616984	0.172837317971238	-0.929676404952205	0.345487662240368	2.00687924375011
NaN	3.32415327771075	1.6205070225405	-1.89983805787758	-1.25938040491857	0.597540283654288	-1.16080053071784	-0.675559014088802	2.89437811985309	2.36215140774783	2.49527069172021	3.32012272988401	1.61711022594374	0.328093100276188	0.321237056086746	0.562362117819147
NaN	1.36042527595323	4.78132053230629	4.48188517300184	-0.818027182849428	-0.429227633008497	0.203756278104263	0.0536379544835016	-1.7395478245566	-0.570171713969284	-0.485617548452978	-5.56894729058324	-1.32492985177371	-0.0170670663188312	-0.304888630471181	-1.78052295838319
NaN	0.472803621837939	3.26415214328895	1.19500427090722	1.88213185013859	0.219638746351033	2.61057935922314	-0.365681332600145	-2.82268796192812	-7.06536543881916	0.839092344732042	-3.60566390001666	5.18066718604042	0.687975353136161	-1.43131907073472	-1.47117242577764
NaN	1.06564188821831	-1.56764912253779	1.09643322730353	1.20743113800288	-0.0324958104780997	1.26510714962523	2.02103357894982	-1.33766104073846	0.192939518790594	1.80574661532265	1.08306719117547	0.889707691766948	-0.984663007223087	-0.752403149861161	2.2710440206509
NaN	-2.15551737870968	-11.6515521205178	-3.43926863471059	0.413066483450805	-0.862902664238637	0.414416197060667	5.13068165754004	3.9717367217324	1.80945978450369	0.433061931586258	-0.824927671709606	1.95620527854068	1.71537937972669	2.05207136934561	3.45010505199208
NaN	1.49905864322952	0.429097000534085	-0.82988958143769	0.117565563708734	-2.05557292732033	0.684682001642657	1.52323438563184	-1.5133985686217	1.10925546704424	-1.47659103824054	-0.96446262220466	1.49671755207692	4.86399935563549	0.840749873485287	-0.214357803718206
NaN	-0.161047327705503	2.44633628104385	-0.120840591684193	-0.441006786982758	1.44292239486849	-0.244155269642822	-0.795173798607353	-1.04407041788257	-0.879645410155532	-3.98368701670407	4.88979236613748	0.649794667553682	0.714036951972519	-1.52601005360457	-2.11599191341531
NaN	-2.99395993077463	-5.8989315591818	-0.332220416009693	2.82755120589789	-0.144577066568502	0.270161073095006	-1.04594961056918	-1.18325160126499	-1.42937260365824	-1.21280878985575	4.55027007355229	-1.22064385760089	-1.2912647639313	-0.870195583010842	-1.87856987843317
NaN	-2.40615930076779	-1.66835437990426	1.6330800055433	4.88320231425048	1.26285426654486	-0.81263128468368	-1.91000282793018	-0.955966786331195	-2.02126169119502	-0.447278670145049	-5.28509900930296	-4.13697967412684	-1.54047387069095	2.89350913918042	-0.441698299981166
NaN	-1.53047981439162	2.76583630172258	2.42524412967482	2.33655819995716	0.76998025748059	-0.673386391658123	3.16361131835479	1.28129548445698	3.04145972766044	-1.96896997176079	-2.82593485638039	-4.83694174699534	-0.488969536111717	2.60934585461243	-0.570586054399314
NaN	-0.611697610615852	-0.280336725238618	1.48610634826624	4.67797315567772	2.9231372702363	-0.210913091606289	-1.29859464148431	-2.22338533712302	3.1381770940167	0.700728770996061	2.49002369975067	-0.932736522324207	-1.2188671882787	-2.51827564377556	3.55325706331231
NaN	-3.08284762252913	-1.1740117248787	0.572206902182466	-1.51465916631299	-1.48157443846723	3.91485542622442	0.430892353240699	-1.3820840570152	-2.82611100389767	2.70896698053423	4.42146482441765	-1.2030673965369	-1.78122704031275	-1.98536635926947	-1.65368817525902
NaN	1.09114133243718	3.49644495993551	-2.25911668069929	-5.04788989669338	-0.254083938256015	0.16281964056328	0.21433200968139	-1.53522152668729	1.27519234629062	1.16425929795991	0.0112635946104694	2.42466356178791	-1.68823724431179	-0.436147266470716	1.70296728220483
NaN	2.6965261961959	1.18410006623081	-1.63573162770886	-2.35129020213732	-0.114288509510649	-2.69965041950025	-1.3889039776243	-0.466272617170528	-1.93525008975687	-2.08016890257538	-3.12317705931912	-0.76613882854098	1.83754704967301	-2.33364384530958	-0.486990193465277
NaN	-2.49297645649951	-3.7513827313991	-0.16071132048363	-1.90181672638079	-1.5736722812833	-0.411461775014153	-2.161117308031	-0.292696423937578	-3.11243736671223	0.247274626144275	-4.31678438367963	-2.99921037137229	-0.371246245105632	4.4322010667626	-0.595454022579948
NaN	-1.50180953666309	0.0284379077901777	-2.19358989742818	-2.76527380842381	-1.3336689034389	0.00232576438096683	-0.737074352472622	-0.588767108225734	0.34936315811303	-1.10708073170482	-2.63923041517402	-2.62153264001413	-1.94623141500968	2.07599704885007	-0.336595274885452
NaN	-1.74422231938274	2.62166614001048	-1.88208703683725	-3.06074955480225	0.152744455148136	0.776330150581262	-0.0437227282010916	-0.110486232268569	2.87640374320288	0.868415739490918	-2.36871645350722	-1.64181242183179	-2.31987784828754	1.60177268989503	-1.21650276689516
NaN	-1.25380544956393	-1.56991390998715	-1.37207624996419	-1.15295240668291	-1.53252502770495	-1.71302266808122	-0.0577003800780317	-1.14787905284073	-1.27142447387186	0.498739232607714	-0.927697836591426	0.394756793221948	1.25457699249859	-2.53098924174831	-3.26701624625085
NaN	-2.20391793820865	0.364486390904207	-0.545604705105061	0.0320082424949355	-0.939062801689187	-2.06592101978154	-0.231503699038397	0.277401805060211	-2.69110787158176	-2.47173292101066	2.10448153106088	-1.10052099619679	-0.100380829889331	-1.78307488049512	-1.16658999436177
NaN	1.35343149828882	3.13273038834506	0.0584457157406527	2.95991232286154	-1.09081777230794	0.517876741059382	0.912136295129765	-0.318712527952326	2.4728721857858	1.78017487264125	3.70650534934652	0.847993618934259	1.08741107771803	1.41443696099465	4.74619160453209
NaN	4.22997210739079	2.642942468151	-0.60363343530979	0.403362390530157	2.49728722114634	4.50777887256371	0.951296669163081	3.94408281979964	3.57899721518645	6.05007926711526	-2.52882057072605	3.66334734081864	0.0801816594935704	-0.253385696278781	-0.815877332968624
NaN	1.22912925214949	-2.3415769357439	-0.712596369299384	4.21818734217728	4.37744129096431	2.30178586982806	2.95014926694011	3.30392411765558	3.0684224557344	3.83523926008593	-3.24148477208023	3.1584575576946	1.05003589091508	-1.60272952315999	-3.42948726786739
NaN	-0.966176991481116	-0.992295200278864	0.754514472781355	4.58309246277399	3.38445160431189	-1.62276488732111	0.860432617349635	5.26706783873747	-0.491346168201766	-1.63683368546654	3.50461326697506	1.8468616275908	2.95765092064152	-2.20956704588448	-1.83537858699104
NaN	-2.18313125854119	-0.462218495182994	0.0800217980127257	-0.28395658181897	-0.298280136322334	-1.92548348938103	-0.589837816928262	3.71780989513972	2.08057551719855	-3.0028232926986	2.89038687592445	-1.58460742655164	1.50955325129945	-0.384478668891431	1.75686338215225
NaN	0.397495814296808	0.931497770560494	1.33636783686472	-2.45780574938537	-1.9407095402357	1.15407518423892	0.396569121226293	-2.88868144379396	-2.01547771889562	1.38267083827476	-0.545786491730758	-0.238321479185004	0.116028036195454	-0.0496666307220696	1.2119008578872
NaN	-3.13891704734405	1.43901584847831	-0.529453583790826	-0.118966114458062	-2.56500362633789	1.03465459993483	-0.761047073092843	-1.79700262403109	-2.03667100354713	3.33392369688666	-2.58357923812771	0.952653233051123	-0.467628213617461	0.326658520526676	-2.4723545184955
NaN	1.22538272822692	1.46979490289353	-0.792177044209618	0.793464451899561	-1.96886147185925	-0.123445579438692	-0.931599787475346	-1.65985723458632	-2.61848265504129	0.862601608714682	-0.902407412947968	2.61836611950357	1.89392764519427	-0.613469509007068	-1.08809302752504
NaN	4.07476052668216	5.16742495325674	1.07511710324268	-3.37544649647119	-0.38119548371222	-3.18089179806729	-1.481401931662	0.441831141604905	-2.02473980131221	-3.4220497449871	4.12165162432805	-1.06513611892204	1.71107741597207	2.78174755794797	0.397786138358908
NaN	3.42737812085012	2.51374543664901	2.1454454564005	-1.95810677811236	0.750939301203308	-1.95917597451348	-0.89038277496534	-0.664361279205538	0.853482750000406	-4.10487261904811	5.39945653648594	-1.80691079400721	0.600212784956763	3.3122402470546	2.05000756592408
NaN	0.764831255474367	4.6141569059267	3.31186893375888	-0.696838488933024	-0.195459630987961	-0.985290743823173	-0.11994985745774	0.619572859625962	-0.558040858026722	-2.85648978358866	3.67444752474361	0.118159003706127	0.261929444710609	2.85150422277212	4.27030160667366
NaN	-0.783096008599628	-2.72807761388001	-0.00734281909996305	-0.898563417514975	2.04646534720523	-1.06365934068441	0.288458046504487	2.51064923247369	2.37083592596926	-0.231314507307096	-2.73405357086238	-0.820514306464932	-1.46047969017354	-2.15952286431171	0.141827344971287
NaN	-2.94253797445198	-2.12332926051906	-1.91399955800242	-2.0182964685922	2.85991833461019	1.53509728907483	-0.675559902157542	0.378121020286637	2.89381508016608	0.0599152607332962	-0.960422643775523	-0.181162565197195	-0.917456507520155	0.0304881305721254	-1.8477567835225
NaN	-1.97994908729818	3.90747647702204	2.76624004517777	-0.687700212829615	1.39884260449438	-2.47208596076242	0.66404770248234	2.82960561419447	6.54996552336175	-1.21173864661104	3.66560500223696	0.17178295322586	1.55210064965452	0.044340402901804	1.63477189660172
NaN	3.46513813212994	-1.9792381169657	1.42972966892695	0.422131063542056	1.58331323156637	-1.12498294561281	0.56042017852828	-2.20744235457482	-1.67994337245996	1.20527048736682	-0.129856743952103	-0.311467533118352	0.225453319202433	-5.50152391340042	2.06425566660224
NaN	-0.177951718642847	-9.3372872304364	-1.92664280314843	0.0479808783167313	-3.12650030251347	3.95001890269066	0.64574087676012	-2.8138866147514	-5.76692119281708	-0.902863608004226	-3.16371902260425	-0.536511209450256	-0.897852304482747	-1.74408813415445	-1.49165539019469
NaN	-0.696633017415996	1.35431799110025	1.87384010555453	0.419003909543998	-2.16256088782701	3.55873922022677	1.34443103434758	1.71111703890187	0.0297379692600941	-0.555948870028413	-2.35098609395328	-1.31611317412038	1.98026544761921	1.42009359595943	1.13427775907378
NaN	-1.52336960757798	5.59583648623337	2.03003182123706	0.477397213223962	-3.86225832265939	-2.64635380556239	-1.11774900582042	2.8748146889909	0.802820857534304	0.329745272807485	-0.445713852128064	-0.300541427924542	0.601285582514454	-0.12672316948598	1.6784772419641
NaN	-1.27659017249592	-3.07779766069098	-2.04997863322537	-0.604307035522808	-2.50502421871097	-3.46745244783633	0.229430678918471	-1.7063632886176	-1.83558924502997	-2.24342177557485	-2.94004523462294	1.45631949577125	0.363053739597455	-1.47409008354242	-2.67565976794626
NaN	3.17233107267909	-3.60935603401316	-1.55963465995386	0.72632818080213	0.500079819371125	0.824669468261682	-0.0171368188010203	-4.5136559977023	-3.00565975912212	-0.183029202811992	-1.61558289464593	-2.28875018883484	-2.48570708788889	2.21694574516627	-2.58998166906776
NaN	2.13423891817466	2.89987827860222	0.84284735035076	1.31645054614733	-1.26236077614999	0.436508749974706	0.257838971090439	0.264267478664322	-1.35377391491062	2.15633514734074	-2.25584512401406	-0.999334912846409	-2.01850556010101	2.25150802017448	1.12394531623034
NaN	0.238037595780653	-2.52371876840257	0.0164213990485731	4.31046899115217	0.285659641271795	-1.7870185912957	2.88021855462326	0.303162587572422	-0.0107509691653411	0.314298134569147	-1.24368429744488	0.446396887950177	2.11267536842185	-0.216546053954317	1.4635575107619
NaN	0.312141609661723	-3.33596737667442	1.49283426151036	0.512023176855922	-2.57609613041132	3.63134978312155	2.3308472812139	2.78857136181502	1.45933755898009	1.68829668427993	-1.25697683670052	-0.825056729521419	-0.017567235368772	-2.58576138874796	-1.01294290278416
NaN	-0.418976382279057	3.88394757634115	4.1292168299198	1.35042277544844	-3.60874733541212	5.17050438309101	-1.37133406374831	-0.946747664997394	0.994956732205727	2.44383633432648	0.276400642322965	0.887904101762414	-1.9263904754287	4.25608892848089	-1.8125066415389
NaN	0.344871295263697	1.33213868573677	0.640825659967104	1.86811832749334	0.303745927165661	-0.757919320952602	1.6758024692027	0.957155497483653	1.75168035107424	1.55419221416057	-1.29700078306379	-1.97417835259031	-1.93716547495484	2.86150261091874	2.27823301870194
NaN	-0.0728638740428002	-3.14985360538055	0.149609603616814	-0.178667281422128	3.62700995716091	-2.79892268290052	-1.29786714951302	-2.39365187411361	5.65750987933868	-0.932661171169143	-0.0344495633708734	0.573250370635487	1.0866099178072	0.0122782124388125	1.84614384769311
NaN	0.414603698798476	-6.73482236070165	-1.76773125670234	-0.474139508160119	3.36893335959784	0.49657564045549	-0.303584107527189	-0.272105277748876	4.43612062370607	2.04037279043588	-0.857333574744793	2.63169879285696	0.367625165388358	-0.936531360947819	-0.419489452508307
NaN	1.25930401008196	-0.327196792490846	-0.562699990933785	0.817800329203287	4.27020855626267	2.32414427648624	0.997269815295913	0.588968511312199	2.08807916374646	3.57382332173999	2.40741467309758	0.578134072548603	0.615363231113543	-0.622630703125127	-0.881522008114725
NaN	1.73431392078081	2.39716337010407	2.81396187035687	2.90724651822294	1.01119974804516	-2.7247400511123	1.23081547239951	0.106876854891784	0.34418902245148	-1.17456461770564	5.01839236449296	0.955163288172298	1.36247775505038	1.46500728197849	2.53432933104548
NaN	2.04662142882042	-0.773415331307039	0.78498315639358	0.643087022528686	-0.451414087794048	-1.22565059231613	-2.10672017757881	1.06082448503871	-0.361033260310295	1.69188842313371	-1.2002647927302	0.183848089091347	0.565535405349094	0.407595503860857	-1.65214959510342
NaN	-1.79166763711493	-3.99427556546253	-0.990741531861736	-0.9937710698769	-0.683136841234052	1.63399384603658	0.536488200267382	0.69723164871713	-4.99025506890607	1.45816495503539	-1.39220818887371	2.15532653243703	-1.74119178389907	2.53094649234812	3.86735761419266
NaN	-1.30665407643829	2.0293647594896	1.55504155535154	-0.825189551372027	-1.46961567076175	0.912575656483159	-2.24836397233983	0.873593816070174	-2.10177482052592	-1.73625426435913	2.65986648967686	2.26463915559326	-1.75347384579258	-3.60634639302184	-1.01461207719331
NaN	-1.50626515424179	0.873319978756603	-3.00865640621602	-2.03850065372149	0.130000980945421	-3.58606770106226	-3.29752471637706	-4.00057154872843	-2.21970078858302	-3.37514601943749	3.70686795411533	1.90566332859436	-3.32417208933472	-5.4992122177562	-3.2563063875169
NaN	0.951751490644393	-1.46676814152216	-7.04299011774573	-3.34451099015843	-0.489013385708973	-1.83611596587488	-3.19004838432462	-2.91349210235739	1.45684503972977	-2.3559966103348	3.46789622897863	0.782089708989774	-3.44963561610867	-3.69238350853687	0.658384076661829
NaN	0.649072280483615	1.15194031392458	-4.841909489204	-4.24550169472466	-0.412789270811123	1.86209890689694	-0.478119462121913	-0.925038590459154	-0.415697954945062	0.47557783267098	0.845699603793685	-0.0647507434185292	-0.84768366965363	-1.51152209612187	-2.09693096312006
NaN	-0.650517852773183	-1.1702888523131	-1.15889375816225	-0.958708253745976	0.969664232004646	0.892736028285439	0.0190584803111307	-2.70251817726819	-4.46946757743777	-0.550563378916715	-5.94423427169131	-1.20609971358381	-3.12195747954717	-1.77719941785453	-2.23238996641181
NaN	-0.560662573945223	-0.554286925402547	-2.08061573114524	0.663830201523083	3.75117933301009	-3.84229074709882	-0.959088156637097	-0.581441556957719	-3.48539261819782	-2.5028306363272	-1.1844634087419	2.78637701528238	-0.279017237981786	0.537259184150039	0.759724904320532
NaN	-1.9432416301267	4.12506793689517	-0.982198764822935	2.48704724144706	2.95631627007531	-1.74424209915522	-0.302288365146673	-1.32424295044368	0.0634099173205865	-0.954816379037537	2.01990156533641	2.82045821934704	2.52793412718811	5.41151809150385	1.14157027124122
NaN	1.87835646614922	5.2674796329406	1.83698444082265	1.16979005410101	2.59587709583426	3.06820966743109	-0.336928190653672	5.69175147692063	-0.230521223561075	1.06961472770464	2.95584514271471	0.482372796864786	0.701707391838201	3.06908146799492	0.530643189499682
NaN	1.88806341287869	2.92835577927137	7.63564472900052	0.821081546157523	2.17749126213735	2.26571939250925	2.36360926180677	5.01835827077961	1.5346672332822	2.69661979207313	3.09967126047653	-0.555265231414158	3.57121411030319	-0.219351788278986	3.76289060076942
NaN	-0.639371967377355	-3.66955601404142	-1.24798036496728	0.816947436329907	-2.69245984257035	-1.37946280311623	-0.567557701785666	-3.40520813167221	1.37573593289341	0.694990338917753	2.42840595398412	-1.35162019720631	-0.167648866780905	-2.62847502938999	-3.31996980244875
NaN	1.47697866660518	-3.66285604154463	-8.38093180347564	0.544629088200298	-1.27637941823188	-1.82860150917365	-0.194885208351085	-5.35862994317193	-1.1902264069758	-1.94769974166334	1.49338795327498	-0.69728040509263	-3.33294379254922	-2.4798240710629	-0.802941267664032
NaN	1.60751705813501	2.1771629263948	-1.36928455230236	-3.24191299967885	-2.10343655594214	0.198371718705103	-1.86557312647102	2.24687799821967	-2.40764721916818	-0.811589696626905	-4.09844666985308	2.24375781149242	-2.11466630276636	-2.32239816949535	-2.88963872248705
NaN	4.02537104633775	1.73994149333473	0.748053487437221	0.697146157384903	0.395986552137522	-1.47605269508793	0.799991595603347	-0.247080534830672	1.35454276292042	0.254882309808501	-4.92662514086283	0.780401266181856	-0.171038292864772	5.0989131241897	0.941294068863892
NaN	-0.388496501286061	1.0931356242123	-0.49942653045822	-0.297463870395424	0.687805848894896	-2.19357055786562	0.867320176072582	4.76765791304667	3.21530263923498	-0.907171835444589	-1.2770855773297	-0.232277610441705	0.427639542638877	0.121313539860789	-1.72166084427177
NaN	-2.68733985560796	-2.54924109722652	-0.814415209975097	-1.10665150146826	-3.08380888669049	6.204399995832	0.456624360723705	1.60620133909828	-0.840822942675014	0.210900504346272	1.70986040796599	-3.80317519326683	0.601996103506183	-2.15832606204625	-4.4535351010727
NaN	-3.74282170516608	1.30440551045141	1.14353608256632	-1.97929419731836	0.141512885377148	2.95193075977132	3.02676321469849	-0.512521279990375	-1.20872019893516	0.993222371363666	-3.68722028876718	-0.150294632955443	2.39770521342903	0.127287925968441	-0.855280875033528
NaN	-2.74531727276423	3.05402307210013	1.48414283845002	3.99113311810563	1.65502827938128	-0.205195704222068	0.538858752780635	1.9234704359375	0.438925170923934	1.78774049183976	-3.10977388559621	-2.61428425965121	5.23857709673772	3.71545922201562	0.651660314207576
NaN	-1.06990212958263	-1.67930998703059	3.71291039077628	0.829592273669717	-1.71407235933281	-1.3866944224416	-1.55665765394124	-0.356042651078308	0.431349131711521	4.59251487210329	1.14348030354814	1.58300904994874	4.21954707835338	2.47315600316945	2.20447253811825
NaN	-1.10418341748477	3.50512923441329	4.57832570277626	-0.559430886349444	-2.63341715652192	1.35049533458714	1.06902610595584	3.30858747212131	-1.09655173888041	2.93308546362186	-0.196133695853586	2.64056195683991	2.05568056883484	1.44634294912668	2.56062006392677
NaN	-1.73468634948207	-0.0592692553478163	-0.162933348504913	0.13977160359576	-2.36815860659703	0.584251674225153	0.733524674280945	1.92238534636557	2.18385868890651	-0.998301088991363	-0.235114584239529	-0.916666381347337	2.38618662859773	1.24164807288695	3.26681555872557
NaN	-0.230149057403636	-10.935569548131	-4.26812486304847	-3.99112079239245	2.31974122034688	-2.82464872211564	2.36159962400118	-1.20557250367545	1.65661863424666	-3.51237536893515	3.96758732655227	-5.0769103286682	-3.27041219012049	1.8864832736978	0.546485692187531
NaN	-0.396803365298281	0.194865652504739	1.55440471491108	3.11815664535116	4.19175569725814	-1.99241688139777	0.384617408381868	-5.56821073506362	1.88313240485382	-2.03233183131793	-1.00701808157678	-2.39671002003978	-3.67496798210006	-1.45529760436148	-0.371180481276651
NaN	-1.25483548555266	6.38348464762027	4.30347278064677	2.27054364825363	1.52440465446909	-0.881830550769622	0.283991759422062	-2.07330631893078	3.80533072083825	-1.85791372234295	-4.58197270065415	-2.36325004765466	-1.32330094776572	-2.86359456877908	-3.46901662601673
NaN	0.356535491387816	-0.335293008780037	0.214799461326334	-0.813398457350971	-3.02658645775726	0.00959422654520892	-1.84868513632103	-1.56339417852259	1.08526915367083	1.60879869494951	0.695727009186919	-5.40573329865419	-0.0495401140416743	-2.78344309958979	-1.67202613211323
NaN	-0.517274609786212	-10.342585666342	-1.56514023540335	-0.615043831687795	-4.65880323939605	-1.85763778921659	-2.07289353799772	-3.68033318518195	0.845291020135998	-1.42791097087182	1.44754537138541	-0.884547535797499	1.90367341317387	-1.14113057620879	-0.750868971174411
NaN	0.898349889253077	1.24493840597886	-1.45107315202455	-3.05312673704654	-4.30187559553493	-0.604067423522448	-1.00381525031894	-1.12290576978751	-4.41078905059634	-0.607701279640422	-0.14050437939853	-2.0761576023021	0.397299562647255	-1.3652346548368	-0.351666227377186
NaN	1.08043426089623	5.76476204872455	1.73609940177991	-2.11302168814943	-0.720995243174465	-0.107148131668272	-3.17973529477272	-0.207953289968391	-2.43392194406271	-3.39522107809884	6.07243672314862	0.435086087895209	-1.10581717315465	-2.04996876436464	-0.743044811555903
NaN	-0.342864634191734	1.37649986358252	-0.488784470661449	0.527686929027001	3.90181989271084	-1.23674195064806	-2.51393171938272	-1.30472789502946	0.319840660950072	-2.3944478176178	0.720024057655265	-0.410553802423877	-2.27426798864759	-0.30367882330114	-0.661891229675567
NaN	-0.377703730540484	-6.31016879245222	-1.11100809481883	0.664551344416246	1.83630562587328	0.868698962824656	-1.43061408523113	-1.29611897390095	-1.62328000496492	-2.15721220738658	-5.44513980801536	-2.25495548279401	0.368762171088287	0.670075128304966	1.00448292076021
NaN	0.830244484266578	1.50123975965761	5.28923779217538	0.663384640020571	0.00491359870725287	1.38956402334511	-1.46417603963973	2.90842139383754	2.65331666674356	-0.0421166256118115	-1.83163630712153	0.744051638601696	-0.33588082155078	0.56389221999458	1.05430974416262
NaN	0.206292407880891	4.90380600023109	5.38724110368665	3.21673025815056	3.50888704763476	0.883417454777957	1.45916756022154	5.26890888917101	2.65701719023335	2.74410923108854	1.82637415431959	-0.298142183439222	3.27639290085049	2.05585510608301	3.96191727722566
NaN	-0.49168239810345	4.55870645093817	3.55213004039928	3.90696403193741	2.10099404656618	1.2063899154404	1.36937065360726	4.49264501965119	-2.40247267254805	-0.85775091280268	0.376509130273502	1.42832044712313	1.55612469530469	3.67552944636166	1.54389725926827
NaN	1.0692205635429	-6.15984918571753	-2.46959426697705	4.92718815171026	2.12605755346415	6.51416869169458	3.82397532560945	-2.91109747188171	-3.70478706340247	1.93579429380673	5.01881038578556	1.92059001146066	-3.09960341802328	-2.88095698311567	-0.570583144518151
NaN	0.508280728472688	-0.652875906409698	-5.14882659739113	-0.0711550356589467	-0.964860791596935	5.18215953030329	1.00910149800962	-3.18627451975673	-1.56762937074983	1.54338743458502	2.66575432751056	0.769545407912434	-5.5514430510489	-3.51078640107424	2.33222452449119
NaN	0.0525879647568441	3.58714774259033	0.811665652716359	-2.52221598421171	-5.3005735517221	3.24956066039248	2.0438079152277	1.12862487271684	-2.71389885148352	0.914527554873936	-6.19429487572461	-1.68173099117245	-4.36760473110757	-3.38454044691465	2.57394190748908
NaN	-0.0568154514963286	2.981791049746	-1.89596280347922	-3.9178418401017	-4.22322802511983	2.29042149409874	0.545780095024986	3.16011446213343	-0.240654702727552	-1.38157636590121	4.46716419566704	1.60184853968482	-0.786215829437461	-0.0441748747762636	1.60065036603606
NaN	-0.717548527324951	1.60867922294625	-2.01037703786086	-1.28184583092109	-0.848103989529459	-2.33120519940104	-0.445913777673176	3.11590714160099	0.000423379549557353	3.37411582376663	3.787795991516	1.84246506186681	0.219406520265144	0.642785435064451	-0.885269378832339
NaN	0.831554088841071	-1.22850167614171	1.21085547447398	1.68694849137498	3.95115162043611	-3.34859487399195	1.81423296498925	1.46914899612605	1.86273308904776	-0.414779594678993	-8.37964828355281	5.68602160801505	3.18711202773925	2.46876025409542	-2.32234859792069
NaN	1.02655469033427	6.23994445610668	2.10493361414151	1.18092327175273	-1.44472756292464	-1.23034103481192	-1.99822237652292	1.74239175933375	4.32200816432054	0.371158988677754	-6.10075615249773	1.97045471715676	1.80623168619129	2.53098555085821	-2.61025246802079
NaN	2.31631948598335	0.234144221015087	-1.21654575537752	-1.06564592337209	-0.794035463176747	-3.83520473428593	-0.763285372522877	-0.863422135859003	-0.537052573608955	-0.0492448016511233	0.396373706039863	-0.732534766756565	1.09282426844183	1.49724013537578	2.8309860766212
NaN	2.60611383774935	-7.63409690917206	-3.31943778758686	-1.84193219983878	2.4952454929471	-1.64280958448076	-0.567371154051533	-2.94888915886173	-0.766020612160949	-0.980745936071932	-1.24542605138498	0.0635260626303635	-1.47387952172186	-0.126467251701024	-2.3998503222134
NaN	-1.55240295553452	0.454833081082662	-0.336481812549946	-1.53606198403018	3.07711239214024	-1.09105002581242	-0.605343742423469	-6.53057074919337	-5.85451381418975	-0.0815916044120739	-0.655818598931721	2.58936026325715	-3.35783235732803	4.39856407972639	-0.00904049832744655
NaN	-0.123939626681432	5.94641767229343	2.4271322469101	-0.328472261036384	-0.51062703922593	-2.32717593193834	-1.14840956184547	-1.42496887845875	0.530800002937868	-2.05624862474884	0.345850056895286	2.61657742286086	-0.282437682102492	0.962455112763283	0.77155334457906
NaN	0.79281972158779	-2.60373198180493	3.18455535325663	0.28406419182535	-2.26209402792391	-3.57357599804697	0.412144523207535	3.56648333377791	1.18167483240306	-0.0301774825757434	-2.78648711974646	-2.65476035497507	0.688037986499432	-2.11487841698592	-0.0395446387019709
NaN	-1.79594943217797	-1.70787263181127	1.96703801944341	-0.778368311077943	-1.49713267150439	1.29923570705626	-0.582330985944183	-0.750370906659311	0.213304659434656	2.52596231391522	-1.86092642784603	-1.65038858913686	0.413339583900918	-3.78773976275102	-3.9209419624916
NaN	0.424978477001675	7.92220600841664	-1.02966510535206	1.25531881699883	-0.259370614171561	1.32386662837814	1.29371605647042	-1.41125395481221	-1.12507482607791	2.55955052382469	0.796012627475973	-1.31114008099782	-0.668178015918256	-1.50754914029049	-3.07518479396312
NaN	3.24770375376642	2.81069620085332	1.83047786024965	1.11036100221668	0.246496253294917	0.283247638201103	2.03066542167093	1.01701517675047	1.25056416248257	1.17798705819528	2.56172628480507	-1.06496531415103	1.16231502252238	-1.21453135658811	-0.417958963575953
NaN	1.20249415602582	3.25491858687989	2.18634264495942	-0.497078206360765	3.0344378740473	0.842299861435469	3.90080102887634	2.37533830463027	1.55732246442859	0.0575612382533841	-0.0616935326333707	2.84102403545728	1.51306281420988	2.00754540861103	2.8786346693954
NaN	1.33711667568133	-0.323361731586979	-2.3473695706925	1.16662529805953	0.330552447133366	-0.0777759785028125	4.80463335276719	1.71844915027416	1.2270520367774	0.94769695617655	0.958269628488019	1.69091953115807	0.171186285705717	2.20361067849579	2.2653815501349
NaN	-0.939044786653924	-4.75289624934905	-1.55814502867275	-0.818169375167765	-2.08902019449914	0.998727022948946	2.68099558938665	3.62146009144266	4.1045535468554	3.83476680146452	6.0179854594914	-0.550471927087289	1.70934406192893	2.23594570226491	2.33039382052676
NaN	-0.840691631710782	-5.0062849005999	-2.29260643413761	-1.44988279427954	0.191383644638257	1.84962224229406	3.22228079654139	-0.959463653208295	2.58290666254256	1.46081498238333	6.97878250307332	-1.32029518840989	-1.99984286385285	1.10901891154571	3.57240281873865
NaN	1.21589235802224	3.81718450596858	1.75040879180121	-0.0424400534830742	2.52941301540271	-2.35635822728008	1.32743085019407	0.454151894148397	1.26652029365832	-1.83449021120798	-0.2798510928588	-0.36907522737239	0.647361243945028	-0.179490892350813	-1.37705437472685
NaN	-2.42333273403208	0.38594983764201	-0.105009165959593	-1.86419304636282	1.8338691807948	2.65902608126128	1.20243138267538	-0.304379431964714	-1.96996730618547	-0.363430395107475	-6.62502815182509	-2.53625913761632	1.7173554076016	-0.768495913679685	-3.47313980749065
NaN	-2.88342689857276	-8.72800503648138	-3.15583168597912	-0.0142330398819035	2.05764857509879	1.63983256075221	0.978293834025265	0.884609729418799	0.758196905208297	-0.171787476727547	-2.83192153888974	-1.97323093830652	1.939342201818	3.0047608854817	0.132476160089915
NaN	-2.78467801749757	-5.31669575798169	0.342776466486172	0.698113823070575	-0.474965923629749	0.666773844784922	-1.87349350045203	-1.49626285654974	1.74277873631639	2.21673732846056	0.743897572942766	-1.16529276573727	1.75349898917403	-0.608132806547609	-0.0186947778722637
NaN	-1.11190646425009	-0.908681549056283	-1.82902677628018	0.221443967315886	-2.29967994377503	-2.34169006998077	-4.26232337754767	-5.87955168346267	-4.63752278986101	1.56436576491538	-0.869148720450164	3.4749576284339	-0.699600198986403	-4.49014683238901	-2.68689873600879
NaN	0.300583963900957	-3.83200561080047	-3.78829064998531	1.30734402594249	-2.22640009163801	-3.46795099762105	-3.67682612674372	1.06641418420221	0.960351772941224	-2.96570999860838	0.61458656278968	-1.13054307218142	-1.03382000638466	-2.49200650977665	-2.53072680705447
NaN	-3.29680360622429	-2.59692324735775	-4.48040493207003	1.68721457295191	2.51764258611055	-0.728174488096433	-1.18448068110125	0.794985035974086	1.58491924023691	-1.11235072090041	-0.559469626667549	-0.306557428343116	0.793962791299601	0.102461067174887	-1.04933052420248
NaN	-0.655553050284049	0.656711181283994	-2.42723611474697	3.62461778529746	-2.8723038207179	1.24311672076287	-4.15278794201679	-5.57530102534366	-0.762359423425217	1.66777638374612	5.04126832096798	2.16089052782209	-1.0056582045912	0.163063446956617	2.48009340040594
NaN	-1.24714218135473	-0.767730530359268	1.8115279585567	-0.945545714619605	-3.38426817927644	3.69481018693876	-4.51542917351686	-1.09318125211064	-3.15201884951699	0.144653433109711	-0.83795021162621	2.82982971772304	0.335189644971248	0.277891519425122	-0.854711258648772
NaN	0.265336842430399	-0.45570621092868	1.8801528270419	0.854618252617023	-1.31186969888327	0.993402280187994	-3.94329459140603	1.54908886521181	1.03313991115716	-1.94521724477612	-1.0499622457669	0.119011244958155	2.4708881851132	-1.74194015160717	-5.09893322073422
NaN	0.861624882757861	1.3733401464262	-0.693572196795959	3.97513827311127	-1.06927929113519	1.42547246718551	-2.41826633879873	3.54451911031857	5.7576996356695	0.765837340559969	-0.458097627694175	-1.17634578778054	0.92997970968285	-3.01997912937246	-3.2050747850145
NaN	0.0392736862028391	0.716962076538407	-2.14557143664377	2.20204575673858	0.437281075748472	1.47845149923062	-1.51331999426721	2.58506936603307	2.99054683862734	2.33353339637011	0.331557340876442	-5.863814259846	0.407794496773106	-0.463631540712414	-0.546681486962963
NaN	-1.1476964832812	1.23773504721255	-0.646709311735066	-2.25714233937314	2.76673832186081	-0.744173424283121	-0.971128735304986	-5.48725383079269	-0.755109164772796	-0.291415150485972	0.465062944552415	0.455321791832684	-1.31298443927795	-1.3036944374868	-0.540539718275758
NaN	0.402250225555995	0.506138743101196	1.28224542739436	-1.22174588459926	1.75790701852658	-2.88800985363097	-0.915785799748177	-5.70286350309217	-3.18366985878895	-4.34177668110519	-3.34562011477736	-1.11636522496546	-1.07627891956479	-2.08245094226312	-0.49655212338849
NaN	0.452919581359895	0.519068426673065	1.67006496146641	1.5802003979753	0.11337407980694	-4.20992185796052	-4.12936767228965	-1.04888238583172	-6.70143673261553	-0.622510716860621	5.19095962489046	-1.76890693576905	-1.50626190497152	-0.476977010418866	3.19092159931761
NaN	1.4578413169826	0.494668553859627	0.513178901418542	-1.66102066409344	-0.893288322375075	-3.29664903671608	-1.71572308890246	-0.777569753077186	-2.81653446743283	-0.719635752832834	2.5077053165287	-1.7347001931974	-0.620381561824495	0.30502768274461	1.79164710618577
NaN	2.28900272385059	0.63693602304217	1.40772712235151	-3.32495883400713	-2.74810497811325	-1.76098524127582	-0.818940290130659	-1.5367998615383	-1.97856395336819	-2.00832883135855	-6.07601878560627	-1.69299067512551	-1.17076739201706	0.524285788578129	-0.497788114716469
NaN	-0.632041697149293	2.98632270233227	2.35577453659276	-3.13908183501325	-0.674204517586243	-1.99748686355486	-1.44734872873061	0.897861436128664	2.28209951213789	-4.57653008599606	-0.414469814442165	-0.622908774341157	-1.02389924240062	-1.53111529661804	-0.674476201042642
NaN	0.707868270236729	-0.536246180148832	2.03007046648762	1.44227813189126	-1.96956715675028	-0.622627698140119	-1.36108775302216	0.872620187084489	1.46627646222962	-1.18839061246291	0.706032843551995	1.37385995254854	-0.132684285211938	3.23912010947898	2.06900565169142
NaN	0.494091314255502	-0.260440236646396	-0.904609573605812	-0.786797298972783	1.45426228267852	-2.37949329989427	-0.584951868131203	-0.167176205715079	0.659962024412662	-1.78746899802696	-0.158528808983077	-1.41126077071725	2.53640603833777	1.3330306925194	0.816390476438159
NaN	0.259857854964097	-0.325878103516418	-0.411287061785377	3.70731742063045	2.77057479615864	-1.19406796042482	1.07292114865558	1.12201372069888	-2.59071063267245	-1.05711702285074	1.8305166332566	-0.335357215776725	4.13031567786218	5.81816648124743	2.92471571483065
NaN	-0.0887331991257797	0.985919170393567	2.12152501967504	1.01478256814207	3.11615478263804	-1.515778466428	2.83554330533393	3.48748685935649	-1.08156702969483	0.47508603393409	0.264982579686055	-0.01066745576995	2.14911716712988	2.30302296755463	2.9022952932369
NaN	3.96073171718328	3.62643919647734	2.94150675373203	-3.95161831261455	3.32794542918888	0.633113958444184	0.457777498357713	2.60737014536204	-1.07698720128973	-2.36256682804159	-0.330020104031275	0.778839228641468	-2.19048968167811	-3.55739276597459	3.99091275995792
NaN	3.55652932914659	0.639896012789302	0.0384786730986911	-3.34493478173692	3.63705031675044	0.158022643921106	2.8237862357575	4.8141124205728	1.54718433839501	-1.05386447385306	2.76773678209838	0.474194087217471	0.6799930542281	0.265507106949616	3.86132238510722
NaN	-2.4012610977075	-2.22858261490113	-0.0147773788834348	1.17846058889949	2.52676077723444	1.208149117043	1.56297757265688	0.817351723078253	3.22996440758629	0.380552676762384	2.88117198059183	0.563784329978141	-0.261358014339864	0.513583520629659	-0.58939516243061
NaN	-2.81960075659215	-0.253033266795904	-0.511633577862449	2.00338342999006	1.54782172062474	3.21723035354249	3.29644283306419	-0.900016909141133	3.7287184921667	3.52767106935156	2.40513898392044	1.13257695731518	-0.490213564558345	-0.382986017290247	-3.64370596366824
NaN	-0.760437449525299	1.86730983538393	-0.193097857041318	0.288753193705265	1.68746423342904	4.68246524832638	4.27477155237056	3.67855383315515	2.97191113460526	4.12013196367678	-3.35154967062861	-0.366117480699886	0.129762962893376	4.38946167528023	0.293935740632584
NaN	-1.52051422487919	-0.767065932480246	1.95263110193148	-2.14096647280203	-0.585253690770984	-0.0180875666168653	3.55087119212522	1.41666697024469	0.64589281664457	2.70873535971128	3.60509729860468	1.11686628922542	-0.845731585079014	2.40324542145884	2.03429025375582
NaN	3.87386846761617	4.07258692106253	1.47939927386451	-1.8996915279732	-2.54366953608246	2.45082736489088	5.76575485750219	3.50171254629714	-0.97200421652036	0.688918441049597	2.59938393442775	1.54715287952058	-0.749124537160925	-2.8267702133124	1.47601712896994
NaN	3.0658244940642	0.273512996127583	0.777250206260471	-1.81407678714841	-4.00540370958588	4.88524916951703	5.89538222905095	1.76725192847418	-1.5117833143716	-0.00289858319866028	-2.83682314818193	1.03060418641354	3.84408541964897	3.73428750653164	0.278770981975502
NaN	-2.54067117954937	-2.45050759553855	3.20219393616733	0.0770822099214271	-4.98222869744699	-2.57861773430554	-0.489525580400344	5.72641362426959	2.5975233972725	-1.37930791824835	-5.60241889066292	-0.479788863385835	4.97661685251898	4.43225265075129	0.0663167770142858
NaN	-1.50695576882942	0.739497872481776	1.86032387668352	-0.012975831708006	-4.81932950887909	-3.67306388266634	-2.59658976338222	-0.287417313902535	1.47753137455802	-2.11380885367601	-2.30005917169672	0.884878903985598	3.34860313531182	0.846030100686908	-2.13224757133461
NaN	-2.76715363098395	1.62038012348469	-4.22461460088972	-1.04070090231135	-1.65367149183824	1.18588673929559	-1.2761603376998	-6.73029016015649	-2.82942681784144	-3.70566581184884	-1.61093034238372	3.19591556617798	-2.28835138722421	-1.40626753766564	-4.35623922903746
NaN	1.99955982022365	2.68330408240707	-0.846988487118455	-2.31320010536753	-1.47813891640306	-0.801720521629981	-1.45822397704237	2.2704705883137	-1.83849911272105	-2.02671701619005	-2.41747274067378	5.31046142221558	-2.92810093737942	-2.40274057084426	-0.949619197390041
NaN	0.196420243253044	0.268738933396911	2.63280439595827	1.08548825219227	0.921654377134687	-1.91602355015651	-0.685524973063376	-0.316371994571529	-0.469404480891258	1.08213745980102	0.106987723249921	0.52056730305099	-2.5133728534996	-2.36475622962981	-0.999089821055697
NaN	2.64060658589105	1.79938729507646	0.248946141351981	4.15841632946093	4.16375388843098	0.474333202154825	-0.30262902714765	-1.33068073919333	2.75725675166641	5.79793573963968	2.37669035275843	0.271419317592346	-1.45978446252607	-0.860887606718213	0.989190609780292
NaN	-0.262256084512562	-2.74006787232369	-2.06525734016718	-0.0664712629739201	0.834908612958717	6.31569049572689	3.16799501017969	4.28667325612432	3.95019881344888	1.4375164937592	-3.76235359961895	-0.493421941472849	2.63466206085413	0.0196336433442465	1.07919383883009
NaN	-1.6452722474457	-3.03862628727812	-1.75335601779365	3.65919731032981	-0.754271517124453	1.91735481687494	4.44081154578559	2.74827838487589	4.02762847330253	2.50263601432098	-1.31090458073219	3.33085048952974	0.235075021889488	1.47963314961818	0.696699147633687
NaN	-2.41388122886786	-1.35118790366351	-1.44342755320195	2.01013326949077	1.22432685307457	-2.09533666554395	-0.739119839287928	-4.04020487615387	-4.38337923046854	-1.56857783091375	3.1249530993704	1.25425220097579	-1.80359539305406	3.44172938708222	3.63015029435071
NaN	-1.21008229657691	5.468936506091	2.61497411095906	0.0667913216547766	2.17876533739552	-2.8663526321073	-1.90865757502792	-2.0687165538566	-5.6327714428182	-3.98775994536281	4.5260355253205	1.20885827506381	-0.979052689860113	2.78007801616102	2.02193052064039
NaN	-0.209964138911336	0.532460408021537	2.01173374375986	-0.795795874705953	1.74287913570557	0.392666633672536	4.52654772872997	2.60908907571083	0.833841151880008	0.800758875248099	2.11594682685527	0.641344730482976	-0.914128656911864	-1.29760323964991	0.0910090738149849
NaN	0.391618794763905	-4.00277423761503	-2.7477000886314	2.03145884428436	0.795970387305666	-0.34547877270448	0.984349411726497	-2.65942145939182	1.85431008057746	0.844191709054075	-7.40504124146112	-3.05221495467062	-2.33763804405291	-5.45063239344786	-4.84605337929457
NaN	0.017711075157785	0.35233860824291	2.74268014234475	3.16997218834439	0.23220304330351	-1.18587547469775	-2.58937636785611	-6.00259618684104	-1.25816621916859	-0.94990770285532	-3.09021801705514	-2.717305268556	-1.9837057343781	-3.62450735590158	-2.33377799498403
NaN	-3.2921354404356	0.915560679536663	-0.454302114749256	0.215629735473712	-4.11993288966589	-0.803049988079902	-2.80849285690329	0.386495433301701	-3.52515192078135	-0.794399977351973	-0.925371834659898	-1.46434634753638	-3.02707751310941	-2.52147288559768	-1.90365787493575
NaN	-1.23843184512717	-2.59519076195328	-6.03179246893143	-5.03474844614681	-4.83834389134565	-0.137301712012612	-3.56288197553474	1.43852679364179	-0.941779190269228	1.25063273620756	-0.95098952437825	-1.49009969790113	-2.22625027834679	1.04734659431696	-1.59067828268816
NaN	-2.21778573902253	-0.257194682036076	-2.32725566272267	-1.82211235730236	-4.73780951623802	0.399077422758918	-0.945533406166646	-2.06370733794498	-2.02126719136092	-0.274806901753224	-2.44165432918451	-2.30862203446424	-1.24486703880411	-1.53366726352742	-0.100827211789513
NaN	2.42067436295748	2.91939285183564	0.337984834093872	0.177599854249815	2.18206483265338	-1.54023817384938	-1.62366511721638	-0.168641358277699	0.175898997942054	0.694416863899181	1.12674524390671	1.05159967084651	-0.891227060688008	-3.52141322736862	-1.08913583998014
NaN	2.69543710559109	-0.784194105084616	-1.43121887325164	1.44600532114283	-1.29417882024585	-1.00008264779455	-2.25197216805758	-2.18586406037467	-2.70140006771152	5.40822434619833	0.826553829551021	0.287202769479082	0.798544184245482	-0.703922909597195	0.954919768426365
NaN	0.262010529773055	-1.8922638381376	-1.62974970298715	-1.55590269841865	-1.51908002658128	-0.53193259306136	0.349361091341386	-3.69532385119649	-2.8397891325162	0.900349985509669	0.150432582283953	-0.549236367863098	-3.24376975909157	-0.322995489603001	2.23636739350557
NaN	4.41616407387079	2.84847968248612	0.299695259825786	-1.43118883029638	2.34268260593138	0.0605955401126564	-0.898976230993949	-2.220415739441	-0.802889481427765	-2.16189228347472	4.43143107843556	-0.427919584366888	-0.765473732731619	-0.707638010203353	1.93973739874994
NaN	1.60563635032278	-2.37811879173188	0.739160767291532	-0.119643744057462	0.00848293758963613	-0.57937180625202	-0.518911788169531	-1.23210582389417	-1.22666618916896	-1.82354333932252	7.53508111012326	0.67486721192258	0.31351754354539	-0.589947645655523	-0.914918041328563
NaN	-1.88694632293167	-5.13086423035494	1.98837781417641	1.21484920935598	-0.763446622646281	0.412262940993585	2.71828541627931	-0.656024474804169	2.17440509438226	4.06817071793995	-2.09940940298302	2.76611224472347	1.02640188296585	-0.327123273107808	-0.69311283004427
NaN	-1.77227143765329	-0.0673709976318106	2.98535540538773	2.45534578704225	3.8398045860361	5.23314469884705	0.790869855516371	-0.0354557879851051	5.26625786368234	2.65000287906993	-3.71742493222633	2.26610264191215	2.6700360360699	1.81119488033504	2.13711323152838
NaN	-1.414715643268	-0.397741082630806	4.78889562171631	0.689025205225355	0.733100992271262	-0.824399583619613	-1.26126838711646	4.00436993228648	3.79237637320027	0.0687115684950857	-0.417978944108186	-1.59163799359248	4.30340599731917	2.98207992152904	-1.70978514629316
NaN	-1.15556400594926	-1.54066417070256	0.872625849844084	0.333212188358845	0.996989268833723	1.50828002775175	-2.74603768849132	0.189679854700105	-2.15555150441346	-1.9691854191341	4.08305209348325	-1.81643900333421	-0.805507597130345	-1.26907021657886	2.2843117190751
NaN	-0.862503863345406	1.51853410708508	-1.85365612017697	1.66217906756452	1.85783062097512	5.44032469278705	1.1032021245949	-1.50782620024901	-2.74126696385923	0.941163448971966	2.25700445455595	1.03614992547018	-1.72146055068517	-1.34276922796289	0.154541107923256
NaN	2.45982096711344	2.32521713750695	-2.92699112544213	-1.04321975287289	1.87625153999166	2.17387557355152	2.58835844023495	-1.43927132166193	-2.28712094209958	1.45368141633797	0.419517930965002	-0.166174734405738	-0.0484212893551922	-0.444041724962769	-2.19838301172808
NaN	0.66344974336062	-1.80465682075898	-2.67606054720496	-0.336679366415105	-1.15912447070637	-2.09710682491022	-0.739833475296533	-1.99908791526018	-1.05892975952146	1.83530871905276	4.05759903657701	-0.531517500350086	-1.43024042938419	-0.233529591882094	-1.43377456345304
NaN	-0.71697487565794	-2.28853223142913	-0.219735821519126	3.53094845485407	1.35903640270226	-2.36919102136912	0.874178848949878	1.64668711587858	0.317922106652325	-1.77408154422543	-3.89148380039879	-1.37079554616442	0.890335395954665	-1.35921731067618	-2.67636827677508
NaN	-0.225853803661121	0.585465919482692	2.96971905987795	1.75406711122721	2.99875764140249	1.66548528623552	0.96711702005615	2.59358950479741	3.01901771055458	-1.70343102182129	-5.60518807925861	-3.29643113855741	-0.862652551522072	1.75158069138556	-0.800120989587859
NaN	2.32765322947557	2.41412520880122	-1.25397572814533	-2.76096707286898	1.03232502617798	2.78299741220007	-0.235450967094138	-0.809561204121135	0.0249433395988159	1.65242316825388	0.905491281263556	-1.93648466106457	-0.480327042131554	-1.03207010449394	-0.454852581818172
NaN	0.1522816444987	-3.07576915261656	-3.8126795365111	-3.72410764093551	0.294797681524911	3.48552409528177	2.49559607110479	0.756920138414936	1.18328571095418	-1.39158363162149	-2.26496970071102	-0.859891550944901	1.69709171299364	0.870681293286111	-0.782484033344983
NaN	-2.09708823444247	1.35913697434475	-5.07348789659821	-1.196324180669	-4.53673882513946	2.30609821523598	2.14866506896803	1.38856907726441	1.80130968163254	-0.242814957623133	-2.98291529664112	-1.36512715883481	3.15018245069891	2.9981473437568	0.329209555737812
NaN	0.27446118989439	1.49234980804222	-0.878694088956962	2.43684440753196	1.49753692416552	0.842778182647847	2.87697939525302	1.96280776157221	4.51194792061907	2.54309039289619	-0.955935335490977	-2.14923796552545	-0.130026916791011	1.0235997430473	-1.97579899076669
NaN	-0.286009578464263	0.175157280542726	-1.00130719767342	0.873046510306647	-1.01805339705786	-1.77713676881997	0.731359063566117	1.4412294760309	0.266216845538601	0.660235494937529	0.158402106452808	-2.1584664351127	-0.727458408418057	0.62733118633524	-2.0315957634021
NaN	-0.791464076853988	-0.864219965513151	-0.307449193039617	-1.54818181848884	0.113857588850008	-1.0459974840787	-1.91455088589586	-4.74131740264338	-0.934440899068205	0.900234744008462	0.0806183334269497	-0.445299592768431	-2.39023019786658	-1.8788667364564	-0.350515439894652
NaN	-0.569664200563569	4.49615149311935	1.71307865875536	-1.99686212924561	-1.09328744880576	0.245720652010721	0.889536596651198	1.51735475784775	1.95246801117773	0.0378028631751653	0.867110227906109	0.0416283341080393	3.23656525389824	2.06741523392021	0.0920748292140696
NaN	0.707598467218604	2.37692031764209	1.88138448772277	-0.399474364694713	-1.5295096746482	-5.88160497786158	1.38313067561501	0.822920296994406	1.62837185954915	-2.73155931500191	-0.984918693957666	-1.13246785111384	4.29511847588009	2.59540352400642	1.96043252381301
NaN	-0.395165128080312	-4.4315539605348	0.675586514674947	-1.85678772084492	-1.58249992192232	-5.87113281344706	-2.22191953018216	-2.24164759794741	2.0898851045191	-5.44228605596068	0.152495463737958	0.453718231412125	-0.652925156488539	-2.11292717577434	-1.29084820984714
NaN	-0.031252598497624	-2.61958480574711	-1.76316287182859	-1.45921617974179	-0.709895935568067	-4.69566781566365	-4.34398703652856	-3.38011009974918	-0.867519106416439	-3.43042566136972	2.51857977208525	0.575658271921466	-2.68336370537102	-1.51770536445716	0.607214125785887
NaN	-0.992066929758532	3.30127415423795	0.338655876453506	-0.359335108037578	-0.21065977719341	-0.849241254776419	-1.10595505885752	3.53830993740187	0.878176233900309	-0.913340339161131	-2.81578209742177	-1.7186759419707	0.0557363516370432	5.21019828675524	1.45062809305484
NaN	0.121436230041534	0.00667591612565247	1.27812982277901	0.000121252377242295	2.08789812840861	-1.80038598526824	-2.04760378286992	1.13852828974582	-1.02151318687579	0.84057724592902	2.35475949928738	0.000116278578655447	-0.777706921267607	3.42987044796768	2.24900526458917
NaN	0.643213654727575	-0.150773275408581	1.08830060422946	-0.585353680690398	-1.02328841903097	-4.76224693330079	-0.710866025788209	1.81936332600242	-1.53515357236788	1.73402811883359	5.47393425520882	2.71743817680874	-0.743189066661048	-0.447853783889307	0.580366887054991
NaN	2.04450269904606	-0.562797071150318	-0.0346758547852095	0.151277722055452	1.37959323624897	-1.07285320755583	-2.87978381701567	-2.30893513294731	-0.0310214920403446	0.760495684855289	3.45975511984642	2.51218712253404	-0.80283882609813	-3.77597913834324	0.0740923347453527
NaN	1.01076705543106	1.52673272194919	1.60849379136337	-0.150660160930114	1.4883624080249	-0.0802664350642699	-3.8471194430262	-0.717420567470922	-1.79053103977978	1.41268267797771	1.81459668867285	2.47008404079053	0.75059287444926	-3.58106079790323	-2.62495636254784
NaN	1.46567074956015	3.88957027816991	1.64494327227669	1.72774652762615	2.9255155557959	-2.03862824833698	-1.4692456126143	2.68456569959702	-0.478547736600731	-4.97273448104238	-3.78632312400823	-0.629740824220667	0.886440618580924	-0.86289714556818	-0.263320714735993
NaN	1.5591001598971	-0.607752446133288	5.14934199883999	3.31420138178968	2.79843201619116	0.332543330841874	-3.43075100949669	4.23163816142893	1.55972725470985	-0.76780066169196	2.05866682944598	0.128708515863132	2.38664151713066	-0.490898544755077	0.810905449971224
NaN	0.488826368178308	-1.81398699564167	-0.653507981242619	1.05648776618826	0.843158331640215	-0.366993726377411	-5.01779146271228	2.03534643149121	3.3743201514359	-0.301905763172966	1.74728491145154	2.3678270459321	1.83091062660667	0.545599296270728	2.97006298556605
NaN	1.73911964399042	5.12687666307962	2.47456954263675	2.58171329039508	1.42765066770605	-0.871840817086764	-2.31406040163796	1.63846418721711	2.16168098625217	1.01879392767329	-1.81444523041136	0.345523993948302	0.0573246928080613	-1.20139963617934	1.86854849859763
NaN	-0.605547560174435	2.05577433860296	0.444272231843469	2.70186146373515	0.606326973667822	-0.201470387966206	0.944825037697587	-0.820491873953744	-2.9966008818842	0.0174859934816596	-7.48231572766602	-0.751975257538284	0.30815681799098	-0.754151429467235	-2.35158233074314
NaN	0.39982211011829	-7.09921944171285	-0.594081162681297	-0.537657510772943	0.491675444726615	0.530222351415895	2.99365653502769	-1.32756270210424	-4.25002879536068	-0.783093006412743	-1.51363241931506	-2.5451062927912	-1.91137879597515	1.90311375393725	0.997378738903671
NaN	1.35217929850052	-5.56871039176852	-2.84265541197876	0.573957406155504	-0.328083487271613	2.24509573767238	0.243637776833952	-3.89999686786907	0.970509654121381	-0.328771372475307	0.434146593518111	0.0886024744362639	-2.16206688736787	-1.34749526537874	-1.87973071691094
NaN	-1.10377202241373	1.47654477331341	3.47643858977212	3.75233614738911	0.180164847524308	3.92730043563041	-0.943973758933033	3.88489389786497	1.78411977349361	2.28648728797856	-1.16031705020931	-1.42634474328759	3.09710203385984	2.10815116149878	2.83788956064027
NaN	0.527443361219438	1.03790573832131	4.84406145168324	2.26304366562383	0.215489038535503	1.23126764356512	0.0308146475697185	2.3514540012891	1.63798261401803	3.15480599478069	-2.76614983175059	-0.408780845698995	3.82013734623228	2.63020997540074	4.05383873184514
NaN	-1.25265267988614	-2.7298291541992	3.23820216237995	-1.48696354829244	0.423932351431419	2.10179510392573	-1.75391628380696	-4.9359962446779	-2.43637772418133	3.91110071123456	-1.92478599863206	-1.53348923831051	1.00206985914612	-2.09335028319132	-2.05814305406603
NaN	-0.795948454628646	1.12999700382876	-2.0809720560889	-2.15759102337857	2.12175033461749	-0.306764498243835	-1.60556722173264	-4.43156117052891	-6.90060063149399	0.246033605501968	0.418647428551348	-0.317719427752944	-1.30426042647793	-2.16217321806408	-2.87370670538967
NaN	-1.60893969399048	5.9938791469893	-0.281161995068632	1.18170244314349	1.90187008195751	2.05250475367096	-1.63364793723451	0.675752436681938	-1.56562970877264	-3.06690323832825	4.99006333779654	0.883002652982159	-1.77806201281802	1.12507132438335	1.33091671197334
NaN	0.676996066037844	2.8893877046014	-3.1179938716245	2.91344694202777	-0.591475956930016	0.311706370250366	0.14635179297444	-1.68976017638155	-2.28989721446994	-2.59568826182101	0.0263946635209014	1.51554285688019	-2.36499414536041	1.07152077340888	0.301189010495861
NaN	-1.55958421653736	0.895243295306525	-0.378187251612628	-1.13523569133022	-3.52886656186788	2.63913363147421	2.00586841034835	-3.37390829151628	-2.28048575342731	-1.24152173985773	-3.13021747338812	-0.232337096787451	-2.54099080122675	-2.13880288113735	-1.59961507549796
NaN	0.737429099886344	-2.06173080675628	-2.59651733193871	-3.99075610284941	0.0457987541404562	3.67088084614201	1.74946280804912	3.93208497586453	0.82790497803525	-1.32808852105525	0.890089544587721	-0.29309647539747	-2.1404292550426	-1.45607526290728	-0.89027721124497
NaN	1.16539524047343	-0.870052146054075	-2.77667690064119	-4.12260000545874	0.343388830304769	0.917333892494976	1.73753923020899	1.22369640006976	-0.99532504711445	-0.362068378022193	-0.376884377140812	1.14614400313833	-1.3830926040749	-0.151516715848677	1.75877865620864
NaN	1.78695013931119	-2.80841293640993	-0.891717069246859	-1.56956551387617	-2.67306741157203	0.77214892799602	1.63976053477781	-4.91220402791959	-0.588114961937701	0.306583300283747	0.0159145438550235	3.79758890885116	0.0181493025134603	0.855528780778794	1.58427017184703
NaN	-2.5360307191676	-1.07278043576688	-0.663804297950956	-3.7820156554951	-4.94294352174544	1.21563344764974	0.728679219600311	-2.29535803232395	-2.12667610689363	1.38591389903246	1.00249701369691	5.91849382922994	1.19099938236946	0.18707733636867	0.0548144694163036
NaN	-0.500365526830446	-1.08784243599681	-2.09105158253496	-1.07848842131115	-3.7448467473329	3.24668107585183	3.47583237436032	-1.22816112793964	0.619703999324695	0.355823779933877	7.2047095904038	5.6207808003256	1.39554924755138	2.12828369312801	1.95175320954414
NaN	-2.92068709351854	-0.983859001090674	-2.94555806314696	0.105249734673054	-0.324028755221439	-2.3419070979241	2.99988009845379	-1.35741070532539	-0.967902220965966	-1.11110597450534	5.70404263521872	0.0495775264569893	0.80764326884773	1.53165698180963	3.05648105014249
NaN	0.786997023519072	-2.0425898990417	-1.99182129856721	-1.20295353049809	3.39215312288254	-2.386938110636	1.78021033782267	2.67686804405477	3.61070289712551	-0.984072016495759	1.03158922932649	-0.895250080214881	-0.63921245012225	-2.66685522003086	-0.930477370965497
NaN	0.13360040829387	-0.402587686196972	0.93805639162022	-2.00469310405536	-2.39436934106477	-2.59830563740575	3.68851137054687	5.38389715948082	3.71769801176745	0.435216203965921	-5.53322109303005	-6.45902911250508	3.28695982860393	2.62207461973168	-1.12419987043662
