NaN	-2.66762629389006	-0.404580751256002	-2.15209114827279	-1.64016941266956	-3.02668176844216	-0.202625515129926	1.57652516304364	1.19753845826727	-1.76413549674423	-1.66842770737202	-1.12885520068656	-0.764950813701626	-0.334787259846485	-0.0353398395913855	-1.00319177195
NaN	-1.39238003911873	-1.10469039567047	-0.549448681359781	-1.81064097318711	-2.73275712237501	-0.769815196016391	-1.22561641331498	2.9973139542729	0.997685421984269	0.786274343463917	-0.327626809528507	-1.06265003636855	0.0910365704798937	0.502376098795737	-0.423296141808719
NaN	0.30020268936376	-1.86043794585441	-0.214218711117379	-0.912685666196055	0.580929160574367	-0.162656291940815	-1.97501321635213	-2.3670020028798	-1.67990548927733	-0.082784654717028	1.45739711089666	2.40965891089789	2.5552436116882	-1.27948055936022	0.853130393653993
NaN	-0.294323968023542	1.38764144398039	4.73587259285581	6.18982412452023	7.70696420060762	-0.220670262184075	-1.04948645601689	-0.862415505573128	-0.564665838303601	2.11745205008495	1.34989075514259	-1.26067512830941	1.67328319443126	0.317109776971685	0.552564305632663
NaN	-0.708313296748305	3.87211745644989	5.26592616181041	7.44274991985422	4.90346469592297	-0.544134662838797	1.07317540608611	-1.28273543327143	2.03065216941851	1.08361248599929	0.35645450055289	-0.946959854758251	-2.29691739321958	-0.971560299526916	-0.0386211139224169
NaN	1.16194193069287	2.53701394919652	1.97502249396966	0.919504219820996	3.15847292036805	-1.05356567719118	-0.148887073681625	2.31765753633909	1.09145212675779	2.55555383580979	-2.50631092727732	-0.495068863048907	-0.375142474111965	-0.288983744171423	2.70087561387862
NaN	0.173745535196856	-0.720746766334018	-1.89614201226422	-5.81955346676538	-0.0753468596746679	-1.36190779264148	-0.0757339349366596	0.914378080367492	-1.2954362570547	-2.26524232933715	-0.667617355391505	0.193258070212031	-0.836349577421992	-0.946624961845643	-0.133862016067854
NaN	0.909784943289501	0.0642158186811205	-1.1359197853171	-1.76902953149718	-5.05285788751241	2.48009878055445	-1.51970364422566	-3.30195806229059	-0.0668056134212692	-4.7605111921239	3.06388830067255	0.790381092101601	-0.593048337727385	-0.484600060127737	-0.457680290621136
NaN	3.2951023818816	-1.87476915941818	-2.58978608734689	-2.08267907881419	-5.92032731496843	5.85418276529142	1.71667746599532	1.68597294970902	0.938784166434165	1.11502882132135	2.63300339712287	0.964339764724785	-0.270409136905417	1.43943061137688	-2.45211796874821
NaN	3.78102709101227	-0.271817933007959	-2.45814948690734	-3.66356448254454	-0.0420655311391343	1.51117383883715	0.502863585433513	2.3403388309796	0.388976260585843	-0.503575340934564	-3.15385680504497	1.57869734691735	-0.48879889733713	1.40258282777899	-2.54145658006375
NaN	-1.25420085521526	-1.09076556247551	-4.18099764333115	-2.60190761085446	-1.6952054846627	-2.08576634280096	-0.787971116751439	-1.39495099064327	0.731900325871561	2.73041322013735	-1.90885512516229	0.429863638346594	-4.73058533737828	-0.270939478371709	-2.11652253077578
NaN	-1.34456681518703	0.180265491739367	-1.46770633178041	-0.678679417831706	-2.94168764227958	-0.60813567693229	-0.989580473454206	-2.33766238796741	-2.41952726279206	-2.89559083352166	2.82051470784221	0.0353808094329647	0.0806073181148927	-1.13594757781869	0.0591567610315176
NaN	-2.15185041303036	0.848557588668575	-1.04787172043329	-0.145402591098069	1.99675924520102	-1.79556706516366	-0.472122756593599	0.511614301837645	-0.599407399527447	-0.177898317995122	-0.355316207924002	1.28995065418813	2.20913891736068	0.628433406222494	1.56440723720852
NaN	0.31138790630998	1.19975960595541	2.18460465615624	3.30423563543475	2.81207286033686	0.340669106773144	1.73842186542983	0.906003969000673	1.40522398570606	2.87973968099651	-0.13632683984629	-0.443273343096309	0.468526299370559	0.446244205236004	-1.63060029202084
NaN	0.39287056119597	2.20655364053425	1.59795448471317	-0.0105641301210225	1.321896663198	-3.17917064002578	2.18694027495304	1.98472162237291	0.427213923859014	-1.13954068481572	-2.68025463772922	-0.846515921826856	1.32697619227078	-1.60971753775467	1.59608718193477
NaN	2.26846785640757	-1.06429810564228	0.15900266021672	0.164171055247687	-0.824051592290826	-0.301431863048948	-0.575479180954038	-1.674903678211	1.17612347348234	-1.8018476411164	-0.67518445810236	-0.744246537547714	0.977005583826175	3.80677813996615	4.05252549852338
NaN	4.17186789317193	-1.76331438193978	-1.20331178989857	2.70686451017195	1.84543283125021	0.931424083566938	-0.128214845431481	-3.11954918684279	-3.35261253325567	-1.72253607907984	-1.43124563653054	-1.92822423138488	-0.417387308577762	0.159068990075664	-0.75772330326465
NaN	2.58863252621719	-1.70385446313829	-2.72839948315505	-0.572580669302692	-0.618180088644143	0.0237879662286959	0.462830921064888	-3.66447199586158	-2.79896542498193	1.23424870107955	0.294471584460413	2.17630554869401	1.3290575267734	-0.0525166618749196	-1.70421076836787
NaN	0.654233023327896	-0.944916584536408	0.385872076676582	-4.16913585115266	-0.902336080739283	-0.33712769825154	-0.922809414551142	-1.53679295588824	0.704114670955449	5.50570932772583	5.3862245446034	3.45216916862784	0.177968887441561	-0.0756856365774733	2.76877954904677
NaN	-0.619280630031246	3.77860305956577	1.18572562975576	0.844311350400065	-0.409541534093046	0.626379518403275	0.579649277494698	0.833828540688408	1.46963631601008	2.83423642569247	0.680967863603753	-1.01052649764503	0.447360552782905	2.5277366966969	0.482408219849915
NaN	-2.34203276368616	0.684596265845326	-0.200954100136547	-0.0663829531039338	-2.12294038737758	1.26556566325921	2.80326662818586	4.03638966916332	1.51554988799196	-1.01983232419897	-3.93685202594163	-0.31720967420578	2.79161030986728	3.50345968634992	1.32124447835119
NaN	-5.64724012150838	-4.42338641779885	1.7113605119729	5.1557301261404	-1.45495975062458	0.244998832158439	0.436472027825711	3.70324339103844	2.03320672547485	-5.32663472771626	-3.71815631498754	-2.22194592394035	2.59759602759514	1.49569580337872	-1.0349325852152
NaN	-4.38596283668827	-4.35523271056516	3.75252531151332	1.55592435988121	-1.9369712607867	-0.157713851591109	-2.36777228600432	1.14949965493212	0.0581854958438651	-0.0122067514997849	-1.79689028000881	0.0532396960093674	-2.51130626833716	-4.41818784640504	-2.2208281853189
NaN	-2.64412234240029	-0.376334758783438	-0.122335218949171	-1.02633514847497	-2.33601448208433	0.272894380438916	-0.355728232385663	-5.46437475248311	-1.7795045841204	-0.646837025589158	-0.842080410837124	-1.52937685777028	-6.22141526007123	-3.82613691092497	-1.67629819937005
NaN	0.544758802233576	-0.973163809729306	1.56887598385102	-0.92543149146087	-0.776512101978753	0.687102674645523	-0.548271718891039	-1.9380810214368	1.61474496546829	1.68101276672057	-0.619799248094652	1.43768004432738	-1.10442865365707	-1.59594430572319	1.35407646522114
NaN	-1.01043059881284	-0.69542539202271	0.0382316878554557	-0.842814118171379	-0.031550723449843	3.50580714402568	0.499818813407639	-0.739486542897103	1.67155180613645	1.57750258452074	0.78125937691553	3.07934216459339	3.81544157818972	-0.225345508142834	2.75025601817118
NaN	3.91204556024791	2.60484655707393	-1.94623749846562	-1.64069987401859	1.74983386535066	-0.104521463267995	0.554343631287234	-0.808490913176621	-0.543078275128889	-2.13533041422624	1.9377672261289	2.1358711077739	-0.848117456806604	0.582337357718647	-0.519625972668523
NaN	3.38176927459165	1.50779100767778	3.57845898855533	1.01844910103032	3.9521274655641	-2.06618799898126	0.868990711513031	-0.363916658099841	2.04229117880164	-0.403823880228957	0.693306351813352	-1.15489101947744	0.286860651430203	-0.342410450894264	-0.447828989384234
NaN	0.48390133857868	-0.577889261235565	-1.669340245924	1.19185263129222	-0.968394537343978	-3.22933291566771	4.54091512068026	2.99312889088003	4.25469234853594	0.894383776003628	0.287803915681887	-0.130596702686803	1.16264526361329	0.067174647379107	1.65612174727714
NaN	-1.91825552436833	-0.106804185315954	-0.405368929470905	1.94033848217298	1.16078385877103	-1.4813821222861	-0.943390127198297	1.65909991462358	1.07373423864395	3.63184885103984	0.992859687188878	-3.55773432085461	-0.232009851359893	-0.711567631220552	1.21722458252639
NaN	1.60026593502384	1.24032774526899	-2.06367310222087	1.31752528516885	2.16068717879067	-0.302916245435624	0.281275281107508	0.0723002859163858	-3.13166463072486	-0.943817492389873	0.878319882110717	3.30098799536464	-0.26346046360938	-0.0806083257995177	1.57607614718271
NaN	-0.799798191080469	-1.2864378451804	-1.42328856561184	-4.18351264358596	-2.99691181176084	1.35393983808205	2.94994741821071	0.388025218125116	-0.0506132195049406	-1.94010428255485	1.03092266786982	2.74708453785914	1.28534467109926	1.95460715856577	-3.63713451600518
NaN	-1.46648469988786	-0.401212442523426	0.412111388124859	0.712878420174402	-2.92505611394775	3.49075477818967	3.11176637025195	2.55947270391386	-2.08437453991509	-0.658161078279612	-0.75441527978322	-0.699565861444379	4.24264168116501	3.07679041858068	-0.274958520838663
NaN	-0.817038969399008	0.985900203777049	0.413210606536663	0.999874765167033	0.332695779994924	4.70851241478321	2.91923564133819	1.8848834048985	-2.40938316194232	1.777492663261	0.136663081665247	-3.38341018868883	3.43108508047037	-1.48864469188556	2.58417063677587
NaN	-2.88098765908435	0.884651194324741	-0.937391984373744	2.39484749610701	1.93726338402077	1.23485507409845	0.335594400023743	0.254185447542038	-2.05928198887989	0.673317094042446	0.359118995121504	-1.9668927326225	0.156905232384587	1.37648621395579	-2.10976980427551
NaN	-2.17766547247789	-1.60499008156578	-0.15294985696616	2.95361336239736	0.707750022246355	-1.64621399931215	-2.07588227990655	-1.30929285379348	-1.82522117665643	-5.07646400760184	1.19769515668177	-2.03123126388108	-3.53836692231398	0.614467404924474	-4.9912743979468
NaN	-0.930110081804356	-0.904624248930223	3.22207231965933	1.29928414157019	0.736288451956403	-3.55423629517229	-0.583795847096389	0.0980073685866678	0.2528262334358	1.16321007489976	1.42260459906111	3.10735149307759	0.578155304824168	0.0487868945140496	-0.0884320395639593
NaN	-1.52108704152952	1.26343752266088	0.928979031158776	0.161438312665935	2.33613415191029	-2.83324306099614	1.08997156783503	2.59417008888377	1.53610875406594	1.16321402527579	1.23909536789859	0.100013308828472	1.07548530762902	0.29200533562819	1.1589391427433
NaN	-0.538425245195006	-0.851665263773629	-2.09639211386067	-2.83133607727332	0.116403098695771	1.18574366565724	-4.46147639286323	-0.46799663927048	-3.30418721175452	-2.2979618754286	0.964572103293094	-1.28308868019886	-1.52831783463517	-0.797480152124841	-2.79025630066427
NaN	-0.618233053926457	2.20033668792829	-4.93363419767038	-4.08629104939258	-1.83015256792642	-0.549005693735377	-4.70344756803499	0.0987928331240921	-0.67607937565345	0.696967243350149	-0.567893780503582	-2.56481316124022	0.589491610315416	1.57663617309269	3.49673784729655
NaN	-2.13722120764892	4.03985393358789	0.176207290214414	-0.924647597528767	-0.313719755815986	-2.66098405168608	-5.12049763961194	-1.23086470925864	-1.02996488998733	-1.76746013817236	0.667765504487426	-3.17733677024963	-1.3452933596641	2.59385642746598	4.31704677076836
NaN	0.565277103947818	4.95707101417648	3.55610149901681	5.14000576322887	3.08127672372951	-2.92602465455492	-3.50702349756461	-3.89241342909354	-0.72015861113082	-0.843679981155918	0.403510082410459	-1.2019993701223	-3.33917809868182	-0.556362479020896	1.93014325546109
NaN	1.04493807594612	1.10515370614058	0.458062645624169	0.248259412783297	5.68749666127635	-0.998588452495671	-2.20257388615668	-2.89345127224462	-0.222971843367922	-1.49453432281664	2.06498738554732	0.469576524642866	0.68576045589277	-2.59324220366495	-1.23217763289203
NaN	1.84196234888427	-2.3076456276474	3.59960799902721	0.36204812759459	3.18945911707524	0.353405767526955	-3.36722722839367	-0.440236807254464	-0.704727311099169	1.84665623893769	2.70360597549146	1.04461678857684	1.13514748528694	0.084348392361521	-1.28165235916429
NaN	-1.00724919823556	-2.80707306228328	2.91922636439887	-0.0870558306409132	1.12300440666843	-1.02927797757872	1.12341708195398	2.76586293681859	1.71947557221461	4.34787081100881	-1.52018428904435	-0.689534741742008	2.09253304567942	0.421714550235941	-0.401953616785421
NaN	0.285606051830805	-1.97509415612796	-1.01886993240296	-2.1539378355281	-0.342896364143198	1.73163724778896	0.605835842906038	2.08311357203304	2.84042613434199	-1.66555570558612	-1.14586290652691	2.89987445824678	-1.62877535582481	-2.93634009568966	0.024773542727667
NaN	0.500702190275861	0.470009236850258	-4.80347746553285	-3.00667753649974	-4.07709069234531	-1.61656567815281	3.03808716221184	0.1749208511912	-0.820626607110868	-2.89767624690415	-1.1117899818018	2.31732023889927	-3.92563028951559	-3.26893419047161	-1.97151665040327
NaN	3.39158815119238	-0.0389888692691229	-1.97210455875277	3.13655618180317	1.21407623526455	-0.491980375612851	3.58093647463066	-0.181280875227946	-2.30242036613648	-0.225910759237685	-0.634166427171669	-0.738908215777067	-2.98689567075882	-2.88578251415161	-1.68814580959537
NaN	3.54086222202025	0.601365875948225	-1.95663857793206	-1.55218701584907	-0.0244818033047721	3.88724626777251	-1.02088846765708	-0.617857833336994	0.0965748180631482	-0.955514036741975	-0.761286047971515	0.973284597050959	-2.63060981169557	-3.28654941189554	-2.01085006621524
NaN	0.386735480110205	-0.812643901259759	-0.210629362122179	-3.4375232625251	0.697285090893494	1.11139637955462	-3.73983249854047	-0.256420234734325	-1.91375799328946	0.90147657687404	-1.22624745754141	-0.940624710815369	-2.43576355649537	-2.86010341907906	-2.91311628287281
NaN	0.361872326227228	1.90824569365031	-1.56070729164679	0.188074387639449	0.853227627168971	2.11017633106326	0.232911741145269	-0.533647500067575	-0.846115951775845	1.15423174420378	3.14536600558926	1.94628225950037	2.95687272274388	0.39815015582903	0.599593657419337
NaN	0.150543231065117	1.20856023944131	-0.853743224466193	1.99484771149061	-2.85051338620405	5.11859144997206	4.212682988829	-0.332578507015274	-0.954330149401662	6.4726684268422	-1.04362292865085	-0.55302933417999	-1.25832996364007	3.25613984746627	-0.331488649286095
NaN	0.0462368692571811	2.11344160341467	1.91919935721638	-3.14005148227512	-6.0594015280433	-0.580616556659565	-1.62293439807443	-0.756889344471519	-0.922480311851896	-0.365114275765096	1.22204515122124	1.0112848837764	-1.48360563898803	0.186066786037141	2.77096879434991
NaN	0.0547218963395311	0.25805622615621	3.0504076793714	-1.34685128190093	-1.57490930797471	-1.54898265715884	-1.65899728418819	1.17464729125995	2.82767921106229	-0.433737861530493	3.00256327749013	3.77074855762406	2.07939379559359	-0.614888128393509	3.92407822837673
NaN	-0.685635512824062	-1.67125224843913	4.14541918378565	-0.0931483408564611	-0.499041696001636	1.90297177612329	1.91789237133575	2.63300299235887	3.54083621712637	3.7078740801313	2.27448038138736	2.29618861323831	2.07984837769439	2.26860969726424	3.83106302294744
NaN	-0.502455755696768	-1.42934277217892	1.70969302684208	-0.436517579745582	-1.3944754529876	0.232551983856751	-2.52080118145517	-0.192299236222287	2.61357667278039	0.50661196926687	0.0687568777427254	-1.07242930183585	-2.1380050497384	-0.454070304601588	-4.4723398181546
NaN	1.18495229828371	-0.16208620717618	-3.92675490833066	-2.02547232607125	-1.94014846159554	-3.4181490461265	-0.61245579728937	-4.02498002217182	3.55465017212619	2.32535202832379	-3.82888947498528	-2.82142141025863	-5.80842053030904	-2.6776353143035	-8.08070780086521
NaN	2.06764013560962	2.12970228984413	-1.20124137991185	-1.80896834350741	-1.90938098303832	-3.84804782916089	-2.53929809940447	-2.6752888141711	4.40615510313433	0.729986174483848	-5.14514205485397	-1.02065617312551	3.61523385785548	0.175902140119576	0.564352412136468
NaN	-1.05799595735896	-1.65584142504309	-1.72793613079333	-1.7824949510358	-0.324681479709429	-1.02799341308188	-1.94091534566417	-2.61393454727717	-2.49508497016066	-5.88358171812687	-1.96067748254699	-2.46138012570778	-0.116987256809798	0.501282242438751	-0.587039749466358
NaN	0.30346207782985	2.16393959444528	-0.192903337364542	0.0680714438477493	0.573373213118241	0.674426622051684	-0.532176114375469	0.900388051459641	-3.35020038385519	-5.63086338262486	-2.59664367071726	-0.380358106839359	0.511216340466311	0.969785222272263	1.07726878709467
NaN	0.205497439463858	-1.06808013602608	2.15089241179624	3.90633046871542	1.10154449376122	-0.458099901060012	3.88146305317553	3.99343029761416	1.55551866177041	0.27492290097798	-2.70331650970828	0.418496018517538	0.607517495284324	4.7213423117109	3.48703653226981
NaN	0.131331288950452	-3.2380149788523	-2.26907151820497	1.84206519665364	-0.610278438592054	-0.927421738597202	3.05122084347081	2.16047421829449	-1.33267959773235	-0.693421219847602	-1.43037138380836	0.170142538294666	-1.36960600704943	4.12098955080067	2.19364776459051
NaN	-0.33625292070352	-1.43974408777199	-2.12829208543251	-4.59198331778401	0.257815356866589	1.16583236830814	-1.68725905034548	-3.11898139382945	-0.0727525472389615	1.67274315283508	-0.217321379048839	0.161635577459928	-1.50934152161005	0.352188534480364	0.266358366531786
NaN	0.44860086035469	-2.01663742631262	-1.72615619715061	-1.66111029860166	0.585972477496601	-1.56855438375011	0.407399424277094	-2.09315362825476	-4.20435198566595	2.2146562732185	-0.216684685452664	0.79835853845597	0.0436202530003846	-2.27348377886481	-3.20850842693745
NaN	1.14512692156659	-0.303351782331001	0.856202445540222	4.80160499175829	3.46959365408282	-1.4028005223625	-0.137485629438207	-2.80119447448911	-1.34009031796061	1.97646683102182	0.248403522622371	0.91868748182317	-1.00476443399157	-4.40521933951676	1.52629719258024
NaN	-1.69519966739138	1.5361565496066	1.63153142648497	0.116000973544616	4.54930268316895	1.38762547339635	0.347345719923299	0.759580194869588	-1.03022142861743	1.13811531534647	4.16181126136697	0.885787239044762	2.36433214282985	-1.21440811681245	3.42819662399738
NaN	0.760904877804521	3.20261122802082	3.57027299888553	2.69599116568029	0.627029223275438	-0.161789855852303	-0.0882561983065173	0.0896384674198262	-1.31196325820875	-2.24061441722274	3.055259690013	5.42897711880402	2.32254458048905	0.282262222549978	3.4153375141774
NaN	-0.742446922006862	4.08035810714835	1.57642047596228	0.912773487060713	-3.75699581925834	0.78628081887277	2.26449839258738	3.90874818686498	-0.894855822017157	-6.35916571330934	3.10993442771188	4.06206621878594	4.63795965135628	0.31607803064441	2.67060691923956
NaN	0.0206701752923596	0.650537097262403	1.55657778101718	0.945360777915203	-2.53132012780334	1.86398180078145	4.55936388850394	3.56233172870284	2.35427283274775	-1.47241314830418	-3.16225000578814	-2.57787216453143	6.54952130612695	4.12737151715713	-1.7964386524812
NaN	0.637954434325495	0.578832105824304	2.17660760307236	0.333047406171287	0.516472558621057	-0.841363266653296	1.73474065914532	2.76726199666971	4.3012960215515	2.24661120524973	1.17026998512433	-1.01634489745412	3.84959549502515	2.20363956303592	1.00880347300559
NaN	1.86419997573193	-3.68976417770879	-0.615604711694595	3.53258583404511	1.27275634855965	-0.612007329964816	-3.57939477369772	-0.760327420625824	3.7591581980533	0.866742319251893	0.815939137360007	-2.51228501591614	-2.94035248381462	-0.396685993228824	-2.64500251579134
NaN	2.65212818890408	-0.396569609114375	-0.398048370376078	0.728150788878554	-0.042028150833669	0.128751548983411	1.48255062864958	-0.166458379919072	-2.43118615668172	-4.90817317764553	-2.81916647751418	-1.760909018266	-2.20023327574434	-0.820410600962316	-5.43246249780512
NaN	1.86953865977311	1.96607126089381	3.78542632038791	0.649452997279608	1.59441000218027	0.944249943097136	3.13944592382773	4.22984267731191	0.520801660737873	-0.062974193665076	-3.99984603795842	-0.0211530974674551	2.27634187776448	1.15447277536408	-2.3807223273716
NaN	2.73377257538949	0.801450363036389	2.10281749489049	1.32324698457548	2.65658542304814	0.477605985781863	-0.71740622001502	4.2383172416907	1.15778492489745	1.02595664499893	-1.57842997873835	-2.82415688102955	2.96686898505034	0.799691478322054	-1.25227155781983
NaN	-2.62248639911505	-3.46225144737222	-0.0253733625892081	-1.07674010884598	-2.20270631713308	0.946695551349008	1.90782548246159	0.21840398040131	-1.21855353225443	-1.26443954608827	-1.97912309646086	-1.96178867881234	-2.76382195360809	-0.490521829434224	0.695373184804045
NaN	-2.56591796246074	-2.27696816819349	-3.64803900364486	-4.79983680837666	-5.28411089652214	0.0148209227219362	0.773718409968932	-2.7971679956438	-0.939246585507329	1.82528366783433	-1.47361373215714	-1.31878583185975	-4.93811213605162	-2.17608139936463	-2.86475402648115
NaN	-3.67559485228179	-1.81471777087199	0.250078947430977	2.12368191039328	-1.69614561680658	-0.228085599323811	-0.700166093466351	-0.630305306077061	0.978646756228943	2.79174455867568	2.76531364953531	0.0887275604262715	0.636128326789987	-1.58597221597611	-0.0760140796242375
NaN	-1.6311883978837	-1.25698208131172	2.67971367871534	-0.0815589695379351	0.865683676947316	1.36750065016207	-1.59091849381079	-1.2768323015462	-0.85920452038925	3.39026119484725	1.66770020434369	-0.632468980922026	1.35150407425329	0.219080711135827	-2.58238229622098
NaN	-1.40007705255182	-1.79676323896733	-4.14134775507071	4.60428766873959	3.40774228310258	-0.379600759346819	-0.203966362146716	-2.11506825554816	-2.71597708175761	-4.36329204696546	-0.91210986609526	1.48675805603184	-1.90838281489273	-2.78051504880183	0.950092875425388
NaN	-2.5484164858267	-0.833779427612944	-4.42224454535738	1.58552321102586	1.80583161877839	-0.288472375696798	-1.27116234827017	-3.77554570299509	-1.27881049005605	-1.22477416654418	2.45314110787789	4.64684879351953	-0.0844923158786435	0.398426427819925	0.0539737814753979
NaN	-1.76019987501076	3.40134914297184	-0.649197302277202	-3.00618179166824	-4.79373982449258	2.53364055391304	1.92585234738384	1.72125013281884	3.91979756879221	5.49667189932422	0.393979812229544	4.28390500670583	2.3935852070819	3.08176195696525	0.917344017909696
NaN	-1.1046678948691	2.7402777721779	3.71336553543306	-0.450614963653507	-1.66533756645166	2.03722580723771	3.88559991523125	3.36114986500498	3.10694354592638	4.65775233976683	-2.91656317360385	-1.54571781174667	3.59676289858608	8.1904589794492	2.34296659665312
NaN	-1.330991728153	-3.06399811298916	0.673394837425508	3.98260121713159	2.47199370664647	3.12207924956623	4.38515407581876	0.316179389365917	-0.43661040605196	0.937471597853942	-1.31782058840751	-2.88034630145257	0.896661888764884	1.72596282221018	-0.243698944597453
NaN	-0.41172325485526	-2.83683308148481	-1.06929376879301	2.45528020785077	2.12970912175042	5.11800670389616	2.99395211093795	1.16467581097418	-3.22596020415082	1.00468961203583	0.187465289651813	0.229323950775151	0.395157888542492	-1.21882283840829	-2.42484475584442
NaN	-1.14573404360882	0.814094697882545	-2.10654319740652	-1.43758143913122	1.943586270986	4.30922940982469	-2.31283653097824	-1.61315031529451	-2.09370114720575	1.94472529052525	-0.43079381779141	0.381768064842302	-2.90254869187079	-2.70769764513939	-0.19281895829577
NaN	1.47354987370167	1.6700861966446	-2.87259192213306	-6.69977647127925	-3.03854589809323	-3.24689228128222	-1.88613960142658	-0.142195864796499	-2.02031493295419	-2.35551369481392	-0.844816621861	0.268355484749937	-2.90096262060026	-3.16972041298057	-1.56783993700473
NaN	1.48656632249219	-0.682860320177977	-1.95888007119952	-5.46207189440856	-1.53127509556919	-4.07256340604406	-2.06586132126326	-1.74506998452467	-0.527082119120864	-5.09903840466719	-0.387751998997833	-2.11506846817579	-2.46216008259138	0.754891687258251	1.92119974468498
NaN	-1.49194015541834	0.13830744535149	-2.84716590089897	-2.88489533448186	0.264509884450096	-3.45031261395767	-4.45117086224098	1.22067541745596	-1.90500838790338	-2.50864775095839	1.11820911469405	0.627645228536331	0.161167785138609	0.419209962278238	2.94555365027895
NaN	0.956679276931814	-0.236054700557387	-0.112576055599214	-2.74386019569951	0.540974048921179	-0.497205773210996	-3.55797291049476	-1.98811745708229	0.983776196058335	3.54055973458516	3.14110902906964	-1.37881283761818	3.12683630540764	0.408937118620434	2.34671018901919
NaN	1.33764980064394	1.86576949797218	-0.515290946715452	-1.15236549299111	5.17982133317538	-1.72192446948744	2.00522248015838	-0.0323412627341023	2.88503178041412	1.02001332414491	4.75311659180608	2.46832892924475	1.69802017782113	0.56753493659888	2.23758705530566
NaN	-1.56200411284744	0.449811205194242	2.40149425959877	-0.752497677520766	-0.655247227178404	-0.690481366135711	-0.198691928696203	-0.953008186866982	-0.317789940587556	-5.41908497896299	2.16798387107734	2.13538457579357	0.81346730670261	0.456786492050584	0.292661093194877
NaN	-1.55851461716932	-2.01281166650946	0.154130823421005	-0.98659759065426	-4.78704678516749	-1.69242943486058	-1.66980052095445	-3.30336426521935	-5.4098430032926	-2.61864768716532	-1.95076556303459	2.85878197922446	0.064273827635243	-0.962028791877696	-1.68263658766745
NaN	-0.180376915354972	-0.853747114069097	-1.36359792153957	-2.62471323319364	-2.46555873834736	-1.93326368500036	-0.326406192650551	-1.27223463237663	-4.03095287691772	-1.36589998166221	-1.76385460107387	-0.0285307660144687	-3.30419727398575	0.923272473758393	0.715883145195549
NaN	0.528744696668039	-1.32757837278438	-0.260600468517384	1.39732657471182	0.191996158907603	-1.58073074198028	1.12757729289135	-1.2168391798687	-0.598609623385457	-2.92640960727844	-0.761828987290535	-2.32767615975673	-1.75740764619616	-1.70706989903787	-1.5384788535108
NaN	2.71918205008704	-0.0160883401718217	-0.910488098676967	-0.225867605020595	0.786916876951655	-0.205998333873842	3.05067906487971	0.947048463386574	1.24042193415534	-0.463850095608488	0.505975852236274	-0.452824140940548	2.49325196852165	0.445217078561959	3.70750586339669
NaN	4.4878111912872	2.88154576076052	0.75673377357579	0.858145807690873	4.12305182189045	-1.26426688060685	2.48436131015874	2.56471886248728	2.1048145816319	2.20541754533924	0.151575275824927	-2.09175734954523	4.10002264877587	-0.181186870373338	3.04525186389652
NaN	2.20044493908939	-0.17340066963487	3.7486828392272	2.7859356700753	1.88792356632976	-0.532538729361187	0.404513247360108	1.06666773966482	1.67208275586549	0.711531621578313	-0.242261541626311	0.820998593616734	1.7724896646078	0.798707640482059	0.808322891376697
NaN	-2.18164897970227	2.15122406398303	1.46706145739895	6.24009145853333	4.09704167354323	0.198353495977396	-3.04316791674662	-0.326327204108965	-1.39722743808884	-1.96650363151924	0.199501176119302	-0.308290680905248	-1.62224103574044	0.0285358186372908	-0.820940636246357
NaN	-4.28070888529253	1.15647658370147	-0.822598310549533	5.33622975884733	3.27610547580391	1.5702394732414	-4.14719352528065	-1.43752727740325	0.72395128690744	0.419798786589366	0.448471912705339	-1.99786721819115	-6.70219191478567	-1.3152445527404	1.49209135486636
NaN	-1.52955053364412	2.00947485658895	-2.49501898915301	0.531018057260243	-0.2056162781529	4.03931679554784	-0.190909978168709	-2.33011337089476	0.184358421894747	3.86724582658391	4.68836257000625	3.79478282866958	1.304177282973	1.48640162295566	1.25737876677004
NaN	-0.396378352631144	2.93406983856984	1.22281536502979	-3.60923873022462	2.28007946989534	1.94281362632986	0.224940042893087	-0.727344446474192	1.14600827935545	1.43226232021262	3.42174514117425	4.0047246374583	1.30598011771596	-0.803749851289431	2.83704883944685
NaN	-1.04910467817008	-1.43431170458485	-0.215277206482217	-1.77735895584298	0.271166823173394	-3.08500271706916	-0.823733672462642	0.972163424276276	-1.63287349896181	0.388163507731405	-0.563249814459491	0.743400713418514	0.0434928245148023	0.770334044261766	0.0860198009885036
NaN	3.83645005893954	-1.6685602226772	-0.721274497746224	-0.451236937550276	-0.559183767006268	-2.72687351870643	-4.02543431254798	-0.0410407609980468	0.401743164485463	-0.204269850662504	1.03478327533913	0.89947855383229	-1.39478043196742	-2.24774265539301	0.875942846628344
NaN	1.78297529492795	2.43522360064182	4.89492629451936	4.08273375412664	-0.52824788665057	0.798703521072921	-1.68416054916972	-0.0965334842919306	-0.89109441193119	-0.59139923077379	2.05993622877126	-0.299527223536207	0.765660384513652	-1.20843967334216	-0.578804251093651
NaN	0.563330990951669	-0.347401290987804	4.9136435336695	6.59910278647164	2.19002414473747	-1.98930342281145	-2.27426765040187	1.30591850029174	0.781036444675636	3.14882906303435	-0.43659010113293	-2.50862447616213	2.09624713849135	0.625396906433917	-0.115774430852037
NaN	0.945905002083292	2.18406133499884	0.856509180336	2.69632883731237	-0.9785702258526	0.64108632676877	-1.40024410376306	5.34740799810514	2.19478680247644	3.5629116179985	-3.7931625086564	-2.67160845058063	2.4805396406868	-0.828137569011582	-0.206898578400039
NaN	3.22992696625951	0.560432115467061	-3.18700303924174	2.61889699569022	-2.55618339038045	-0.536884749011073	0.465583085087755	1.2610453238462	1.30535626969727	-0.239825153336697	-3.15860037124983	-0.795856900232032	-0.959642494662482	0.385426187159009	1.08049921620397
NaN	-0.699090217721597	-1.68222940930692	-1.96302001863141	-0.137839103462153	-1.30901648183376	-0.706294869386176	2.82004650333243	-3.42957455351767	0.501840135123502	-1.2849074434685	1.57191774805712	-2.82912459941763	-4.57886182854387	-0.736768176339809	-0.633814777862659
NaN	-2.66258713974366	-1.2108684727869	-2.76035945301305	-2.16926316355675	-4.87368032853482	-1.2305227818838	1.61503037270647	0.1165851461678	0.225100751142997	3.71406918343492	-2.62590345773467	-1.59445127968647	-3.51110945976134	-2.1050719115466	1.78572879378893
NaN	-1.86922022491335	1.1753287919887	-0.0822053182162079	-4.24319231349249	-6.94458003125163	-0.373971276677054	0.400793817786928	-0.16345998186578	0.989020692185908	1.67063328334041	-2.6060915572976	-2.79494300584488	-1.54668828908355	-0.714269950793169	-0.644002100307776
NaN	-1.45011029064121	-2.77115659855491	-1.8649607644196	-4.68966836988332	-4.68854511788276	0.742156092952531	4.1428629182607	1.40953760591708	0.531559971711727	-0.825454482550553	0.0393832506817453	-0.654681379861643	1.43718115153925	1.04462255253945	-6.77130342612154
NaN	-2.6819547605107	-0.992208195987524	-0.576574092600998	-1.22166863862424	-3.88364611998563	-1.99459517888877	-0.4849962356493	1.92453615896282	1.84079668087796	-2.99668605204131	0.309208163962338	-1.83249149436862	2.97753120911846	-0.582493742491111	-1.88126769393954
NaN	-1.85893326898897	-1.85154273313052	0.184423110593224	-2.11316506573471	-2.59945069971352	0.0913103053174555	1.6200860423384	0.66463682499055	-0.0497405669558024	-0.610662284942504	5.11615936277165	3.42240482303838	2.35046446510122	1.50809438100658	0.592250402933104
NaN	-1.70826965254564	-1.18855074099628	0.241280923075109	-0.630464198087501	-1.39509515175693	2.00431798680355	-1.15877546269069	-4.19150138333095	-1.22641557653725	-0.643839370173065	2.71767774782508	5.68479176711554	0.442023181101171	0.193759971414386	-1.04185449053276
NaN	-0.0253103917405818	0.674770233762886	2.59477505217414	-0.392233885206125	1.03982442798797	3.00156819395267	-0.179879475015591	-1.44427261564417	2.70785627798793	1.78959576125649	0.940215678886808	2.06343096628405	0.152623219013353	-0.578252331808084	-1.30601256192541
NaN	0.200633536202796	-0.1489784782491	-2.10226223992497	-1.79550136603608	-1.3314647558694	3.64276987361427	2.20970011388319	-0.666862921568	1.80803130253206	4.64921835292719	1.05382529765564	0.149209708706834	-1.16000057272865	0.601935083939372	-3.09653755228783
NaN	3.48692801092627	0.294985382943196	0.512832723188649	-1.98993546260991	0.707857370922719	3.88579296109064	0.2230313414797	-0.873116233415641	1.40798816653531	5.24683038667221	-5.18286124838929	0.772294541534066	-0.627336030798624	0.143803902016914	-3.9296703965995
NaN	0.153360035155424	2.10260506313732	2.75920617482999	0.780609241762783	5.65689353050875	0.0851435704216607	0.156795887037384	-0.781262112442948	-1.41237874883099	-0.251089333874576	1.0452140358095	-0.020927771928675	-0.0447014558334593	1.55059087582972	1.3761495016921
NaN	-1.23994498441471	0.402233353115455	-1.07870892543914	3.03916585129357	1.54610753895022	-2.53370354989779	2.24615811822976	2.32907146567219	1.15331645818412	-3.88836070966631	-1.45783629074999	-1.6302857777554	-2.61419646190164	3.52039348962567	0.204083559725022
NaN	-0.52509975358399	-1.19886680183093	-1.45717537217914	2.74172156578825	-0.364163003492973	-2.96858605112565	-0.595244482458016	2.59367263326883	2.01348471111857	0.716725982548019	1.15567552231714	-2.46600712226173	-1.30701736957237	1.9033442368993	3.66039312008942
NaN	-0.978388412830851	0.503030552658346	2.25981423385931	0.0373753754109119	0.865236080620829	-0.875031529201795	-2.58244668032609	-1.40008011950483	2.36040039658295	-1.51375345987783	-1.32129240370795	-2.70360374824992	-1.03550578778655	-3.70655914998734	-3.32501237589328
NaN	-1.02117139707772	0.200441448274388	-0.469124473134734	5.04332428299072	3.69080661483545	-1.00318348959102	0.706909895348735	-2.27385540205251	-0.416548340777019	-2.38236594726455	-3.63421687204885	-0.28813013497507	-1.66693943618301	-1.7307583302245	-7.61923705648516
NaN	0.0287342977036205	0.0582378965300467	1.51582904547625	4.08818429603097	4.2558246675845	-0.542540803051101	2.48538733111348	1.111726764163	-1.54299886852024	-0.659059881713585	-4.09264514192961	-1.41094548117793	-0.89707850646301	-1.71892413112681	-1.69274491864152
NaN	3.31484305769977	3.66552948174663	3.63575114899014	1.68384917121193	3.76338930386791	-1.08529657204018	-1.8630769585876	0.602303251424072	0.691165178480214	2.58168258906166	-1.63180551582087	-1.25694263948639	2.6343149911717	-0.0101980494750966	3.90266918299184
NaN	0.259577303547294	1.02973219217399	4.97125576060927	-2.5622189103254	-1.51144993796061	-2.20462031181369	-2.1447351356702	1.50974749226452	2.95974169853284	0.548039066348263	0.226266794395174	-0.964639220301517	1.42184925717257	-0.233340082626873	0.806919757067906
NaN	2.0327532707261	0.577916194585156	-0.373987492767892	-7.97491262238105	-2.96057184349584	1.62485588814609	-0.931666246735119	-2.45077847643085	-2.61843514019548	0.735691125547839	-1.6658954273327	0.38540376794842	-2.46344470636903	-0.283518714174141	-4.48887143816723
NaN	5.50087396334525	2.37527431186001	-3.52701273603912	-2.40178093279357	2.66488341542374	4.07870001939679	-1.25151984144845	-1.58380880432185	-6.18474447723268	-2.3149049073692	-2.33565118172927	-0.325325013119068	-2.49227907266411	1.90290228820673	-0.103025270448037
NaN	2.94108516097497	1.67619586889447	-0.827327276851392	-2.89214642566374	0.617005179929472	2.25557849150155	0.00467551052946157	-1.05663229878993	-6.54212515059328	-4.62295327581234	0.346461942953543	-1.04159368545209	-0.684490664369859	-1.61566414936665	-0.773406035600145
NaN	0.755326416207855	1.30484101347587	1.18961579365157	3.09618703788531	0.792363802208658	-0.219493103314051	-0.732929762823312	0.954796216579069	-3.38746788383932	-2.37374321095776	-1.82233058175698	0.879115721329847	2.63859539762338	0.944676577449076	0.433371885903317
NaN	-2.99004953542209	1.33063443521311	0.504490079437367	-1.80114638421345	-0.314840491432835	0.961814943881941	-0.430343327935432	-2.03209514341481	-2.07066993119267	-0.515084002520447	-0.252587240280426	0.148166982927044	2.53501846916005	0.748380348863745	0.372094545665192
NaN	-3.28436043390309	-0.536398386184306	-1.04273720081168	-3.44803311525435	-2.37933663113616	-1.04793208150045	0.993755675925577	2.01457936654297	-1.16972292635997	-5.68282175469882	0.221109942622581	1.25673480896718	-0.357781222416829	-0.570901828728287	1.54301848594597
NaN	-1.36707648036133	-1.852036238482	0.716823179834333	1.26152387956444	-0.234709458845006	-2.95352232989829	-0.834837123888741	0.514347580061241	-1.08185244456636	-2.4365140614968	-0.43364249102325	1.51886479514451	0.657673786757814	0.501538899624908	2.31852189316246
NaN	-1.67002575516563	-4.81916429559634	-0.143596437690605	-0.0284137300398609	1.62816284261368	-1.73085733499898	0.816540002593106	4.17704533910673	0.294323726781414	1.44175436105321	0.789362251647508	-0.418374577308646	2.21108531102351	2.7087868637942	4.783429355933
NaN	-2.19243284874155	-4.02666746270529	-1.95301629414075	-1.81110255873847	-2.15035041823294	-2.84990356249692	-1.42995728141129	0.704499198497215	-1.0245398269783	-0.331720598768929	1.26420237476332	2.08881612930526	1.21184253421024	0.62201439120843	0.126100323332906
NaN	-0.225135155883465	-2.52098314263455	-0.325494943872875	0.345763488420907	-2.56540983982409	0.512993591035189	4.21093635002068	0.812685634633821	0.111246001965019	-5.64348410805221	0.83837180395159	1.71877782347096	2.45703969309676	-4.13749478294338	-0.619704299231498
NaN	0.650708445976343	-1.73245308314895	-2.26807691860898	1.75498736442473	-0.921335103549054	-0.161646922506886	5.32717625735244	0.712429921553992	-0.316199258511576	0.942176328834099	2.31457454517722	5.13782233895291	2.15214357129653	-0.514178079974481	0.729211549809992
NaN	-1.74095943045464	-3.44498457707961	-3.75041095048384	-0.826937633899398	-1.42891604124785	1.80446807147588	2.55331846446568	0.364497160578391	4.67252182399028	4.31799565019282	0.197421159012449	2.80508129686264	-0.873512574303481	1.03911880532786	2.85078599631104
NaN	0.0362808791727436	-0.667478961103362	-3.23332083909662	-2.56505875822648	-1.54009592718762	1.43174428315637	-0.432751502029056	-0.91702303517206	4.51560359025941	0.591019186887111	3.21711281837951	2.52738228661618	0.0808891939705053	-1.52457445215306	-2.26052047959028
NaN	3.78731426275298	-0.0484091385106818	0.61655577880243	-0.352811682591286	1.75008777901632	0.302286262612915	-4.13549303299014	-2.04256134797111	-0.851600698811803	-1.30784860939856	1.71969691223721	-0.900819583833652	-2.10772844411801	-1.71222550967557	-0.322301591131509
NaN	0.655407212977699	-0.488985295244343	-1.89325045396319	-1.43927288042736	0.904417605763235	1.55476650609257	-2.15357734222359	-3.9649912279653	-2.71005891014918	-1.89782968413848	1.2268607279009	-1.38176997152672	-4.65924060723636	0.613464571251639	4.94265161582041
NaN	1.23368954157358	-0.744215660174125	-3.18542864494468	-2.01149940589394	-1.18901246073365	0.275301704447028	0.405938980130557	-0.732997503330082	1.61228777382752	1.66660757757312	0.390671370384394	-0.720302166385483	2.91796103095169	4.25555409145772	4.93730088676823
NaN	-1.46515729350631	1.3497448183467	3.0651700985432	2.53968483682478	0.904816705117565	0.635457173036787	1.45482364093207	3.70350710037445	1.79034383191392	-0.735152573585863	2.90635243686581	0.817380944499568	4.45126547233105	3.48338770370526	1.56242990850227
NaN	-1.32379835222405	2.45364390164079	4.09989332068251	2.48985309675267	1.24075496911173	0.321550897207623	4.3306939963475	4.15644086388646	0.699224169255493	-1.03627749021704	-0.979849987896797	-1.55786291188586	1.25152220183619	2.24587887672655	-4.92357831883736
NaN	-0.140484979691744	2.48920825728322	0.842579720181428	2.68002512352492	2.4013660607701	-0.90668494394635	-1.73611402462736	-2.07494494940725	-2.11587128849843	-1.00802847009687	-2.43621129541402	-2.10658223301967	-5.20739730449874	-1.88334946012333	-3.26863412318806
NaN	-1.55962276334052	-0.442008138427692	1.6830538966786	2.34466173349109	4.75476578359561	1.45391712899044	-3.42733056799585	-1.80540160656433	-1.66888659460433	-0.284685362926191	-1.30397357645943	-1.31397614266178	-2.82777825686124	-3.07592486599523	0.0514703713382732
NaN	-1.08624032564624	-1.92812113559854	-0.455497371805819	3.58306834909593	3.09783036694603	2.80363708670759	-2.5656331558384	-0.810874458118219	-1.43661030517715	2.37246344596351	2.11573306785097	1.5047706151924	-2.33625684558675	-2.16990273570034	-0.0953422545896352
NaN	-0.646309939868033	-0.114840736512439	-0.700658876636536	4.25714665100058	0.616826716576138	-0.82056092876246	0.840839801319804	0.883248570134619	-1.00780474754245	0.707698165299566	3.11004800772477	1.738804690495	2.12977438981783	-1.19008665799984	0.540181215713376
NaN	0.915128003966714	0.771718393664469	3.07686836301287	0.490449642992366	-1.46837887790413	1.37472740410102	2.92706586153152	1.99210223162808	0.159701047201651	1.5750436169422	-0.625932694385422	-0.0115062205785929	2.71199317140485	0.768004965477053	0.598424813808526
NaN	2.76965158264187	1.3151361924528	2.52157171529895	0.125752185482183	0.109501556610052	1.176055448216	-1.99973107976615	-0.73531793274363	2.75655675564187	4.13755497843414	-2.48519499450732	-0.368333272582968	0.600009554475427	-0.766534646539254	-3.46321635710304
NaN	2.71485214122312	-0.433030509702233	2.04464168351434	-0.177896774504143	-0.0126377648712669	-0.931424597218258	-2.10245050299161	-0.419235795358802	4.25720378194708	5.28955017379567	0.0568522487911898	0.165265626787422	-0.380380612537072	0.62011537641955	-0.164945538633459
NaN	-0.897072726029706	-1.77057675266882	-0.154527086474956	-1.06871666636896	-1.41538009690748	-1.47580681420996	-0.900134049523373	-2.30338992311722	0.274631943499257	3.11641195318753	1.7590507204942	-0.623423474485065	-2.2757888148247	-0.0991201219211483	4.46040832228526
NaN	-1.16794710784378	-0.939073550171206	-2.44479396269272	-5.27304037558271	-3.76731714213407	-1.25733618599798	-1.78986743240322	-1.7858806963517	-6.00404876897573	-4.7189624267341	3.43913770423091	0.670644980560591	0.779485516421208	-0.102231484588467	1.63117423156568
NaN	0.296693253851825	1.36088889138706	-5.0013171608334	-1.89575800559568	-3.01820094989584	0.740654748202308	2.72894848912226	0.589261661596154	-2.18624802455735	-3.08046395947736	1.16304629179897	1.42573369891573	3.52010631885724	-2.40657864500561	2.81685846726809
NaN	-1.92367195422777	3.47199490997103	-1.66191175043873	-0.246034816050297	-1.09121927036845	-0.790292111807426	0.521793857374421	0.3054916430725	0.685193475108834	3.64355897413959	2.22625591131057	0.917865803110498	0.204227474589595	1.01693639776156	2.60699277417283
NaN	-0.280996953844389	2.90780239376663	-0.801319502983405	-2.15948764379032	-1.07164423792359	-1.49262062715882	-1.54980550521874	-0.0783416026399886	0.565352235000556	-0.242136780621031	4.11740274912266	0.875400862338259	-0.81025742782962	0.110830408481335	2.1070551759432
NaN	1.78562752289369	-0.569996310851251	-0.089170443060852	2.70477593730567	3.30195814810683	0.402727537702245	-1.31889043032165	1.58372994618419	4.37146445876313	2.55221088872741	-2.81496643342925	-0.831792583924952	2.12234956021495	-1.46435534424902	0.0374850127232896
NaN	2.15836224651025	2.75950807426694	1.68496709947715	3.43926093326134	6.6323280434224	1.24611426803932	-1.38166000434869	0.277490323581872	3.79064148038762	2.93430416919618	-5.32085412036742	0.428720982719441	-0.0927539228053001	-0.510702241333521	-1.55350615076149
NaN	4.18559026977674	0.631233148963785	-1.50602315256554	-1.38317280174591	2.24012719915018	-1.08262062930661	1.23847377936973	-1.71260266188641	-0.680144608672478	-6.27447347432732	-1.46793265795068	-1.54942775388034	-5.65941708825514	-2.90752124333934	-6.74473689075406
NaN	3.86748775909853	-1.45682968180752	-1.71697490175355	-2.88617074494814	-4.26352447135775	-0.0343101862036006	-0.0103894278535979	-2.40965912117651	-6.39986816405102	-6.40592591898787	-2.19322366527928	-1.35472628150138	-0.763347952684802	-0.703105799492142	-5.02469412776546
NaN	0.60407444194739	-1.03049345017618	1.74614819090237	0.542698377042615	-2.50911252442473	1.59217999953911	-0.735419782550276	0.560550416780405	0.914180586875177	5.3524397097272	-0.895063397160278	-0.636948214680522	2.62041542095713	3.35415751661539	-0.00833887197731249
NaN	-2.46713955114417	-0.970393843344818	-0.97915403364857	-0.942970058886099	-2.55946036311532	0.903404356130121	-0.922604899555471	0.0281654526310668	1.47348545294666	4.45805673476532	0.813849938286436	2.48196110004444	1.94474516477355	1.44234516252613	-0.279549023663631
NaN	-1.90222856362084	-1.64571525448454	-2.55479428538929	0.582678862535878	-2.53931426805872	-2.84653949556825	-0.306099823415014	-0.597901172186589	-1.88427908368404	1.03505181361532	-1.52100961694255	-0.275133174064455	1.84671742125769	4.47341105091344	-1.15863731679536
NaN	-3.07028691220398	0.704800493782979	-2.37485292321174	1.70665522710945	0.824696607122477	-0.706841673824897	1.16092909186418	-0.74700405916216	-2.18902356662236	-3.85158893056211	1.74526644384579	3.18558331978409	-0.515158417892829	0.0122039673839848	-1.23703751387115
NaN	-1.00604893443249	-0.722727865112628	-0.217764044071269	3.25789811200937	3.05694264955424	0.288763209647287	0.825996067804638	-0.950336870977531	-0.171136831092291	-4.22364117883311	3.22246114847148	0.486480781469639	-8.11705712795403	-0.502423012820476	-2.08581248811759
NaN	2.93767521389482	1.91429842541036	-0.393472361332065	2.96730688772452	3.62635386483487	-0.559486627663219	4.53865526314877	3.85014347663646	0.223815937312698	2.26494630741788	-2.38081737056409	-2.55555762055369	-1.53926776985087	-4.84022482022392	0.945437851181203
NaN	0.318326931120368	-0.675520015427342	-0.528514773002067	2.20122898966753	-0.904478561586538	-0.862009983073552	3.64994012665483	0.398172303102533	0.872120616265543	3.18640828910212	-2.55695476523266	-1.70129004949078	0.348743135051655	-0.725784047145825	1.97481974265353
NaN	-3.3697394747091	0.41388981553251	-0.236512894538206	0.745411536303059	-1.02668686309993	0.0250829631043053	-2.2055681461409	1.17909490190157	-1.49513747922068	-2.22720137683699	-0.78767615994368	-1.84163954152376	-1.23393648210764	0.75152647125627	-1.80432558921369
NaN	2.04702161575349	4.01793506024778	2.8556227766301	-2.15352123247324	2.74983895559175	-0.390197071222007	1.15905323283541	-0.00627715272400647	2.36184082994845	-1.28086528389582	-1.95900113642734	-0.509845761268464	-3.03781668651011	0.19707772886222	-4.1214979513665
NaN	1.84207139556493	1.64287950017902	1.34631782914921	-5.33561182352266	0.760949016092297	-0.815732290033483	-1.77572716326257	-0.363217535480339	1.59799082939091	-2.78724655017038	-0.386571740346467	-2.90521064539527	-2.6783170581048	-5.09959197907441	-3.49865575816154
NaN	-0.324024080067715	1.99789295670749	3.04323680832012	-1.06564284601266	-0.797309573113338	-0.604000377738208	-0.38273612420866	-0.363026957502016	-1.38889524557263	-2.47413305910926	-1.04291115502702	-2.02398176369129	0.169688693863892	-2.07836941093616	-1.06492966954213
NaN	-0.374790912753684	-1.02022087087042	0.72052362331099	0.776204729307581	-1.23314451696242	-0.233080386675977	0.495796655109321	-1.04026246387467	1.83800698418172	3.0638284048798	2.79114968678946	1.49252943315452	-0.865873608503683	-0.164880773885606	0.0532483574164005
NaN	-2.97178381259124	-2.83651456087477	0.416160881037948	-3.15929014261498	-3.66141860721944	2.80269799005557	-0.372129419592337	2.89709156552494	3.48513817675081	2.66017853396286	4.19524374510131	0.891696854121712	0.503519122927879	3.42846251056944	2.91238646231297
NaN	-5.42253711612209	-1.14916124202254	-0.20418615130319	1.67663840523029	-5.7113894261043	2.88356763420958	2.23628808386273	1.10415756374173	1.93053056579659	0.509030208409658	-0.95633482080532	-0.0932345413159091	4.31118160727507	3.83401573048782	0.272571410350478
NaN	-2.28781202147771	3.35805538280484	2.45356213574005	-0.302298273440264	-1.12225317168697	1.15564346270098	3.39498438044486	1.99043054368492	-1.35184845325839	-0.69680607756098	1.05121664425159	1.63590821144679	1.95288082892385	3.701181696082	3.62373294773704
NaN	-1.50803786679975	-1.08484552090999	5.78086231971702	2.51107751895923	0.727872680337322	-3.25607592222283	1.28681310526126	2.59244900312812	1.36403920347374	0.568892054343707	-1.82850753163907	-0.226300354443669	5.89096010770563	5.31066994567264	2.45476145194736
NaN	-0.42519469080679	-1.73559006956333	2.83237524518643	-1.0936519663668	-1.97771464608902	-1.5107196720466	-1.23881401532586	-0.553231786347185	2.9082940882563	5.51238340236243	-1.96574437442932	0.684343634176764	1.63099181670584	-2.08873420225242	-1.53415117191891
NaN	-1.19303933981937	1.76076557293521	-0.540317941846033	-3.11397278008497	-0.998917610719425	-0.377533620812114	-2.18018975331659	-0.906024856217458	3.35813638408701	1.6507220478491	-3.11828396227275	-1.13052536588817	-3.28839168199811	-4.13236452901444	-4.12905111552397
NaN	-2.74760899256299	1.34220497328262	-0.647999599134097	-0.886679096343142	-2.18199850850444	0.94796008353481	-2.39127250498095	-2.63347922681972	-2.83128864755406	-4.60942274842739	-3.44132407014758	-1.63047930130859	-2.18205675523483	0.7019368415912	0.0460705607338617
NaN	-2.01518352777562	-5.34023487897758	-1.62666176622072	-2.48512182120696	-1.07711172301914	1.50776028868471	1.47631795904034	2.12902376075712	-5.33431941283107	0.517447709298381	-0.546694759816219	2.39808349463173	1.94208977998505	2.2044067930717	2.03811456439286
NaN	-0.365574316514239	-5.01385008571185	-3.90433741973328	-3.11715775982765	0.486695606364935	-1.00678379246806	2.04520885170597	0.712309245709828	-3.08515883766837	4.30481745619994	1.57081514326165	2.32161076710316	2.92117776611524	2.785363476052	0.689444044830217
NaN	-0.637243494108706	-2.55530852485769	0.206916633888291	0.183204106099263	-2.13804752904536	-1.54771288765833	-2.53690141103145	-2.14617374375153	-2.09272156576923	-0.329931636585803	0.483979596605762	0.455719923928113	-1.69930502984564	-2.1160529953882	0.107872000360204
NaN	1.58740230428488	1.14529196260601	2.49562370071574	1.9336682432882	0.550776844892869	-0.233996784188986	-1.56315007310716	0.509056851593782	0.534177302246911	-1.58655142690358	2.54521221155545	0.623703789009847	2.82077073584783	-2.55491473366664	2.08807591080825
NaN	1.6392254532195	-0.470559256993402	1.91155178304832	2.64528961311537	3.2880497116366	1.75847067199991	-2.2399222048689	0.934668508593179	3.61889851627795	3.61028414485495	3.76610354759164	2.29117572114445	1.29849847191886	-0.676661238981329	6.01576942686905
NaN	-0.0859295977030935	-1.60155641369033	-4.17684801437866	-2.68625668621739	4.45642884146832	4.3594769308763	0.694771353661711	1.34292497811356	1.42172118513253	1.42514679601235	2.79144212676197	4.54419357890704	2.54012128431015	2.89313214534746	3.10510022606694
NaN	-0.670215485658714	-1.14019777329277	-1.46997520769563	2.22510821462628	5.24540185489879	-1.40653517488839	-0.310820749427068	3.94470270901563	-1.81428880703609	-3.73814075149195	0.0100285495376277	0.719744095230858	2.03246490784632	-0.179524634304946	-1.12338838871551
NaN	-1.04286760307111	-1.42953012528516	-0.0037240821521468	2.31802775082325	2.55289401821463	-3.67440571761797	-1.12465684442377	-1.6152606909588	-4.08322337647503	-6.10147010726691	-3.47929987734789	-0.0839482604407828	0.981558757150383	1.0734436639534	-3.21615291075927
NaN	1.11118932539067	0.340595872825878	-2.47361557124673	-1.30969021264442	-3.21144229030482	-1.83125850553035	-1.20070868108527	-2.48982131783919	-2.27228970993772	1.27046620568244	-1.22304523140044	-1.37670145085985	3.22384736960992	-0.513247150966905	2.74168853244126
NaN	4.27879328792725	4.72254109041687	1.92146535665915	-0.410605445650984	-1.03439353538877	-1.17051391598006	0.363658023433507	-1.59721259831759	-0.339136658629688	-2.33368325616844	1.16369872123358	-3.60470679327557	2.09469202717537	2.73370916746715	5.29256490442389
NaN	1.86348188404008	5.11017495251141	3.36519461005223	2.37511890192035	0.353671533989083	3.36675444786835	0.0653968842902515	0.500120284731573	0.892239347230837	1.51123963655939	-2.98289794862951	-4.11736436670368	1.65505034085979	2.56430486612981	-3.12470318962005
NaN	-1.68232766466255	2.89152610120756	1.97320855251405	-0.0273798091205483	-1.54290167321743	0.938105280213656	2.6144015434625	-0.309145033911574	-0.185726723840009	2.26723791675948	-4.13131260688743	-3.83478508955541	-1.26759777260827	-1.64366705705423	-3.70813320112794
NaN	-0.759525752965998	3.22577599604233	0.523663301217998	-0.20408478824413	-2.46956088949832	-1.54974900246359	-1.89671653363134	-0.399678009694703	-0.872061446101698	-3.62330105317722	-2.8034149268886	-0.326114342687028	0.620073845636819	-0.555845337417476	2.82303450876642
NaN	-0.263486770517093	0.865990562039749	-1.77986712647582	-0.0766545687613972	-0.628470816316328	-1.24046053894473	0.94342159100326	-1.50138643725537	-1.71167749575955	-3.26412491776242	-2.35816443453924	-1.85759192499738	1.02619312194947	2.05683802905137	3.30294668742022
NaN	-0.794951411480933	-2.97676744972164	-0.977068523745529	-0.760831865249673	0.476062699304201	0.71437626002571	2.74835656053724	1.30650893787918	3.44094538615096	0.668775377429867	-0.0538810263144865	1.17597915121074	-1.89977447696401	0.63839535029246	-0.790579224630787
NaN	-0.159857950512869	-4.39166504587613	-2.793705611612	-0.042799547639404	0.0657534742749542	-0.825342151545896	0.796670866487085	0.986267997841454	5.44337311619368	4.06986590721164	1.78175725880486	2.38451175488726	-3.12171724388532	-2.95763330821266	-3.071207637782
NaN	-0.0996648892693526	-1.19277865501373	-2.02982134689336	-1.05381235072257	-1.83748382094233	0.427339300251626	-3.65650680283697	-2.94492702725248	0.498504986917173	-0.601554901342151	0.634266828834437	-1.04172523100129	-3.03316896740993	-2.23037348882385	-0.332500678612069
NaN	2.96660765679377	-1.20510171548084	-1.308058694623	0.320746982616439	1.40718103453108	-1.0587304223554	2.11275601287972	1.65781481061615	0.237602924668872	-2.51596933503785	0.258631218670698	-1.59145926838091	-1.48351918112141	-1.8393757499696	-2.53144815851255
NaN	1.93488416426519	-0.816316732582562	3.29827574953457	2.7623138413019	3.61029427341932	3.03368570848052	2.04770323076354	2.77313253540921	3.40946592895053	3.41582519589861	-0.111181379952858	-2.64576059246686	-0.04367583045194	-1.08499746477313	0.830188671730635
NaN	2.70997509024386	-1.28012047181809	-0.46249364356838	2.17812494086673	1.876169427403	-1.3753997295434	-1.91756524400599	-0.91088330019441	-1.05095904470783	-2.84221244328966	3.15112304333487	-1.56128043742186	-3.92247945128757	1.31935660561545	1.74713229719291
NaN	4.08615680199098	-0.466958556485291	-0.0925785023739539	-0.709315198550523	-2.81576813748879e-05	0.994192687576718	-1.12822973472929	-5.25976763173489	-0.70906508199535	-1.50725253844604	5.10791585419041	-1.06395644961875	-5.84084923751692	-0.77646319060479	0.039381884253963
NaN	3.71478118550077	1.85389013289995	0.26762017057987	-0.254936453552641	3.09602544640896	-1.19833469469771	-2.54236737772525	0.0178183689654575	3.90914557310231	2.43602874825493	2.54603379424675	-0.451898239673555	1.12028119685229	-2.18201086816156	-0.0703219307326533
