NaN	-1.90133597885403	-2.51294386387136	-1.35432496544428	-3.60781243616247	-2.99870602959163	-0.445329351087819	-1.61256757555374	-3.19667240220738	-2.32470083380888	-1.60794936163862	-1.2586321219178	-1.85864032516489	-2.57479155531186	-4.97051014030651	-3.24442399979734
NaN	0.815360197800866	-2.76231787507098	2.57247967692599	-0.488877649706218	-0.739261049243579	-1.2035244033488	-2.318352761877	0.862124458452155	0.51006327814853	-0.11234382995588	2.83458834660741	1.91740803964831	-0.235759583902656	0.680526271771585	-1.47435815318794
NaN	-0.30922779168322	3.35499812234835	0.679759986415659	-0.321858535110279	-0.361585579467128	-1.17618106883643	2.15298225994408	3.68794092498299	2.58190655398243	1.6551962706232	2.64514434906992	1.78135390544893	2.15916335534643	0.350319357659816	1.48040851972288
NaN	-0.509977740880404	3.41962655501933	0.918574843543658	-0.685378210586008	0.493335643986886	2.09228453951074	1.31850276558676	-0.856691051239928	-0.034515505654691	3.34777388450833	0.209106539795952	0.456533171640626	-1.55380385902181	0.642498291897264	1.1186959336229
NaN	-0.457523008246652	5.20563243082221	3.38829031401854	4.31370051855982	1.64584263805564	0.193785151690334	-1.44815917939911	-2.01397173242957	-0.0907187754746116	2.06061942550296	-2.14108223395201	2.50277712775976	2.42759750724716	0.609976911695452	-0.0282369013024972
NaN	-0.711590486531262	1.53311238521039	2.28143957847465	5.82583901117349	1.56634702554411	1.34095053625902	-0.407501809006843	0.312488621598962	0.410473812076283	-0.751038824489852	0.375418795507041	-0.864133123229066	-0.471593052599246	3.22038498607182	5.02784522031681
NaN	-0.293905830752924	1.86097436937509	-1.85422598824608	1.52581786327265	-0.86500006762103	1.95506852576238	-0.257567599754266	1.12648962032978	-0.875577011179695	-2.41140485236744	0.0706958936186449	0.140902895703618	1.96664374043934	3.3572552269151	2.35744654106153
NaN	0.525739078948417	-2.67058703444983	-4.16622075199032	2.86252959835156	1.39792657804736	-1.70726168146118	-0.961671892249193	2.59746561751305	0.777582463864096	-2.24517042908237	0.505729864949945	-0.119477816880548	-1.87703460521477	-1.75492833952429	0.336742285926413
NaN	-0.13237814637578	-4.25524896884104	-3.0678261519495	-0.804580933987574	-1.40759043841167	-1.2358172914014	-0.789918438380239	0.886343005522239	-0.525191200997082	-2.8396225707838	-2.7930522467542	-1.99733428848013	-2.11435173788492	-0.748480744418145	-3.43434410207591
NaN	4.80896290121642	0.152486863471805	2.74231310016461	0.561807129887765	3.05377221898613	-1.76364187903063	-0.785096547661979	-2.41782641383316	0.182117092218025	0.817215500498922	-0.884392465693368	-0.710233663602781	0.845267779553485	-1.52547827727733	-0.15706231719243
NaN	4.56698104691538	1.56639455222333	3.3821331932867	1.74347812260907	4.28930129354984	0.345065549448323	0.139432911338079	-0.336750127801835	1.11492265471965	0.675566094608981	-2.35388328087462	-1.7883405709695	0.739695114656641	0.394732151201717	-1.22349971807166
NaN	3.18069896765743	0.567773139786341	-1.28740797212434	-1.23313693495798	0.411449366781803	4.3681858858008	2.39488149318096	2.57683641830353	0.160528023077292	2.26645437488186	-2.89821243378252	-4.41386537275704	0.415975133240528	-2.22563757982539	-2.44022116875822
NaN	0.439783309946285	-1.13328372716962	-2.17726190699527	-1.71441691661118	1.38798316879764	2.23500067276715	4.28236359244555	-0.158074439747302	-0.693137129253989	3.1880236154873	-1.51521650393588	-3.06795068275373	1.94643139592879	-0.417404323696091	-1.81890707230625
NaN	-0.109556760635411	-1.37907409502546	0.0866014111796078	0.467233301038177	1.31756128934485	1.55786353434467	2.58479617213397	-0.330885473374214	-0.00554383981431954	-3.40218673653901	-0.399648039856451	-1.61200700386636	-0.291947574167727	-1.22602465148018	0.175789940457776
NaN	-3.81522696327293	-4.76268687919335	-5.34551401403799	-4.48085525364611	-2.10761833457734	-0.387839771883998	1.9353295940959	-0.874391811405765	0.284042069368051	-5.28978334024788	-0.00441842545848083	-0.934715707797636	-0.270657600157506	1.47766469044542	-2.24837018439029
NaN	-4.26061902137373	-4.18200347826456	-2.86818417881139	-5.91002844758945	-1.76519385431072	-3.98135552503321	0.26391325278869	2.00624955170525	1.87141314906108	2.70075419212288	-0.174608005928676	0.0511320033361715	-1.1406342958064	-0.205320796699543	-1.21914387501382
NaN	-0.899416556867502	-1.51299789554435	-1.57811780472865	-2.19267934069101	1.28964319157402	-1.54058353448379	-2.78624713366585	-1.33471900711961	0.0540931160287706	1.28828378092954	4.18379471330535	1.83957534824457	1.37776280901635	0.443214239951534	1.63777544474142
NaN	-1.71807630761567	-1.19665722803942	-2.48162744942862	-3.59452660813767	-2.44445055730329	-1.37107270128254	-1.06768949083074	-3.25563461935982	-1.82506672221849	-1.95783542675124	1.02540061158086	3.58679000134285	3.57957866992379	2.80849972893898	2.7919286350499
NaN	-1.20210561069397	0.318848891535909	-1.10849016320952	-2.00651905321482	-5.42597725000797	1.18662698454823	-0.480230463788225	-4.00930524727341	-4.3590764093357	-0.899645253746351	-1.63719330397277	-1.49842477486249	-0.0698827973994372	3.07767930860683	1.58004566519489
NaN	0.95425957320406	0.449121945774427	-0.643850690626863	-1.77396716693848	-1.03530305605068	-3.86077969979337	-0.41990243592353	-0.0266797190231044	-2.12143022025223	-0.817896942786472	-0.778236958104501	-2.09847150199467	-0.683906636938995	0.164528629896903	3.3175750807372
NaN	0.193477253382905	0.688261839689034	0.120846706515622	-1.55836156054186	0.400763816999194	-1.23014781294793	1.67441960065182	0.580885123013176	-0.566610470724705	1.73848010376725	-2.90901494697356	0.736761268699759	0.335606699997176	0.00937369327957674	5.35537364289817
NaN	-0.349203701767926	-1.87776398804364	2.75761253260048	0.0450275086995037	3.42848759674718	2.32030546950901	5.20249294860381	1.87276449942836	0.0561037734001131	3.58867589763136	0.517361380285341	1.30768104202915	-0.755370452737362	0.898535809689709	-1.51233153142616
NaN	-1.0552355890582	-0.768485108522801	0.710080735221037	1.78456134426626	3.38826395008831	6.97630412955574	2.58188395482326	2.21865214374712	0.774862229508478	2.87147540119348	0.246988036149684	7.29455678589235	-0.635082207944942	-1.67553869992983	-3.37531472231156
NaN	-1.87363284007885	-0.527376507537077	1.70967865128076	1.50776848666216	-2.62906565211592	-0.430141005299528	-1.32639586104168	-0.373249959849351	-0.0878962741035425	-3.38542394440215	0.653381928281013	2.95431510435402	-2.56374906049853	-0.750621332182121	-2.33737226448389
NaN	-2.03153762543059	2.42852462781041	5.17656838576135	1.35296121271391	1.21124907415259	-2.77028022251117	-4.99234047666156	3.2931909072955	2.07582010693841	-0.334688822522749	5.20124214352607	-0.674352632647125	0.469207340866731	-1.21409490213958	0.0874152887460847
NaN	-0.95193972156391	7.52840628361331	4.0896496929611	3.14760113238486	-1.66787340023873	-3.7649086166304	-2.41372748366736	0.278400438543174	3.77423438636936	2.29903731605471	2.99541190469796	0.729373273599632	-0.774610789076403	0.848329272730637	2.68437772333623
NaN	-0.00333433016920747	2.38719163936539	-0.971206941458864	0.36444178221514	-3.74308102277204	2.45673708582963	-0.744334389192357	-0.389611547096477	1.30194897428502	-0.666280681408968	-0.00932484976414606	-0.669732057861089	-2.59301670706591	-1.20513051234852	0.865076194400112
NaN	-0.973154278537903	-4.37804362137261	-1.85261460715178	0.861344867603712	-1.43116502582185	2.97805438827066	2.83464050890323	-2.23853412850033	-3.1814829538488	-1.09692780877358	-2.55838620121744	-2.41292456621055	-3.57744482598988	-0.939910523361783	-2.15921660678457
NaN	0.216956549093019	-0.576858688221243	-1.72455659006795	0.377643756348057	-1.37581994449219	0.274429931998639	-2.06211704729031	-1.47105674469269	-1.76147704758485	-0.477595119091518	-2.72023987028807	-3.21890799833634	0.758973809906502	-1.54887463000871	-2.32390705769501
NaN	4.67308389425145	2.15570157217496	0.956576504380103	-1.91662306343241	-0.209415409795644	-2.35772692240676	-2.32411196399642	-1.12959504749155	-1.16453462001705	-0.702160836078336	-1.20458578554211	0.675232454517411	2.77688439765877	0.64773884853321	-1.36703418503319
NaN	5.01694320194515	6.81448077065347	5.24745811427208	1.8179885132728	0.806285819909552	-2.01482339940372	-2.13773102525079	-0.961202031212228	1.93154128715567	2.94164249364351	-2.6521550498847	0.455422922716519	-0.236207074299836	-2.96208801884508	-1.52236778862394
NaN	-0.462612145934182	3.44171902287065	1.94498833188642	0.668692739785937	-2.37417988931622	-2.24384259391642	5.03909280457517	3.80900604754972	4.8262301023827	2.58020958718059	0.0938306100541436	-4.2477519105031	1.07522886633174	1.78635690302518	-1.06953022007362
NaN	-3.06108292464065	-3.03310976799549	-0.0292886030979019	-1.7404432974739	-4.05568040781359	-0.924230889090534	3.08129469847198	-0.0420241833477152	1.31708922783727	-0.919184007344311	0.365473065828919	0.608264439588472	1.05529571328864	0.123768476451193	1.57527500610307
NaN	-0.140153426896956	-5.21954353741879	2.29868456196299	2.34581098523103	-0.73296296539654	-1.42942429017571	2.26170043839003	2.58125693772055	-1.24564874398971	-1.78518161949876	-0.0080222864656604	-0.243039944189089	-0.478604782652321	1.92865856613155	-0.143671860716189
NaN	0.355782780202256	-2.79667188742552	-2.26876214136254	5.10378579743247	2.01516727438721	-2.16469613824527	-1.27222972954533	1.63331726109701	1.6024990892543	0.237152849207517	1.12478696223229	-1.89010536424537	-2.31537376783965	2.69615803124566	0.768761360966376
NaN	-0.920019779820441	1.27823444608979	-3.08256134834839	-0.61103335056453	2.9096980844563	-1.18339891836813	-1.97992929125988	-0.719428708798154	-1.00023299633264	4.22736174025241	1.23570229112552	0.212959948855975	-1.27932364689348	-1.6696538429258	-0.0556587686450967
NaN	0.77143778136693	1.1755182129821	-3.11407753611741	-2.51256437073756	-1.8546975135075	-0.721655871319014	-1.44821190848525	-3.43938996170395	-0.570872588702156	0.0243718996089949	0.0733270461785247	0.0427781996549152	0.350031112652239	-1.59108433180161	-1.38401519789157
NaN	0.361596515295038	-1.83259124572728	5.7717791559077	2.85232591272216	1.61414672053251	-1.82033310303294	-1.63293036496276	-0.637395529071637	-1.25790108251187	-1.17191649083915	-0.908584664783973	0.115879194983105	1.76637064389659	1.21998214868581	-0.431017473899439
NaN	0.533689491810063	-0.00259313634663401	4.51434590137107	5.06069040491179	6.69528654503757	2.05893994033425	-4.91802258718732	-0.068676360017993	1.08814061482562	-1.12855322655378	-0.523642928382962	3.28086294835974	4.39203016763522	4.43512177795649	2.29870026504117
NaN	-1.98652681634621	0.895535333214688	-2.66313348995621	-0.281217038705797	3.25697463732585	1.25097953846109	-3.8066358667798	4.94584197698308	2.52211205409811	1.78680349129684	-1.41611611725386	6.04074207393622	-0.522213803198218	2.6300708822732	1.60855394344803
NaN	1.54819439819143	-0.464176749315218	-5.14196596844268	-3.79603420225149	-4.47757918082129	-0.612506000114833	-1.84688937801678	-1.81767946085847	1.29956656572242	0.78832219627516	5.28769636445287	2.57529779751078	-1.35234610637359	1.6934503710009	0.146596632593288
NaN	-0.697856944374753	-0.240315345087487	-4.15193626639988	-3.21739862829207	-3.69262234009936	0.536948459217174	-1.2673587950481	-4.1913299994777	-0.859870871771493	-4.04715303730484	3.77184472738326	2.27071391901131	-2.05941972950489	-4.24611208788173	5.85820062198779
NaN	4.85805178680739	3.32641818585448	5.02982949092901	-0.116931355265315	0.742477220159069	2.23109888763872	-2.63756879380989	-0.880207109904109	-2.18510831501228	-1.20307163109474	-4.24509736635901	-1.83645223686451	-1.06140387735207	-4.40900680840869	-1.29631169153725
NaN	-0.49450070589632	4.7281581082133	0.478108328885739	1.47865645902131	1.84472295274675	0.185393918024287	-2.19134435847851	0.473175187371302	0.427216988093284	3.71869824384153	-1.82174107776069	-3.91443209095675	0.990696175201821	-0.790836965019618	-4.35118149223185
NaN	-0.426258080007959	-1.85312778921313	-0.876066457032922	0.0975732803179005	-2.82739200479381	1.49350274678682	-0.445193197242358	-2.4318203279234	-0.795885103117647	2.54217121046696	0.852106729764023	-1.72257782216991	-3.17903385850508	-4.26681949871209	-1.5194772759047
NaN	-1.79193865866916	1.73245865057234	-0.0518348645818583	4.44043575401521	5.05920971520614	2.62381395085372	0.842801789714861	-1.62439303622206	-4.06320429628038	-3.35074653335378	0.784737250587997	-1.34665465690972	-2.34611008742046	-2.11551268244756	-1.06445313297803
NaN	-0.415646217473588	0.384488745613872	-2.51560260606166	0.320878178758982	1.71395031546809	5.95984568456989	2.19721868380545	0.104786901723853	-0.744584841599606	-1.88772264857133	-1.58389026483431	-0.661909555426339	-0.920898015845968	4.60288138134148	1.48192619603777
NaN	0.577989261942976	-2.36330912983889	-0.297656066012812	-1.87941040336945	0.126884327470032	4.26881127955772	4.0633435548304	1.65157764397368	0.45957771186063	-1.43176836323991	2.43624646999506	2.88357627658396	0.813208834990811	2.32786398481593	4.10363849895412
NaN	-1.0859948965629	-2.0761112709938	2.18060465527195	-0.832743716680536	4.77510817640721	-1.29020392868776	2.08259503035685	-2.64676398266644	0.56870482160552	-1.79707907775721	-2.02053669543142	0.822668932318621	0.505786026868031	-0.736677800494642	1.31941201048045
NaN	-2.58216211239917	3.06111408110428	1.44387335466375	-0.0623124849806015	0.817995397968235	-1.91892715578198	5.33134212650847	1.6710569821924	0.15902682136791	-2.10465694351708	-1.29427474307034	0.307852481681248	1.22732452053513	-2.68775048751894	-4.74404193151294
NaN	0.770371313595204	-0.26978451458665	-4.55385235437953	-0.106093756302192	-2.42655649670461	-0.380623522088907	0.0562650764933573	1.41488550049027	0.209930712071429	0.114270008824323	3.99378534079729	-0.255692998314109	-0.513031240383845	-2.05569371832779	-3.56374011839972
NaN	0.937248352788553	-2.18699036417276	-1.88257942534762	0.517922428013901	-0.329892670516665	0.595493933754614	0.0811840927528893	-1.42387258243128	-0.347432767949948	0.306799723293155	1.68769388443037	-1.13721130924164	0.0480279829620742	-0.542056727168896	-0.665554754790416
NaN	-0.262005704801133	-3.25132156301529	-0.391492832691032	-1.63842034668745	-1.05297658976744	5.61454862328795	0.901025876462707	0.902197139033027	4.21220193958299	4.44397885764038	-3.51246975575819	1.27141321125167	4.230201016345	-0.391036609371068	-0.210354445373207
NaN	1.22156317300821	1.60285890390863	0.529308582680133	-0.0350383001143544	0.896260673738341	0.377471292376397	-0.355423312707033	-1.74410462192474	-0.192901098124103	-0.44580211588385	-0.316347292798115	1.09839771418936	1.0123305456023	0.212561585142792	3.18713582581636
NaN	4.41384147925452	1.88416114282672	0.874381447417744	-0.286918406803294	0.394368602448414	-2.514845177033	-2.29911405741145	-0.733340146687183	-4.06927554533502	-4.81294283600554	-1.38787940670859	-0.192681446331374	0.858433102123122	1.43055422515378	1.80309793125618
NaN	-1.60625256497255	-0.812904585269615	-2.65855597999253	-3.27073050660421	2.92288591117438	-0.779779930401604	-2.81219386528811	-2.25179498084869	-1.01690919008534	0.183696394402679	-1.42690298134785	-4.1240644604345	-0.125332102531044	2.04692830347459	-0.449440316678038
NaN	0.536600543432937	2.13707590878672	2.67334609976084	-0.419236387104627	2.74521263294834	-2.93489711455307	-2.10502137909714	-0.674114822895644	1.64345938003551	-0.342843358761767	0.119945612759392	-5.8004508866041	0.00722749474297172	-2.41858684589147	-2.45867872006084
NaN	1.61140172598005	4.85727760321941	2.96798732320113	-1.65012992515897	-0.340718319073053	-2.66725686600179	2.81402384529695	4.35909899014805	3.048081897622	1.71944421520328	1.24789322997593	-3.3268823912226	0.830008813725837	-2.45377955080088	-2.03769235739889
NaN	-2.96194184488923	1.31762352594537	0.442350923608035	0.228809535279524	-4.12650467169408	-0.822243960315573	5.63621853134325	4.35827702344005	-1.370610134089	-1.01421826568799	4.79149302428561	2.26010581300245	1.55731167354393	2.97369816221709	1.31829657168185
NaN	-3.53978900884555	-6.36868705817542	-3.4748300506438	-1.32900385700086	-5.37962742681579	-0.652079904841877	1.37401901526948	3.95656189384333	0.2242213103958	0.204321144964471	-2.55600609476139	-0.838279107043493	0.32080320471702	-0.283084874507482	1.03887829799296
NaN	-1.9190517904833	-5.0288981079048	-0.915209462843887	-1.90655988064342	-0.814748415077191	-1.67374049792434	-2.20547577663137	0.571403750477901	-1.60526794488164	0.718709252147171	0.439748669294557	-3.2936576174081	-1.88965427219255	-4.35669092550495	0.941440618208581
NaN	-0.333509819211998	-2.29690875747682	4.63733119308165	1.21039469594259	0.348441793987191	-0.852431346428067	2.55815776069962	1.41079828899152	-2.0214821083417	1.1419886555656	2.33508908232285	3.24182815358451	2.3246636525001	-0.900533600458615	3.11013872906238
NaN	0.604691671479108	0.11593912165399	2.75051923946809	1.50225158298811	0.314302321146505	1.31242826463023	2.79272204839094	4.3234681211164	1.55828277423278	-0.746285967609023	1.3498050662852	2.1616513662686	2.24777519528436	2.40742023911834	3.51859672808505
NaN	0.35906276575706	2.14404302413748	-0.196758338093771	-1.98397400224042	2.74202731482828	2.25150328616996	2.51234338526548	4.03002431959036	-0.601715278725802	1.71393581269799	-3.42440800854418	-1.04000442050781	1.24980211526822	0.8327082236512	-2.17262369299222
NaN	0.887461437936677	-1.97122128227989	2.11240504417409	0.945246705243724	2.59977397986145	-1.30794549977254	-3.73354723297229	0.574775090244699	1.08408205847581	0.0218005573657709	-3.39743469667402	-2.13440739783769	-1.09323939054042	0.31411936337063	-3.45320166646129
NaN	0.330552867479581	-1.48899255705002	3.44970795795236	-0.850288984276781	-4.72785952911875	-0.248649796651977	-2.38739658914163	-0.335683547155225	0.584586946650667	1.16989798863123	-0.472871579736139	-1.38401707074439	-0.327914170748419	1.37740031803157	-3.37229247104485
NaN	0.0717034980205219	-0.240217197418339	3.09942719575691	5.85743512611558	0.153828344638556	2.53555711135502	2.23458522200297	2.68269177461462	2.6663465681824	4.1585405434613	1.38245859233378	-2.60554686935235	2.38700551967148	2.09947141402979	-2.40617931556901
NaN	-2.04935311672881	-0.516050646491727	-0.547944804953001	4.94657701499291	1.61561413690239	1.05431703859439	-0.957794142765803	-0.931427828622446	2.82674934448134	2.2588723080739	1.79378291566117	4.06222051346455	1.36592531558818	0.413268001148379	0.424602115005334
NaN	-1.13227592714188	-0.854349210329218	-3.06590866540052	-3.64030001629555	-1.07094485148197	-2.78389434688124	2.8302757289171	-3.7478450089922	0.966417273637	-1.708723591378	-0.190615064135096	-0.101847628012688	-1.24506792402011	0.276469535748337	0.546420056179675
NaN	0.735422102402721	-0.890907851182833	-3.79888514965861	-3.04061821271301	-4.33494265168838	0.164556850947024	-1.65276477954167	-6.01149884470817	-3.09420177561322	-0.447837436097085	-2.69405139370207	-2.56016512441211	-4.40666445896826	1.56806064043487	-1.40821539497799
NaN	0.091874301058892	0.893569506431983	-2.8436163004707	0.0629753766557781	-4.2977010412612	-2.1715925597333	-4.55146531077537	-4.29237521041447	-3.29744345773093	-1.79751167243509	-1.52816007554549	-1.74830471417007	-2.06525526559317	0.740453953988831	0.430272934463505
NaN	1.63474050682104	1.26319067434497	-3.48350284094894	0.204272291251921	-0.631496822227943	-1.00662695603526	-0.399227939985264	-2.02706645497374	-3.45301121240751	-1.08250022925936	2.87054624496709	1.33875944645571	2.42525380810611	-0.27257452424499	-0.371614255614883
NaN	2.79339810823163	1.34402629374058	-2.95953555692859	-2.32205717613684	-0.295465731548331	3.40630517621326	1.57733744702676	-1.90369255845507	0.994460861019005	0.640968210746377	2.47788431315373	4.19708602639682	0.568854692746472	3.24357634038875	1.65352250494575
NaN	-0.423515035298555	-0.254909765412147	-2.55299512791611	1.94205304731124	0.780282043483322	-0.203821269321562	-0.723266154093748	-0.444681309599881	2.30543775473493	1.19894651136984	-5.82120875815497	1.27215685062471	-3.80968586181911	-0.398332800488174	-0.386758158493132
NaN	-0.423409296736291	0.430833059127921	-2.71018319289154	3.9752596660297	3.19244053206272	1.82623013017461	1.35904353006151	0.103263075498004	-1.56017660645394	4.06518995566765	-4.19958872315443	5.35236045650693	-0.667753115205008	-1.72051384068073	-0.0199628492393027
NaN	0.904427781350475	1.12412272686191	1.60362764258642	1.54669830466517	2.55650142370263	-3.06273127513614	0.301191864362709	-0.602992249254272	0.291853092428068	3.26203622456905	-0.603149620359285	1.8896766933926	1.68864733197544	-0.231438240094565	0.32586494524597
NaN	1.15850081496276	1.23718172273355	6.67135043521136	-2.73838352080914	3.06872911309405	-3.13485834127002	-4.85718215245948	0.37987137532105	-0.5123719422243	-4.00141014711106	-2.77121137766613	0.137067363090432	1.18912587670602	4.80479071657877	1.4585611062409
NaN	-0.346766307440152	0.829822622633866	1.90467041213328	-0.1514804995732	4.69242808399547	-2.9017785393628	-4.35211656197195	4.38940880129278	1.61764177586263	-0.56978019156814	-1.22170667203156	0.683142129928518	0.572783183675189	2.53465154008394	3.53345748719891
NaN	-0.615170934591243	-1.3324700408578	-4.48221145083241	0.0397599420673736	2.14558927550694	-2.80042510919795	-1.41104228234102	-0.660993983352433	-0.0812399616625439	-1.38295175870255	0.140168303749958	0.0927136003981312	-2.61900318600596	3.27606097855058	0.61483142325548
NaN	2.47924526122846	1.390822955275	-1.38832703613415	-2.97122705129238	-0.235716921878926	-0.896555227621352	-0.241951800440406	-1.28492045722218	-0.638482217678752	1.44160591634768	-0.737354035423902	-2.04258467924296	-3.31605963926681	-1.30463912409937	-0.871063854577378
NaN	-0.65720527264484	-0.379757202227702	2.85262946836341	-0.973907802711867	-3.57880592530685	0.142557085162325	0.954347691178686	2.05745489922656	-0.0506156233268048	-0.21381734179943	-1.34171995449098	-4.66333101279802	-1.52880671048089	-4.82116606327006	-0.754877386390191
NaN	0.15033668672708	0.245771105424232	-1.69379712039701	2.00942632908279	-0.83712440639634	0.716916142358754	3.40227741285942	2.03832102805973	2.01980178369895	-1.03313852687466	-0.471119083188526	-4.62433541454234	-0.0928788492246152	-3.56415223381776	-1.56394834948005
NaN	-0.450651635470803	2.91642324182971	-1.25135003088511	1.85590381819343	-1.31565205716316	-1.63506930879656	-0.554239432954981	-3.82478217492943	-2.4833267784859	-1.09308190955492	0.196538842565608	0.41927338856093	-1.34040055801507	-2.07881708363091	-1.36482365218193
NaN	-0.778368150969596	0.0949041314310671	-0.266940792835318	2.38138339939935	-0.753141415686992	1.52547625602876	1.81219315104373	-0.840401771354416	-0.863935530311003	-0.411446175698812	-0.0734659754108545	0.212719634568692	-0.105082109097868	-1.0874715541055	-1.77847860289282
NaN	2.91911935741041	-1.53581329604137	-0.388318312816416	-2.25792472736376	-0.0490479092145614	5.54594178213907	3.83003355915315	0.24183734365828	1.44720005833176	1.0502760036006	0.931853847958819	-2.2165030444969	0.122402978419104	-0.52180985079507	1.35977591971784
NaN	1.22247735514521	2.57342992237517	-0.0131852824002545	-2.25660649810604	-1.86236774093978	1.49514413969125	0.760310465211065	-1.58273255627022	-2.17398101533861	-3.46327821374556	1.30691442248259	-1.3981609244077	-0.0848413940083809	-2.12908196146612	0.416049632009162
NaN	-1.42130482875884	-0.441401401220228	-0.102330550567538	-1.92295192024014	0.493018785309199	-1.99991409526702	-1.90120343989852	-3.85093076384374	-3.27588056925209	-1.73711808205381	-2.0126566933415	0.686601664730426	0.102999136344398	-0.557209317032464	0.069013642194421
NaN	-2.27111339449821	0.650233614022569	5.71146899658837	-0.775409070457179	1.43232112732968	-1.3369076280458	0.0297333157122685	-0.0494074373726379	0.714210162736381	0.222535518067151	0.14288616600221	4.4530550938614	2.41888149172501	-0.775084916143378	0.277727603287432
NaN	-0.90217232759311	0.440397082784769	1.42439494109669	2.22303981813066	1.22804590035923	1.33929204379829	2.07191822672782	-1.93444313635554	0.90877715254387	4.19262310563234	0.902798560827482	3.00341562786333	2.95749874567919	0.541098841424001	-0.111657817689661
NaN	-1.63730871042111	-1.15581660411114	-1.6240352041087	-0.0202699385594726	-1.78983686419809	1.60510095428451	0.724143966869046	0.94226789184991	-0.0442900800738608	-0.109663735357478	0.307077987944208	2.66110377337961	-0.24338967020917	0.723196918250346	-0.222272740856743
NaN	-0.559301305023662	-1.55686858027189	1.66231166048779	-2.89849520908476	1.7483886426387	-1.5460160326478	0.900974105759287	-2.94431754176758	0.795754327567742	-3.78076226045917	0.189339618364868	0.758144804291484	-3.97711087330193	-0.792946672422335	-0.0118960408469626
NaN	-1.72054968712193	1.42157408414686	0.615455897810969	2.10365931198945	4.00816930753058	-2.56006734665918	0.881448361605262	-0.940356764570255	0.610722754795935	-1.99365096197682	1.20690825049156	-5.32396587814829	-1.99187513286192	-1.96748941920835	-0.291337700466933
NaN	0.225914566085532	0.227230675944779	0.058600240519725	-1.7737009292644	0.709509472360439	-2.031137396114	-2.94730655973833	0.169038896358346	2.72434989096396	0.135576722574913	0.616757644398749	-5.19098071965374	-2.27348824342609	-0.358823230824639	-2.06523903384733
NaN	-0.175371023851912	4.76607599439946	6.46216850143916	-0.413831728241272	-0.895290928850944	2.94234889305412	1.25744570245389	3.99429752244288	0.217044716702589	0.136440890155685	2.66563440054571	-2.4291793729098	0.379052050687723	-0.219094996630359	0.532011430661671
NaN	1.77918859950497	3.46818651878171	4.06750385595324	0.579178496334285	-1.5950607699815	0.0955352450642218	0.594467680428624	3.07608299420562	2.15405289574528	-0.137403681462943	1.73133879299794	-2.6412440670699	1.0012355980416	0.881921283976597	0.786301454684714
NaN	-0.1418007286266	-5.27329595543626	-1.91014246916114	0.623511362935337	-2.20135752686134	-1.31961665818034	-0.499094160625321	3.3531075909152	1.81093012530455	0.218236514322973	4.52142857174309	1.77053040672544	1.9961644010958	1.37733790974169	1.20942095935256
NaN	-0.880090540644291	-3.83047249380477	-5.00051947379718	0.221518316814078	-0.231501086754656	1.74317052522892	-0.0874655562856598	1.0399076388439	0.193718033626884	-1.23493019109731	2.16460744624761	2.57946373384358	1.93840932424913	1.15371898036294	3.57438361631875
NaN	-0.148634414914258	-1.45112999736892	-1.99865230042942	4.41857962126175	1.75979489243922	-0.63414496311803	2.09111722560586	-1.341906719825	0.383006582114049	2.73961227723242	-2.24450766338584	-0.77703486872969	-0.0804295481495916	-1.0054567479448	6.13538237936167
NaN	1.02525134397909	1.57290346717605	0.0943069332857393	2.66391270283934	1.98142619736115	1.06400340798378	1.69445573733011	-0.354481972635302	1.67625051230301	3.72805035818332	1.14023378654202	-2.24076018290125	0.247586481806798	0.39488604409083	1.42984389250354
NaN	2.13492231813269	3.67806106237113	0.897301433485194	-1.3052896126881	-2.35548087352256	0.797322988017306	4.95195007057893	3.18113077022415	4.55724241149418	4.40729645454515	1.83361665806764	3.50017771199894	1.9308258924836	-0.390215158550382	-0.572548176368067
NaN	-1.52514666079032	-0.996181198851466	3.63214802780055	-4.18715223247566	-7.43377194792551	2.04379375326491	2.7858262149582	5.28342324062557	1.80442470789647	-0.798294400378731	0.735872031676061	2.61727348815665	1.3532980603324	0.856819048249764	-1.58160354840799
NaN	-2.80891335195737	-2.62489369781983	3.33978274008557	0.729125450533232	-6.13895383632152	-0.0964793928788077	3.40506555487389	2.06976456926843	2.35692271017539	-0.169510425261016	-2.26509459277871	-1.05444143906763	1.93654440736395	2.17278038984207	-2.28845157120135
NaN	2.76795958054807	-0.0342561099872827	1.52347418202537	-0.375456883960585	1.15225189236267	0.0791505272460358	0.558350757271121	-0.106345897090761	-0.0985151363448167	0.0274648774017483	-2.43602580101508	-1.44827420320132	3.23376118986715	4.08003477968971	1.94145403709289
NaN	3.23373063328035	0.76872475426943	-1.48252454799516	-1.07310380915674	1.42522022831329	1.03562233946887	-6.80486044907851	-0.214239992195647	-0.985561791276791	0.46948415410307	1.06979908904571	-0.933562872710696	1.02168341094121	1.13894741571041	-1.35258029757173
NaN	-2.28067244510429	-2.67744028350643	-3.8453365654534	-4.67596950501995	-0.33594467765383	-0.369465258699615	-2.71872572275384	-3.48784164681648	-4.06838785436659	2.07551387341097	4.28029562459162	3.39708119839883	-0.174204910591513	-0.244026439511332	-1.27226635067012
NaN	-3.08658559594117	-4.52405766598805	1.13318901180175	-0.384682992308072	-2.83169449523626	-0.655501119260913	1.19443948545955	-0.319699255094941	-2.7824141696268	0.181688334131145	1.84310082796746	4.63230263019622	0.782541343417697	-0.167769000560107	0.0706551638498055
NaN	-1.23323789301562	0.300910602092991	1.30550644166202	-0.318017621919041	-1.73459358710692	0.172881731840539	-0.561953185594301	-1.29436679286141	-1.43482744285266	2.10297044261437	-0.0972087163829897	5.44704504302937	0.610064163879314	-0.338618732323808	0.782594355214768
NaN	-0.425112656118582	-0.663554366678361	0.044922861697281	-0.669276412475303	0.0115812228071519	-0.0549832071494225	-4.62073096700263	-1.69288772012065	-2.91707683631193	-1.79240159263449	-2.89489358379705	2.74140695635831	-1.00063626963344	-0.245253812592222	-4.44685574575487
NaN	-1.16061110386652	0.490918223831258	-2.36107235617536	-0.166051195226091	0.802358647837198	-0.154928832827193	-3.8644388168953	-2.52056557431907	-4.66327324239657	-4.76375972532076	-3.64107489013331	-2.03309944520343	-0.805325133179462	0.398860740302993	-3.13945845059087
NaN	-1.05745627297165	4.21816991962231	-0.436895929804598	0.556263888939564	1.65930778604144	-0.0111729690733817	3.02481497967243	-0.0295581594206392	-2.40034195945438	-3.47415761846131	-3.53112125869128	-3.04357988985796	1.81257246288436	2.13362187986944	0.343364328876612
NaN	2.66743915851535	3.4913761892864	-2.25001499891118	0.173557366285074	2.19594328255771	1.72016886134746	1.05135836526246	2.13152448782752	1.20148598577101	0.353176735856623	-4.70546672590752	-0.914922353814468	-2.13953828138814	0.347162816229103	0.251092055161459
NaN	-1.52268043003363	1.98222079715873	-3.6721604337006	-0.633213069330845	0.249313589176638	2.51961050916596	1.3581582801755	1.16080274449294	-1.11879464793094	-0.279054496520097	-2.4200575644688	-2.79202223963513	-2.8849111041732	-4.00261661871629	-2.47486940749469
NaN	-1.11553345026838	-0.696739528012305	-0.193587728824664	0.495398212567119	-0.799972660663556	1.65416604112925	-2.3573035494786	-1.04401743781862	-2.22521574013504	-2.82516712328816	-0.0274654638451947	4.12925361796605	-2.63155655897204	0.550537944356078	0.738086378229086
NaN	0.686125374611462	2.48144556167414	-2.7954472904179	0.742408143068391	0.031753130437455	-0.0951845425205655	-2.14438917888204	-1.09135333009593	-3.37112335487028	-4.8225856712602	0.249833290728426	3.40298624853458	-0.780922595954408	1.348438883655	0.0508430077927882
NaN	3.60506340978563	-1.72850810145792	-2.03894093663665	-0.360716185682094	2.01177255448849	0.989083206102047	-2.74245706917942	-0.583734665858827	-0.260594413899228	-1.07154233596677	-2.48469066326683	1.25609076854542	-0.794457171221312	-1.19978521353632	-1.56979146286741
NaN	-0.358628431099147	-2.43890849740272	-4.86397136166274	0.0519908050158798	1.29442469180407	-0.433168588299082	-4.68826354513143	2.03312919621355	1.40005278944559	1.42282334431135	-0.0225733046689647	-0.772916992065128	0.780684658940228	-1.78668957554005	1.20001988962423
NaN	-2.32940316833732	1.19222169731753	-0.053275180983442	0.111683924800998	3.19847384718771	-0.941039941355609	-4.65908732916655	0.223671361160411	2.36557403197267	1.3786627340237	1.2230126482273	-3.10282557536238	1.26291710741935	0.680556888191716	1.91866414433719
NaN	0.263160994933082	-2.57438741025175	-1.56333701488407	0.133384224780069	5.42704964875552	-0.544767578052225	-4.05554629327797	-0.379185218202933	-1.10254119662683	1.88278629105489	-2.69887493239315	-4.93516035572585	-2.29201533544849	-1.20155137161687	3.37662432153871
NaN	-1.5862990741189	-3.27471213766094	0.50920760191432	1.25711481652401	1.87887760657411	0.239967375386947	-2.08959419862309	-3.18712491314442	-2.16128340378872	0.119033819636892	-2.26988898419542	-1.23875632727404	-2.04322590900083	-3.1149711900923	3.59113285942219
NaN	0.602710009877737	2.14403144448694	0.30824386259472	2.91091992035001	-1.55460179598609	-0.92600861007865	0.694984186490498	-2.14134814536667	0.753418684767388	-1.76173489194474	0.36891375670077	0.739475249111202	-0.772573437462829	-0.459613638642395	0.266147251431322
NaN	-0.212630874626689	0.510915510780622	1.39328304594744	1.83404589677144	-3.20520420210268	4.2066108586477	1.1739586226496	-1.07729095409146	2.79559250264182	4.28416822806807	0.97122869762067	-0.364228483211091	-1.31070544030887	-0.947225270572251	-4.32714438131721
NaN	2.22480930467778	-2.0015833023198	-0.417470568620101	-0.019713824664965	0.560828208968637	3.91635843433807	2.57173987408671	0.82622886430677	3.49603743981602	3.24554967207107	-1.01465708869061	-0.49444249852029	0.55740322040829	-0.115035379150074	-0.843623308093875
NaN	0.258492848010782	-2.61888202239469	2.62874104706416	1.77210378216833	3.22168059233102	-0.986178181101549	3.20575285974395	0.826136313666418	2.80953956576211	-3.29396313440723	-0.277452100476269	-0.709670022326593	0.825209613744505	1.8990183807931	0.399158846040118
NaN	1.79536099077708	1.1155990332773	5.26022901079693	1.50513519371639	-0.213241094610418	-2.27175885573336	3.83669281814936	2.5468857329882	1.8423225512996	-4.07999820842636	-0.747863427959839	-3.71308913052305	-1.18607368460449	0.627002876369754	-0.954316742323875
NaN	1.59773490438562	-1.00268653797172	0.344465229033121	-0.194133930013389	0.919429526574972	-1.53964302195187	0.954344159119966	3.01211290194327	1.26515842831619	2.16992602784807	1.90703171715924	-4.29799127039316	-1.64799494419002	-1.53508030078657	-2.77733574010404
NaN	-3.22748118160986	-2.62222486385214	1.29864021204622	4.40464022296051	2.3914812576333	1.15921468618071	3.38066900874138	-0.59316967150389	2.70135150786287	4.08310629361911	-0.406023950499668	-3.43307789515157	-2.34293452015483	0.15562628511555	-2.0704031321286
NaN	1.49458773289519	-0.0441362912782479	0.62138540960704	4.52126063081305	3.55252875700946	-0.920726122946527	-4.60645339528141	1.52526095893531	-0.974236733426653	-2.0124861180911	2.37825011216321	-1.13984577067854	-2.745240646762	0.162396965606204	-1.54502585439568
NaN	-0.947696637912051	2.98311774686818	0.638393788418214	3.00485711371091	2.34869018241562	-1.6335717193371	-3.5452146054006	-0.296754091358292	0.0765286750843737	-1.43208697379871	4.86180282910103	0.527037646268812	-0.647374330544412	-1.75116104432132	2.28407114756949
NaN	-1.46933601727734	-3.74815575386849	-3.65345387391293	2.44003199618469	-3.59583725095405	-2.03260173151213	-2.05642714094293	-2.61410095054005	-1.79234279850592	-1.21437800998791	5.40808680553643	1.36137734798204	-0.870183008309404	-3.21235206250923	2.77847656884636
NaN	0.662784509586715	-4.9881405769478	-2.59512932788915	-3.88215774131398	-3.59873129526148	-1.04864823038459	0.488545484991391	-2.93952413439126	-2.26752911595386	-0.725619394395417	3.08948731295866	3.21154257364286	-2.2513351379054	-0.812299642897262	0.257574450968476
NaN	-0.584239972072942	1.77062591913239	0.0405430507261937	-6.00754110739653	-2.49365688095327	3.37814839994919	2.61658459794051	-0.500534851709954	-0.622823142849059	6.54111283261824	-1.6557162176235	-2.78310043383728	1.67321733887641	-3.05550891980465	-1.84460103161936
NaN	0.312627324314028	3.03473619996746	-0.969564362986073	-0.276234291435296	-1.82507438408848	2.53690118737474	4.50757777768448	2.7827369836563	0.833566270922828	5.68724610146988	-2.50228148766745	-3.87478844535534	3.38297527071413	2.52133637244432	-0.351849476376121
NaN	5.6719627717157	0.373109612494118	-0.327018327768732	2.35685624901314	2.91359392215539	0.275552062373837	0.621569687485628	0.918455891330199	0.0287588755330877	-2.28875870728356	0.48244243890092	0.0334417058140561	4.56580340221775	2.89979479053555	2.57741601459972
NaN	1.5787802133905	0.300997298997005	-0.351868999480569	-0.0751126433679868	0.0318527584411479	-2.27930058683154	1.09261197981958	-2.38053679049689	-2.22461888832422	-3.48368265468448	-1.32136952826917	0.395108009249924	-1.12277266173278	1.07273686208895	-1.28377954364787
NaN	-2.99429682009003	-1.23718274385512	0.931775673929967	-5.04924638937285	-4.90335518357553	-3.79136114362674	2.59917492731128	1.41660510090472	1.47900220704495	0.292436802441754	-1.05969774538265	1.45283032992013	-1.40594791811327	-2.4014965855123	-2.8791946092389
NaN	2.35695951937167	3.27979856019638	1.00118632755566	-3.32468951658153	-0.951332216900164	0.454901272741253	-1.43132303430498	1.77770256012881	4.79635146662864	2.16148888747305	2.63493594012613	0.973858123725798	0.822915011310805	-0.507991420095963	-1.18573912274321
NaN	4.47804880195164	1.77075510226462	0.793681585685833	-2.66084035710178	1.78501467186154	-3.44062564795753	-3.09602759027734	2.27011653683385	-0.423444539805701	4.78741553198425	4.40379272104076	3.34059458802014	0.365555065505138	4.72683615886658	2.16855485859136
NaN	1.73820724933277	-0.29478881283885	0.441041577892738	-2.08022428700306	0.0408441402362894	-3.12233152724163	-2.68686257374656	-1.87605504472525	0.258891717886365	-2.55005475118321	1.15693610597519	5.47675226106909	2.31632288865884	3.04420472215294	2.47389131400142
NaN	-4.57326223941647	0.299017629108265	-1.77186812493929	-1.18338055110431	3.28014340658842	-1.4881320118275	-0.277313432026025	-2.47190650692658	-3.7740196861575	-2.20231181872854	-3.52012356537668	-1.31275579642408	0.698771296463241	3.36726759779677	1.33203289596742
NaN	-4.23867141950756	-2.83150159777825	4.16183279266202	-0.99492236498874	-1.5831421285407	-1.16662309143475	0.185792905838536	-1.87421401719563	-0.0331892212660454	3.95948996040108	-4.47332302895337	-0.381641143619782	0.226519076732167	1.27095789955399	0.209535802027705
NaN	-3.66506392438311	-1.64972637709813	3.29840786022074	-1.14184742415825	-1.46982968315925	-0.629451976986686	-1.52737587900791	-0.72437113655742	1.951355759631	-0.790647949829884	-1.90165071156553	3.61832032620079	2.46377833390789	-3.13131476921458	-0.991722266078706
NaN	-0.888211262266445	1.16678433083685	4.76279924250065	1.72590659439481	-0.113081938999767	-1.35417452378628	1.14623478311515	0.326780627778721	3.56566345897952	-1.13489773440658	-1.35229042307991	2.14992916385255	2.92300070081068	-1.44010023301474	-1.28053712634341
NaN	2.2816792469315	4.01081288820304	2.76643502000934	2.64142573256779	-1.18542426868617	-1.22091742479248	2.84411821612202	1.27280343211203	3.1515649014087	0.946535275085099	2.26768045408983	0.996455425228481	1.68026247295931	-0.490057848623785	2.88421420893965
NaN	2.37695753775633	0.978497426632196	1.63059455611873	0.411572230899613	1.41453341839207	-0.467768267218729	1.6509578356528	0.460466648027053	3.15924579675998	-0.263237383380853	3.39086359060284	-0.941662274191897	1.55580504878798	0.813367618731708	1.27076118862924
NaN	-3.4167663618695	-1.20149387818297	-3.2944186494756	-0.775823114446583	-2.12103855686287	-2.48312723906785	1.48511969356291	-0.412119587003414	-1.64165389223247	2.4012230627742	-2.67656069048193	-1.79299243319656	-1.83680692144466	1.40294232770698	3.09020674585863
NaN	-4.16551016130852	-1.94387932259145	-4.43110176862607	-3.19305592974657	-2.74723010183843	-1.38175578203795	5.47221762240817	0.0962815450928658	-3.98237682579524	0.589249093980396	-4.53798550301506	-0.314734788862036	-1.17110673807628	1.79142397428405	-1.43721046006679
NaN	-1.97936705928498	-0.80645478705234	0.763135892984026	0.0404552694147983	-3.98448383683341	0.27716721890748	3.70098028391332	2.57087393453354	-1.39846267491495	-3.87699477248121	-1.82761129825661	-2.92903063364199	0.590864017980812	1.54656078302929	-0.629603780763234
NaN	0.332325325143494	2.99860426188858	1.63117802922285	-1.16233963957924	1.38768030519492	-0.228158820136699	2.78623936099134	4.42064576636127	1.40391717219338	-1.29359345032135	-1.61927122179469	-2.29679523901467	3.23712683741152	-0.500915992944562	-0.875657730195901
NaN	-0.619277861740942	2.15932882927332	-0.624329895112731	-0.278963011796784	-0.49637486462437	-0.132592227049543	0.729479818225449	-0.530071848937792	-1.76686165738436	1.12929992942768	2.48343523161621	-1.29450490888014	-0.331490974392227	-2.89189861737077	-3.05227693121637
NaN	-0.620241419830197	0.957848339683013	-2.69078578881175	-0.0312924489317608	-3.10615749128264	3.78422983324228	-1.73902739641919	-2.74213683521797	-1.54546712518885	-0.897215215605883	2.01643896962793	1.64307763990932	-0.134774527734032	-3.07637861291219	-0.891210711932245
NaN	0.747170987262986	-1.94685574818318	-2.94894037970747	1.91919145534003	4.25843041274084	3.99036794698066	-0.28299108975054	-1.07456182599852	-0.458653650838286	-1.49735785057981	2.4495279743555	0.789485214002483	-1.96671824338454	-2.84585948721128	-1.18961576508715
NaN	6.60161938426684	2.87667179744648	-1.53050409005344	3.91250130118413	4.95089016267258	4.86947555658323	2.286266539787	0.502160662454056	0.526522026146276	0.268927459444106	-2.33442282994944	2.96698774676091	0.926785427717073	-1.64097691284353	1.77401052855711
NaN	3.15470600879757	0.00317736861102559	-1.04217442352854	0.900236403811538	0.682412867017282	3.38440293683695	0.121071407536728	3.75983340784214	2.89444565806646	-0.563962710283035	1.83335306711318	0.21917488225453	0.530676977831699	-0.843809583222951	0.11138594939651
NaN	-4.44808021498182	-0.520347733634997	0.946961664647779	-3.08809914492584	-4.30437202701482	-2.25437388337915	-4.04034557584412	-2.12687030117872	-0.0403836511241426	-1.23345773150542	2.52603589111468	1.13858671980301	-0.500508206542995	0.755595258402537	0.127193374717537
NaN	-1.44587502420734	-0.509590034567212	-0.753757705086715	1.54982764849316	-1.91351021611093	-3.35070972034207	-3.21348787218448	-2.67810521772128	-3.20611018539064	-2.50744756409223	0.157219453908491	2.27712851150615	1.45050840297058	2.24857502506845	2.2272502705207
NaN	-0.685983899118676	-0.392089348127954	-1.21404969307326	1.81171792837108	0.59636138939613	-2.49502733157509	-1.7600394749977	-1.41462621435027	-1.93582016320172	-1.78572903472515	-0.849100903092633	-1.14108063536584	0.426767078487684	3.73851287586862	1.29220549029994
NaN	0.564052059846213	-1.78783525258117	3.30761190933454	-2.62677041581968	-0.549834016012228	0.983132745351498	2.03415397272206	-0.265240831466469	-1.11911276950674	-1.76476236322311	1.22559831528924	0.859931786107187	-0.751357604254989	1.76606753288303	-1.18323829546012
NaN	0.5203562323909	1.19192589954693	3.06335847375488	-3.23562836377277	0.757474681974089	-1.2663196512246	2.20998369675098	-0.227244062086063	1.1270716750392	1.57157085762596	0.126200487260688	2.34417167007413	-0.303167547175819	-0.021512797986118	-1.47260158017885
NaN	-0.719365403819432	-0.26134482508669	-0.683075687016946	-1.87522624149177	-0.329457173785087	-1.21328860257252	-0.934633420438517	1.24506186691182	-1.58305960779277	-1.33016255777304	-0.91702642865195	2.50946455545558	0.556190814162019	-2.52329700065174	-1.91767377311352
NaN	-0.110365289546693	-0.213278329200811	-2.27501704801294	5.07833877035161	0.752185892063334	0.664264670989126	-2.90083507709116	-3.83411776936959	-2.51983004228613	0.631348390650631	-3.43790559468924	-2.07605430905628	-1.58135882713365	-0.836841426520107	-1.66008534096564
NaN	0.533632363392132	1.83980721057531	3.17935610825168	3.86261950047717	2.04152806380981	4.88952554703954	2.39592889763889	2.63271950846675	-1.47293132853846	1.69569120054974	-5.25673865949454	-4.78503427632502	-2.34482621373688	-1.57920013714829	-1.64616647141366
NaN	1.08342295887017	-0.631368043091947	-1.87207208337838	2.5977075060976	2.22021017791066	1.42981737997669	1.98856814538618	1.08779549692657	1.26933102025349	2.43234462857429	-2.75819403579949	-2.61536753454445	1.72748247954611	-1.86265716063166	0.10144389465903
NaN	-2.05835748968138	4.59079068639839	0.457404736592295	-0.118637107452539	5.78959683686173	-1.21926874954626	-4.49809165807267	-1.73259040773643	-0.0147943930431185	3.76542859338551	-0.683199902145404	-0.372824491933749	0.332486360773071	1.59134708609853	-1.04261293393856
NaN	0.758474494079385	-0.526376148564275	-1.07588619766762	-5.19388203973191	3.89352388463816	2.20853051227427	-2.8411360634981	-0.47307349198151	-2.57207305188804	5.69525687678754	1.81956440348333	-0.0846063991946502	0.371635833620122	-0.657390621859727	1.31403889322759
NaN	-0.665190229056905	-1.7755257674589	-1.35604343867724	-5.01056018261142	-0.928299474431626	3.71222382035064	1.24903363235151	0.332136361741395	2.90234772896708	3.95284593843677	-0.242528625713959	-0.765929216850308	-0.488263554780097	2.84179947786077	1.99478812414118
NaN	2.11497232606628	0.401222380929965	2.24724947100816	0.355463371540916	-2.38009547964509	0.678855164288618	-1.32352205928372	-1.96225518525415	4.21786286151184	3.76717949612837	-3.83785581729789	-1.30803594035485	-1.25610330434375	1.26222328469511	1.23436201075682
NaN	4.41210158205122	1.99034890442874	2.85145237196165	2.65986058592614	2.2670147619025	-2.96083223949406	-2.47593705457523	0.329568278353001	4.5441259604861	1.78850358640398	-4.01173308522603	-3.15845142002338	-1.98292482525534	-2.0210520206271	-3.37565820427812
NaN	-1.73368326488242	1.76290521374941	-0.456505528378624	-2.11121438782796	1.74343638249176	-2.35488037305134	-1.95030514017856	-0.829524055505041	2.79265415358627	-0.179948637048464	0.708094182513139	-2.52914526466719	1.86084286968368	-2.04649773756371	0.81593402878704
NaN	0.104610439468894	-0.115819194824172	-0.757645437980322	-1.78203958738546	0.16184950438034	-0.986231774807801	-2.25608093780825	2.20797193682177	1.71077459779783	-5.45393857165066	-0.95656819347638	2.08105806642538	0.834048255060815	-2.57961389789163	-1.7898706461608
NaN	1.39554373882854	-0.820519880922499	3.3198481519113	-0.342276662847271	-2.36902905156484	0.635194841914007	0.104537791110188	3.91287868236072	4.08836075723084	-0.017008377607417	0.0418561930924421	-1.22934089701262	-1.98363984436284	-0.285615762881878	-0.29719486573627
NaN	-0.296567433215621	-1.22827594944248	0.246429886630312	0.314380619110101	-0.337350294994947	-1.66591890932244	5.00767580516801	3.16510794075126	2.43483911323885	2.50926321930184	1.49152006694814	-1.20816994097967	0.906972958520768	1.64621966350712	1.84582969926758
NaN	-0.614726618834732	0.33675130261357	-2.19103171057483	-1.09940955711426	-2.7754703837532	0.178739769410965	3.94521880411469	3.72288034312612	1.88941193547944	1.01635128082369	0.458981958453309	-3.42824135064046	-0.159437959773466	-1.06834665299827	-0.0352781703993197
NaN	0.274907373312262	-0.338998931787168	2.07280800475041	-0.141472251149222	-4.85866260298489	-1.41168788658223	-0.365229922857785	2.04081534575519	-2.80573835057944	-7.13722172131593	-1.14921007327447	-2.08729184998156	-0.587037840911113	-1.86871921606607	1.71954612379385
NaN	-0.157738712972447	1.88955518484848	0.392002980001978	2.35879659953817	-0.414427449213539	-0.486519677344351	-3.94582041946731	-2.27982988625177	-5.57051749257754	-7.62082881360739	-2.75694367472014	-2.3843439955225	0.0897989220867345	1.60288445828262	-0.695151128330488
NaN	1.55936600275619	-0.782181370568475	3.18533371198488	2.770369742346	-0.865131968675318	-0.115260573747805	-2.39872608097181	-0.321241732108842	-6.50652927845712	-2.64748271528209	1.02129013546575	0.214664366344233	-2.28071959094934	1.2717118847174	0.605090603229443
NaN	2.72767969639929	0.256677752951766	-1.32724242066367	4.42636422250791	3.02279680365657	-0.22880625719931	-1.80050503839308	0.104921361036369	-1.88560759796346	1.51507410429866	0.72856667248571	-0.613443279940603	-3.06381777170497	-0.725980633104913	-0.763849143056642
NaN	1.51273865335947	0.685289154553833	-2.796018236848	0.215066085476168	1.0061743506215	1.97436697969433	-1.13381965277409	-3.00426490938549	-2.49521296884076	2.86616524947627	2.07734757331696	1.21902659633473	-2.97424955126369	-0.224616788874794	-0.816320819656927
NaN	-1.062803526893	1.46410787089597	1.3948730068108	-0.351543577502261	-0.399716796700193	0.050953240602116	-1.04099380769712	-0.865577771101573	-3.13574494346549	0.373918760937437	1.06785630153707	2.93989650100891	-3.48256313019653	-1.24243088268458	-0.874658836089816
NaN	0.16750651957906	-1.93269451805272	-0.27857626599189	-1.51826555469259	-1.37486928278249	2.69096580487788	-0.419472769147579	-3.11244349977777	1.21761508994106	-3.87884342488891	0.831090165760842	-0.306505457765495	-1.70675256347879	-1.67331873778667	-1.5991442349246
NaN	-3.74942689894768	0.236208405163424	-3.80234942509033	-0.0842112327541079	-1.85126067454501	3.32329781906473	4.72129277995203	-1.18694615837912	-3.6636580256128	0.806514250320551	2.71201885487248	-1.4537254881964	-1.49568080615476	-0.0559108032834427	-0.977440466578522
NaN	3.72661403705904	-0.0846060182436125	0.0654852173012347	0.213315816330371	0.1708816381712	1.94735879766673	5.81609165246995	1.64493387557618	1.30160169791071	2.28491176362374	-0.501597464254994	2.1413880526714	0.939452633467663	0.765295484678612	2.76226796332594
NaN	3.15603042340364	4.33117169349799	3.32096003113615	-0.404986058077563	0.00896317465283723	1.61356695132649	3.67485586843918	0.0451017234279762	1.03860308081377	1.96128307631871	1.29943780728895	4.89968449627217	4.63995432530111	5.78521542571985	1.57339880669684
NaN	2.3006105749234	3.64519316706862	4.07242559499798	0.820674124070244	2.54503247856534	1.9697089775283	0.917405655330689	0.140151955658684	1.58937104378318	-4.25753939391948	0.364420269655131	-0.905357068492445	3.06236886708288	3.31420908551745	0.0816593879154415
NaN	-4.82006679095667	1.17601142609553	2.70807422344894	2.60705933639508	0.840698361233695	-2.20170751150075	0.104986119653365	1.64463078873576	0.0180554707248251	1.6853900358615	2.24824411169108	0.616058142218632	2.21069732927944	2.36147850877901	-0.238200103607439
NaN	-4.54735437583499	-5.92316258165542	-0.482501421282329	-0.378093404127952	2.70272730289511	-1.65685330363063	-5.61823562399385	-2.59044697334252	-0.121758775857423	1.19894904326015	4.27902875546644	2.32617728334188	2.66025008501188	2.74140677929143	2.95503904351226
NaN	-2.32258849311888	-3.78388108310681	-5.22511082491972	-0.285510483449681	2.20747169487963	-1.30848906427899	-5.15586745145548	-4.02329224170642	-4.61773712259919	-0.307093046173101	1.55618870760283	0.0674234637717077	-1.98439746406127	-0.357133481271129	4.91456033523219
NaN	-1.10663827127845	-0.517532644301534	-6.15730260004414	-1.21891640788417	0.570148727290339	-1.52713267318587	2.89640381975216	-1.82325760670938	-1.40979627333684	-6.25467337127272	-0.900462808498128	1.00077092463099	0.784020535042366	1.19005091996994	3.63614561634688
NaN	-2.06131602522801	-3.86233672125822	-3.68359728856408	-0.560119583933398	-2.97215254210203	-1.42054584150752	-0.707337927184696	0.770986198904802	1.78253217842574	-3.67445586987786	1.01884879762787	0.870520205959523	-0.835333939763924	2.30325976692438	3.88764686970151
NaN	-1.10568165581545	-2.40635527245823	-1.01405340883945	-0.129534636079431	-3.75877518650781	-0.493946222940657	0.0944541305766972	1.04009437147926	0.353914718136899	-1.0509195076027	1.21152021469692	-0.0473876009650745	0.776908712006999	1.19187744773699	-1.17672386408629
NaN	-0.409280048102224	1.27176464568034	2.0351869296548	0.687719258526382	1.50156626679931	-1.32441813821924	-2.51635914804752	-2.33961144220491	-2.82562732551082	-2.36831763681075	-1.53580417693633	-1.57416179466737	-2.02035267370871	-1.37351539414262	-2.13779215591399
NaN	-1.07444765480863	2.76939954110758	2.17449302610893	1.54531700968694	0.688305559155612	-1.55193753164108	-2.32813633010269	-0.451123460611037	-3.91711485655929	3.24015784767147	0.351312695210332	0.560141722356274	-1.99811059342773	-6.14247153966	-1.53204350243169
NaN	1.57184143539722	-1.1129258647187	-1.62445134479741	4.35291779994052	-2.65683688996942	0.340322101150032	-1.09030864163355	-1.5679838651608	-0.897668823301187	1.81058680812008	-0.416125290578541	1.30748955197648	-1.49465760452807	-3.23731122677344	0.776937945526903
NaN	6.12892573446705	-0.87011051731935	-1.71202070530974	0.319068570329183	1.42872671617597	-0.513738206197929	0.756811787336917	-0.0559721244731994	1.32190226083144	-1.3504585781508	-1.78807971602197	3.119137427439	1.5656247174781	1.16491272395968	1.67360365821494
NaN	0.691309785130506	0.675841316053914	-1.69934651242771	-3.19853088981574	-1.46445491386502	2.48092458217446	5.68306924305222	0.938226663587468	0.738862730308171	0.950669848639649	0.158472625112885	-0.83570010419685	-0.799443972869816	1.57075404375637	-3.13346796328365
NaN	-4.57048130757783	-4.90912480576239	-1.43895858464812	-1.30486910394251	-3.96300646443505	3.17543417805679	5.11816489795035	1.03291466770739	3.39756287524792	-1.12250178069615	3.87371430026394	3.82104372738163	-0.578083804950634	-2.34483064053458	-4.48218469288433
NaN	-0.451819590495437	-2.69473949266552	-1.94905090642926	-0.161692634270835	2.8747609642721	-0.73544792042517	-3.09159268473464	-0.460504410529596	3.24985001381913	1.96034259695819	5.95447032687369	5.30849040397419	0.905906225998679	-0.135097248069688	-0.479090030281012
NaN	5.43444848688663	1.61955465950054	1.38558651111852	0.47364263404045	2.78848841936768	-0.0992454136780429	-2.71518173896624	-0.143639830508344	0.742439601702199	4.9248462555959	2.88667738584347	3.30979007994879	1.32872421276498	-1.73143620477764	1.89467604644535
NaN	0.872333178417283	1.10841897369228	1.66759759072517	1.41305203693699	3.03017030337394	1.66339220348734	0.279898335665882	2.5690870895607	0.475352996438074	-1.14262936236193	1.79856010613236	1.22500010341353	1.14509419607886	-0.741507749209008	-0.919133876226189
NaN	1.02683620239913	1.3419316862565	4.12612488949845	-0.0319128841457416	-2.16003165908309	-0.115601442164307	-1.3882149589675	2.23183597493173	0.352505351351141	-3.69990073022039	2.18428367036821	-0.0996040430898233	3.92202488194996	1.58045691558517	0.709832852511949
NaN	-2.23680770506816	-0.388814794847843	-1.60884817430176	-2.26658844762891	-4.07613805804873	-3.06894726969239	2.5033819032473	0.803280164834397	1.85400099200783	-0.374450250833503	0.178048556585079	-1.12296478168191	1.08633546320973	2.37493109222673	-0.64577959418497
