NaN	0.322437464169851	2.01368175694076	0.373667210871551	-0.721164785120167	-1.96010538770622	-1.13673144269925	-1.76014784660686	-1.88734729477267	-1.97837828068462	-2.71335796167529	-1.07035185630183	-3.62341415119898	-2.36904700778465	-1.68638390554928	-3.63381182764813
NaN	-3.26240142479626	2.62197374419371	4.91189403149328	1.10194435974315	-1.6073433957231	-0.972496556988453	-0.312867456226175	2.00272199724006	-1.1390586007297	-0.330458212755092	0.471179173797111	3.24273216471553	1.19944409018263	-1.16083069867314	0.392627967297158
NaN	0.382800278736212	0.0373648292643254	1.81631613076702	-0.275774421863129	-0.362053256662339	-0.90871737169081	4.077982690464	1.28115018449508	-0.404890797856022	-2.60360417599797	-0.379155343180894	-1.01059909591265	2.36809940445904	-1.7578938929765	0.357384203742871
NaN	0.0829209284246385	1.92870485332115	1.05435691676168	-0.461110277698493	-0.879868143648191	-0.406305931317682	2.16243985325172	0.497184863517136	0.233255006377898	-0.435237884927618	-1.18929441501463	-2.69532034711861	1.91489698733183	-1.09597392206777	1.28919333667337
NaN	3.83364590671937	3.08158318454842	-1.69232355356287	0.136332377732981	-0.152305374578884	2.18784216581078	2.7157047167011	1.47443588573609	0.738828800092583	1.71512609564443	0.634181011919241	-0.755868272872624	-0.3215610717335	1.97447780749481	0.590012309055219
NaN	-0.771634152522772	-2.15447682718084	-3.01175293920253	-2.83774327254221	1.82396727738164	2.74517170132726	-2.80831079847396	-2.80916839749241	0.141460911619013	-0.928495264326988	1.50071001523299	2.2745517069464	1.40149580408489	-1.80054492143355	1.56221208019969
NaN	-2.28463599740496	-3.04446987476005	-3.12080516752816	2.73982449163323	-0.699942813482647	0.0726146519471614	-0.247162880118023	-0.432321270033715	-1.06600736121267	0.681486241076292	1.61736814235074	0.522336087135927	-2.52301514276239	2.00641180702794	0.416105814084719
NaN	4.72731687371264	-1.13904149832965	-1.64489499945469	2.60129920447665	0.30118878089827	-1.11647982200326	-2.59544814540752	-0.713532660938131	-1.92371099790179	-0.620259283173692	-0.754343091502212	-0.885077689491263	-0.516561515366987	0.082286257526375	2.17218691760627
NaN	4.13885927331403	1.46820320426364	-0.229767974552639	-2.98148229970308	1.24582241972639	-0.735987677005115	-1.71895901713172	0.309198887112698	1.19998950433334	1.6064821105254	-1.84742365416008	0.473468826642724	-1.34951602618728	3.07738874418602	2.71667265009392
NaN	-2.09327267473075	-2.23221564516598	-2.60484793338135	2.74122279194767	0.337541294485974	0.0414203870819329	1.76844208849884	-1.92848926100904	0.0311340166160663	1.47657364165771	-0.777721081696493	-0.403472311071495	3.05250759959396	4.79710346092085	2.19761970215813
NaN	-4.99390859180246	-2.31347245971852	-1.9993982925221	2.83771099538475	4.42442061305984	-0.939281592657571	1.19910633464957	-1.71552090882374	-0.143178778426363	-0.677342025241922	1.6283844276636	0.427866548939285	0.228015778772177	1.9983321860007	0.904128156780907
NaN	1.91805009391501	-4.56277753863588	-1.68887922885658	-1.99009342912922	0.467063939828468	-0.0443334909927408	-5.14676808664084	-2.30452302515859	0.470722943153928	0.194494700638998	1.11512677334852	3.41730468220932	-1.37571343234	-1.02362038038705	-2.10157217060371
NaN	-0.401641988214637	-2.23210787551417	-0.331680937387242	-2.94441122620196	2.70559831152309	-2.78554299591992	-0.741405914355024	-0.16854157086778	0.250048509046231	-0.541517454768061	1.09331588858801	3.18106085160765	-1.36726760334073	-1.78550471143999	-2.10890331181217
NaN	-2.36267222445179	-3.655071431091	-0.688223948038084	3.74393305741137	2.55700763393162	-0.799245678641426	0.0527535862186851	4.65699505847851	4.16843654394422	2.97824386814649	4.14552489601126	1.606897699283	-1.20323787800662	2.57273854927623	1.91177145661246
NaN	-0.395848438697091	-1.66675027152292	4.35276274550557	0.990488313680297	0.203433342383239	1.76085441159377	3.71444519978843	4.45898499100964	6.68598299935931	5.87689309676275	0.0535141472096087	-3.68840839891984	1.47455060443379	-1.40343627721583	-1.49652661996796
NaN	-0.772552904205546	2.31515459482703	1.83507184065607	-5.1279919022583	-1.38967948635259	3.69362428187222	2.86634727042495	0.530714423013069	2.78155487755245	2.75424753180646	-4.30052889663704	3.05388445734533	0.346236379270767	-0.99230445920241	-4.29089785480649
NaN	-1.17545167010869	-0.151529437723929	-2.22721721727076	-1.22814949548457	-0.940577303620754	1.41823190282246	-0.590942385715132	0.746883403680281	-0.192929857160968	-1.25048165660127	0.0797352389820138	1.93850813227369	-0.396040228808799	3.07452251407932	-1.48066159947168
NaN	1.46837104033135	-1.71400144565209	1.74367787549797	3.49576774915576	2.67705331683359	-0.960065497619234	-1.93498786434245	-2.81812135830548	-3.70550838402355	-2.0164303120976	0.314894662423922	-2.11225884142778	-2.44497682417499	-1.1893937420257	-1.25821464851804
NaN	0.776172997604673	0.0842555773630845	-0.273480042668794	2.27521856111543	-0.294019754619763	0.764167792922091	-4.81973988778896	-2.2075202916286	-4.24973218389909	1.28431057598511	-0.376431982266032	-1.618345085351	-2.12824106676517	-3.18637465430254	-3.55233395024034
NaN	1.53097064587814	1.08064190166603	2.49815833535723	-3.38659115106115	-1.47571927300714	0.916558523328817	-1.15375520711423	5.19319491948437	2.70018060571226	3.24890978418826	-2.1127929624983	-0.887961106637655	1.25254560776359	-3.60664747825225	-1.92095607630529
NaN	2.39563899585864	2.11893789119797	0.263516651698154	-3.24012743778563	-1.55208559449629	4.00304562666576	1.71268561988139	-2.1710006851056	1.77369657072105	1.56309001930255	-1.06707336123387	0.173080391286047	-1.92343358926113	-0.431805614695566	-0.417164364717857
NaN	2.19888359801448	1.48483289491736	0.536536412909881	-1.38751272801548	-3.07381117771959	0.915122938952901	-1.16170719121471	-1.94864964533746	-1.097102283737	-3.6554047768822	-1.4270819165339	2.13074473764883	-1.57006076402356	0.263484974272258	-0.336838570738212
NaN	-3.58280613794263	2.27940393698131	-0.336942127632802	-2.52449454808891	-3.38413081662221	2.29376119606351	-0.46452573550221	3.62868623731353	-0.675869184009485	-1.82328290051702	2.99553369368959	-0.994585993926767	1.4702322219815	0.0214128337611736	-0.00447216482622861
NaN	-1.89932946035537	5.77027694909706	3.55788874919937	0.386868486314655	-1.29191216370784	-0.179740148589314	1.75544546907181	-0.284716923124084	-0.151835351517221	-1.24545898485701	0.559529605927494	0.645060705883895	1.29680033042761	1.84207233624477	0.721716097215523
NaN	0.247716075527386	3.46651885868124	-0.578058362682768	-0.711813392044124	-2.39746091326462	-2.54735120524532	-1.65446490193858	-4.22894406979615	0.555903517486697	-2.83712276590047	-4.55873727628883	0.399939095207675	-1.48878690886769	0.841662937046933	0.996247414350285
NaN	-0.944757285947431	-4.50543963153062	-0.209947253730932	0.914814231456368	1.4406098016601	-3.50540790836333	-1.97538202742305	-0.154977281745282	-3.30191005405659	-1.30312974962819	-1.69338675479206	1.99847401894103	-0.682050512674638	0.424727688866808	0.983476241990274
NaN	2.51047344769519	0.104672594109315	4.80445691393443	3.15707141733211	1.39508325620284	-1.29448048339008	0.575322026200724	3.26940361641317	1.15801133930278	1.04844775724545	-1.22746450098889	-1.26650509648387	2.1537072526171	-1.3897929657847	4.31153501025306
NaN	1.83750088312485	1.05363841663222	3.87624002561565	1.77036027676286	1.61209592269602	-2.18843420655216	1.47797622333473	2.73733162144283	3.8929124067923	5.06100873484981	-0.580388033566928	-0.572149965800037	2.62513708261311	3.66264132546705	3.38889936667652
NaN	-5.74371234941892	0.220676772914836	-6.51342108251445	-2.7370003891966	-1.39671179090631	-0.216176752419193	-0.224668391405361	-1.00241824954595	1.84715982486433	1.8108643864688	-0.463388378958219	0.0633697627591831	-0.34615453603648	2.93446953371906	3.20200341336091
NaN	-1.93478556582119	-1.08946163189923	-1.94975380920147	-1.10930832467272	-1.57282397512373	-1.45079132096842	-1.36613030411445	-5.88315499214134	-2.57433203468484	-0.994437833466904	0.820210540193697	-3.14959248239596	-2.21211968211876	-2.19446603576057	-0.276089595443452
NaN	0.73511241731817	-0.197227018280559	1.4029053391408	-0.369749859038285	-3.2181055757926	0.551050011588286	1.35757230931184	0.0911748729596041	-5.00010377637707	-2.80766081066536	1.23176681726367	-3.46578745334781	-0.858605871946392	-2.39463180426512	-4.13470481905365
NaN	-0.716391125902941	0.409068288743162	-4.09021569905903	-1.21181579574897	-2.35752738369936	0.660684114430984	4.84047187064068	5.66823964058842	-2.24314413451295	-2.32864630613866	3.62703529218377	0.888315698863502	3.23537374427996	-2.67966964282538	-0.170967017319569
NaN	0.67902836419049	0.262582968481569	-3.05772599867309	-0.0576896255574345	1.63516605079108	1.03503327556925	-2.10613400770578	-0.176151487958664	1.08134678065278	-1.03999595372566	0.639395632872142	-1.92954286037177	2.94198544801677	-2.54346695403847	-0.311220477123495
NaN	0.178403511557726	-0.396493662598943	-0.296166939340416	-1.47694227822796	0.625568983029007	0.604329619241889	-0.828673572481959	0.0313599800985649	0.203802437666309	-2.54704936413382	-1.27933512933546	-4.45735901422444	-0.676856116964173	2.28089558777072	-0.0523325749389935
NaN	0.50866553333665	0.295351451226602	-0.896884134038004	0.897214517311314	-0.547509831417963	-1.67474036545679	0.0719230572831982	-0.3420801031275	0.326330595891204	-1.92526154724457	2.36194927446656	0.315649408374328	0.676338323493063	0.972288112364133	2.01195491755678
NaN	-0.852589955309366	2.85393859420034	0.379984393622679	2.81450330035132	-2.0084722790901	-0.178613042964472	-0.238284414913237	-3.20992701606535	3.19433614928834	-0.851776741896774	2.61405098478926	3.25593068656104	-2.88727841249552	-3.54012690180731	-2.89061321421731
NaN	1.07189563720622	2.19962275973436	0.706502050976888	2.900369522166	0.208817483238183	-1.50373338353285	0.895964379382088	-1.10209748848651	-1.60345891926749	-2.9670007631987	-3.18970604670891	-1.03724345989708	-0.176841932472499	-3.16075128523938	-1.6966564578454
NaN	0.821689701031056	3.09287622119483	3.71035184720924	4.74815302101426	2.8353916072902	-0.819453513740979	1.02303912993791	1.17972218064135	-3.13683157481306	0.879669419699946	-0.766210995629664	-3.88594350912318	0.128141272512848	-0.754612852457444	-2.03510575441885
NaN	1.49092453922565	-0.328894748920364	0.366864198685671	4.57604943414278	4.94180182617783	-0.710947120914311	0.235522350548785	2.16568597400995	0.71907847989265	4.02438600556573	-0.829224616929535	-2.20754421701406	1.39220669151352	-0.716110675418799	-0.529152352975057
NaN	0.49547529974204	-1.29636406436949	-1.11559047507715	4.38419298850321	2.67637043881931	0.42851507900046	1.48316731180291	-3.14257143475768	1.92066605264645	1.99170217079733	2.65080809038158	-0.174169097379417	2.34729644756584	0.383331841643782	-0.804012911925997
NaN	1.52364400521244	-3.50722272782153	-0.713762942377992	0.575789294459764	-0.192859889150376	2.22442559353552	1.50367629723604	-3.15452188423708	-0.665389188564864	1.68855434144253	0.356457485578121	-0.452606308891092	2.32804140426574	1.79297201367799	1.09297821881798
NaN	0.138668352713066	1.00947973037516	0.846287180101806	-3.74400871443814	-1.48521599783261	2.67425447490607	4.33575915621273	1.95909286070646	-1.45876822668906	1.84540885100437	1.08623163873091	2.85845423591949	0.329151687456576	2.58003475190332	0.324456466194114
NaN	-0.887278569005743	2.68602387769142	1.00536446044797	-5.24947074551238	-0.712697032358402	0.796698658589563	1.03182762996542	-1.48128366058713	-0.578921922312774	-0.928250745199321	-1.10317507077244	5.25871050292465	-0.443979789343597	-2.62203854911605	-0.284429370376313
NaN	1.30005824885728	-0.773829317671171	-0.0630642041425627	-0.786435772521448	-1.5824284170907	-4.06306515891441	-0.745926558873166	-3.01457979838157	-0.00291188913385504	-2.41099320944029	-1.64462893796073	3.02820717843639	-1.25159226065387	-0.813206372230635	-1.66393483533359
NaN	4.50632351884223	2.5326001911771	2.51269878876478	-1.99972780019424	0.898290821792876	1.46157963901936	1.73301414795155	3.85464724201207	1.14152646182283	0.237858814724096	-1.22349544546168	-1.36031638165862	1.83764842124012	0.411125646149136	0.279961681942279
NaN	-1.91471422225106	2.30729496117648	1.66531377074093	-2.05529356478254	3.888406542118	4.01464588165192	1.05053355708706	-0.61018612971145	0.564767440352054	1.175088885804	1.38310035675639	-3.87430627419586	-1.66100210529378	3.07012517035296	1.16724991813049
NaN	2.45177659852138	-1.57447189565415	-1.52549755226483	-2.63645972308304	4.78449348527919	-1.5262863519992	2.82225459385216	-0.286353353889424	-3.36179052968391	-4.24690923811659	6.22262398513901	1.12878570927769	0.933535961801481	3.01148326184992	4.38869075288419
NaN	5.38629640537131	-2.27224484226817	0.797254090016352	0.133721850787601	3.37710649780791	-2.63092556083521	3.28142012825257	3.11602100959319	-2.92510123618473	-0.596123439529141	2.94941804579427	0.734688191118756	1.5200284372594	-1.70458807134915	1.56992914989864
NaN	-5.1706684196683	-2.03157420473264	0.409468164346567	-0.711645726221337	-0.1201877574369	-2.30562912630648	1.17932865256329	2.126209836203	0.704286201240072	-3.99967168336338	-1.57544031022383	-1.57734853586281	0.199478912430804	-1.55462787612098	0.0726563609389452
NaN	-0.906119125690364	-2.90394961733897	0.266316360344759	1.00938144720409	-1.97458129186915	-0.981403133767363	-6.32323777514563	-2.50437942678202	-0.558310069777124	-2.33262456095691	0.514899646882618	2.20447424244635	0.446485305017816	-1.83463399714077	-0.437305407391549
NaN	0.335890927709632	-1.01363756463192	0.018685981532316	-0.677979187581973	-1.09911547555545	1.32063780029464	-3.51522576863641	-0.0384888051678471	0.499177819404787	3.62211860700523	1.26048407951647	3.66323202122412	-0.556596615691226	-0.663977068315407	1.35873397621442
NaN	2.41553897981451	-1.15544000768502	-1.29417778185112	-1.33677226968216	-2.32962117287729	4.98356752020349	-0.977988350126049	-0.289239374633359	-1.57146845883509	2.36287319488236	-0.770484118823963	1.25327994390515	0.00696068109274311	1.01222016415486	-1.85219066617151
NaN	2.16788151240721	1.86836246847149	-0.00803973958229347	0.63773966279263	1.19782746807454	2.22440073394743	0.377355108432066	3.00096645556081	-0.317770490261851	-0.885489543054726	-5.43287657866335	-2.34385486332337	0.900051783991662	5.2365996674633	0.943807987564735
NaN	1.12677829006284	0.334546561378257	0.0671361925940357	-0.798544711808249	2.15798040793265	0.0676852335094486	-2.54433339761726	-0.777811117297129	-0.688775276256762	-2.80207985686836	-1.33366067802263	-2.98701939756352	-3.51360215874427	-0.261563261854529	2.67942582715139
NaN	-3.5297303470817	-0.753291945633024	0.0691943019782923	1.76476484091522	1.09507258885454	-1.39133154592868	-0.994501875438832	1.09298029512603	-1.28836613709447	-3.36480147109672	0.0363482109522225	0.378828952088081	-3.06816994576285	-2.87189792307535	1.87276254472764
NaN	-6.4146542097695	-3.06527113256067	1.8091181423089	0.542021962961744	-0.0348983608554555	-1.59481837541432	-1.91344498987435	4.0262907399198	1.49299125025891	1.06750335511421	0.59615367789011	0.693137469525126	-0.957787638328991	0.502941452271525	-2.75170550458307
NaN	-1.60190232539263	-0.297292493991258	-5.70709482743444	-1.00908235760839	-0.625937223922177	-4.19717333504716	-3.27041157797649	-1.48543408878387	2.58924767937041	3.92486895399659	-2.89057349090881	-2.80350804519483	-3.12041507024002	-1.64676518319771	0.819030048771828
NaN	-2.41499718460059	1.03670922003221	-0.720584337285247	0.256320696590948	-3.85053220761786	-2.22542674960963	-1.08743098454624	-3.81877021469528	0.720659929259284	1.61429964011934	-3.95066462376064	3.62062400278503	-3.03097516492906	-1.62020640991904	1.46879953269526
NaN	-3.31094005813451	0.668148849836869	4.96609815522953	3.885466954112	-2.40876138264454	0.417722858775551	-2.01560619485263	2.24935445916337	1.53792569341578	-2.29405561609315	1.28072739800913	1.12629451128549	1.07933866757894	1.87701042587263	-0.575091005879962
NaN	-0.509611907621167	0.309019513771559	-0.500937474424204	5.16895927058959	-1.85707739213249	0.0507373016708504	-0.348365397461853	-1.1653426699719	-3.00939431759591	-1.90490074067928	3.91817012837417	-1.46712030037348	-1.66388286855016	1.08513534765504	-0.807506624620894
NaN	2.49745822146847	-1.5981506428468	-7.31862087710777	-0.845607460989868	-2.08033169356491	0.783115671843753	3.22659366202676	-1.18519946017475	-3.21059047372042	-1.28422671144892	-0.197712687753239	-2.79336765694584	-2.88330927955868	-1.60557698089076	-2.12078350893912
NaN	0.178755350113785	-2.20926584336496	-0.718885540525817	-4.13315847825418	-2.78457389231307	-0.157391688314072	2.99772523741873	0.348646583066855	-2.47344534440741	0.651803028120238	0.234574647191138	0.663988390885871	-2.04380289925628	-1.01147976578039	-3.03418204038431
NaN	-0.51031041956602	-3.00749541039838	5.27395578937125	1.61674945134001	-0.0198074562125387	-0.28939532459301	2.29322161417378	2.09374498533901	2.24201909048681	2.26227724545454	1.29590601743376	3.17110683472231	3.03492563599219	3.93661521843433	-0.248165378711159
NaN	-2.01014754946673	-0.516536538656998	1.27745292399672	2.43111827040735	1.4552807323364	1.20976517843901	-1.79300582120186	-0.156339170153843	2.50176894838542	1.87196823900076	-0.711536374847681	3.86264074640001	2.81545340400544	3.42184305124436	-0.281103712565947
NaN	-1.18548356008542	-1.21815718622353	-7.35196717464388	-0.648843113064841	-0.57362024053832	-0.134751656110863	0.239779594300177	-1.38241829702642	2.99788235225398	-2.1845072658914	-3.47433436926687	0.675013885646427	0.294286720369861	-2.33260299555126	-1.71796162998159
NaN	1.11329232610948	-0.529888921558876	-1.17545754231831	-2.67577670514695	0.814369316305895	0.495921282145609	-3.7365752247641	-1.12402454081347	-1.33094035887183	-0.83869763985938	-1.44330275826473	-5.38581026536024	-2.55726163201468	-1.81759099704119	-2.19581941078465
NaN	-2.14050776068172	3.56929745149234	1.46596656845363	-1.83415200538564	1.80879989037598	-0.0291554877328482	-3.26352371059049	1.40939717116994	-3.02727840978639	1.85253100631107	2.18116180562115	2.51956914630302	-1.19711539686508	0.785603426506311	0.917488885388607
NaN	2.05274673800677	3.51624090102827	1.83576135112236	-0.512087533500341	1.02330465297296	3.00897373672552	0.303775221946539	1.08882706610332	1.13308169200674	4.50861818392671	3.73740527418543	1.34151028269854	0.570802413764601	2.45391150865919	3.82938454953582
NaN	2.41487052215089	-0.854041159353709	-1.61815389527136	2.19443240729543	-0.330543908789754	2.22640218110692	0.110117374191758	1.28821155847351	4.27527253936125	5.40392889060758	-1.63541189705252	1.584905606322	1.06289666932647	-0.03966214424417	0.501741911607736
NaN	-2.48456662231975	0.616761999768283	1.86239470215173	3.78632891033111	-1.31082561078206	2.53363452296555	-1.15023847621554	0.638419711266812	3.63741303308786	-0.158997782640953	2.8504805626206	4.25202738309315	5.60397428065093	0.244816577449003	3.17171121307681
NaN	0.625088391206692	4.39729263559219	2.01025264964405	-1.60731820625996	-4.24899500729437	1.27499797479085	1.05778061185666	2.30555756607509	1.88958457841265	-1.30055467777336	-0.872775530892849	1.41298089339304	2.41368043102576	0.443455816875398	0.590570767958541
NaN	-0.769980913515654	3.83044950427793	1.0063645222707	-0.10756413497455	-1.57201041042222	-0.657205465688734	2.78916202401878	-0.625322929026267	1.16577117041804	1.61603055109084	0.208527151157772	-0.987722217950508	1.64856423650483	1.30366814805087	-0.324333698207343
NaN	0.223395780391844	0.369128308936706	0.187911520257407	-1.64217179544701	-2.67251478852885	-2.06388030152839	2.13974427580992	-5.30518083531242	-1.48707553199864	-1.49792206911048	1.20936800585112	-1.66974151149616	0.765462176734606	0.971186746460949	-1.54355883023591
NaN	-0.0218677091155908	-4.34859795431505	-2.64415063394846	-0.677821922068605	-2.25085572465668	-0.998725202347668	-3.84021054926573	-2.12120294173111	-2.48175439378815	1.64495186069153	1.36858542012934	-3.01028752694728	0.71096984307985	2.37973400216518	0.892184320936645
NaN	4.72356096649686	-1.37336032006937	0.212583812842949	-1.84482147819321	0.332069148659221	0.383684098656733	4.24964945693008	-0.041127872273406	-0.992119820204282	0.805319793343564	-6.16035085507831	-5.47257999122023	2.45372319337735	1.06767646672574	-0.085191834873119
NaN	3.31442932738665	0.712910702475625	0.232759372619394	-1.47092400281895	0.15361260232355	3.90740093771052	1.13657340280104	-1.39229828298801	-0.14798460472993	-0.857868414117291	-2.07411268930866	-4.32001857248044	1.27737911878544	-2.53676657751517	-3.2708072076946
NaN	-5.89795013058334	-2.0527139301255	1.09223927731085	-1.35050377576306	-2.76988087894894	0.867318159569508	-2.96785364248507	2.25522067230069	2.43967880968005	-1.22716112299566	3.37446748828716	0.751008559942915	1.37450770692472	-1.68087412178987	0.94092095224713
NaN	-1.25650565929226	-2.82489583241324	-2.22903903653251	-2.61013512553595	-0.96312881125705	-2.55169346939137	-2.99715858567827	-0.410475359852427	4.35827048905019	0.72305819469248	-0.388558647919559	3.40144274958266	0.321200855349117	-1.15526877932709	0.208955544869945
NaN	1.72699479885065	-0.150504286418279	0.271498907384763	-1.09324043313883	0.45901371870658	-2.44284207429181	2.52185659808041	2.13753209708132	3.10082624745615	-0.243755632241574	-5.85667472788291	1.70881873751603	-0.781380385805154	-0.619897779348806	-3.2848246225639
NaN	0.189943158487055	-1.42572287968682	-0.999556945225641	-0.31033771549252	-1.15014682566301	-1.86651050126692	1.42476985073938	0.214873018215833	-1.51663301068319	3.63425922347832	-2.79629449082881	-3.6137465089174	-1.68741457872068	-1.5368898428809	0.485160261028813
NaN	0.679520306274854	-1.79794212086106	-0.183864369547944	0.702054117784146	0.74647432941272	-0.248575765752525	-1.90517269657971	-0.178406588632104	-1.09737299957052	-1.95469697893645	0.0466704073538941	-3.41447628871712	-1.09176465069091	-1.23712891170416	-0.62176315452867
NaN	4.48876620459002	0.400178442550766	2.60919747130391	1.43291026001393	0.00277527213392705	1.85667103277377	4.49127466969581	-1.19000865032704	0.0450530493817748	-0.182495134404161	-0.308973909496516	-1.42779954416559	-1.74287104562406	-1.20442506486602	-1.97063804851432
NaN	4.56152685521909	3.03614366757485	6.98168802214619	4.411205331991	3.40943343786284	0.233660681685207	2.65357549856523	3.17367202053278	0.890045520078434	-2.42019503435113	3.06840349624652	0.461546845843065	1.68123251826148	-1.08380235473357	-0.22999050030242
NaN	3.15990367738733	0.881309419859356	2.98871591955174	1.79965121676744	4.8473513677899	-1.22279077860539	-1.25522739526979	0.0879730757942226	-0.196028066949275	-1.38836876380315	4.38727675000089	5.51360247865827	2.45723180901639	1.08180280426733	0.908312156031124
NaN	-4.18604172303899	0.805739034477499	-8.09675606478119	-0.0200561047891761	2.00707231408849	-0.507865497683496	-0.441869586120519	-3.56431227547338	0.404678589641531	-0.88140966110588	-0.672698562769201	2.25473179489259	-1.14871919239638	1.32295736764808	-0.449946315646781
NaN	-3.57407722379617	-0.954768332081009	-1.33066664736114	-1.10381073400597	4.1611826298552	2.47564986538186	0.848862840688201	-2.2553339022332	0.63313076344443	1.42604849916124	-2.7637035955265	0.0515293913262364	-2.61892943190481	5.11577751773251	1.08736620570029
NaN	1.70907869949045	-1.27852868914128	3.34882515243086	2.84479496414336	4.36967773247998	1.9635830047818	-0.398775764327912	-1.48056398126514	0.761893099477723	2.36542368568998	-0.311998855894975	-3.17556919617576	-0.169333598202849	0.790218236129069	0.417286859656027
NaN	-0.735081275324539	1.24143306823213	0.462664550012812	-0.690166066891918	-0.148331558835005	-1.59775192816798	-3.30971348064356	-1.32623792087921	0.078195235465375	0.105904272093839	-1.13452920666755	-3.33398378964712	-0.245365509317612	0.623515245807741	-0.291702527599813
NaN	-0.0361514593274492	0.584544792382418	-3.24939438769508	-4.10372904739968	0.961700835153007	-1.39597575469241	-1.79021256193705	-3.0518858547531	0.49535770144561	-2.52634712567151	-0.755940464288734	-0.744163609174124	-7.20498182456593	-0.141640284432374	-0.37159649597053
NaN	-1.0920925436567	-0.0920019950621933	3.62875515876228	1.90140123569147	2.55655003399239	-2.33502509472128	-2.98847128311293	3.30030124992851	-1.0448711782532	-1.3616190913058	-3.0812545370181	-1.34294446269465	-2.51370920707064	-2.57532184936246	0.384260240503162
NaN	-0.536768806495398	-2.20263738467085	4.66104482549165	2.39842704223677	0.200745943881546	-1.82864058945342	-1.1772449686837	2.06417355863103	-3.55315123608821	-0.564389754334725	1.33770758494521	0.302361720739927	1.6447843316495	-3.53504849855534	-0.442011334053528
NaN	-0.956943268623152	-0.384101574201572	-3.53225008327772	3.19919921987096	2.0147125223432	-0.940301107158265	-0.469129178498705	1.02975781512964	-1.930255491896	2.23814993374528	5.01401770832426	2.3960526997587	0.0516658880497895	-0.771197503964675	0.899883140148478
NaN	0.115452496281907	1.25370626834362	0.614514228375269	-1.31462747911789	2.29043794419372	-1.87864484985287	-2.93637142958553	3.30382130322571	1.66688876182375	0.0164224360187105	-0.962454042109826	0.0637069108126335	0.920242207720862	-1.22215977332092	-0.1164408888735
NaN	0.865725074315779	0.332264866815851	-1.27606251029204	0.841244717961192	1.12680474300275	-1.28024944817525	1.30780242040074	2.33720744085715	0.309966997467539	-0.483851254599897	0.311688802806044	-1.02044947036084	0.0368362283880908	3.00844535452178	1.6664665782789
NaN	0.531317183155586	0.100730360633995	-0.113938646422051	2.64594878056684	-0.346602484540184	2.13403776746804	1.00066739498028	2.51151440841192	-1.0548241757304	1.97933627913134	3.35851107985549	3.45137333416996	1.15399789341567	-0.723150865867624	1.94657216373553
NaN	3.43332913803789	3.14541287903345	0.91952516836296	-4.71482173092726	-1.98544583717047	0.997537017956417	3.17397380279465	-2.12002234087405	-0.782613475256294	0.812131284326453	0.798758448044178	1.10543144876496	-0.798485547792393	-1.51932994574089	0.577513580684302
NaN	3.81548182413802	4.11417526206026	3.04769255949219	2.67656106270004	0.327280626669088	1.6598762013656	-0.899287243640071	-3.30652474789474	-2.26614431893364	-0.137972959186871	-2.72555938011383	-3.42146684592585	-1.3972960837462	-2.67091279523852	-2.81240092999895
NaN	-2.54568142651872	0.18370252928399	2.19349307413522	-2.24294721198986	-1.39853831611565	-0.501017287079349	-0.116862441502909	2.13799728737523	1.13066410689317	-1.07322863855158	-1.88505189565879	-1.47002630746856	1.14551694056866	-1.92865890535585	-1.45936374397898
NaN	-2.83164917805994	-0.829054068877719	-4.65694343278385	-6.10969318403287	-2.49648987322566	-1.26929034640195	0.189310593118793	2.66561483150433	3.86896315710219	-0.638949801586581	1.95247047943801	0.926243119651482	3.38222426480973	-0.0956121386354603	0.647373144662744
NaN	-1.86437170621977	-0.121047481202329	-4.59096919378425	-2.05131727784878	-4.90701336890057	-0.0344775317849618	3.5068635501429	-1.41820824830356	1.21825508108059	-2.11851828482548	1.26247713437756	1.17600252022319	-1.75164950467818	-1.83550376589992	0.601717740140227
NaN	-0.979005548371621	-0.643412646774221	-1.79373565750086	0.734412583010226	-0.942653330539215	-0.513684004643181	-1.24437026707455	-3.98683142904818	-0.151507903863929	-2.3883338072239	0.711624994942378	-0.827438420263963	-4.35252073567082	-1.8863063318735	-0.741320782235774
NaN	-0.606772663303883	-0.773458694748817	-1.67852972962042	3.36636622956938	-0.836239463775298	1.57402200214052	0.463275954194581	-0.730170345572924	-0.622156788292191	-2.25329631837326	1.85958541766095	0.768496932888403	-4.02708806940097	-0.138592168011515	1.81407438855026
NaN	1.03410055403421	-0.0140575405870946	-1.76591025282153	-0.861157087515729	-0.202881044455344	-0.740011389939614	1.42647214243592	-2.60094137997275	-6.14414837985096	-1.7317202423752	-0.429081253378076	1.07988139391474	-1.08014370112601	1.58548766000127	1.92050446657894
NaN	4.60969198979003	2.91968445577862	1.14695312476528	-3.07159755925968	0.348963931835208	4.41086725834957	2.6216970075262	-1.00719455016173	-0.762120419654518	3.15596632235348	0.327940486315982	1.98953416141621	-1.33367686649051	-0.884337801412173	0.211599093617859
NaN	-1.78997536954531	2.90159640571695	0.272611340523379	-3.51574072241794	-0.673246434962715	1.88835569362831	0.145582209535496	-0.25485015712204	-4.50932827736537	-1.35907404134264	1.47728777545513	1.66300110626112	0.462110696472098	2.5946834221541	0.761032211951526
NaN	-3.77818453176263	-1.83892175279144	-1.27210036755469	-2.03349926048596	2.17560230772138	0.420988443607921	-1.56029330214003	-3.31844781347807	-3.88257824207833	-1.93647145046775	0.442203222504695	3.55699510541685	2.09373516359036	4.59581526069676	2.2389330901692
NaN	0.296770069938971	0.762896073661334	0.54073626548069	0.596408690112172	2.45220875038187	0.366599178105385	1.38528785324941	0.379969349983744	-3.70606032172557	-1.3207473083584	0.511075597281792	3.90578546128321	2.03873203037237	0.293444726046859	-0.965232789839739
NaN	-0.267373851224762	1.05477447715289	1.67246656655943	1.83233940377141	-1.11644766161809	0.712556266502631	0.646352902447987	-0.280376076242993	-0.549921943391341	1.80098609183492	-2.79187662036354	-4.10882583062308	1.23675892574631	-1.73315675554111	0.617475809135223
NaN	2.49018467273642	1.91786235454934	0.893055909972792	-0.946225992834687	-1.71115535047124	-2.99630747569255	-1.01883437284391	1.43831208232664	-0.543298719513253	-2.97224828435223	-0.903322717511914	-3.2783656353442	2.21788407837048	-0.0169884951835821	0.00521877405515917
NaN	1.18983083014712	0.291122850025008	4.93263897504332	2.36150432944374	-0.253701874701933	-2.03054417395467	1.41255893845894	2.06996577730925	-0.843853553230059	-0.812382977600457	1.97819086965212	0.378257901780617	3.20778780012814	0.0982947089459752	-1.10055381792475
NaN	-2.61597791150765	-2.86575715848775	4.77103587022272	0.376423839228667	-1.27482570909114	-0.983629191961283	-0.367108390015092	2.5412315595368	1.69775426724749	0.560624708831502	1.54738493095915	1.56082967920236	2.92310367906222	-0.23255909090211	0.419066308218023
NaN	1.64625692777227	3.47560700078601	2.16409799648481	0.543308303261086	2.24450722041317	0.562302487766473	1.38948615305835	3.19451038623988	0.92505547539831	1.89277748092839	-1.20395933564764	1.39497397667858	3.49865002412417	0.899047335264235	0.344209766849853
NaN	-1.0699184112314	2.07591824672079	-5.39213370666067	3.33793513076861	1.8286062889261	3.25763470749946	2.12499013107689	-1.32765325498144	-1.1018562125752	2.93825239516946	-0.954447645068495	-2.28639520577427	1.15063357848808	2.84034976066993	-0.658909161189973
NaN	-0.344897339011404	-0.947156777045385	-2.97483796847638	3.43276680837276	1.16498811341726	1.61522430472724	2.9915748398378	0.288817991366773	1.01816441403779	-0.108991209990781	2.04389062403683	-1.23480830267638	1.33475859807835	4.50020753490487	0.682079516775935
NaN	0.782991103324352	-1.50949843286144	1.19798568559557	-2.27526446858579	-0.104278862033626	0.273082679066334	3.83167518591046	2.76849787522895	1.42731523917184	0.475137387733892	-0.468704721687043	-0.775947240872192	-0.613477623816742	-0.261148335950758	-1.28742356523746
NaN	-0.552790169352387	-2.16570241403935	-0.496482720357549	-5.11325279660873	1.6449185558015	-0.402695614471909	2.11036530105002	2.61647605102715	3.15234169882212	2.40853732713075	2.0051702843533	5.64078838708076	-0.1020645382195	-2.36114608498107	-1.33627611363661
NaN	0.0220551877570184	-1.14998554064476	-3.53877949994854	-0.623400048606107	-0.0670614339026408	-2.48491395402144	-0.129574383304605	1.71263141205806	4.7337870459721	-0.130122760442536	3.73325118812611	4.43211426264647	1.22149334625572	-2.01861436726433	1.23554260295162
NaN	0.245278759628587	-3.18471057113467	2.57125454004968	1.41695699128675	-3.18413489928919	-1.22005122504092	-4.19739472759038	-3.06921171135395	2.86758665714181	-0.911428838836617	0.390184574821054	1.03926204984799	1.74514829906102	-0.010057993421761	1.92947195281341
NaN	-1.47238755984043	-1.15040200383604	2.58793864966051	0.452144477023938	-3.3071916682382	-1.30594062676707	-0.690596757077887	3.58938034594623	2.94216068199654	-1.5627560050883	-3.26600021121361	-1.11438609182472	0.891420803853688	2.15402427055954	-0.492297108617896
NaN	-1.94678960570362	2.99848740159819	-0.177640479004903	-0.247402769190765	-3.03813914763207	-1.27152603928143	-2.93340603668433	-0.961276586040188	-0.607572334703555	0.928138597080476	-2.41472439608919	-4.14639803202322	-1.98376705577267	-0.30249558949387	-3.56437621146311
NaN	-1.54793535390852	2.42792416907516	-0.936778334780831	-0.136886501854554	-1.10903701228799	-1.42398868136209	-1.03859852289054	0.709569810174899	-1.29779549739783	1.54731040147751	-1.94289136789111	-0.310704076498069	-0.500135155675006	1.94708660952607	-2.39850191413092
NaN	-0.548905417924028	-1.42148093134097	0.168777844082183	0.23655163642964	-1.03286938042555	0.0655140895776186	-3.17981296813183	-0.167566553962824	-0.283036191180994	-0.854404337554715	-3.28744025069203	0.635428470770926	0.0875888677665976	3.02477156463115	1.71383271572481
NaN	0.0400138164413681	2.34937634957134	-5.33429145593879	-0.663319862669933	-0.554022332944026	1.5280511349472	-1.32329802652607	-2.38032675210567	-0.400978489248929	1.88427490531103	0.606332041140693	2.15606489669747	1.67103835481091	2.16965241688839	-1.01236458514464
NaN	0.906949493823614	0.0994512595328317	-1.04849073427312	-0.31447140306513	-2.56648729282173	5.70712196619168	-1.27054133173369	-1.64004294927266	-0.822564140694378	2.04264826561991	-0.379353566949388	1.42496570560617	0.476784530991978	-0.299680129481855	1.49362937341096
NaN	0.517870632671219	-0.432281761533898	1.99858101609416	2.52308889101021	0.972619090194034	2.99672997351249	0.0277820950374877	2.90326245029462	1.90602995683011	0.396726635958916	4.35591755426122	-1.51347891788448	0.51226131670517	-3.30399712847444	-1.53444489771331
NaN	3.42723627411711	2.08482440114218	0.0990181843458081	3.46986254874178	1.94740080751797	-1.26155301634447	-3.51224765332092	1.67570839460395	1.68677500009013	-0.470135424560947	1.70127935284197	-3.24691748422589	-0.728877657705368	-2.86539507743312	-1.867066362164
NaN	1.72191265885326	0.314751218853871	1.14776239630154	-0.341770758768734	3.57887565710157	-3.69273279988753	-0.631028066887844	-3.10480069999642	0.822217923723509	-0.888487614034034	0.617707270095542	-1.62318093582745	-3.90751320759835	-1.80012392277116	-1.29980068742002
NaN	-1.53370115279163	-4.97074873674631	3.03132153469114	3.18557555945727	3.23568114472462	-1.76122156993524	-2.10532705081153	0.228315293408218	0.796319942151197	0.586261803607313	-2.87679996004439	-3.99975353562108	-2.29760184090228	-0.701726789343705	-0.694043251961852
NaN	3.75579939271458	-5.29434741175866	-1.5542912725803	-0.336639318853801	1.52410833967769	-1.31382569177656	-1.60724355669233	-1.37798167517088	-0.593929082901245	-0.114466202063545	-3.6186756399627	-2.32267186753793	-2.53552597839081	0.404472692301412	-0.19646402464004
NaN	1.03476422701684	-3.41432430602718	-7.49861989810974	-2.50431452337044	-2.76792535684138	3.89153952780606	1.49255121537242	-1.62442019852786	-4.20406531302366	-0.0658814301597146	-2.47521301851003	-0.943520576910767	-3.97018181558507	-0.356778633918147	0.259891648162828
NaN	-2.94771000860344	-3.80211510818429	-2.17171259293114	-0.413474226648353	-2.19296055951838	3.6488749877797	0.402943041244431	-1.35801869737996	0.717323878843453	3.74058504015236	0.0667808356139489	0.52024292065132	-3.52074367906707	-5.46635443578545	-1.21892366484731
NaN	-1.69250048838287	-2.20810513349033	0.218071929612715	1.06534968076464	-2.04992681064743	2.57494443424633	2.31923934780899	-1.30220727374915	3.78927719253021	1.35742458676659	-1.50068509139086	-0.151261189717751	-2.92740467154523	-2.94565856221716	-2.36055050201659
NaN	-0.819598002092896	-2.16013686573553	0.32736026254741	-2.41442293804386	-0.0753827251680969	2.86862808753344	2.00174281732456	-0.188046504553217	2.33037923144188	-1.23755572402105	-0.971590986657163	1.78494561978719	1.08138471754202	-1.66706844027624	1.22515999192314
NaN	0.445904221171436	-0.46955282921201	-0.158339513259051	-0.6773194375335	2.27814262517482	0.834695266737991	3.50366074145132	1.57883808027548	-2.20807737130549	-1.78680578675802	0.583824264375453	1.03006979689434	2.58559391365731	1.1328419448408	1.3775201351808
NaN	1.76417609635025	0.387708051939448	1.3006763145992	0.733412125264446	1.64089140758866	-3.16945608548644	2.20277106047962	0.0682982638120626	-1.5027464602359	1.49788321698362	-1.41545862159225	-4.29220295637486	-0.82027460128507	2.78180583702245	1.00230154845595
NaN	3.61026946272043	3.50043070560431	2.00254054165205	0.696841174688144	0.829878660232045	-4.38488290152655	-2.69603435134374	-0.482378408770817	-2.78710923573094	0.836529878813337	-1.21520532992153	-3.37735672842879	-0.413444439050268	1.62610986463029	0.811973393218402
NaN	-2.73777621057039	3.65349175434205	0.753242496766937	0.173615202411198	0.272320145207593	-3.61926210514362	-5.52345065895107	-1.7191253977543	-1.41084319306613	0.0586494886750578	1.71345160856387	-3.47264992465722	-2.49254146294604	-0.892299475139179	-0.54678978417261
NaN	-2.08661121503958	-1.08847680356083	-0.485790494523661	-1.2837684903249	-0.0151854925259728	-3.63656165258743	-1.38898949085175	0.00212559158890294	-0.592915118398687	-0.621192658153691	1.16400242005989	-0.62788512907513	4.19095559870055	-1.26565237675299	0.946691659005192
NaN	5.39108223579103	0.00890634505260507	-1.06803701472724	0.818993366170478	-0.0998592759302326	-1.80230275928309	1.49447420320179	0.892766549771665	-0.910004685734233	-4.71912364731902	2.7855022909759	3.45697247077974	2.13109057005079	-0.199371296779131	0.623587099002973
NaN	0.294675935365208	-2.11035686864658	5.59936475461097	2.44932330866854	-2.20277392193713	-0.853110420643192	0.975880482632168	1.54391947441887	0.211447843335347	-3.81641608942232	0.764138362874044	-0.115504441480239	1.63964895746982	0.731816709016583	2.33957066991026
NaN	-6.57641272941373	-0.512221543487706	2.59730003973531	3.7124329347587	-0.549605590707826	-1.45015669261839	1.22391233594128	3.02396927618071	1.54845354090098	-0.00432601921655481	0.330725071682543	-1.65144055510035	2.40127113963685	-1.03214103318741	0.0578604895562132
NaN	0.871881149323111	0.781890125086697	-5.26795682301293	4.27459969779044	0.837886613670446	3.24998471164194	-0.761217849093556	2.12419107299863	3.99682538160567	1.70069767335859	-1.6983598841912	-0.270694215243302	2.8242241567467	1.15706620171405	-0.695132438846974
NaN	-1.14468911538429	3.38140019668394	1.68370156874405	2.36534567532665	0.34064208154547	2.29544333354137	-1.40530899481978	-1.75054415275528	0.208239667209976	-0.188630205195115	-0.773828062686316	-0.509357353165744	-3.7200083000444	1.0653738696379	0.278119198843327
NaN	-2.12301904632755	-1.45121858494488	1.61528641148545	-2.45891526812074	-1.34239223612435	-3.13598101047321	-1.71090848582884	-3.63102972378374	-1.12445697222802	-1.89180962670484	1.2990598835593	-0.261763627311097	-5.05060209065441	1.37327788794548	-0.980577092075041
NaN	1.32455012428667	-2.7640375452578	0.733300184819509	-4.04701217510984	1.36592748429425	-1.53562430961056	0.839744393136699	-0.264175211627621	-0.884368398238141	-0.780043383919775	2.51428172557386	0.780163722830793	-1.62103623889523	-1.46270061357774	-0.480258243235677
NaN	0.780606321730095	1.78458946414446	3.27846793776287	-1.65169113390251	-0.451481738093342	-1.77903220933229	-2.17957833248653	-0.954986931140702	-0.776115665387921	0.246567796649288	2.2651473914994	1.33640028729824	0.791906549435972	2.492361525922	-0.5329878966678
NaN	4.17125944776843	2.62564090007504	-1.98669981243725	-0.115698790123377	-0.64087172644289	-0.549317185159347	-2.09474806584836	-1.06797933454278	-2.3231545471613	1.85407684023613	-0.130104112053649	3.55833070547853	3.42404814194364	2.51523978280679	3.94496229731651
NaN	-1.44630925358348	-0.538423396984217	-3.02121126684894	-3.97693376153079	-2.11704113252912	0.606459231468294	0.629826438880304	-1.79269373547268	-0.665147830215914	1.7257872308717	-1.40625328994166	2.91480367935248	2.27561312864145	0.953584732361466	4.12557975818856
NaN	-1.53496440100266	-1.09652457082147	-0.998664369911953	-1.90263449719834	-1.60191327153508	2.91628331470945	5.29072196128455	1.25971748211309	-0.0949526677090888	-2.09550241729581	1.76964629998986	-1.78908719862126	-0.531248953386257	-2.82684313937393	-1.4737210633852
NaN	-1.10221471674015	1.4592954849155	-0.581184060081276	-1.88494797267981	0.922560166425285	2.26696537510261	2.42000569288249	1.11829548392991	0.992275646477148	-1.15807963011211	1.07584910189028	-1.28661505081445	0.199041537204623	-0.892022972528229	-1.59212515889428
NaN	-0.730075201307206	3.63805797164229	5.3340203194341	0.869582057259744	-1.33564485340727	2.75087465676214	-0.421377738128226	2.76964764410245	0.445293696863087	0.424977667296799	1.3605670392032	1.30657070781906	-0.159150253109746	2.90711488785776	1.07465395076236
NaN	-0.699083813494479	3.28667610915873	2.57906537410399	1.26599150101719	3.40041230990218	-0.752778704832071	-2.33542565857954	-0.703316412915124	0.047403125608269	-0.985090950426238	-2.14678134579075	5.06812979687002	0.59258294389555	0.186583495587246	-0.645929580201419
NaN	5.7491572428741	1.47251790723843	-3.07619387242186	-4.03339510374086	3.12580708626476	0.791190567136975	2.80502580854711	-0.140606328156553	0.42291303349545	-4.29327005319117	0.410084206877245	3.08921881803686	0.0108736230033572	-0.233704573736436	-1.99213719577419
NaN	0.872746908859438	2.23642588217173	-1.44850170883396	1.72109865590036	1.66533351075839	0.499640303663377	4.49199224765505	1.42928775112928	1.55855140300705	-1.32889751381498	-0.707331912325971	2.10929118981191	-0.337732030087506	-1.34352804470823	0.395796103153307
NaN	-7.78364805076465	-0.813220675948692	-0.329260946008602	5.01242698819153	0.393179457033913	0.572549517290525	-0.719102576682242	-0.60985422379014	2.11655239667597	1.64714837101426	0.30133809479957	1.83434658032403	-1.44595102560173	-1.75150664741455	-1.29733928100309
NaN	-0.801854790620554	-0.628745676439145	-1.43116164398251	0.816382828695677	-3.2098268875548	-2.0192927667821	-4.19917376907308	-5.25306724892733	-2.79146405087475	-0.0521984856329699	-1.57173123296188	-3.51846329252186	-3.97712761876429	-1.88002349629827	-1.28649217618712
NaN	-1.28439887557915	-1.05884622325306	0.359379687582669	1.21067254597623	-2.27983137474401	-0.959863991839632	-1.81489631099767	-1.11073355475531	2.35358218154016	-1.29621958853809	-0.985676551802714	-0.362013184789888	-2.07221140216158	-1.08489081322188	-1.06416567480977
NaN	-0.436661950399609	-3.32769265117427	-1.71459350171312	0.264052660319424	-0.168868230166986	-2.36381563165216	-0.214212130399142	-0.473065893619632	-0.350683670699274	-0.691622906199047	1.49304885566777	0.217775675043952	0.0380601831132276	-1.13975515578108	0.615504493312004
NaN	4.15593407132524	-1.10692252868443	-0.825179776202226	-0.216310669814626	-1.68088421634167	1.64060943641299	0.587709136480852	0.150260924444791	-2.56414499291236	-1.53254356635383	3.93392540208958	-0.0826624475205354	-1.0879324038253	0.839521344112157	0.532451014931889
NaN	-2.00288241200906	-1.2753266951405	1.32472229546323	-1.16320724324124	0.66092689487314	-1.44390919959117	3.3811386313185	0.629336439589634	0.0252095394584123	0.522041071251465	-0.663563414813731	-0.858338068817354	-1.84207897830227	-0.025393656291705	0.641761144882106
NaN	-2.91384644212605	-1.97172895170921	-2.04500523433075	-2.7188967889351	2.37398204323496	-0.527287544120354	-2.00717568481824	2.06834729524681	2.72921947402121	3.05513337575901	2.28409687593826	2.51718987052854	3.72139497910892	1.38481747817031	0.369530851230189
NaN	3.71684471828791	0.313449855719125	3.35523372214128	-1.84221781955113	1.23455323967624	1.22714359729939	-3.34231449471847	2.41802018578109	2.56941336596378	0.636591338360735	-2.29992209067672	-1.38597952880281	4.33470066115863	1.24241048468331	0.659890006471531
NaN	3.7903685408987	0.0526527423673809	4.89016795947148	-0.389857773139523	0.606809705717886	1.46126969286772	-2.29216275771614	-0.313877808643242	0.933515439034695	-0.304460330966531	0.149850061651219	-0.00852094647411723	4.2519541176866	3.74924779778242	1.37903052689767
NaN	-1.32644389221872	-0.278903477694166	-1.16484052429922	-3.90156242151428	0.785656535971357	4.92167241014303	3.63566487136045	0.920060143150944	-3.55306497630824	-0.283579788165204	0.20299116704095	-2.52703911996401	-0.526299350239292	-0.173939683384383	3.61387629397218
NaN	-2.3474713846457	1.25609920830969	-3.63061681575113	-1.40080337827377	-0.624998284458078	3.33302387301937	4.57584329288416	1.11891186892705	-3.02100056439356	3.06329565959883	-1.24499411081407	-3.25991606393486	-1.72753071810231	0.31683364883641	3.14217689322026
NaN	-2.36491518123154	-2.08853772417732	-0.408314849320876	-1.04044488453611	-2.82743719500676	0.22887864350166	-2.37943896024477	-2.35670181456421	2.5892563026034	4.30905079133101	-1.64442079051569	-3.85592253826366	-0.408779920088589	4.10757793707288	0.619148340977864
NaN	-0.404360533530158	3.71275814134235	3.61204578763478	0.420276324029542	-3.94356657984603	-0.468694572578816	-1.55072644951549	0.136717382663053	2.58229779272533	1.81983762981711	-2.84512126634255	-0.141640759153104	-1.22377657655271	2.21405076462795	-1.82394748059565
NaN	-1.3941284471292	1.05168109973951	0.0318856064199486	3.0066334588277	-0.254561249760442	-1.36400288463769	0.251817916845533	-0.603816837110742	2.53732069785074	2.15531795274666	-1.74577087808178	-1.54632215803639	-0.97117129050326	-1.83684071062436	-4.37039002392626
NaN	-0.0948616897670878	-0.557992253776398	0.193569559436724	2.86797176399495	0.660725528187628	-0.557616771379883	-0.24223785232242	-0.804600681581925	-2.91169083470963	-1.2032150649313	0.249975710630777	-0.422604357207932	0.632507089468137	-3.80585065918334	-0.338506835686528
NaN	0.411129210958958	-0.746849323327416	-0.242255756785629	0.388999077808131	2.94265388462551	-0.654390280376658	0.651825496605115	3.11221452096966	-4.27694120996312	-1.5435065853092	-1.75054429199298	-1.60431701264732	0.726029670516564	-1.12388362807401	1.40446402127107
NaN	4.83366865578445	3.71879482510084	1.25315430792356	-2.65529011414078	-1.00018503832097	-0.394155687524948	2.19127570929215	0.170757355931144	-2.55532456659093	-1.86684691948082	-1.64137467347336	1.56380728740255	1.13430882565534	-1.45819088371466	-2.63178549153118
NaN	5.02939030166382	4.82272115664619	3.41410972119798	0.604471259767356	1.65830903878477	0.606098972220712	1.18269719497432	1.2101822713819	1.5124937350148	-0.254272942591094	1.45574502520824	-0.189750504351101	-0.460124602600881	0.929474535281027	-2.08068953986152
NaN	3.17031620090727	3.25103549630867	2.48818723375462	2.87079814714172	0.480018402132605	-0.215132097910461	0.738944947069871	3.36050759574563	0.912711520165914	1.79949214696847	0.0191106322977134	0.173017835666515	0.355812630073424	-0.542764933388892	-0.544126410895513
NaN	-4.83248955233934	-0.106472093894087	-3.06777270514932	1.98040748306744	2.87062252260066	0.645686208563346	0.524561381070886	2.52642754658354	-0.0971633413237041	2.77817251130527	1.0230795415147	1.50944299099441	2.10736513109531	-0.661325041995627	1.86795328767005
NaN	-2.48490555072232	-3.43436618253205	2.26752410252131	2.46886231585652	2.6766912001911	1.52410614669317	-1.44049576293845	-0.599620660417067	-2.84563914348141	-0.822765639611354	-1.25698844266642	1.05343679529543	0.840134865570707	1.08340187766269	-1.90592484617473
NaN	0.193314657665781	-4.00542329056616	3.75203735594479	-1.91816172521144	1.6454586821923	-1.32584581139699	1.14323696551651	1.45123337919892	-2.20178291336965	-0.532512261602896	-1.52467432929513	2.33064457784385	2.49484975333065	0.356776196067427	0.2633391147465
NaN	-1.6458246333176	-1.73432420313057	-3.75745777645598	-5.34915614161543	-0.888336942482227	3.5294371808242	0.137501974069564	4.41242340294927	0.37778052200418	2.76814131194454	-3.18424848803746	0.0902161294289094	2.33691227293968	0.632063228993049	1.93705500795814
NaN	-1.23660749520767	-1.24553494405078	-9.37621001119887	-2.73803538184154	-4.27759716339373	1.98036366805896	0.907686576243223	0.307013633974681	3.84252539418387	2.42130713142272	-0.0965666161762352	-1.4507256739958	2.01504987177226	-1.43594618389591	-0.623653158152035
NaN	-0.587262091815009	1.24113627777001	-1.75280950270032	-1.31806697900581	-5.02793017277035	-0.218886814751212	-2.17372485488617	-1.41808469095896	1.81574044884852	-2.40539845880072	2.53844701498066	-0.105503852841665	0.855492911749393	-0.304742756086968	-0.452552871519728
NaN	1.09607011278483	-1.34893444301071	0.397597459714555	2.69952085927483	-2.80798460836438	0.296952482514415	-0.460607800620046	-5.16658285675777	-1.85123318098931	1.50808496017114	-1.70207262246809	2.68307307371813	-2.78698750569591	-1.17678972929922	-2.36259122621428
NaN	1.27656632976265	2.91928708447479	0.0738872205370855	0.727147270144667	-1.58429808568725	1.76345668881049	-0.11898249616659	-1.04609116325119	-5.05643213877602	1.36361731386796	2.04569351233797	0.811942492866397	-3.76335065787582	2.74635534909297	-0.188430254011567
NaN	4.93351838608502	2.48885807750332	0.763112715931598	-2.17082056290883	-1.6372438959804	-2.69191166472984	3.95421085475532	-1.06547611860806	-0.896850974601943	2.26468408722066	2.42214682504835	2.25668687416884	1.40091630003818	3.39821735480251	3.56972596150516
NaN	2.2186076831904	2.01082844369031	0.589716489099527	4.39868043820438	3.65583062099985	-2.12201179770282	-2.16750035921957	-0.0948419971963265	-2.44172141613429	-1.81449200119013	-0.421461398332038	0.306642055052925	-2.30416253201527	-2.37654188355757	0.18594571607077
NaN	-3.26390791047708	-2.25731315299695	-1.97204469765384	-1.22538575573714	0.709983746412968	-2.33230218083274	-2.83333407938089	-1.36950535478522	0.703623998293792	-4.4654153984085	-2.2432978332952	-2.12209479012546	1.10147441204965	1.02258341139332	-1.88037047550618
NaN	0.349599123709101	-3.53151943431698	-0.953847114888101	-2.45334218384864	-0.0568437365297581	-1.55009328446796	-0.800463786531656	-2.79353269425224	-0.143272379460334	0.0349176661731391	0.853438268133526	-0.273590820030146	-3.50662285477021	0.0108412953980092	-0.447018559185127
NaN	-0.00898290828099191	3.03292058302616	0.228005482524468	0.67931186273213	-2.23151583864796	0.512145979520457	1.52283373772591	3.99152557771201	1.16369444024306	2.574061672183	2.75074220024401	1.24810358296532	1.19773286171465	-0.89650664605875	-0.75447287968078
NaN	3.47757364019686	2.46319587344002	0.353621986706141	0.205837576269904	2.57402108116555	-1.88373636955861	0.844736296659845	1.20535799650121	1.98088094654972	-1.9333923166338	4.31579215355407	3.20815522903998	2.02465685307885	4.00800446070246	3.63929986149181
NaN	2.81581257038437	3.900498127474	2.17072605077016	0.903100905745949	4.4014623709845	-0.011481706323518	-1.6178552722914	-1.29902899896101	3.99828946495873	-0.306942076685886	4.23643619501335	3.73852309513594	1.18537517370724	-0.182662506553419	4.87867809970021
NaN	-3.6714971642026	-2.87849705461785	-0.754340653386626	-2.69184446150058	3.39950433030444	-1.36579157395373	-1.01936159940651	-4.38199450834966	1.70412787347724	-2.27912425976704	2.62015314717859	3.92451379135711	-0.829754794816229	-2.69016991591288	0.777381361255067
NaN	0.701349694325119	-3.7596624691089	0.835141712580582	1.68402568973167	1.88571157101958	-0.678611527557421	-1.29006707016132	-3.55225543985325	-2.04213331686476	-3.74669638649592	0.0199026046769956	-1.54255582754167	-2.38876297387598	0.546492055466819	-0.905630122513276
NaN	3.524401504145	0.55440062695385	2.44308859641702	0.259186569467319	0.346060475338583	0.170067722680367	2.17606133992586	-1.62431643378555	-1.74244106039305	-1.44054234078175	-4.80193191234433	-4.45906900032588	-0.968566142438278	-1.61089592675735	1.59093520270077
NaN	2.69561209437154	1.82677874857493	-2.45107445022897	0.565083495735413	0.267016714697338	0.657777506914991	-0.855530701797469	-2.13234096495743	-2.17539901850665	-1.89729195286335	-2.5840553283456	-0.622227159053058	-1.6806629073339	-3.12356281918218	-0.62206756395451
NaN	0.232663513319415	2.01296994386466	-0.626591276476612	1.14989130263982	-1.78232079260147	2.64915943194888	0.463949936402418	-0.8122073716091	0.418104934990183	-1.57165546522813	-1.37616938337478	-0.655976549562052	2.40718137232738	-1.04081090229353	-4.09172673804973
NaN	-4.40445201283118	-1.02743015512064	0.670599499398914	2.48756697600875	0.428924510358518	-2.05165965644037	-0.252384466752452	0.565405516979298	-0.223772860306248	-1.67377814709011	-1.87677400377342	-1.88714975262337	4.1737969149248	-0.949260075458553	-5.74087743663851
NaN	-1.45461755757354	-1.16695135924995	-0.786374461585121	-0.168399653503274	1.78769910658412	-1.9152103742392	0.393852043030962	0.196471379619007	-0.787825039125701	-2.04875436321499	0.139125914189692	4.41849621909485	2.57991953525575	-0.734169389557895	-4.35394732271716
NaN	0.126285223886677	-2.06350176916155	-1.96705872600248	4.33760801698382	-0.0560747283865302	-0.946691552799701	1.54133929380421	0.790223541772004	-0.331211269594616	0.658803077229681	-0.528398547746343	-1.06163811168981	-2.88201727882118	-0.118308152069325	0.444067046595756
NaN	1.60045906906478	2.22146789403645	1.76219044443764	4.50016604805165	1.7413611063305	-1.83576075511681	1.09881680327034	3.72630969306943	3.02298272790777	1.11142385584577	-0.904099327541713	-4.10853239893129	0.57744179157764	-0.398495854716719	-1.88726286181625
NaN	-3.84704822837523	-2.26025161071394	-0.452450145339079	-5.35760978909961	-1.12288898892905	0.700175429204296	-1.09181435023199	4.00413275661001	5.20032583224471	1.85183751248328	-0.651191657136101	-1.63800572115399	-0.485651186359747	0.789708933879953	3.16002501202608
NaN	-4.4494568921457	-3.70397892905837	-4.02300342855684	-0.741791133268865	-3.45204335054845	0.424618531341554	-1.06045790794479	-1.37289766788553	1.04926434506089	4.39433121083895	2.84044044440284	0.898433840408233	-3.99678221815399	3.625628018934	3.36187213834886
NaN	-2.25065643816409	-2.67663491384236	4.37930774273353	0.217536932317256	-1.38896404308527	0.432142193057833	0.7527221271513	-1.80568554404841	-2.17699761614484	3.83918005616588	2.48655400045663	1.14909717858862	-1.03665893533554	1.11638407788856	2.72658553920222
