NaN	-2.44253564971537	-0.52401261116508	-1.70598951927157	-3.38102026736134	-0.0536370677522091	-1.58816446765489	-1.41276164587576	-2.53769451284724	-2.21752947398073	-2.28657685913037	-2.85327533119577	-1.04021331333935	-2.76844658618221	-4.39977717155391	-3.67458636026822
NaN	1.02522819190094	-1.69167055017237	0.991191125685404	-1.41448188507102	0.821828437432124	-0.634251386881232	1.86271275477167	-0.0428595539075451	0.745417711168355	1.64422693343027	-0.540485387656044	-3.62159850483709	-2.6763145234388	-1.82634204843797	-0.495620834579216
NaN	-1.2034230018038	-0.933598399036636	-2.3149616834582	0.544275956460691	-2.66792118972223	0.738178512371707	1.5053315390095	1.27798185468615	-0.159885061864558	2.80730250465447	0.286204224531836	0.183898331332664	-1.7126101676945	-1.28492049604021	-0.848422871851504
NaN	0.140102317903543	-1.12107812001842	-0.453573335574864	-1.72464472938895	-1.56558774558889	-0.581016010802523	1.64234218709674	1.09968485125217	0.406155086647891	-1.39789631965073	-0.223399422051085	-0.724072846359647	-0.0693235559784831	-0.583266107903526	1.08488053572133
NaN	-0.657937232025094	0.602061121954424	3.98843804117175	5.69869874924862	1.14800835967879	-0.701982550854142	3.01523438822531	1.38192678105607	1.32503402751432	-2.16244403854124	3.65060520526015	4.07891293076358	3.29821845693293	1.4186900036028	4.31737576429546
NaN	1.1929394389683	-0.126093825504263	2.82738803108432	4.51497153359266	-0.199533879659814	0.585964557688156	-2.11619407713367	-0.102891895255646	0.552579230001325	-1.36438100134863	2.52556797356957	6.01049709267556	4.56127458749054	6.01896719620378	2.82699214631415
NaN	0.526218065047405	1.44238880697561	-1.87728151477542	-2.66874291765476	2.87495503480901	-0.670241966950004	-1.85722564134216	-0.637082099421573	-2.01447410873422	-1.46787079772926	1.17596157969766	4.95921254711155	1.80024266143368	2.39704391629161	-2.58401032863169
NaN	2.2355431696188	4.38932121490657	-0.75966732742095	-3.90104182892251	4.04971997165955	0.702642339109866	-1.08820580361056	-1.60408140637689	-1.56230259249767	-0.774464440080733	-3.81622546317994	-0.400653604028142	1.02282604055071	-1.20412500523093	-0.90344481811151
NaN	4.05823609344847	2.96416965655677	0.185255231472851	-0.472850777623078	2.03700213602522	4.80035899877016	-1.57945066000697	2.05001949293763	0.914380053452836	0.022790118081157	-1.97598631568728	-3.2939334532747	-1.34937200625642	3.43350808006584	-0.730912836012383
NaN	-2.10394973628526	0.23214392392092	-1.71933523406609	-1.8520781419769	-3.46879198545592	3.17775581159386	-2.34223502252254	-1.84295247927364	-1.09059988002489	0.507760568190095	0.152196234690546	-1.08549325208268	-2.69245222939429	1.5600326055418	-0.998112944691808
NaN	-2.63195297718837	0.550959986962383	-1.90946675691518	0.674307162625796	-2.30024232798586	3.16562166363148	-0.387858721057253	-1.57935281009683	-0.842672787146199	1.71428227734895	-0.439270894634519	2.02820120218637	1.88649113464299	-3.41682613767951	-1.70708269122346
NaN	-0.377957609957167	-2.50654612959192	-0.546973839730052	0.0226990307095606	-1.86422116680439	3.03496361449183	0.585902036350122	-1.22976967345987	-0.0385772793532695	1.81854876882007	1.1755292016042	1.32571690654535	1.00487920258815	-0.437398256942503	-0.0869067372910963
NaN	-0.590245066264136	-3.04937744050355	-1.00474817098896	2.40055402789396	-2.62674556478525	-2.82036857051077	-0.440701232348878	-0.696530634713428	1.79400741307297	0.0386692313794789	1.33540146552036	-3.25721679241774	-1.94813930223042	-1.26628231401406	1.52518776930383
NaN	0.852333560672799	-1.59581518747393	-0.527053263515755	1.29353146171788	-2.4085995531033	-3.13185093577037	-1.3291343526142	-0.484371137817412	0.604636167911227	-0.897188913734019	-1.25303958444369	-7.80444329556646	-3.95180856205175	-4.85179379685405	-2.30326372919807
NaN	0.275962422034412	2.82368129778634	0.621262362923407	-0.44252662897268	0.0247122979819644	1.50721556923494	-0.126749150212821	2.87570026292008	1.25758226593356	0.714278754981425	0.345348122900333	-4.63501596903483	0.992073900178842	-1.21824465464943	-0.223235078898751
NaN	1.2427748909434	-0.955167585042972	2.48991658023348	0.79678156532609	-0.501460950104587	0.591047855995913	5.07365634339899	4.26476638440522	3.58087133163953	1.28557094307832	0.430077108715389	-2.29274449383065	1.27043391246691	4.22633136687504	2.35941990181144
NaN	0.511016215677112	2.35805594529358	4.267828678625	0.628614804974848	3.80808858886822	-0.698574479355495	2.57135345849135	3.72889019897373	0.233615059621195	0.4641965647455	-1.12893017258776	-0.662689572175926	2.04782243475129	3.29069417140612	3.46059708402562
NaN	-0.730061448213983	-1.90029614220811	2.32514845604866	4.63335542462872	2.27256798801853	-4.62525419631904	-0.843593980959328	2.55067836896355	2.03257129800225	0.800124098493214	-0.0713347004487645	3.20086420114367	3.20862915985103	-0.144845513783084	3.98377851965336
NaN	-0.388586299456784	-0.515296562337378	2.10006785878026	4.93448703217027	2.50087517869955	-2.26567753436234	-2.71917045573038	1.32771284862181	2.58182746785048	1.0171351182209	1.44619713978664	-0.244701788315817	2.04424073367043	1.14022980557291	0.482939585371341
NaN	-1.44618041209387	-1.20175257992949	-2.2240168480267	-1.04351280422129	-0.604936353719879	1.70633384791057	-0.690395290512371	-2.23927355110229	-2.22271105225911	-0.234297853827748	0.311501119624599	-0.900897574063515	-2.50646458127887	-0.130825300828637	-1.741169956994
NaN	1.83624116572048	0.906690688219234	-3.87794238767658	-6.22138853720504	-1.3806574036786	0.602704945468903	0.470074684053283	-3.77575835644156	-2.07624957884628	-1.74145220256097	0.0743963851312076	-1.95334954538589	-5.20258356087947	2.15635625640832	0.657426904044778
NaN	-0.950508783427823	0.915241804025158	-1.25127926094219	-2.9026005854092	1.54780023193705	-1.45871294339043	2.83366679891785	3.66218843348075	0.122345125426245	1.60766358308202	1.96639476603039	0.954057426580353	-0.855246197664358	0.708743459163825	-1.12389112475867
NaN	-1.68471285046355	-2.05281646568178	-2.49975682587328	-0.144891583162698	3.06329898688078	-0.194985313356632	1.21362209780088	-2.81437430137087	-0.623382308935561	1.66904658323925	0.0297999503926482	4.44988896398176	1.24947296685573	-2.34567346160672	-2.93545203555444
NaN	0.364405628735465	-1.16631436988179	-0.265692556919993	-1.6777440915195	-0.219589731159913	1.30864372443212	-1.55161200077167	-2.49295922677913	-2.75557796324455	2.58859084194871	-1.63952688380747	2.67698777493717	0.739799638192613	0.74374382832967	0.588082516255768
NaN	0.651592657828637	-0.502603918569825	0.760138436749142	-1.14759111826945	-1.55745659723882	-1.46769679027616	-0.848494980603721	-2.50481268019559	-1.19254003969939	-1.5955376195644	-0.881157516942616	2.94836597338736	3.69727614335704	3.28205569857824	1.24204808415321
NaN	-0.457268687475108	0.989200898010374	-0.402250277081818	-1.39818635484738	-3.19566879650257	-2.05183606714695	-1.30740723039748	0.295739264404733	-1.50549753142428	0.384355239644004	4.57764063672883	5.0696513762712	3.28791568416496	2.40306416947246	0.369120471242996
NaN	0.759418030994525	1.48793914304739	2.12315160590729	1.08713512017774	-1.23908910561656	-3.66881542314172	-0.293329986536648	-0.0258941187014392	1.22575549979424	3.61735800685234	4.50802604094292	2.82072496965942	3.65758385653954	4.53392266140037	3.76886012168895
NaN	1.90282002757176	0.0283737078953842	0.71136992137597	0.92715056918621	0.291617195767167	-2.27146902950087	1.6467458658323	1.79034590190955	4.48036196073819	-1.60473385953285	-2.66136253318066	-3.97183966555595	0.0246599181105291	-0.970801242257382	0.42259410460772
NaN	4.78660120082258	0.328875696447337	1.35905120009058	1.96551030598315	3.11877121851197	-1.07424827268759	1.91240433163791	1.64186132571214	2.41254387305785	-2.80005246690236	-4.69297543369019	-4.64973754159543	-3.57813217916373	-4.53594583060097	0.170590039207012
NaN	-0.519272961282747	0.248223253128865	-0.592403446360931	3.95686843321404	4.49870900830465	2.5413707460886	2.79017009664914	-1.55265282467581	0.459340155409756	-0.407896240272644	-0.52367974020418	-2.71222746902461	-5.76631864726903	-5.90273171402484	2.25398171985991
NaN	-0.0953701220607054	-1.27093640527286	0.246041407180791	5.75982784833966	1.21029238391927	0.419604097763799	-1.02576541945316	-3.49575991749696	-4.72635307612859	-1.25918560887014	-0.815785018513713	-1.70272555312131	-3.94487017077354	-1.86050540691674	2.4395234261181
NaN	0.22860815839441	0.958281939742004	0.0559448152887536	3.07681145992766	0.364006635496593	-2.94357360440245	-2.46688053395977	-2.1150058571799	-2.50598922631695	-3.83700593743851	-1.22459695835629	3.10722809250275	-2.94616118956138	-2.58524382483835	-0.830814257031456
NaN	2.32214804856303	0.0125092019995441	0.165976964441408	0.390554907857201	-1.52376955678062	-1.74651327954238	0.461835043444221	0.339689276656313	-1.82265519030805	-1.45000963408449	-1.55000547202112	1.25591756551872	-0.00662353596748533	-1.94777001159726	-4.40329914228286
NaN	-3.65626601999665	-0.717376058018754	-0.0113978897370799	-3.86478888793199	0.505352946827177	-1.85374311488495	0.744171404775408	2.47832997482629	1.17987201329537	-1.19479718830265	0.59811798728674	-0.706706419431055	-0.442240453633977	-1.78507403479799	-3.30785849111351
NaN	1.6779466137033	4.28021912412634	-0.0969779918444307	-4.23030983594855	2.90575753209332	-0.343410412307924	-2.52311133696367	1.0611595394354	-1.42422021771621	0.394715914465986	0.0934835529194074	-0.966537104018389	0.32682926890847	-1.7561165664694	0.248374268364957
NaN	-2.46752794273958	1.36288114349617	-0.399331683405915	-1.2217320325548	-3.25855321364406	-1.22665350278762	-2.65442470839715	-2.66688322669926	1.5647180282749	-0.17799757053653	1.549631441633	0.633293078463771	-2.11270616146335	-2.39048922377649	-0.713233410770272
NaN	-2.33666671314267	0.0906425425130899	2.60525085252866	1.20561336841364	-1.63480505686054	-1.19073193920786	-3.64096020547219	-3.62378872451368	-1.08354255503702	1.67179152753715	-1.65741178588719	0.0204481235817998	-0.909734565179845	0.447751960245364	-4.21136149832982
NaN	-1.41232499851468	1.14611542807953	4.93484446050863	1.75775038532875	-1.14199249547437	1.23764203968934	-1.77395344589239	-0.704593326045432	-5.01056932060893	0.236554932492495	-0.752224844685069	-0.080753113810364	0.672670715125828	4.15841133254438	-0.98751349053943
NaN	-1.34242684052368	1.77070227710674	0.300735618737484	-2.0402269987091	-1.95312946523717	4.89939194108064	-1.45817388359673	3.49285451799356	0.161751199207798	0.559418046977539	1.33382581667004	-0.426757315872572	3.70954397277104	0.801160907047446	-1.67623298991751
NaN	0.300031689881891	-2.48787393979394	-1.55370917019294	-0.261263706592571	0.662486744812303	3.8977097975665	3.48012941504618	4.98010828386732	2.70231183296112	1.84191550477154	1.21327746344806	2.57617331614064	3.60144334099144	-0.0081715717413141	0.0443534784419695
NaN	3.57152326484836	0.189851519572687	-0.82349937548634	2.53212912216689	2.81759959987652	-1.10267416089428	2.95439798728268	4.22872892773592	0.0219165094678544	-1.113049991356	3.57980674105864	1.60726030503067	3.0740330635383	0.638815588790732	-1.43646835992879
NaN	4.22599852441345	1.53429598165696	-0.799336803012126	1.8768693080996	1.44528279863797	-1.91885532881469	0.576786536212775	-0.136561374967102	-0.653617294789296	-4.69472852736711	-2.69861718677755	-0.170322885620268	1.91030265921001	3.26022938100276	-0.721344273162052
NaN	0.643500929991217	0.722523619340005	-0.00135833913114233	-1.79460107035693	0.285564866478372	-0.923963463209179	-0.53002902173814	1.74240785371273	0.77745545954223	-2.40343199635145	-0.424732534934152	1.0547795559577	-0.382076054433755	-0.368170149970574	1.64358825873595
NaN	-3.72126892470107	-1.53337319227146	1.47615775436077	-4.23194686730046	-3.08477904366343	2.50419577083103	-2.41761908739397	0.673588889909257	1.52218474632188	0.350455807510592	1.15152889256398	0.116826104451939	2.14552221307408	0.478997163807542	3.51236063674451
NaN	-3.89881491926594	-2.69799028096361	3.40831690290754	0.191604645672798	0.984486698728108	2.48616601967468	0.404396792754568	1.48884120232738	2.05520398188796	-0.0225692194964002	3.37803322486465	0.830311288617896	0.0697650340386711	1.28153958243558	3.5988206703387
NaN	1.9592736696304	0.957397476618426	1.83856717458882	1.59427713171326	0.593837615561568	2.4303589221837	1.03393799954257	-1.38779415902036	-0.376230864689663	-1.95937118992351	0.63835056668245	0.547559021246857	-0.497065033171073	-1.96994804212667	-1.67907174528278
NaN	-2.84274804339815	-1.04188402996784	-2.12367501399761	-1.16359403304366	-3.00570634906942	0.417463284896757	1.73479401787663	-2.15990225019775	0.985291410906961	-2.27461277175224	-3.59603576472862	-0.803059732093587	-2.45924112891876	-2.64479365202568	-0.914357735092433
NaN	-3.01544876981953	-0.210217599810555	-1.31712437109223	-7.10690799596571	-2.30381235486953	-0.404698590440085	0.433265655718592	1.10357746867148	1.28157824389372	-0.166606148214878	-0.793695034766512	1.60161207394926	-1.25727078087483	-0.484141723832624	-1.25345815698823
NaN	-0.474571896003665	-1.86876711053351	-4.50978651271699	-4.35292888689304	-1.49866773598389	0.292307295419467	-0.382922086023698	-0.91861918306811	1.13069789076374	-2.70478181452138	-1.34534648347593	5.27484581411717	2.95766043048919	1.29947316093972	-0.975766700040351
NaN	-0.291628098935021	-3.41084012331932	-3.56079568093165	-1.7206153856246	-1.63683880696125	1.13125932452271	-2.97046290160156	-1.97407233246932	0.0577426385767904	-1.96210116452779	-2.92316954197634	-0.203703769601148	1.05760109059296	1.29993159529765	-3.96098563359467
NaN	-1.76890904856245	-0.747696096607983	-2.16976078658717	-3.04727815418654	-1.7264760444509	2.46220067457964	-1.88784600474217	-4.91615524097067	-3.16317556017768	1.08089245593084	0.69165327983147	-5.41291773890529	-2.83038275952675	-0.553201142842029	-0.370299132844152
NaN	-0.0730248573734455	3.71209677727091	-0.515273107229281	-0.0446774372941792	-0.694631857078615	6.24499037266835	1.40616912800958	-3.64663528567606	0.06362196494148	1.79315260147713	0.576638944995642	-2.51379523496629	-3.88509124992028	-3.00278852048887	0.0795955175211041
NaN	0.12274192087449	0.588624100200008	-1.42024953312486	0.476815451664309	-2.0783246373114	1.97772500853804	1.2846271566582	-3.54537843222369	-0.605130376324889	1.2532632939789	3.52363793807283	2.62836185694472	-1.50826201059325	-2.38770755451189	0.181135456221085
NaN	0.442555044648023	-1.28143295034869	0.473673461515792	1.70524369563644	0.631106620450329	1.55970055649956	2.49877208566805	-0.702356174967407	-0.765195677995051	1.40794401536715	3.74685526405364	2.34332017524392	-0.479767555368139	4.06286071115749	1.17704117145144
NaN	-0.811149595195605	0.244034164640318	-1.75003465336072	-0.909663649776937	-0.431016439196762	-2.40199744352864	-0.208290041272232	-0.5001423899393	-0.221076242204703	0.145546720221064	-0.547894502774824	-1.6279520083349	-0.977768313078681	2.36288749205287	0.579198600648136
NaN	-0.798866969365376	-0.503896073964678	-0.616159396425144	-0.261717431129275	2.21123162409944	-2.26348291260664	-2.40434021541092	-1.62722897324096	-1.15976453967532	0.0050590740862471	-5.04311422296598	-2.97511870216437	-3.46083667426149	-4.15080890808509	1.30343668534571
NaN	-0.188815879730261	-4.29462484813734	-2.16840090590894	0.244330656761877	1.04649057295514	-2.4844105909311	-1.45130628216665	-0.81829173005353	-1.73703346244806	1.10539533352385	1.08291171128278	0.421656780611232	-2.4655090380749	0.0423721001468502	1.51770621588781
NaN	0.891236333717517	-5.63493385569201	0.163622014663636	0.73275996869439	0.861422341886103	-2.26795756142687	-0.859316373498473	1.24936712322081	-1.95403087702472	3.35897902657148	3.8213010349572	3.14639150161702	2.93232508303693	1.02260523955379	1.15443046815943
NaN	1.45290069042776	0.948974154221961	1.74963083290818	1.33673836238828	1.73353836336279	0.888784759298412	1.13491238093492	1.08185153735345	1.37186849256576	4.17433756901644	2.1449394048361	0.471986801649721	1.67170777814897	0.40739138066923	-1.31202385531379
NaN	0.48671743024275	0.718406487988262	-0.624278130647653	-0.578089300490942	4.31608304790215	-0.237481016001543	0.766964328395803	-2.221608635153	1.50761547908794	-0.311840838211557	1.95839151872373	0.00774985584435904	-0.0654159841058917	2.38475462749324	0.674259913136059
NaN	-0.0176686901874337	-2.64833041591698	0.215868184712056	1.05365322437161	1.7657772727718	-1.05093978749755	2.08755330309641	-0.629277944743287	4.36587198700304	-0.406731068089888	-4.69987813777638	-2.56893957279427	-3.42798037865572	1.05139353944464	-0.615280605397507
NaN	-0.0956574246910663	4.6967173280891	0.30242767830225	5.44767864972135	-0.809721445532607	5.50212721544855	0.69596519163321	4.3229672183283	2.88206506337818	1.3385822030524	-5.12595750137749	-5.02065163483005	-2.08862299954186	-2.88370468481855	-0.689518375607092
NaN	1.06520796099426	1.56350709596498	0.577843162585367	5.85505626175002	5.63078347737827	1.65243821124204	0.637849574409819	0.869457789387805	-3.07516962323104	2.66278944628278	4.05069384253893	0.811434479239928	1.536449167594	0.863265710528043	0.620882508912839
NaN	1.36871573094308	-2.28662944855145	2.30186723372484	0.607199086416098	3.06627133010146	0.721149922955132	4.71785425893453	4.52254231467695	0.962730611933181	1.8513928432918	-0.582924901997454	-0.917886930746363	2.13189040617654	1.3499938416683	-2.22568795569217
NaN	2.64007152494835	-1.59964922993161	2.48558848747966	-0.15061647167437	-0.908259854442292	1.78882022515793	2.27077201096649	2.4097094092985	1.45231848768094	-0.579806713422526	-2.3612440453709	-2.32728356379139	1.85566265637018	-0.88644978608439	1.17914317767307
NaN	1.80237785869596	-2.04574549598681	2.6032129331062	1.92207415980296	-4.16956250769253	-1.87603403328092	-0.704013083716329	2.23688978623853	-1.84074688904187	-4.09245023056916	-5.07442804479989	1.95985010891028	1.98456285659982	-1.87018523934336	-0.180848425215426
NaN	0.872417422652184	-0.316376300415183	0.272818558771761	0.650524106781986	-0.20521650089447	-3.54563412512984	-1.87667815446778	1.08271983491911	-0.0380069192189215	1.81642534366515	-0.704208939505516	2.96568559910892	1.73357173835161	3.43421833786547	-1.96597369065924
NaN	1.2021521269385	0.312072221533883	0.973958187251654	-0.300397373419252	-0.909706301157483	-2.39354403336778	-0.320085993381502	1.61444786433012	0.859944220794092	0.33735341460766	-1.81674215186347	-2.37041906901854	3.26862819744186	1.55411703162834	-0.921390762551781
NaN	2.14716839326847	1.24633275446158	3.6171675305354	0.552675717596154	1.39634374326878	-0.353620809239833	1.0913060118948	3.89350302242722	1.27473139542248	-0.850647377611412	-2.95677413175802	-6.4435361379058	1.48530002622996	1.75959324964063	-0.742723263136405
NaN	-0.299839544019734	-0.341530880921783	0.271965810688216	0.599380065308205	-0.118634756949584	-0.973071337967899	-1.05318757839011	4.90088865196837	1.66268696074099	-1.47921871724578	-1.1526841961083	-2.77860508918198	2.2525660150058	-0.0594081051781875	-0.80305993923266
NaN	-0.0738266717611241	2.57317718406101	-2.64844195575101	1.42443875809182	-1.98105402678852	-2.29195939340105	2.48304464326884	1.80460512070718	-0.249638813164863	-0.190326642956936	2.34237013399024	0.43079734721305	-0.499555953252437	-0.599425163088772	2.88560077779537
NaN	-0.0746198244889485	2.22012949985164	-3.49372581401713	-3.65096026079652	-1.059306124718	-2.152924088469	0.739620618905141	-2.12628936455741	-1.23757167676676	-1.02530042344019	2.66504805888351	0.0920254527165255	-3.54681805024222	-1.52302407862659	3.8272465826669
NaN	-0.474087439680236	-1.49831567044118	-4.38655153520034	-4.9417623149416	-4.94840276259888	-0.926217977043784	-1.76217030048263	-2.99032581875448	-2.56004555617037	-2.30920746025344	1.10019630029432	5.38852972886958	-1.56023063836916	1.90011710134931	2.70372616845352
NaN	3.56985306052861	2.34114095306074	-1.95597358978966	-2.4398329005577	0.0613262867801385	0.277732241007631	-1.14943192217333	-4.56610774380218	-0.235682928055142	-1.17452680052578	0.292358892499404	2.9850648088942	1.87967018759186	-1.57307484404854	-1.64438838933135
NaN	0.756069490743356	0.679535461451127	-1.49606839691569	-0.869887103039135	-3.054122951639	-0.965800886397299	-0.765419078054156	-3.29398869670576	-1.89689676737064	0.0325528308668226	0.719651479469353	2.31429974555329	-1.21174729115972	-1.12257550509035	-1.95450283000877
NaN	1.68300837190649	0.88743074297916	0.33889009930658	0.605286137670659	1.0543404306597	-0.11604178803528	-1.39552630716497	-2.23440750860937	1.22227356579408	-0.38262532126522	-3.58361716534085	1.74001513768958	-0.577036437097917	0.877690442344087	2.68682117498405
NaN	1.04792862173915	2.45113369314383	-0.772188714949027	3.12273318336603	-0.0668057093509674	4.30860788726611	4.07613394288222	2.48368223348647	2.54052007794099	5.82260961236893	-0.164370393449419	-3.71832464404127	-2.46558378638662	-0.038621162276897	0.491995541682762
NaN	-2.34636030013812	-0.647933205382305	-0.627565781981384	1.4482570743651	-2.2646649575515	3.73531417652644	1.55379881503579	3.09078084809763	-1.99096480790608	3.27491721110176	-0.590840996840204	-3.87492594294305	-2.08872406217763	0.811693710968346	-3.20125674683121
NaN	0.0528843390625064	7.74998778145487	1.92502780335119	2.68626476661927	0.645716539441485	-0.170968390986779	1.0639204033883	-0.0243862988971245	-1.88898677381975	-1.31506943919201	0.706269755743029	-0.416285874247482	-1.21088698429386	0.11640621532668	-1.02641990361045
NaN	-0.917849589968012	4.7490112629586	2.62885202211228	1.8923501514996	0.43833626030512	-0.642776009887574	0.509002507768787	0.228655718034282	1.55845506866949	-0.409970933512547	0.499632810144141	-1.02671981191306	0.34517448457104	-0.95855347072676	1.46300068334774
NaN	-1.56933990271928	2.16495574921563	-1.67968221121786	-2.83262961113972	2.57572513056333	-0.636587122563568	-2.2968320795741	-0.816971287516041	3.89732515310665	-0.195976578146665	1.31306993162115	-1.5747287916126	-2.26836429417162	-3.01596532236999	1.09522691477587
NaN	-0.783325948944363	-3.8357465718954	-2.24431306482392	-2.04047021504043	3.26485632353234	-2.57559849471945	-2.61222714324143	0.760228439644532	-2.90514032701082	-0.52792875176103	7.12078223840714	0.476020766842531	0.264941632239998	-0.690610314755006	2.1692508808832
NaN	0.480824303460497	-0.522152642381137	1.22146916124542	-0.967255308107453	0.39747764064006	-1.89509123593365	-1.16010910846537	0.0557315588285641	0.231753129466405	-0.363766263224238	5.99200872346566	2.42621461890807	2.20634601023208	2.05999742571803	1.37350863222323
NaN	-1.2242045136908	-2.20117101761094	0.423462576284735	-0.635832388846675	-1.78479490723969	-2.62127043181853	-1.25807452007601	1.25572476235673	-2.79253899831639	0.659890356599197	1.95468420626935	1.77423879943517	2.89793831195185	2.22194820284233	-1.58472716103186
NaN	-0.491212764471016	-0.590418570852989	1.652721278228	-1.86883848790968	0.680869742083764	-0.941841227266161	-1.28843972849462	-0.31053947983021	1.57491063950227	-1.69852958934413	-1.39498788696376	3.5653454190817	0.632031696722786	0.46926660509269	-1.34737217148024
NaN	3.89054970817107	1.4806490547484	-0.444722220352177	-0.259094945057568	0.133440454535277	-1.15853335498467	-1.20800119614177	-2.29966217051464	2.80923624939389	0.109668647575157	-2.04667757737362	-1.4609367757208	1.16836004008276	2.0910542283608	2.7722151902209
NaN	0.773281355656705	2.02060408870715	0.284949109092582	0.647932685960462	1.46127022572752	-0.745359614162651	0.0355599944648626	-6.38236406423541	0.708744481974962	1.10716306971106	1.02195312823234	-0.0519868699853828	-2.67104168058628	-2.27191034216657	3.56127450062566
NaN	-3.64658419235557	-2.58714966481898	1.79908040848682	4.89404433111106	2.27099503233642	0.907486248208189	1.06101967082378	-1.31947841794543	-3.6645600758925	-1.05072334993452	0.21066406762451	-2.94843048119839	-4.26929860258012	-4.80358539546393	-2.87122821934706
NaN	-3.28226564408217	-4.22141219803159	2.59826039397913	0.858964820875998	-2.59836890276378	0.604298949390832	0.742981945547108	-0.200489501869502	-2.66569038462628	-2.0432614539042	-1.50431433369089	-3.33755795752978	-4.56137962527078	-3.67605223052993	0.0102135654713024
NaN	-2.01281705048661	0.872778097176767	5.50728368288077	0.13729760264376	-2.82532078138124	0.728326630692393	4.7052192671337	3.98068080855427	2.5754798897328	-0.042343332381559	-1.15053179015277	-3.12511335776412	0.315466771925232	1.87854723681111	1.80577821508651
NaN	-0.0142936423274761	1.659164991953	1.50097341239276	-0.282849225359723	0.679679917138854	3.81673710076733	3.09647512339153	3.3161468372104	1.65584166229411	0.681994143926252	0.597908297170892	1.26927876018868	3.4595523021793	2.81549848683559	0.465554547624398
NaN	0.422955691611528	1.93763163237601	-0.110067868627214	0.363501590490691	0.126847314064823	2.21966018042555	1.87024468951483	2.92310630774982	1.54472862490791	-1.79471706219553	0.956379868806948	1.52120895041831	4.1522520960505	2.75993639801028	-1.18099662595344
NaN	3.01454020770076	5.24265400043665	3.34733725103629	-0.695516607676998	1.46862509152243	0.0995530388881223	-2.01207352416552	1.64043059729595	-0.920731912075575	1.19424533209869	-2.96092806572048	1.16696368635136	2.15099037250209	-0.690091910824759	1.83303366108802
NaN	1.71369862813472	0.119232649187886	-1.0479855657781	0.83703597795427	0.0153488244373034	-2.31439965689819	-1.58320382221671	0.674094348956922	-0.797710905117826	3.66826659171192	-0.958476696747393	0.614777544305224	-1.44007960850831	-4.34983383954546	-0.197811680777888
NaN	-1.9383309940999	0.417426573164317	0.439561653658009	3.22193626498758	2.32824743814831	-0.822003688806939	-1.03665091219245	2.42741012245966	-0.235060498715367	1.43285918949746	-1.51724218220558	-1.13187834479281	1.03192596530429	-0.529139160674043	0.728189830166992
NaN	-3.03509272238915	-0.796467853956966	-1.24767103533303	4.0435671811548	-2.45778175662362	0.239669124205761	1.74840281450739	0.424119319060527	-1.65046627310192	1.6141233442596	-0.394386061461657	-1.22041774116235	1.18620846046172	1.90257982400527	-0.140684419753191
NaN	-2.61700744055496	-1.68874255820488	0.358491588117186	-3.35696833687059	-0.121806489637923	2.53893807108974	-0.0178145412535785	-2.85741230861689	-2.84989908055082	-0.773253409080242	0.185832076617262	-0.857908318594688	0.430412506353623	1.98339266681664	-3.11249879919178
NaN	-2.46654656568069	1.20865661748142	-0.276693885315591	-0.673247754735176	0.584211108088512	0.380033614466287	-1.83436650585777	-4.40439081468815	-1.35165472582395	-0.762849574112213	-1.32999352004377	0.853393615524826	-0.422326572601996	-0.124500274424268	-2.77843397410983
NaN	-2.78192585160812	1.38202017730022	-0.546594451694728	-0.62868587271553	1.35104717809334	-4.27061377165414	-0.505232873837632	-2.06974227461105	-0.227531255842351	0.14971164367639	1.82842513849694	5.09871884898309	-0.808064147363436	-0.824825647889432	-2.95115929641559
NaN	-0.345606280964558	-1.21532175441698	-0.841529466160672	-0.643420885662528	-0.49201405692778	0.399723320689288	-0.859690468268333	-3.24943194011895	-1.02667381396132	-3.50802661709828	2.19082053249156	4.15102293287118	1.21631682995749	3.20692088566877	-1.52088781611176
NaN	-2.85269968181306	-0.620803269469606	-0.652192557059944	1.36686404501525	-0.578575545154465	0.666014140462254	-2.57963364283007	1.29730892461109	2.83002550631104	-2.33899187720982	-0.51149353779234	-3.34705847000295	-0.191267074496915	-1.37211924047369	-2.83687974825629
NaN	2.21460338171082	-6.17927146210182	-1.03738774044057	-1.99728745888893	-1.19888195098658	-0.602902567307822	-2.42393694310079	-0.264689222331786	4.25022572805325	-1.38659530143562	0.126245525484502	0.64832738771109	-1.80964323557362	-7.95309156007351	0.566620296788975
NaN	4.56108196272268	-6.07572655883749	-1.71321344464439	-5.73358656147958	-0.514601894200413	-1.4231171721825	-0.0105566821687283	1.01486019127038	0.358072117491387	-1.71973548989037	0.549881275580466	4.57052003070818	0.281171380635194	0.658764749523606	-1.58717926580521
NaN	-0.777680808410639	-2.83007668776764	-1.87763068700409	-2.91896575899045	1.65350423823313	-2.46218052751989	3.83580152245991	-1.4531511570217	-2.64829783714265	-1.87571805491484	-2.10946524198611	1.39061970390517	0.128191689433029	0.417952659949624	0.832791716646529
NaN	-1.83895193154932	-3.26808338667952	-2.68163828540964	-0.462397653331796	0.547163897242661	2.65887160398588	2.3290998131181	-1.65634820494369	-0.118288579437314	-3.46703284239937	-1.76448927426013	4.40473176350791	-0.239629095858882	0.0100878783952261	1.90821108049839
NaN	-0.589855322818502	-3.73593631303444	0.122490219959055	3.65698006653506	1.41225891712126	3.48886535249332	2.52135987183235	0.430406951146758	-1.31003767464722	3.61528468367416	-1.72895807769634	3.56152305803092	2.31323502143891	-0.490521227952747	1.08167316653069
NaN	1.49868051025956	-1.92720461363394	4.29518434086103	-0.540876574947015	1.98526136446656	0.453805359140609	-1.68767115092227	-1.72092180535381	0.998206247581861	0.538150037374527	0.327914322631574	4.44484672620074	2.0994631746017	2.28036805697245	1.75195124403551
NaN	1.41116115175444	0.0617430887815531	2.10330787947665	2.01094831461017	-0.116986405063606	-1.76942091295499	-5.82970973969076	-2.21846911193838	-1.44332180821757	-3.22517732103212	0.837147722378487	1.49459068533694	0.156035996472495	1.38455816780038	-1.52803096833666
NaN	-0.7015826076325	2.44519074626374	-1.91150558002635	3.26401525983131	2.6992382324948	-1.05964846896426	-3.53258283596192	-2.95724277135269	3.71850859770998	-0.0964320986979724	0.127885829375952	-2.4296225300956	-3.09588387270921	-1.17205972704597	-4.48524892247506
NaN	0.527409590965806	1.15397685934982	-0.261434134593663	-1.38706724158624	-1.08411583249578	-1.43562361057465	-2.3460860568732	-0.98590454963543	1.38526382906639	3.75561404120644	-0.113695482058417	-3.40240292005724	-4.02202753901113	-1.97127591603895	0.144629553890282
NaN	0.519152630302407	-2.50194558848939	0.918568628738706	-3.54581538486026	-0.705289156016266	-0.0859532150470116	-4.10785316291134	2.95312722866546	-0.738241748314193	0.314939490276893	1.40181394501684	-4.06782015818056	1.86529463334011	1.50901402031104	-0.637972574988789
NaN	0.118411010118326	-3.00947130268531	-0.80501185031195	-0.406851237249265	-1.45647571145356	-1.36595236504136	-0.550866676730105	3.62928195546064	0.929077718746713	-3.25045433078242	0.279832442515797	-3.69668654043775	2.22219581248483	2.78712479212433	-0.830275795645487
NaN	1.25890848007896	3.41991861173498	0.0537647424163345	1.92244234175899	2.42168826021952	1.20305520255032	-0.811405273138802	-1.10489326473448	1.73791436942576	0.322595136113592	0.601152889329543	-3.49808716585084	0.345319812524965	0.540983753166299	1.64925492526716
NaN	0.410991802556283	4.84742853667478	-0.00199638572462907	-2.19059666581025	2.02078504446546	-0.958106080943254	1.78389358280799	0.946505030457682	1.188642480867	2.09562609519476	-0.78876955754626	-2.80575662970224	3.63792793694528	0.779660191527184	3.62797043862057
NaN	-0.315190308922831	1.91633637337647	-2.83332367307213	-3.89905419805973	2.59659893866975	4.00298615910426	2.62321417596685	-1.56220138138252	-3.12308294580058	-0.502436721044259	-0.137550604315089	-3.33057018160476	0.970539124223225	0.709582655336488	4.24052351144223
NaN	1.52994961913048	0.980307811632478	1.00363158787121	-1.77673634944973	0.912540086351257	2.66906314644862	-0.0843302817196795	-1.65369143180504	-5.8484735372846	-2.2456996116039	0.0287213720523003	-0.423785827965292	-0.358309899922412	5.44137817091066	1.84214849445163
NaN	2.32131152609045	1.04194084764074	-1.54746674415241	-0.580578210913116	-0.242135175731469	0.144536654532227	2.25592016826716	0.327805031125937	-3.41051605011708	-3.14672050269914	-0.746738631430455	0.124006879586013	-2.64548283861031	-0.463339692543343	-2.90783929821298
NaN	0.559225398686763	0.659105433134251	-0.548602447748613	-0.721482325686388	-4.90192752009451	-0.979725734944124	3.00912336134437	-0.3510512790003	-1.77091932884896	-1.27350717345877	1.89497009381637	0.336809362217523	-1.15893064686742	-1.62893491463238	-1.65206770298785
NaN	1.58699538379876	0.909242917723166	2.65037210556917	4.83035534665268	0.79175629732341	-1.66372708586175	2.87497420914882	1.89213612597939	-1.30404050351009	-0.852589498485212	-0.486181311188257	0.333242180800342	-0.259798268335693	1.7474950222256	0.0826144993249934
NaN	1.13805014052789	1.96894390370195	1.421552245293	4.43722590539601	-1.01691125998511	0.385698952282458	2.00925658988169	4.13186183941696	0.835615887221043	-2.19203995050556	2.31286732884989	-1.01778406744728	-0.796868684549438	2.58020304427037	0.918934187338759
NaN	3.94181916641377	2.95365374595415	-0.131419969166056	3.43849476160572	-1.02634865982568	1.00665532552356	0.0979628532346406	3.02550643506944	0.0118244036527334	-0.248352694355973	1.05806450764743	-0.66927556938189	0.433071409281798	-1.78621719585577	0.165404607446077
NaN	-3.35312031903478	-0.718484880319243	2.50910636119116	2.78561718276423	0.659539792952029	-1.45842671759962	0.433689687125869	3.21731320492142	2.44132325332173	1.57612576692073	0.551345988176991	1.64934241312614	1.16120183756364	-0.371603857965872	0.0450314846294311
NaN	-1.04758560770979	1.57662569009765	0.488216266857914	2.6444308598015	2.10750669311164	1.32508501484202	-0.0507595680328305	0.71229428667527	0.0221438867818398	4.75992291651478	0.105979167398231	4.93017992202329	2.02363291876014	-3.0059002506996	-1.80305628892937
NaN	3.25643691315794	-3.35254925072001	-0.0630519111488582	0.759284162871428	-1.08993328505149	1.80575123580485	-1.11169024706402	-1.16030082361536	-2.15029917042183	-0.530232514466817	-0.218598188837263	1.30063371602059	-0.660676460522064	-5.28884772127906	-2.26619324339178
NaN	-0.79417888071764	-3.75053398064185	1.33769885754208	-4.16650262126111	-3.72799351438148	3.72900910405768	-2.2920488161863	-2.1071310210646	0.0101678350543519	0.608721557234566	-0.496647219723651	-0.225992149535666	-1.9301252662793	-0.88311760390572	-0.153544783382248
NaN	-2.86288921406999	-1.61775691105622	-3.14809109533739	-4.76595915207776	-3.39609703917058	0.21707734691995	-2.5997469213319	0.549656646113378	0.500263907881189	3.50853969454367	-0.0233948260860763	2.6143308689824	-2.61766913222839	-2.33166419536274	-1.44170566279604
NaN	-1.29759475297916	0.0327142169756385	-3.82127198472745	-4.95560503475519	-3.7788728004792	-3.51629368515199	-3.44283874690401	-1.96062472997999	0.227063089850108	-2.5552128104981	-0.456569107030664	-0.487537809944001	-3.00763918664814	-2.00604404286448	2.31231118696147
NaN	-1.63813634655543	1.52018726233172	-1.38684694586712	-1.93781347927477	-1.93151654061249	-3.15234502186614	-1.51836276032214	-2.28793888036766	0.579499602583181	-2.99461478916714	-0.245633087670912	3.9860426514317	-1.59085251136288	-0.0071852989118552	1.32066852693312
NaN	-1.76244087439592	-1.10648770824819	-3.29838013345251	2.54818988217048	-0.835234134343257	-0.983939147826151	-0.897641467150629	-1.96684254250327	3.34232006626555	0.37338941976829	-0.394318357939296	3.53824640981571	2.33398794531022	2.78240020482382	2.26646456387291
NaN	1.53738926930391	-2.14445463634789	-4.07651366308729	4.19939905215043	1.77402718659303	0.343757909140518	0.0305596682045515	-1.08221108670944	-0.0233420845093007	1.42499972699363	0.20912755125151	-0.725700154709761	-0.0800450736242264	4.73261793316208	2.17574209124025
NaN	2.05984097567462	0.354943522778327	-4.00706592580569	0.948021950065135	-0.738390754543905	-1.24271148091976	2.44770168976053	-0.195016064082747	3.78392673013762	0.208514903112321	1.09675893954945	-2.98368970802778	-2.46915659472146	0.979712388982021	0.923051268079869
NaN	-0.16344071101091	-0.16600752824978	-0.298976439205421	-3.47587570212736	0.429221192699676	-1.38446201404348	0.177142865394055	-1.33209935973261	1.64270703842086	0.182339387683601	3.29537188209107	2.34165674214045	-1.40195848182812	-1.7330490330957	0.354120945304042
NaN	0.294426388669555	-1.00455572260705	-1.1138357304785	-5.95003312421215	0.293519427709788	1.30477789915576	-0.393038420811247	-1.26335298816096	-1.53947527388377	1.89317980661591	-1.8212941646168	-0.0741190939792632	-2.74498238424956	-4.05732211175663	-1.32083598745227
NaN	2.34164755345663	0.396154996859126	1.38683403707718	0.0658823896315477	3.80036550603351	-0.00523483498016544	0.101575530128825	0.189054946631322	-0.534786632695185	1.78221406669293	-1.94443684439229	-5.69792178051332	-1.45901815691313	-0.919336017363427	-1.16816322201574
NaN	5.03470621633163	3.06722130372007	1.59809962783809	-0.783330262180084	4.02416337867837	1.79852783267737	-0.28102382840166	1.43898419182838	-2.12174548263929	-1.75343263279905	-1.44901041118755	-2.37983901958478	-1.18537927553558	3.38079922878978	2.10985730703106
NaN	-0.304662524861733	1.99679521170139	3.27410214041084	0.396021666119136	0.761946603422626	0.7957528058428	1.74429721161558	0.708060100155347	2.44954465634867	-0.0160898021914177	-2.43310011944462	-2.13786845953029	0.668361605071688	-0.269096409607608	1.48365046699904
NaN	-3.41652658442165	-2.29312203776899	5.25913389626949	1.51632124963226	-4.58315835104856	4.36889832820706	3.73856981290554	6.73018285768607	0.296350975713937	3.79242815960342	-0.600997629507218	1.22825741487931	4.05486051237374	-1.24792908437742	0.0817145557539574
NaN	-0.92723035800729	0.624898761721245	-1.00829171809003	-1.18753595035118	-1.06531163384601	3.80456789591245	6.08709217525477	4.89969974346939	1.59478586876883	3.50793481866779	1.18548888941064	2.84481946899385	0.397361061880495	-0.673201633288822	1.74785923180438
NaN	-0.969202372552719	2.11296137236469	-2.34665830323889	-1.85753003131345	-1.43315557324341	1.50098471430733	3.33193419023312	6.12703663627357	1.24820140171835	2.22148543578702	0.0783345438548431	1.75544678609939	1.35017452296273	1.77620561933578	3.98921565011901
NaN	-1.30345270563924	4.88261518588314	1.02101297617115	3.34435664847543	0.0832594203638125	1.22704836499812	-0.334346512611936	2.07879707700193	2.4968983343107	2.95654412841995	1.1720242172528	-0.184514044722861	1.03978512987707	-0.234173077267603	-1.10600837430581
NaN	0.486663201696567	2.41672188017075	0.705127353395623	1.10906036838295	0.659240036498376	-1.12943959306317	-1.94595367241686	2.70754780398063	1.66574549792705	0.433066533494073	0.933421750220269	0.326156365965262	1.87523309435059	2.07618447870798	0.242617873554448
NaN	-0.823188484093009	0.662915250432117	2.03490042292063	3.07786090728711	2.01629572586559	-3.68999394077084	-2.81741536343234	-0.412916955070819	0.10065380513209	2.08252897811995	-2.49052830058985	-0.651322432529953	0.602589274207707	2.65560480972667	-1.34057542067438
NaN	1.5430357725517	0.94123652617463	2.33128610967709	5.1011700619677	6.72676930116826	-4.21353144536784	-2.31382721325713	-3.17145409543856	0.165772519143967	-0.836550175936192	-1.45071136624674	-2.1872628463625	1.23457093932356	-0.675483762363779	-1.89946213912151
NaN	4.72311875162364	0.0864932760458565	-0.0565609925982581	2.99164838362906	0.137544251649665	-2.80020897837707	-0.132835441533619	-5.11420737725996	-0.291849181957039	-3.09186255058281	2.28541105376227	-1.59737107341608	-1.48296839041006	-5.28922352525549	-0.811506220469815
NaN	3.00900329793529	0.229029485538827	-0.0215070417732994	0.382874351938264	-0.887045688734702	-2.37494297040804	0.625714962880161	-3.27832134753401	1.36577411073438	-2.23295751306006	-0.887235008086777	1.85885353882391	3.25405435697876	-0.988360386924489	-1.95779017074003
NaN	-0.485532426368964	-0.299281374780746	2.34818875147378	-1.30087116035611	-0.93630298690568	-1.7167800043775	0.0680056355417947	1.38421223183686	-0.994546701729471	0.991691978344149	-1.47552340459033	1.24092574632362	1.9991414942675	3.58269797990907	1.05697593755709
NaN	-3.89519746437588	-1.51947207095234	-0.786688099646441	-3.21253520165498	1.29326888628136	0.874452443954813	-0.996975356683336	1.62976194068313	0.110780157976672	0.890317895476933	0.0391903926506973	-1.34957833743188	1.73036002524654	2.7961683120195	-0.412772480748623
NaN	-2.49197803170631	-3.18522226074144	0.928690047623337	-2.02020739113841	2.33478066577182	-0.00534955693791522	-1.14549482845389	-2.76444645581018	-3.29312909194626	-4.91856690978441	-1.51893357476366	0.157841878551898	-0.353954619480143	1.20738263356203	-1.27044248703558
NaN	3.03619468605163	-0.356084044402758	0.383944051676643	-4.18368874803898	0.133059072968276	-0.252062218711155	0.625824351371326	-3.97434577276723	-3.91165684677905	-1.02806570553434	0.496923822947685	-0.997417195565552	-4.51278045755658	-2.32776051795375	-1.88231053380554
NaN	1.74862234781478	3.12778273872995	0.334432088183934	0.424670861160487	3.27138612772594	-0.77632662792367	0.213254783369189	-3.76120136571188	-0.917672342526641	-2.08231002210247	1.36332767038364	-2.94471041031002	-1.86952147589417	-4.64232523711076	2.47717532480033
NaN	0.962977078968369	0.150752221986625	3.0895977628736	0.378389773412372	-1.37888876178556	0.835249187650936	-1.39887097197242	0.302002481046714	6.52516857323146	1.04907724171231	-1.9245851795313	-3.7914704833178	4.08141551553033	0.850811447606901	-1.7600599600234
NaN	-3.41289446682605	-2.26740623900298	0.0259731773572433	0.941336692669742	-2.40662108978535	-1.08241981231835	2.01384624790269	2.56794879392407	1.24736119714064	-0.0380898089544357	0.35007994530955	1.90178770349308	1.40831339000777	1.47098665475877	-1.82310623241153
NaN	-4.14704255993777	-1.13883106710154	-0.616422548120789	-3.20362886114588	-2.11706292058004	-1.30008223488811	5.60457854276902	2.60012717509	-1.13466399576669	3.8421485365723	2.8720448811311	2.49233208442243	1.9832521199555	0.634745470194486	-0.866706675469083
NaN	-3.32009583224617	-0.320680582138404	-5.03787654903856	-3.42348060010107	3.42587337905742	-1.43782543668452	3.77053301734064	0.453654535854887	-1.60708278314313	1.71551404371028	-1.80926582054362	-4.46222191634102	-2.88739701783347	-0.359894181937726	-2.89775445812374
NaN	-3.18006847446834	4.2065268801924	-0.299653632367358	1.14742636939756	0.0601339370277757	0.0687043293133177	2.42100471509955	0.697748931653722	-0.702682472758291	-0.495620901620037	0.321308748558517	-5.00863531263382	-4.65602681594345	-2.87794627582385	-2.90764729701046
NaN	-2.2850554844377	-0.428100404842112	-1.76022090077625	-0.256005250371812	-5.59215055342667	0.860742172731761	0.931607503619746	-2.5498867264557	-3.77872963186041	-4.67660740705506	-0.0184167624031577	-3.79324940242042	0.125823808766707	1.80074257072756	-1.27157640758812
NaN	-1.81655973661142	-2.06830393214721	-2.23430444814291	-1.3774559679015	-4.13264838287932	2.01456513313754	-0.607753577196128	-1.83158220633024	-2.22016637806069	-2.48157613229576	1.59931142543703	0.904273695100389	1.64361191735926	1.44479816649786	0.696625547362855
NaN	2.80561165815833	-0.905684583917202	0.672435263966408	3.05789012627089	0.855238884585851	5.1153197680484	0.632599473988977	-0.768943296641817	3.19967266859884	0.58898165582627	4.03020759791107	3.41148709127732	0.578098437515395	2.57385287709905	0.16816385686353
NaN	0.48046692843057	0.029922515663187	2.23077514675948	7.39975205733117	-1.79121106768676	3.74830654123638	-0.152047374764737	-1.17053458944611	1.29930920259379	4.27947524461784	3.60058543608786	1.71564443170942	2.01757011299884	0.385464544611297	1.96666152163829
NaN	-2.68533922702659	0.106259700659711	1.39719492404869	3.67011597460213	-1.01013205901059	0.37359831713664	-2.81636206606205	-2.13804593360401	1.8051445081556	0.238118406397656	-2.55160510631886	1.42279560001678	-0.772676584740881	-0.842407889662337	-2.40912792727933
NaN	-0.814887958661532	-0.315105362370621	1.6259211505964	-1.40746544494197	-3.01274849786158	-2.63065473635774	-2.59011371079549	1.68552375380689	0.669953513067595	-4.39552137892178	-2.89270712741111	2.98441047597814	2.02535313459784	1.29643368471139	-0.0364692326836535
NaN	-0.453408524571275	-1.38646975149263	2.91838850265482	1.32862922534195	0.151085835051659	-0.689657759094255	0.478536363036289	0.484472086465399	1.09185303063066	2.13417698738914	-2.19933943378095	-0.690836902170892	1.3557886935333	2.85998783707808	-1.17598462027559
NaN	0.533125663758683	-0.62833647679171	2.80140391010502	1.84633947890515	0.439025824961486	-0.0137637751440007	-1.98831032449533	-0.539005591488562	-2.78352889035524	-1.0760654735126	-0.0256089678382014	-2.19409763550945	-1.18292127864412	1.47055443211083	1.18180058744705
NaN	4.55125828469171	-0.435279412002323	2.32192127399076	-0.179925900072872	2.62558043725587	2.21289547492859	-1.56535028225416	0.917225659583292	-4.54491838390077	-1.08508616175687	-0.8707195425838	-0.758112928233678	-0.695131618271732	-2.01694994261092	-0.060251372747138
NaN	0.344314498440192	-0.168886221871243	0.689587459904201	1.13171822504647	1.78941530091932	4.79240957493436	-1.03071385540221	1.28108050809771	-1.36283323804791	2.03958711176824	1.2129546954995	-0.481203897379194	0.777954861801847	1.00162362732698	0.237420818266951
NaN	-0.686344553695491	-1.7997409096394	-2.23172452650512	0.569567530431686	-1.05251029586418	-0.167211920662274	-1.12604992933356	-2.23044135313028	-2.73749373325458	-2.63589824645724	3.82451723787437	1.37544857703742	-2.09831622444873	0.30457697421414	2.31035627465961
NaN	4.55053630275534	1.41811722516139	-1.61882884967087	-4.42246769306588	1.58454317050683	-2.71151655386773	-1.68327266855633	0.722228019302274	-2.57079624678957	-3.95323997958908	0.656861184116076	1.02560005795381	-2.65231675723632	-2.26251924712767	0.108441684374796
NaN	3.34461505731112	2.48146159884443	2.57279431859747	1.88408839909259	0.632500241450002	-2.31188896435122	-2.19412268330879	1.00179797736846	1.14901587778563	-0.512946226400204	-4.04888105893613	-0.0174153763704788	-2.79507631281375	-3.26316950368683	2.01381581090084
NaN	-1.80720008000053	-2.5277943274718	-0.236619561632098	1.71006982173594	0.500430049477888	-1.59832919820262	-4.63824663357021	-0.207128236343719	1.41605980590498	0.79838061640435	-2.26796677220921	-2.13884964772208	-0.524513478937233	-1.54634664420267	3.11744741230411
NaN	-3.14729796101341	-1.83588270481219	-2.1938516279523	-1.2094596645378	-0.0146178766700663	-0.687213841675323	-0.463516702707157	-0.0423514647457872	-3.33908539559268	-2.89960723495427	-0.7533795072987	2.51729489430417	-1.52527562213045	-2.72079512846878	2.72730719189909
NaN	4.10228454873148	1.11344325358149	-3.44152949368745	-4.17874584962468	1.28726027306703	-1.31651800510782	-0.348709697231794	-2.64349477749383	-1.99486317284629	-2.29267092473327	1.65964086890004	2.4408792981248	-0.439333313372518	-1.48632128530981	-2.3241790374012
NaN	1.47091740122202	0.0310384116224747	1.57985358170665	0.211341772923131	1.00705590110544	-2.87509513875418	0.464899550281357	1.00146973485436	1.23065956515247	-1.43186839269124	0.34487262643625	5.25804220109406	3.90487330088855	2.73935001370481	-0.810950611420108
NaN	-3.70408564490988	-1.7445550846266	-2.03192749788232	-0.695149689295697	-0.312333585238202	0.248671091726734	3.06502241085727	3.08937764713557	5.41414107341876	0.184791361213081	2.46288856488856	5.17546817570036	0.00948535395271088	2.75015702157963	3.27198559384901
NaN	-4.10369975161086	-0.199511445633109	1.81518035796921	0.417565392303991	3.33426239745449	-0.398115239724787	4.20084495807484	2.3005363957964	2.74298232650849	1.30365864407943	0.530789649697339	0.455038871123653	-0.229121838042411	0.274157108142236	-0.765143184805341
NaN	0.838789634930054	-2.06179243954629	-0.223145126176206	2.0960127527729	2.86180936794337	-0.297069204760484	1.09546636461825	0.572631909733995	-0.758170312167579	-1.79750545066406	-4.35352086426129	-4.27309326397597	-2.42899865744562	-4.3659012718133	-3.20414107845607
NaN	-2.40796062684176	-0.113847040449298	-3.4389724781272	-0.726117591469464	-1.21032742413727	0.563074990943084	-0.817624874225743	-2.7423451972855	1.43080489906039	0.723522293308705	-1.20687651183758	-3.97577421160651	-6.43450756515602	-2.6880426171307	-3.17229143401653
NaN	1.22653619569127	-1.22108032507448	-3.37842456730002	-3.34777129545589	-1.29173795646385	0.476606907845325	-3.18617238652735	-2.03599857704763	-3.7246621831881	-0.325133961947048	-1.46246453659898	-2.19051431036292	-5.46884761465963	-1.12719050470406	1.73429033774854
NaN	0.894959176253144	1.61599428565462	-1.33391617662157	1.42722348978156	-0.318877054472965	-0.193016795911097	-2.33242761975603	2.88227884742946	0.64718271296767	-0.400084059404093	0.399402558049973	-1.36232178646795	0.385823310439978	-1.5332615118901	0.301363877952965
NaN	1.05225400636269	1.48882785051621	2.03860856349293	3.73243938032372	1.9052967942229	2.189939176521	-1.49801623150003	3.25022072203581	1.56663747872161	0.918551365018366	2.28315015580535	5.49328337585528	3.31988938179879	2.19930631219539	0.59873143672749
NaN	1.25328783385713	0.303198248520006	-0.423470840067377	-1.42086534827389	2.03544399213691	-1.69641668651346	-0.521883142824191	1.30293871708704	-1.31326069769864	1.31819744303566	4.2249842533602	5.55307686686926	4.06907447400118	3.20018274641698	0.759906376772009
NaN	1.38616394723207	0.188594225844002	-0.481183384603652	-2.29564240408832	1.01386992831875	0.273121289401594	0.325719035997157	-1.87850810194663	1.29459673738228	-0.641014583104747	-2.89482674281749	1.41299338361892	0.630959531503698	1.07581159250023	1.07651379975744
NaN	1.58771105613685	-0.442587893189039	-1.79999144762116	-0.792315281164104	-0.872140536362388	0.618735221283954	-0.264942159018275	-3.04578092654006	0.586383984239903	-0.222792641040116	2.16437952906671	1.1631853580743	0.280248895732424	1.7365457159695	-1.84052365724296
NaN	4.25972833530197	2.83509107544163	-2.68426297292957	-2.04703343729436	-1.66912768461628	0.811300363665773	0.611226432366971	-2.96046106984433	1.01695240178905	1.08663102794001	2.24363294132413	-1.3884128711724	-2.75388034178718	-2.41917434181955	-0.848070591810631
NaN	1.79488696240821	0.520547486428211	-1.13507896592983	0.340055919944514	3.25654480734567	0.0517603045554994	-0.543406746908946	-1.45926595409475	-2.01518124846178	1.2700302227023	-5.01982529155034	-2.48541906151763	-0.647646662205166	0.151722031127285	0.483918145055201
NaN	-5.30311970994644	0.00411499894832791	-2.70920063426653	0.696038995559162	-0.311379890291175	4.41899496069714	5.1047550731971	3.14710887021336	1.13073869113166	3.3922428171991	-2.09872546262151	-3.84389554064309	-2.42084849815248	-0.888266578562872	2.83535261256338
NaN	1.01258745105554	-1.2204143977863	-1.02070660913517	0.920307345343252	-3.90323838016988	1.2427931561427	4.88027463419691	3.69768134606418	0.359051265409125	1.16266155466041	-0.610238046141423	-4.03237764565143	1.94323984295507	-0.624774228390534	-1.65412378452563
NaN	3.12131066286369	2.31105901169902	0.0177863333415268	1.9501503702485	2.53562872831903	-0.528931633533279	0.435519309481408	1.95132244443219	0.12825948577208	0.115114387687256	2.61381484282853	1.28486057244411	1.09580716123487	3.35669328398832	3.34094099693212
NaN	1.26612998708631	2.16717486961346	0.384317670108301	-3.59026320784593	-1.09585874176583	2.00832501797713	-0.99157834753935	3.780997684693	0.676846466968762	0.338502805480464	2.71886757131154	0.436736414820295	2.71072243767935	4.87761509617991	4.45119759205499
NaN	-3.41053615459471	-0.731988657291921	2.86617568037699	0.140601565829527	-1.0233633655225	1.14118933593216	1.37158607132259	0.472373517551282	-1.7037831200749	0.698642212311112	0.229746013840174	0.0411395276528544	0.821602971865171	2.24656021077297	0.0548593183151769
NaN	-1.28112248906807	0.639359446820207	2.17525395470896	0.317253073009269	-4.65060618189174	0.788328029881293	2.28284759188456	-0.229593015111057	2.00951608825734	2.4053444733602	-1.33601299268884	-1.48327876338948	-0.715751025835084	-1.94816503484972	-4.19805156254303
NaN	3.95549176648123	5.03858289737012	0.805327291426575	-0.530913773245965	0.742893841794632	-0.478557172142434	-0.995504939406232	-2.62796304543951	2.73794632135779	1.81855453357404	-3.3324210895847	-2.94643266862869	-1.10380640187653	-3.3217625349913	-2.72289823562783
NaN	1.98764561403885	2.67693988328702	3.17530218761643	0.428495102848995	-0.570797642398947	-1.40893330225747	-0.914438247916965	0.0630918269285932	2.11213122363512	0.87901140949569	0.535903285152743	1.09043354301622	3.90104030431073	0.832011425593764	-0.00291427076569301
NaN	1.43737398197885	-1.77480626346515	0.160145686149975	-0.558142590751676	1.11978103777204	-1.71500449438127	-3.98886705772776	-1.36629167137479	-2.14498915167331	0.337091800728084	0.640278447594744	3.23631689419246	1.27345802768926	-1.17906923120876	-2.45949755418541
NaN	1.48536159269766	-0.215256426116818	-0.39156533268746	-0.984236871010537	2.02171081807732	-1.98738735992729	-2.83994308914348	0.854616191794834	-2.15659629895015	2.62010314296919	1.04749016881102	4.83297755089105	2.64480402536856	0.171056021208647	-0.138649020061276
NaN	0.309234251315727	5.05815965438319	2.49568845981201	1.3626053352507	2.15084466904656	0.145990657493026	-0.898817410752998	0.555164359171713	1.29702546109153	1.80368686318404	-1.48562370488781	2.38303419364671	4.07410533227354	5.03262413434405	0.0608484059739105
NaN	-1.94788716660826	-1.79004456103783	0.491810959498992	-0.454718395228854	-1.7332421043275	-1.85428857624187	1.20309824092774	0.849248137190723	0.873423572360842	2.14738129968505	-1.76309467558688	3.47285350459133	2.06283524324806	2.79863342690564	5.21848407628692
NaN	-4.95723842276705	-4.993012419151	-1.26902992121133	-1.61943804586958	-0.804258381938606	-0.964043991641585	-0.404358449758363	-4.88097664973802	2.11443571809649	1.19899259151595	0.569586355688322	-1.13603774334079	-0.167713957966454	-0.65346078869441	-0.279523800121752
NaN	-3.04202233843639	-3.62176384346671	-1.4272073035033	-0.242222370448767	-4.33628349985121	0.833733931701295	0.304624391277803	-0.767186013544836	-0.0861665895089703	-0.354686368769093	-2.0120629524084	-7.29420571102985	-3.02700687337541	-6.06335418204172	-2.72314919923707
NaN	-2.50212666348302	-3.08556667403404	1.47902640839598	3.00442314041536	-2.66446221904447	-2.82861909493149	-0.929888834725307	-1.08991230263331	-0.301738315968206	-1.05764562534217	1.62694991614285	-3.37748170808542	0.944997598775968	-0.965681124920552	0.571934303830077
NaN	-2.95751970022486	-2.56044702664933	-1.08916672995424	0.220066382797485	-1.78887511549879	1.49457509054277	0.869432305247423	-3.22676727589295	-2.86595615559053	-2.20101475884281	3.43149548472138	-0.0681848698994609	0.640285245772122	1.12575539405235	0.391790464340511
