NaN	-1.09732061370038	-2.155881955605	-0.929031226532348	-1.15923462677128	-1.37299762224274	-2.49286187939806	-1.91021581426646	-2.36893864215989	-1.13680426423541	-3.10779017467472	-0.60977318417845	-2.63915352599201	-1.32583149169574	-0.535200351147994	-1.88547565340482
NaN	2.24591778305473	0.354429884753484	-1.0577535100506	-1.88804179025966	-2.67385089673862	-0.136357064625985	-1.82531939632861	-0.348143437224691	-1.46922703542102	-0.762561931129269	-0.415928145436525	2.26095199219008	-1.69437812306857	0.432604181497172	-3.87555968049394
NaN	-0.478971562728057	2.41858471432487	0.635917674323235	-1.72804404499061	-0.642822672974353	-1.578141800536	0.50044318588025	-0.900304285273966	-0.589402805664229	-1.96280156821736	-2.4836811302622	5.54837797730461	1.15469132383905	-0.482281394605129	-1.23885045074334
NaN	-2.60527293107869	1.92654564323301	0.92733796722722	-0.411660132974867	1.73641225152394	0.60741932542593	3.9157168234932	3.38025853811112	0.788410145653444	1.19032156139098	-0.634720990234642	0.589683887715833	0.576128560780726	1.66698390457049	-0.587288470623269
NaN	4.89131459619727	1.92893613700151	2.64700745248574	-0.0696123341596524	1.7382996904659	0.337732609684189	2.57522438563159	1.48645942531346	0.738159771070086	0.341980579139653	2.26416226405877	-1.91891613307501	-0.217251880247733	-0.272504291653674	3.58991250175029
NaN	2.12925530855951	-2.61004352301214	3.80490737438446	1.94884735906898	0.86216845601844	0.817655443866128	-1.49890834125117	-0.905711802094849	1.84611115653098	3.2391823589151	3.58620124265694	-0.957847422328787	1.83282537968639	1.7432772612343	7.59451279942165
NaN	-2.66380454289269	-1.47265839913089	3.1937983918733	2.8267742702192	-0.0736811815548081	-0.216511245448609	-2.08938145380608	0.171062108522195	5.05672837913857	4.90837484396273	4.34533820148598	0.46654248754533	0.903424039459514	0.456314056392566	-0.377813656334649
NaN	-1.37747075699983	-0.916959430095216	-4.78783326714714	1.16509659827107	2.9561532306313	1.40113855138404	-0.889888671597133	2.26761729448841	2.54641391350693	1.24753530096112	1.46157996915085	-1.0176030705601	-1.3212746006459	-1.35187827354251	-0.476238906638026
NaN	-2.06041707816487	-1.62422445966656	-4.58803835039993	0.39965520984174	-0.466116372533845	3.77664011798502	-0.406711095674673	1.76082969413871	-1.6450025671263	-1.15735512240011	-1.54844127129758	-3.32934271375342	-0.541977342767803	2.29205737464547	-0.482894475195947
NaN	-1.1680151399919	-1.13574406964659	1.56531185919956	-0.805646694573626	0.0485754862081366	0.559362793681953	-0.0960471121502124	-1.03141412033886	-3.00202405171733	-2.21226732479726	-3.10475898889313	-3.54050827324697	-1.86953717363915	-2.68222731409627	-0.904152303175826
NaN	-1.13433884791147	0.015422678811711	0.882143480684385	1.48105533723873	-0.279427584350886	-1.51078911501993	-2.09670291574014	-1.71054681383619	-3.03836939318787	3.09251506070166	-3.02359796582479	1.64532167490464	1.29472975433435	-1.9284155098016	1.66456207213156
NaN	1.69670777232157	-2.15799359542058	-0.307653087659784	-0.842678441978777	3.44063018949152	-1.24397488400147	0.90362922816994	-2.60892434056676	-1.38636919593978	-1.0728900006032	-1.03248999585335	3.41263106378535	0.141589741659705	1.50179961519386	5.19602506246886
NaN	-2.01316891863321	-0.978288167519419	0.033425479055719	0.29482540443757	2.44917854623711	1.96766312800917	1.12554804943598	-1.28783165371436	-1.5275571147121	2.19231402968255	2.89864217078778	-1.40109846349314	0.584447143608092	-0.631277245486759	1.67708947799967
NaN	0.827070383484786	-1.49935463341729	-2.60420010101841	-0.254411455816759	3.31689947097934	3.73774097088883	1.43316441577231	-0.533153991772797	2.60093705167974	3.0550388405689	4.71737912713968	0.330249096473331	0.217010977351308	-3.72369631057702	-0.0469713112395921
NaN	0.229099798976027	-0.0414755976600966	2.16777207296889	4.30379207684233	-0.484868249744393	1.04490801714125	-2.88586387284759	-1.50168069678791	3.31753211888234	-1.20248444388168	-0.86874835218379	0.460806287472988	3.50609892766314	1.50887252008951	-5.06776619519786
NaN	-1.40526645853182	1.12237321322643	1.24419665218808	1.77303648492718	-3.8628959065402	-4.15930840442455	1.19146521528137	-0.325871445702318	1.20108527704404	-2.60832581717277	-4.48257721391812	-1.78051559915289	-0.384927205072104	0.726479520692994	-3.80987399242987
NaN	0.487658828918182	6.42996707776149	-3.63971346453534	0.201074269906529	-3.26753567191474	-0.527139017830466	2.39557681074141	-0.103404832204872	-3.47208893643969	-3.72974891971512	-3.84244659067547	-1.20226107800405	-1.68509479309402	-3.35142958763426	-1.85044731207589
NaN	-0.273912030046558	4.78725331844437	-1.14729775462763	0.716970846221616	-3.41367821433743	-0.433798663839353	1.5621325626091	1.66195446955228	-1.00727228242418	-2.51105187351716	-0.882047083834784	-0.714550853060576	-2.01624582816292	-2.2586947233552	-1.78677936739719
NaN	0.534954116785049	2.71111034898866	0.0961101441404713	-0.67615767147271	-3.49225401291786	-0.959029926506396	-0.246282544699584	1.22378228504692	3.76577466643578	-2.25709563260997	-2.7184962141855	-0.822247891285677	-1.01512920983263	-1.8089827243486	1.08989099746136
NaN	0.542484635095916	-0.32648144749788	-1.30057064127209	-5.35575490998085	-2.2033609700507	-1.18695295311871	-2.62615553261029	-1.87299848001742	0.708830801354121	2.93522378313481	-0.446891721265948	-1.27831719862621	1.53654586710747	0.0374139022872389	2.01129348233748
NaN	0.90518454914543	-2.84864010545095	-2.87622235045945	2.37637750365072	0.37664286247392	-0.148563493985876	1.99183434221056	0.466438884057052	-4.06058359385419	3.70426455341446	-0.899056833562112	0.0667332228201207	-1.06529335043706	0.475287739080295	-2.07800776928876
NaN	-0.0896890043110875	-2.98575205160874	-0.568355014951676	3.0299327483236	-0.188011532870145	2.65421979121133	3.37161611736019	0.694174625474591	-3.37356000778148	0.147383987548456	-1.63230379735494	1.27447724504288	2.98233914322337	0.228413482805957	-2.28427200143929
NaN	-0.302844747955679	-0.583973708779146	4.61400401867981	2.37457847869635	3.16926244092933	4.07583669083531	0.151173501374704	2.89575697158323	0.101162769294658	0.0752124463077146	-1.17049531237739	2.20302842154709	1.830154124583	6.34476076560394	2.39864408529355
NaN	5.35157705396821	0.375052993708987	1.94366124527946	1.07185060911557	1.14566913012528	-1.15705477964431	2.12181911045874	3.70988089693243	0.0775743516838325	-3.5941605872197	1.20578196466613	0.628990689273373	2.26109698013687	4.88156817719101	1.44468387797789
NaN	1.18965997590532	0.860013467088967	-2.22918630573897	-3.30835085089026	-0.47682089308889	-2.33440818005851	1.71045766321431	2.014706778505	1.64271385647566	-1.69195173325799	3.01739404516717	1.25708868203946	0.44309207033949	-0.0883772838304923	0.486943854209784
NaN	-2.02485078010918	-1.6830813409334	-0.792788638733145	-3.91813364011733	3.03799941619922	-0.642988704483106	1.08071385594886	-2.30073437823104	-1.16933396633731	-2.20033068564321	2.50190987571838	1.08159921071137	-0.49502658084957	3.16867576296627	0.0968206082041684
NaN	-0.923395749184389	-1.0191141082446	-0.771782660917105	-2.64485203104857	3.73581340356587	0.142778272001031	-4.2617010652529	-3.39838917401055	-3.65565478683785	-2.73081413361797	0.823112709544662	2.51414256764624	-1.45265107895432	0.37847002924529	3.11270595297675
NaN	3.02930257926826	0.603473635810456	2.29146101878453	-0.0802129151218247	-1.73595495905333	-2.52046105508038	-2.28201085985059	-1.93266561274325	1.82591465859713	-2.43840782318159	-1.18633882010435	-2.92223569203916	-1.89886448328048	-1.09044402268852	-0.231529308327223
NaN	0.791295608390533	-0.270991389807193	-1.52433284891982	-1.6526471266481	-0.430378408348463	-2.06412058285126	-2.07639481013059	-0.928289171619229	2.96615549672379	1.21147044748097	0.853290639364134	-3.88988582043701	-2.09875156461299	-2.63550633350802	0.126472901993314
NaN	-2.22103676089319	0.887693073696614	3.59161014849373	-1.43548925795057	-1.17564322318977	-1.50339339209252	-0.484587638306187	0.255843091221723	0.140536596022672	-0.508277999379972	0.591860369878119	0.195042024684728	0.834174138664921	0.526187745758538	-2.78853352882544
NaN	-1.24651866170867	0.514071831465373	3.8923612503562	1.38293986042831	-2.69668432958152	-2.20422070247405	-1.40762488954249	1.64080118768082	-0.11217829714252	1.34038061306901	5.03273313875955	3.74792356682531	3.40395490220372	5.68320203322298	2.98608085056282
NaN	-1.9965644197424	-0.0692715901224401	-1.50543468189125	-1.30154581959201	2.67595662663129	1.47651850612937	-1.80866138948583	2.26412593230963	4.49122663219393	6.03057017134181	2.29839167694092	1.76170778918605	0.831098427492633	-3.64970466348675	-3.46171734440816
NaN	-0.233085462570839	-2.01185240800869	-3.41922028070615	0.21918029840915	2.0754138107761	0.287541774688829	-1.32948599791631	-0.987425235766022	2.6856199849324	2.8563691824832	-2.21504169009329	0.135635553942358	-3.5654023320521	-5.61410630821336	-1.50034252156939
NaN	0.6252977905315	-1.68230262789208	1.74765067890904	-1.89234447682844	-2.32324601347615	1.19813116002207	-1.51261665956393	0.813032821593058	-1.61098795970022	3.56968032800445	-1.25879463615807	1.58370770750064	-0.48835745335387	2.52595828245957	-1.00355605868044
NaN	0.478175973809056	-0.0966392112993361	2.67769987931373	-1.14680579181118	-1.14033234854637	-0.270543520397883	1.2843951431624	4.14370405965864	-0.419231951637766	1.78513547103291	3.94240841375744	2.22389052680983	3.33148486768264	2.26760145848017	0.848428456913915
NaN	-1.17785283984716	0.742142948811078	2.95933370322486	1.19217176736422	-1.26600680610338	2.88798589776795	0.722261698182911	4.24042186398674	1.56278589455307	0.86048972629591	4.54723508554789	-0.328621919543177	1.48711804855361	1.02674599530317	2.50178937081673
NaN	3.5170207059801	2.5025362005991	-3.07396658749521	0.614363755978119	1.38132544542821	1.14409537706347	2.61857384795959	1.41215622503376	-0.441377920718384	-2.21957938476173	1.62121333700868	0.534681714226583	-0.790348770469934	-1.34416076734958	2.8415408976006
NaN	-0.279383265897418	-0.893777728567636	-3.23273847136112	-0.939634139563353	-0.977660164483407	-0.942018750024352	0.832660532960313	-5.92416669762093	-3.4034704663745	-3.42952445736248	-0.10563817484429	-0.974674963968347	0.391446346172274	1.63921030449637	-0.0534074316561622
NaN	-0.793517439013149	1.03366049536593	2.25355566856057	4.84827841107014	1.09204153909786	-0.146775347895009	-1.10045368618925	-0.215693587344146	-0.454474391230052	-2.63168050458884	-3.0988709110891	3.76832949098545	0.969328489749511	0.901439189410235	-4.78018107929587
NaN	-1.23501656206193	4.0009268812128	-2.58236140648848	3.99935280978416	0.793375450091155	0.968554661268305	-3.90984232413987	0.618491693490061	0.944091009605805	-1.02423209810708	-2.76473555412004	1.83265371899183	4.26863308728133	2.73479111775354	0.575736444977121
NaN	-0.731406667106953	4.97486968346795	-0.984766404318856	0.0420504219672184	-0.651766023431418	2.47292859643584	-0.3055399109196	-2.20409985278785	-1.06876925457764	0.245973778770081	-2.66103198131472	-1.84606523490961	-1.54204447812851	1.94642127888551	0.511009049922861
NaN	0.270848743684434	-1.13854030340335	-1.53341232726506	-3.5702841285663	1.81762422476935	2.63236394512947	-0.0424170418226703	-1.46799925751768	2.4318247312212	-1.89047225151835	-0.558877357646108	-4.19025023253731	-4.77551529994153	-0.184957855548717	0.517469434522926
NaN	0.133106556771794	-3.14860407087766	-2.70957296742062	-2.71271631833913	-0.957477374793849	-2.19890788093969	-0.542983866991937	-1.00513254674777	2.42316646499766	1.99585292804879	-2.28335990134854	-3.07013914176008	-7.92597694179327	1.12366025973645	-1.48726536532683
NaN	-0.829331589330015	-3.04751183099232	-2.13732051692736	-1.26759184764032	0.515904929888946	-0.238404166601337	0.907723539514824	-4.78287210568719	-4.34613113703906	-2.41083712505081	-1.36366195154595	-1.88067392707942	-2.40215712477965	-2.6535868375747	-0.90508525086806
NaN	0.679225014474753	-2.23394598577112	-1.03314687178357	-0.9888201589194	-1.25218622267698	-0.44936465778735	-0.229057049714105	1.90592712893982	-0.0676355273083474	2.47006356723074	0.10451682347073	2.65577775951974	0.0315937062986939	-1.94067876748875	-1.90411444861355
NaN	-1.04732526551105	-1.40190550815733	0.190531249845932	-2.96450817473971	-2.89518228286405	-0.736767682258154	4.89676878816411	1.51481904300949	-0.298857837494022	-0.915224842084909	-0.307734938592203	2.13237565218742	1.29057648009555	1.48881493718379	-1.16372045844806
NaN	5.14107623043903	0.479911924080874	1.74187589166912	0.765601170978842	1.0185133342975	-0.339182073597965	1.18322867859247	-0.696014643732004	0.922612442476653	-1.01368416283614	-0.755456196346539	-0.167573095136809	4.90686190730591	-1.52812489512004	-2.20638410317706
NaN	4.21538894940859	1.03349931496028	1.85469298467285	1.04865573952976	1.93378343453075	-0.944281127009857	-0.352910852853677	-3.24507979838436	-0.605572015308372	-0.240540094389895	-0.757123453840023	3.4381865912162	1.95568026801745	1.45499236993142	0.719584336501995
NaN	0.207584267924876	-0.186627753495447	-0.9857535871333	0.849595924727742	1.84299770844239	-0.714443603462062	-2.92994847973233	-2.91385759758918	2.35398109696812	5.27676398768235	2.9056410097674	-1.80500066566908	1.11708813154728	0.0431319335003665	3.8388605908752
NaN	-4.54553690155163	-0.891494867768636	0.189529688185792	1.91440352124987	0.678173488512967	0.588469426442632	-2.24606141601932	0.902545195232346	0.786538589089129	2.53958296131671	3.71884039396372	-0.744980612725465	-2.50002918819943	-2.58793831197941	2.76690922644007
NaN	-1.87787497114847	-2.60700846267909	1.29523144414663	5.60249011646909	-0.197184045173735	0.355694810073022	-0.550302204120568	-2.50439926189753	-0.823871822849914	-2.37521554231583	-1.34440571058923	-1.80277550727319	-0.636117449017648	-6.68262471827653	-6.26803440965565
NaN	1.5140542794599	-0.190181139682892	2.10280548169121	1.89749209809185	0.0631588004146955	-0.552375734095253	-1.34193609260523	-0.0960416433399168	-1.50554063571442	-1.35102833050115	-0.814330536147629	-4.87623966504558	2.76095864859167	-0.130841338139107	-0.617917692797001
NaN	-1.47312736166879	-1.40636382489612	0.526041378554748	-3.54447575853222	-1.9658478611132	3.17032509331668	0.708832915383505	0.113339485182203	-3.89074612878281	0.98701503275843	-0.599247657324363	-3.29111707259582	-1.2682756517362	-1.35568750121369	4.71445602505833
NaN	-1.55138107968457	-1.2811954454883	-0.936836579692817	-2.28928265298137	-1.03224920810656	-0.246366340654762	2.23729539308612	3.05560638466501	-1.88342255277231	-0.944003323178555	1.52884787833144	-0.708199941667902	-5.20172628026454	-5.72405997709724	5.52022641471589
NaN	-1.21814325714151	-0.939720301570392	4.87071328872162	1.21737255643503	-0.463827986888951	-1.09227397588019	1.4162875285301	4.39739602228063	-0.536223991250209	-0.367643665978198	1.24704267920519	-0.0844275621551168	-0.68709526742533	-0.907380965732631	3.18520833611506
NaN	-1.42258221991889	-1.13679249336513	3.7170665417828	3.80680239706099	2.31751665601543	-1.7887172351714	1.55009237748658	3.77906247938286	4.42973078959546	0.565409662322313	-2.16244857320411	-3.07850033975103	1.94008195086072	0.674989170876433	-1.75369328529256
NaN	0.121219912607349	0.407945392428248	2.80590403588932	5.63778656977539	2.43960882193573	-0.855148607081688	0.87797458519967	2.2663306599384	3.91712574542681	0.543311319521452	-0.899839595208144	-1.16324766113678	2.90786676889658	-1.04706557195625	-0.682910996907529
NaN	-0.884944637769757	-0.661168879755048	1.08000578294618	2.66810434884198	1.44669767726164	-1.20815475366617	1.26612579373432	-2.8461450936207	0.77775148786734	1.00575969215957	1.37757202968641	3.98266731441276	3.2087303153259	-0.352290058110415	-0.217773141704084
NaN	-1.25904624761832	0.21024615292529	-3.42177658998374	0.168015915813127	-2.09893110118806	0.88549507330384	0.845356547789426	-4.32475476262916	-2.79054081800817	-0.618341666635928	3.66701874644148	3.50637136050773	1.04774039195	1.94024142013731	1.6496860974802
NaN	-0.556839897659653	3.45654555855886	-1.58111011583053	-3.75031331244775	0.359146477284168	2.30309918550575	0.0204956088069671	-1.07730264518309	-5.00026850453515	-0.0986466686788671	1.54760369669514	3.22337579344842	1.8734565366254	2.05531395865714	-0.413159695957402
NaN	0.674778860671852	2.23738630060557	1.51649949284434	-3.16206254796389	-2.20217967715624	4.61737223475237	1.16515130129582	0.967862349300931	2.88078299020156	3.62384154157939	0.0542042525576449	4.06041059309331	0.55284534597776	0.0494397552882799	-0.343143698494717
NaN	-0.91314181569407	0.0378621601737644	-3.3645899748954	-0.133419995907697	-0.471970833184471	3.24034992838125	3.69061995580585	2.47564534971117	4.17593299259629	4.31322074790803	-0.896676941202827	0.531842864675038	-2.78998348750436	-1.51634770168478	0.767395377784291
NaN	0.716442601416042	-1.14895181639611	-1.7086883843669	-3.14134304451828	-0.0147500063500303	-0.550894956380143	4.23963509200268	-0.391328389273918	0.671712028881394	3.94563124661044	-0.194274982932661	-5.63448136400764	-3.46745311356341	-1.52879319661426	-3.08435487163787
NaN	-1.03013344151567	2.79617678280634	0.579489552110993	-2.30370235787879	-0.159569103571504	-3.40027035476172	0.180571630826783	-1.99681026152313	-4.27620560728287	0.742396316232687	-3.21607117672469	0.119244497610572	-2.7044271696518	-0.672412907877944	-4.05672692866975
NaN	-1.79284960262416	0.782435655011796	-0.565956031802559	-0.368900968985	-0.195481657012843	-3.16508807738953	-2.76277674851415	-2.84503704536346	-0.695124701183064	1.10494948272974	-2.44294153443975	-0.280973110921423	-3.93858126868713	-1.35575072777343	-1.2034171565505
NaN	0.701644622009918	-1.81888657661981	-0.956409404035369	0.606279440214305	1.18536227026137	-0.712074673678548	-1.45362407155965	-1.48536257302765	-0.678665477324416	-1.52047271478639	1.35023764135635	-1.43038649060953	-2.29190703987573	2.00421747369052	1.77520870159923
NaN	0.685564813456023	-0.671318876617979	-0.645623990040287	2.29068861932058	3.91477352001396	-1.11877609698131	-0.034742617617675	1.55833864192685	-1.47819050248666	-4.86491859433188	-3.82007658993175	-0.295050836839557	-2.01115179629573	3.57874201787801	-0.0148763655727333
NaN	-0.465779076608235	-0.188187513532191	0.0595447209905174	-0.906468092220105	2.6359021504743	-1.88323888555603	-1.6044767451875	-0.827502674161943	-2.46881589787855	-5.90956682641944	-3.05177314978331	-0.0564086441353211	-0.325432252812264	-3.30295854290287	-2.85512331022585
NaN	0.421401002225179	-1.32174378328175	-1.05044356263271	0.0771257486021325	-1.62552316217326	-0.356261885238108	0.37546765610105	-0.259913775207836	-1.2710962885526	-3.64848080138321	-0.897623408914167	1.9171907717574	1.66209839974941	-0.270554049000346	-1.3658355107204
NaN	1.00112297116647	0.652694463266096	0.585119241636121	1.58957674982131	3.58895423623057	4.56750073366435	1.67116388692296	1.74623228943969	2.32742901110386	0.417843684036997	-0.631177595278667	-2.80628051569458	0.199305017822836	1.37044646818185	-1.92062233052962
NaN	1.63117726807681	2.26496270927512	3.45020128360572	2.54352160300393	2.51289537848447	2.50828753134148	-1.84540618536796	2.17007130114369	2.57555037836611	0.0905071135761559	-3.42779237765759	-1.11241086626016	1.91415754400347	1.22249502802135	3.77043031110298
NaN	-0.246486592203757	2.66100512913349	0.140489772388758	-2.41869664917759	-3.15286894436272	-4.88622086758988	-3.67798195762402	0.261157574987508	-0.359994107384911	-3.47116489965335	1.69452694196892	2.83967815408637	2.7389849334275	-0.920525196712672	0.0758453203978756
NaN	0.265124485641429	-1.89506395340036	-3.8335464960659	-2.94700444010905	-2.77870123834851	0.398383697828296	-1.60719671342335	1.51746839618004	4.21159525861392	0.182596901281174	0.372333634328585	2.63067807625136	2.55103295357243	5.48392114342583	0.856455553623038
NaN	0.143556551296564	-1.0327261586855	4.2948710003248	1.58000856829955	-1.60569965270492	-0.687074521642226	-0.0171388383681574	5.06954720956427	1.73500107126433	-0.856805752528781	-0.0427912083169069	-2.58331631945117	6.25853628891182	4.45777777722664	1.21057743069822
NaN	1.90804077178847	-1.02534404235161	0.852475394335694	1.37084766654557	0.651380634598541	-2.23885185677799	-3.00587204304178	2.54465921617029	-0.907341712520462	-0.934816259261586	-2.36240793468628	-1.08645640601986	0.796833385326346	-1.84748159026977	-0.945403958260276
NaN	0.194865427211938	-0.551400223090043	-2.9947024980137	-0.596447624170162	0.507424085690989	-2.0741429255651	0.255989610891938	1.33869265140868	-0.403730174658603	0.112994792489822	-1.42901566131134	0.555955829842775	-2.52365330103988	-1.5047481780329	3.31733520747046
NaN	2.67889808897289	-0.339591545263357	-0.366200149829454	-4.34149339835664	-2.01867158902346	-1.07580311955347	-0.0963095055620375	0.888710358449918	-0.105771039344555	-0.599176181691256	4.04888236799032	3.38888256142959	1.93359519296281	2.61006183873504	3.46882495446761
NaN	1.93214813664842	0.967798939573475	-0.405418505644577	-0.893107363544458	-1.74576886725365	-0.819122330040734	2.02374540905773	-0.630093331934007	0.125885658099692	-2.04034736699199	0.157402717295672	1.24001427809681	5.06159711263741	3.70174237238723	2.82709777479043
NaN	-0.205987848817184	0.257213509705369	0.902509916433517	-1.92117030305927	-0.615594397385343	0.833888728927339	0.742169236378903	-3.9669839432417	-2.31544167974016	-1.01991223350812	-0.762879415898216	-0.211396012638689	-0.493524945562925	1.43511401548335	-3.42221940201857
NaN	0.0816600287010508	-0.615802404155782	-1.19492285554893	0.693327402661353	-0.0901898385716962	-0.114600247144203	-4.4259010516225	-4.63227347044338	0.0457522621322084	-0.0528012115492878	-2.66831445525035	1.06851106340629	-1.82928288020518	3.26087228638866	-3.82529370381078
NaN	0.0842475243580451	-0.0209751611934012	-1.09719180706987	1.15283961750409	1.81229923562216	0.429177316815904	-0.351025992006896	-1.87750816887468	3.13168367218278	1.26617700093109	-0.71911116411463	1.55785721890905	-2.95002753469375	-1.78472092735402	0.305819088470742
NaN	0.111240479210711	0.539096554201172	0.534916062593452	-1.21760314681663	1.42667348822281	3.35929798952879	-0.928694999504003	-1.26048693991625	-0.602648109420493	1.34208903518028	0.414018421457936	-1.823058088438	-2.97690348939284	-3.15813068867696	-1.52971812846392
NaN	-1.91350944449841	3.96028850200147	1.96578763939004	-0.473209675953737	-2.89205175693551	-0.170048253002232	-2.35232820408653	2.12641732528216	-2.59845216835702	-0.508843648725221	1.09944402128453	-1.28725672435214	-0.357463675496617	2.39387168307433	-0.581028080809814
NaN	0.596542602110696	3.89759696772876	1.65497707860753	1.28795387894926	-2.77158862467216	2.40039386495819	-0.224678565761544	-0.267567636328723	0.444246321247483	1.09668135785394	0.757750888904909	-1.80803575623199	0.805783985990035	0.103963268355019	0.611430918533875
NaN	-0.90738798772417	0.114355332662964	-1.90994607818825	0.953155969718669	-0.214891562769948	3.98658174167275	-0.320420228193021	-1.34525684319862	-0.315505563175186	2.2255113183609	1.14862468924425	-0.801746893739864	1.06112295940605	-0.358335744057403	-3.79518750241543
NaN	-1.56643012823585	-1.21495905949726	-0.596220366392541	2.94076118769326	-0.662982362744103	0.897317500065717	-0.640960584130288	-1.22647984160277	-1.8788951411812	4.19626530036609	3.36969936371267	0.80158521651652	2.837995851624	-0.337785724657792	0.708528112092486
NaN	4.97390585577403	1.87734937632864	2.15549058037136	2.7230137789376	-0.0026166703975219	-2.48671212193528	-2.37425749293759	-2.91367791733551	-1.23187526931091	-0.602518815720346	3.91491584642692	4.53185728762487	1.59060189054993	1.79013646099784	0.44920208014871
NaN	1.05420466866421	3.28556672015651	2.45914081967561	3.15318761184724	1.96809593755892	-1.06526902947233	-0.541540078349946	0.313774666169846	2.77072851001908	-0.99895006918312	-1.89117195942647	4.12055523637854	1.13289048950021	1.75988798626958	0.287322205189348
NaN	-2.88576068731592	1.35023646868701	-1.1524876959834	1.234478795717	0.352327575838758	-2.54171805693553	-1.39653045673332	-0.662092032750754	4.65992980532099	1.09266779660352	-0.328652438794708	0.690762534799069	0.406223742723723	2.25905470697539	1.50989589803447
NaN	0.141369151831162	-0.611388663834491	0.127256099765357	-1.14455490144848	4.25915818302975	-0.525250940198796	-1.42002957003459	1.4880988947819	3.38556504619489	4.61491886449209	4.22542041848039	-1.49409416840595	0.36471654166936	-1.66697857712742	3.14109089283255
NaN	5.50614391888221	1.98467919170799	1.42701641387165	-1.92696000612255	4.47079007409825	-1.02784943982854	-0.592831367056145	1.95436246622125	0.287820688593231	3.09381643015662	4.62620141492478	-1.48863596221138	4.23276949525535	-0.470775007438139	3.61730199666906
NaN	-0.0334947913536084	0.861834442180432	0.824661677598285	0.905645521885235	3.01926363790648	0.0523881666272281	0.597436472031537	2.70131195306409	-1.17438549008478	3.39511044708289	-0.186606647641245	-1.96465491223471	-0.837353786110413	0.395529109076361	0.38440624411523
NaN	1.98441350193201	0.086951118912992	-0.911515484683222	0.368650205580948	-1.56469674737492	2.52918889316454	1.82301658507157	2.32721916167668	0.339367430174483	1.11710464480147	-2.36795843526928	-2.38470944306595	-2.36984200094747	-2.69929442116213	-0.360145358710139
NaN	2.89716530035195	-2.5239259290863	-1.19570975420239	-0.277747587463565	-2.64540868612468	3.52090052765942	3.23980234170693	1.24286763508395	1.06934185109198	-1.55689681231774	-2.78516088458684	-0.698839021840309	-0.816463816758684	-1.99330108562312	1.66852388536256
NaN	-5.18027211053178	-2.01654491447828	1.33477261060713	0.20067608069148	-3.96936017850577	0.587239698240176	1.49854189279315	2.93230289959782	0.267553223151159	-2.55641896619113	-0.0217878616214376	-3.13413970846684	-0.467825742727129	-2.03779498515863	-2.84709229050912
NaN	-3.44117907612445	-1.45798006952641	2.56843334091965	2.14339830648711	-1.75139125555667	-1.95672668953343	2.08370431719254	2.35548503394423	3.19468068787793	-1.83485667052753	4.17359005589244	0.0795778535257367	-0.856205841679049	0.0825204374338638	0.0680071005840247
NaN	0.0982807225042199	-4.33907015907335	-1.85053601842241	-0.023758703855363	2.07438349723861	3.21769882477005	5.63709469756725	1.35764290975125	1.10640552884174	0.0593547688988678	6.78021547938678	1.52266296082387	-0.528596536759985	-1.04356100558577	2.26827233559274
NaN	-2.0355673671702	-5.88268358837128	0.661480624065253	-0.0802324047570397	1.66715397212338	2.72158688077802	2.02874361858487	-2.74421031803452	-1.73728417833467	-1.37708170021517	1.37038152267299	1.77587986094293	-1.42588000215424	1.73500598791533	-0.82113884635187
NaN	-1.32063484028761	-3.72766172807745	1.76422679468401	2.37353681617935	-2.11644032980716	-2.12378204346307	3.42010827952218	-1.56925147813126	-0.760722394548219	-2.84212677757817	-3.88476280828089	-1.15121429371134	-0.995613478088072	1.22667468469416	1.52714632596504
NaN	-0.378506099725052	-3.11525605385484	-4.60341744659004	2.9706012658208	-0.46514513642232	-3.57933969143434	4.12248182795618	-0.530236305110049	3.48737441921932	-1.89038446344061	-4.72445179842038	0.0328644581830812	-2.41997195124166	0.166055357906435	-0.516865755312304
NaN	0.9201962725398	-2.01537937460546	-5.98989248614779	1.83870910289309	2.81675573486597	-2.26775415341439	-1.64054723573594	-4.54551429611813	-3.59322481332023	-2.58606276481634	-1.03298766293389	-1.07777746428776	-2.42148497228843	3.73749448996904	0.106516487474699
NaN	-1.06013219343917	-3.84719967552513	-0.916028577040739	-1.46772773571701	0.186816213387768	1.9483397447921	-0.965050567642236	-0.721707161638488	-5.58839601647232	1.95824089066104	-0.0811757376409316	3.1101459634409	2.61250629157211	0.412816967291373	1.0058043724349
NaN	-3.9186627841538	-2.19701040857245	-1.34720682531637	-0.641616617536259	1.45912073130887	-0.993873092512827	-2.29500104919561	-4.75232999446575	-2.6348365333155	3.56923092472145	-0.227260890722378	0.256632960250207	-1.39370782877713	-6.15346067664247	-1.16333597399461
NaN	-2.60712115747518	-0.970043757715028	-2.72987454394482	-2.10516095941576	-2.52500739053537	-0.721957691676026	-2.2712267831054	0.268926314822891	-1.68647891764566	-0.280102379565061	-1.8696329732087	-0.864575298070803	-4.10575489946452	1.50321913416139	-1.26549564736789
NaN	3.72251410481044	0.726289653256811	0.531225585647652	-2.34196173206737	-1.41042533446739	-0.638391308081297	-0.0850937144747418	2.03201087056679	2.31654649893932	-0.463971481741387	4.27690754301843	5.44783474298944	2.60770750710781	0.789673719802504	1.18260550272843
NaN	0.75347364573151	0.327087696394999	0.616065208054875	-0.534960548687223	-2.16044498903517	2.910301016522	0.476309159417097	0.456079782288387	0.823428581902345	-0.46789280178857	3.37206323533622	1.60280515557152	-1.30003289235894	1.00443540973117	3.08080687149686
NaN	-6.7551425929128	-0.0999434748021588	-2.5876473223799	-1.94897243384163	-1.21188370243463	-0.147816731837366	-1.39044833746398	-2.46847825260559	-5.09983800074716	-1.74941865756242	-1.59669082520238	-3.76755420702411	-1.51206451183112	0.0418204641703922	2.26115538902753
NaN	-3.32621437306347	-0.482250914759109	0.151412322692619	-2.57152054734538	1.36402318681771	-0.247821451688386	-1.92071690020341	0.185752457228387	-3.01512588620869	-0.972690869205292	-4.63443047827367	-2.80731630348864	2.01429212224713	-0.525414945084306	-6.64324408610346
NaN	-1.17949018678227	0.834420018075877	3.25457845041731	-2.91601152573347	-1.39121368549507	-1.13245516837977	1.40030920766565	2.70449036926998	1.50445930906344	0.27173314049428	-1.90668609769436	3.53575238201279	2.00784242873682	-4.0125643029038	-4.12998487426327
NaN	-0.496666363948355	0.48761463238698	4.03251463657019	-1.02190167784038	-2.21272091778738	1.2474038484258	-0.07669197640542	1.28179797906941	0.759023329108512	-0.166906894545895	-0.0608782635730907	0.0347069484806979	3.16642282300723	1.12414186711104	3.37731138496899
NaN	0.123520293178566	1.92814508616725	1.26210100784563	-0.0768868653148494	-2.07011335146621	-0.709418959901149	0.0309927605353538	-2.36289099134904	0.224129835920444	-1.31752340901588	0.909028294502888	-0.810217234421565	0.32314477871896	0.729897532459093	1.7199196651094
NaN	-1.2521682199039	0.300712658468908	1.99515557700654	1.82112158236062	-1.28094561750202	-2.55186785862659	-1.52387671781906	-0.583111580944458	-1.11505383964435	-1.81157427277281	-0.857100519136399	0.956390657845349	-0.038469696113646	-3.71735192352647	-7.9379293383641
NaN	-0.460179745102953	0.606117969328959	-1.94013258281458	2.19945360181708	-0.348910661414524	-1.09062806435177	-2.84256298428962	-1.06815653622174	-3.24896246085668	-2.85662609467958	-1.83337226740617	1.61664475296208	-2.72096753011069	-4.99820996152768	-1.81495017449498
NaN	0.359826779288873	0.428202451151315	-3.15788350074449	0.752995452481824	0.26656491184977	-0.609007950235914	-3.87264961062391	-2.77723903280896	0.145459129834841	-1.30888226496293	0.223762613849294	-5.78971943231455	-3.86026450023946	-0.873520539576681	3.1808050367379
NaN	2.21553825721308	1.97422132370481	2.40582201468807	0.127355031722422	0.545545299551268	0.181333926731863	0.129240607771772	0.713280463894832	0.200471239643454	-1.63384464206396	-0.500816620943607	2.26144078651512	2.54590826669605	2.08391396065023	1.65493275479278
NaN	0.72780104252434	1.30181093775607	1.06749051978514	-0.17058135760008	2.6968585588323	0.125911485440413	-0.848488224252733	1.81974897020768	0.94565637001901	-0.385289966675733	-2.17260890546071	-3.1322062848769	0.230979692096893	-1.55888079695805	-3.46555968222127
NaN	1.21116871785196	0.790445027179071	-3.65320524040964	-1.19942234120784	2.11258044749988	1.43636582390078	1.16422335170268	-0.286915182686981	2.03396460511381	-0.413051019692342	0.36031343268769	-5.47395262401159	-3.72462634159009	0.142627436551249	1.65384454922882
NaN	0.858923047988045	1.48440918701154	-3.90724594267565	-2.8335070069037	-0.242648571604434	-1.13097494948076	0.0947717349044895	-3.24477190540826	4.85981918058176	0.738606905712937	3.15639731284165	-0.765452975359757	-1.15124182304711	3.34227983113175	2.92630368490173
NaN	3.24997595911488	1.33646496144129	3.07751977193323	-0.89196337736679	-1.47328307620059	1.29561243607965	0.201916195978845	0.325556109282861	-0.438893877394636	4.99513602301571	1.01271467150972	-1.71090473374625	4.38553023857188	0.783174075681276	-2.10434836981884
NaN	3.0498935037848	5.72532864569081	5.54992809307939	-0.037038958865728	0.891616593432513	2.47951129546408	0.72944608055535	3.78296286884323	2.07157422063348	6.48486248238223	-0.218489815529662	-1.04911717853607	1.14569110518988	-3.58566303137065	-2.3253649990635
NaN	2.45358738509744	4.95390672758732	0.63461535150685	0.333433063407765	1.72855657336487	-0.687902582055304	0.614242450089037	2.16441621780343	1.65974771797303	7.02325376459232	-0.282067185600078	-1.32479207935683	-0.127469717290978	1.62565012684181	1.21033112362149
NaN	-0.32836437368234	-0.108129817665274	-7.24191345160897	-2.53359280398307	-0.786008311654177	-1.0149262417025	3.50586758485875	3.36057607068612	2.59656305965483	0.89698118191298	1.19276934142395	-1.05849160632186	1.05733246312552	2.21111765101607	0.173792067482402
NaN	0.124586470240892	1.64900167667203	0.424069759661635	-0.262638766420529	0.156601249134751	-1.4372322600187	0.673162861083779	3.85556900008307	-2.5145721865649	-2.98341890829267	3.24959293527471	2.52193141153889	0.228865902193658	-2.37143145860588	-0.78180277629929
NaN	0.670754580945597	-0.845427854429446	0.639357149752981	-1.59240471782627	-1.03369883583762	0.692180949266396	-1.07811253206387	-3.71269966671269	-2.08889142810222	-2.50744048336991	-1.88579741082875	0.819122512366631	-2.85138355763914	-4.04116350161735	1.35319267833739
NaN	0.34626455000739	0.337034332719946	0.205213159390634	0.73755962170234	-0.353993691631676	1.39121913216054	-0.881509508962507	-3.92897934931921	0.719304560453592	-0.870686915028982	-1.3506811057738	-0.357110558195652	-2.39654646229032	2.80376744044275	-0.890631606320291
NaN	2.01899503610329	-1.18818257997443	2.13836675441379	0.120801053524623	0.597630506660967	0.172586087961547	1.05114317030095	0.0529723489092017	-0.266464433270691	0.449113886067389	-0.244200832678794	1.3107417738954	1.60243789848501	1.42622866624455	-1.60872673057932
NaN	4.15910998147752	1.1969827496869	-2.83636614068922	-1.44466693552635	4.28953016620351	-0.595415262275057	-0.689992278006987	-0.105978493337607	-1.13930402467524	-1.66098529010417	-1.10549306239947	2.15324238936189	0.350509753251266	-2.11364680538725	-3.74710954458468
NaN	1.46652838428023	2.85888374603729	0.907596205619859	0.217869755427592	-1.31522131088301	1.43461679893642	1.12216646537855	0.102562213200938	-1.22321779669059	0.0568255659923287	-0.988371920853654	2.06233776672219	0.243339857979482	-0.665671137484736	-0.0693899860807324
NaN	-1.74778988164945	-1.38986857451602	0.120443474039322	4.8053329545525	1.57533733553368	2.44659394411832	0.0384564094268208	0.179837638566957	-2.59148359138349	0.568645319696787	-0.511596635032876	4.04883711706924	0.663615432154139	-1.87265372893589	3.39952039849103
NaN	-2.75859312252719	-3.02840287821721	0.133338768555392	3.71818141005103	2.95599259877639	2.06537769054234	1.41885854402729	-0.429977974159794	-0.893818578376443	0.255381280526924	0.505987518959509	3.35302744542144	-0.560585542091289	-0.297773901716592	3.69896562501699
NaN	0.524813449970222	-0.10410259888182	-1.87297360359121	2.53612477383788	2.76240556267603	-1.40907783589363	-0.789677784367052	-1.13342208697737	-0.322752475301653	-0.542332464340782	2.43932161022165	2.57685644440298	0.485944589666904	0.448323445213037	1.40435801492238
NaN	-1.29969434168208	-1.3535865256687	0.704712932728798	-0.816108264728568	-3.10757204127137	1.79844955050619	0.793027771947896	2.72405733725456	0.931972461538974	1.14725939887254	-2.04232476861659	0.489333107095007	0.29037074110371	0.914595426152918	-4.19935955751199
NaN	0.86327440141429	0.212205745839452	0.051739598995811	-1.38195206368362	-0.992896362151337	3.55360623661004	3.34199605731665	5.33178323879361	3.31445118562486	1.54509880499031	1.17863587979227	-1.62401064890395	3.47655213957306	3.76496219082529	1.55707063324799
NaN	1.24802348551395	0.146299003393978	2.08854916157746	-0.493663814171852	1.18359542495705	0.368570363377149	1.23787382516623	4.01597569753213	0.958127943117024	0.0616195047735295	4.76897395320775	0.958551377260147	1.66433971492074	-2.92906271680143	2.43524667443622
NaN	0.407120244951023	3.93047993708275	1.195305130652	1.21249972832173	1.95890919261537	-1.80251301037309	1.23527725551104	-1.99493542451372	-1.95048187201421	-2.30485109143244	0.928435293600997	1.43639464973043	1.77280816387919	1.63053916984465	1.54146763348577
NaN	3.04580390499085	2.73248959674221	3.310610515231	2.73489151715385	1.35610205023542	-0.350914539793578	-0.726964524203233	-2.17008245578978	1.4300307922863	-0.31446072850631	-3.23014248619986	0.966066356204224	-0.37031171941197	0.610551245340018	-2.76431711990489
NaN	-2.73241282006004	-0.638534709275988	2.74876459628697	-0.777562589130833	0.371531436873543	-1.64618947419214	-1.2147339417298	1.28404848612132	0.776146073651792	0.694096968259629	-4.29994716498219	-2.05709676906333	0.622779699858214	2.63728050361864	-2.39505657765112
NaN	-2.665325718105	-3.84617580987713	2.12014543355012	0.69275678166612	1.01011082804223	1.64689099643693	2.6771768833394	1.60412653394694	1.65344297770784	0.533710411332627	-1.08965184965668	-5.68681825779605	3.12060467779165	5.42736453864819	4.15611772981345
NaN	-1.52855139476589	-1.33578540497694	-1.56945308416981	-0.78618763386324	-0.964526499971092	2.80982906514109	3.1621864102707	2.18502815745303	3.57527490342994	4.46157260110087	-1.00599141086991	-3.05061861248709	-0.41239667479041	3.69680953518035	2.17122236950239
NaN	-1.38948910705157	-1.98985656603891	2.56007363191343	1.06163882164333	-1.81213773393285	1.91889654872601	1.37574293237416	1.32006255884138	0.669617269038501	2.21903643205922	-0.647322781108466	-0.50092181320965	-2.5583317124591	-0.368890852200024	-3.36290551963204
NaN	-1.65797894948327	-1.27195023200021	-0.629653497328651	0.0690873349580547	-0.557934982347268	1.20419727048479	-0.672326900081554	0.394026431449525	2.55448842022464	2.69759138442391	-0.000105013090604577	-1.01345186244168	-1.34564461265412	-2.03748152987137	-0.611228703584495
NaN	-2.87984543433461	1.36921987150576	1.02497875987264	1.28154597165765	1.36069338923322	0.0102142052477865	-0.924897724296559	1.31450900774324	1.25745502062162	1.72195088683908	-0.194404876219349	-2.0240081554861	2.04060119384739	2.02458454592297	-0.963031200512456
NaN	-0.412287470839255	-1.82962093252009	-2.56519948382089	-1.36770882263558	-1.08163220443611	-2.83706399502598	-3.80151063941807	-2.31905182036085	-2.8649692554475	-3.15794461544916	0.120684141690753	0.760288845058662	2.34880399085624	-0.107282049225505	1.42847424679077
NaN	0.388316621892245	-1.98497106080618	-1.11727421532711	0.826909469837389	3.90643026444069	-4.21438822587695	-2.3005533278224	-1.25341389003442	-2.16920099176538	-4.02624365031522	0.649692280242817	-0.363715389696654	1.04496264268789	-1.31842578558694	1.12083336284077
NaN	0.977612883043562	1.16082759142522	-0.612694176781039	-0.991407802272167	4.73372277624139	-4.1591395906756	-2.60916060886964	2.10201076508744	0.494770393420111	-2.10439706403497	0.222036454031875	1.23373178389645	-1.78474384539053	-0.707369096621849	-1.94358554086142
NaN	-0.0393858843636718	0.434661431768679	-0.298777238279655	-0.772832377216702	-0.957996405684731	-1.52399050806544	-2.44811025838682	-1.99759604433497	1.13676110570259	0.554331167171841	0.019058970228756	0.52337128994957	-3.45885902058032	-1.45912820999329	0.548008538242644
NaN	2.54124062698362	-2.04461810965177	-0.782130503221312	0.0570580464633972	-0.468065377296873	-2.00944760820214	-1.95465622477951	0.0353787201415862	-1.15513293730339	-1.86100624874735	-2.41547407323138	1.4996724523998	-1.9217274609492	-1.07671003401081	3.73593469948967
NaN	5.58345872663772	2.79655652898268	0.226698363864218	2.3702191229782	2.29772058621915	-1.62978846498571	1.67017550172418	-2.51339308485585	-1.31746083735768	-1.26706773552694	-0.922240964733964	1.07403507631473	-1.57881349204228	-1.13882158754104	3.55794197811128
NaN	2.93487306840833	0.997245608235552	1.77620675633837	-0.0534368296280434	1.97004960168156	3.28381274507443	3.90234151467254	-3.6042228720625	-0.470900777690636	1.59573306588404	-0.0408606716509679	0.757390461465272	-1.17325564962248	4.17349960487149	1.86528710353197
NaN	-4.66295274114133	-1.74731094653977	-1.254701643886	-3.18124846138555	-2.07554741197739	0.0967458534445684	0.892385461453585	-3.78986292811234	-1.6741178439936	-1.27547610306673	0.65115217867584	0.189703965967988	-1.3629575544447	1.40381500466094	-2.16135554743205
NaN	-2.29006651636797	-1.64841596564326	-1.49565854316898	-2.23358693467326	-1.79593716260218	-2.63861177650971	-0.651175458617793	-5.3265304074154	0.19647887180635	-0.337830446318386	1.36023913897033	0.275507211964226	-3.40392911197152	-3.5474897700803	2.90262803813839
NaN	-0.0863755055672351	0.393128491942779	3.32603583573021	2.25650343725189	-2.16313961380932	-2.89240525795039	-0.139559644455423	0.71292332523874	-1.3210034847145	-0.00340179288656793	-0.955136408380259	1.51079096510439	4.68318656679955	4.07375107648495	1.28790560231275
NaN	-2.05858332929391	0.500723652717644	-0.608000092864983	0.296492721590182	-2.13591807822007	-2.39970243688461	0.0677843827767222	-0.0542503636525745	-1.10229675673982	0.118544686775869	2.97861543296843	2.82868179065569	2.50105447925045	1.18832652649635	-2.7247135441253
NaN	-0.939424539247649	0.368045453633818	-0.916731322192964	0.560157680782691	-2.90868271160099	-0.939356284261916	-0.709156094744604	-0.207956730398197	2.10298579473764	-1.39981044512165	-0.877489733897859	-1.09671831514088	0.776848617961309	1.2570466080361	-0.576633980449924
NaN	2.06143498558334	-1.7075543724123	-2.94818267289467	-1.63807909061319	-1.23945393472571	-1.21777257620444	-0.484558236448472	-1.47090048967726	-2.20825640500975	-3.67099091106659	0.177962124048238	-2.31642009618929	-2.35618622955711	-3.80105266918855	-1.93461326306475
NaN	4.42147534506109	-0.823334208138609	0.171699039309263	0.446133461131853	0.956362294324471	-0.0354743779905013	0.71572001358703	0.451439097350082	-3.30604916831532	-0.68899328763715	0.625809815274087	1.30504702998746	0.0884476330519089	-2.16191405183243	-4.39132823511915
NaN	4.8828744693184	-0.165180400841047	-1.40184243943811	1.98548367499188	2.09671843873911	0.220581925596678	-0.949520698748934	-1.47662124712336	-1.98022759297481	1.0671558410793	1.35778585238215	1.85353471498234	0.451122546173516	-2.41133373466246	-2.3694072974646
NaN	1.54099926003164	-1.43807718193669	-0.564244285849134	2.21958879656744	-0.222088571620813	-1.18808700298218	-4.80606625067796	-2.59846387109317	-2.17403474371903	0.684684889037316	5.07339006367779	1.09505177175257	-2.26430272461568	-1.17322316917379	-0.611279966519453
NaN	-3.73251856063434	-0.80247065331382	1.20143844134355	2.61116750501832	-1.62343974608282	-0.784130278702019	-4.19618580086727	-1.41297426941491	-0.261095015049852	1.5305047252267	3.94642143144233	5.50589829049423	-1.86402278901006	-2.45976601980425	2.53976944567298
NaN	-4.21511359147483	-3.66267504167987	-2.43489583391034	-2.4191169728605	-3.7102734703972	1.93180760229613	-2.07914605603661	-0.413852526370608	-2.13894996068979	-0.415884660869136	-0.294177418859578	-0.76151489765203	3.30189370161571	1.38664461057763	-0.265603614149618
NaN	2.11411306937931	-1.4609284804802	0.521975432472305	-3.20023294947095	-0.890496051106708	0.90739621005416	-1.93742153733948	0.526938021061834	-0.130419891062973	-1.65402627129929	-2.3716515188887	-1.34888928367011	-1.48727352602705	2.59412677464703	-1.04299437118747
NaN	1.15181304583338	2.33396244689682	2.36536887155127	-0.948886518825385	-1.66048691989131	2.64101431295026	-1.01437084426601	0.417045333751631	4.03300178771979	-0.166895444107956	2.93637905863013	-0.50261532093474	1.51059381524992	-0.8042966722896	0.0975790040591895
NaN	-3.4401069452039	-0.646003203525763	-2.42530222347726	0.591175923985279	0.166407843289938	1.99007507384747	-0.479039236065609	-0.534008363300594	2.44723788894818	2.51404576554384	-1.29642487487268	0.664378200241316	-2.05086226268099	1.53252408522196	-0.623278923600676
NaN	-0.709317865880631	1.04724727814936	1.12194757456077	1.83892439517207	0.538704072250157	1.38257916526543	1.84434508958865	1.95739833075348	-1.27193558178841	-1.25305724526138	-4.99781164427313	1.9755882565267	2.09573369124337	0.871551598476856	-4.38630746044844
NaN	-2.21084635888275	1.30174790135704	1.44003349431647	0.122258348834793	2.33840409319437	2.87994368615077	2.49170038068681	2.92024476746425	2.20837320663269	0.818043723202414	-2.23847135901796	-2.62305753661645	2.17980851823663	0.0672315996108782	-0.0742625415904119
NaN	-2.94630304697224	-0.390949183054818	1.00970272331918	-1.49894838600066	1.09149683315298	3.18229513920327	2.61390659745726	2.66590918784614	2.753809612406	0.0790002507280391	0.00595389899275852	-3.60893215625891	-0.139623042173406	-1.08439369801928	0.697868076254821
NaN	-2.43852201734012	1.5620918317894	-0.643814868909736	-0.939047761833851	-0.83588362558885	-1.97520579163538	0.399572543862955	0.932273994754681	1.46326865615063	-0.124877838832666	4.08217069774055	1.32928274030466	-0.621203331546589	-1.10050013244545	0.684354580395966
NaN	-3.65520536571204	-0.460262057146729	-0.820027511229416	0.479465788728606	-4.03212204332357	-0.255981891214423	-2.42181267078185	-0.0166910181085548	1.55440073610933	-0.484321928728224	2.36407737415692	-0.17481726954911	0.819171113275926	-0.530736097168457	3.06715666258673
NaN	1.11052738154847	-0.243606114560356	0.501466652110299	-0.645984270397096	-2.65666167339514	0.59172351346155	-2.85834321671148	-1.14005687697358	0.2700211788062	-0.178128055721424	-1.19691254258801	-0.952096130218427	2.24531261621417	2.46169067977178	-2.30729545037611
NaN	-1.54149010631842	-2.56873411714315	-0.305456744820953	0.463643039615372	-2.00167602003771	1.87652644473959	0.211814561492189	0.0715526171315001	-1.65646972200688	-0.138630778874137	-1.49509009991989	-0.758912078872537	2.28921339771309	0.31568040444719	0.164390244688078
NaN	1.92281355298878	-3.73010477593328	-0.82638887098303	-0.765535009639241	-0.981085630678781	0.804464322591138	-0.187495025644501	-1.25681559817231	1.4023385247104	0.422545161587994	2.91237034107787	0.104073352728009	-1.61901008980412	-1.25222614782896	2.24006984277955
NaN	2.78407519501105	-1.37514738497393	1.03398141208375	-0.398343853449249	2.89788080209016	1.36155146554678	-0.0549875559679738	2.78730636729479	1.89148149153742	3.40058404558145	1.87294129778065	-0.469283492824134	1.09899568498772	1.84030215211328	3.42481915241347
NaN	-3.67745522290871	-3.68007828401813	2.11569571791971	1.88080566980985	-0.620907802372264	0.00515693491566191	2.59121551179428	4.73640056405507	5.28121713659879	1.62459140618355	-0.942585760591471	-1.86525693214702	2.15469063581402	1.81716629342541	-1.4549557712641
NaN	-1.77602782623583	-1.18098762967461	-0.434930679523719	1.0089801440566	-1.20928558393944	-1.25058832321919	2.66261445508598	0.304300419940697	2.58799759702001	3.49052164830544	-5.36893496937515	0.0323526890922443	0.880127202851786	-0.0163489193186317	-4.64401101767836
NaN	-2.28058608235599	-1.78580320972014	2.06216942271705	2.6070228854844	0.726520088400008	-1.00624545446169	1.39759642997868	-0.486335019912914	-2.49382083745301	1.82751136522862	-2.88941318246969	2.97143243775226	0.787759612972831	1.42155153814524	1.68488850273323
NaN	2.67728822088811	-0.277292190391494	-2.26385808706506	-1.59629777756268	0.71957790194561	0.283938619718109	-1.99877760958945	-1.72648873887718	-4.18532566931871	-3.34709982019982	-4.62717584983181	1.44010957780538	-0.758272687766271	-1.07295218752706	3.39389596294212
NaN	-0.601850019794116	1.36928950888795	-0.0775878455638134	-1.83709796218545	3.04537433903998	0.0347084092982494	-0.645170821961767	0.0417704534993294	-1.53349010787559	-0.492084199504278	-1.80952136272068	-3.62828422213943	-0.576529118661946	2.23450576977184	5.24410839294833
NaN	2.82884435778545	3.05274450112071	1.18641296094364	0.522728370081709	0.0180500627929084	2.90082475129544	-0.179939939367392	1.53916758597667	-1.63049519490701	-1.45342119692353	-1.88361388904625	-4.74795103530477	3.01725378928031	2.70648776977184	0.936586315821456
NaN	3.69249615540718	1.13880626755243	-0.770091975905877	-0.347322820845238	1.05796556532233	2.8915523481699	1.39655469387598	1.23892523932376	0.0112417404556353	0.126821762571143	-1.20771393692035	-1.70321966582885	-2.32291308878506	0.960548188675069	4.9454433542986
NaN	-0.639756459244758	0.378185722134423	-3.68431322433198	0.470648724975601	1.62720256664506	2.78729690818588	0.931029671987076	-0.28689152877353	1.20552036522956	-0.0800599698155735	6.5933322022501	3.47114119886505	-1.63856654116358	0.632558078108915	2.09341108116439
NaN	7.01294232681997	2.8747550546888	-0.438662689173636	2.28814265458052	1.25464675131487	-2.55277275701162	0.332723192669133	-1.75459842143449	-0.383808891401137	-1.08589617484443	2.33937273425995	3.96104503430531	1.73499617591659	-0.0324247226466846	-1.58669434017479
NaN	1.11560241182054	3.26993905484368	2.60826993876517	-1.1923470901677	1.3110350730893	-2.05155602921013	-0.976358350347243	1.01448538192417	-0.233711682514085	-2.25914368223481	-1.09928431030368	1.49056581348246	2.37451431550022	1.47169064240155	-1.70966099839969
NaN	-3.11920614051204	1.22359787436442	-0.638572022162683	-2.01359453922292	-1.7655638057924	1.01289943265669	0.757441778241749	3.76970521448434	2.14543586999476	4.32653005196966	0.340910752225946	0.318714781405683	0.189750913540625	0.147400670269826	-1.39990875281985
NaN	-1.53534901709908	-2.00269273674892	-1.6483199446705	1.85493758749758	2.10557907457094	1.30672677830396	3.68975795004563	2.71114645381049	2.17632914192089	3.3717791232379	0.184892131263566	0.413813829902565	-0.0397697034047449	-3.82897880749018	-0.262686001166524
NaN	0.229262870479346	0.796905817048215	-3.14082454043054	1.52878162786484	0.171657020035889	-1.07489599489223	0.956701774617864	-2.77285380033287	-3.36886899091375	-2.82264743502509	-3.29572581731473	-4.04375022766352	-6.69198591322497	-6.27408921138303	-9.02474665592017
NaN	0.840586273360013	3.15537266970874	-1.12531986864161	-0.0231793919575911	-1.3775681605611	-4.35679024505277	-1.47149525589619	-4.60060883394494	-0.311883905189542	-2.08686927748477	-2.04158697240397	-3.05454834481952	-3.84076433526478	-0.880090939626413	-2.52168600850645
NaN	-0.477365223371569	1.08021600874748	-1.81344485230334	-3.11227817492227	-0.702474969972201	-3.72512751675729	-2.04574237468296	-2.81235444277125	3.5738584016009	1.18812965414761	-2.48397701573225	-4.0500410128931	-3.03392379056855	2.16728397994755	1.71662857693707
NaN	-0.434287204556305	1.01125316219645	-1.12849989107694	-3.66608105471189	2.7427687099628	-1.87937905831955	1.02525358211523	-1.45052061042858	0.993254963031229	-2.33513604686661	-2.89142161145811	2.98600605470401	-0.376255373368134	-2.52191923769608	-2.54251557453289
NaN	-1.73488104151818	0.673970954783763	0.186520549839935	-1.75083716471346	3.01597078672422	-1.03023278988669	0.363111066721778	2.43604882119442	-2.00149784113532	-3.01465112283203	-0.562062960849619	-0.730462854525866	4.26857968875833	-1.67774802176385	1.67211765211855
NaN	0.235067302406624	1.80053012284354	1.33447322285087	-0.868672854717194	-0.462878503638971	-1.42571740051301	0.0497879399771364	0.329547948324826	-1.10834163614094	-3.25470260120143	4.43359905986739	-1.75115441175071	-0.163860022206385	-0.197044946905843	-1.0705530067509
NaN	1.09106116704995	3.20254439060499	1.52827996862467	-1.47197962154458	-0.0273775735482188	0.991606730180154	0.404895442450753	-2.28960402916686	-0.628792713779398	-1.39741349840267	3.1597862454409	-0.712761386885171	-3.37303057367275	-4.00155090495013	1.46007366073621
NaN	0.492653378102926	2.78392516805264	-0.0636527371512311	0.625835166021258	1.66316096601532	-2.0210678732468	3.73832870213532	1.2388822880638	-1.32173510862557	-1.07868774752056	-1.13067195279297	-3.93631895902366	-3.60150271375189	-0.90341799270729	-1.43279473890546
NaN	2.95436331809337	2.65860189536327	1.96045647798885	4.20290447966968	1.51636133908611	0.838741225946538	3.79018547336478	3.81250360752464	1.76591288730374	-0.0641374423263725	1.71933765277614	-2.15928202614299	-0.211387059668867	-1.2043381955085	-4.44764577613036
NaN	0.790549105855534	1.12849490033022	0.503583750468803	-0.638118448737841	0.219255710436574	2.26712026335723	2.12774666100979	1.13952830940332	-1.52630804310843	-0.512280663816997	0.835143230326338	0.360197009825747	0.0804228274850059	0.691145965006161	0.0822610169688298
NaN	-0.660205586170218	-2.42424080040356	0.442081734937805	-1.82125657541908	-3.82725523523066	0.45643538437757	2.52637216286449	4.2683834210029	-1.1001306102498	0.607906079228473	1.31302573104953	1.52395466623262	-0.0446027031529882	1.44701052842902	0.370918034357165
NaN	0.638897333753978	-2.55671176960675	0.330106995344045	-3.0886966903793	-4.76571481159149	-2.15759736848227	1.12693165895922	1.75554059495453	-0.849014199246555	3.18268119004728	-2.88433051709537	1.66344740350644	1.81969253344052	0.901976312894241	-2.89095606696215
NaN	-0.762303846134808	0.555256067344451	2.28425810067417	-0.646027804836883	-2.44336323448146	-0.606575108939099	-4.2096620265369	-1.05869241639799	4.1529382395539	4.49154817557147	-2.67808707993286	1.35278319212582	4.17666943905362	0.384828819455432	2.54924468596222
NaN	-0.957942832053719	1.51638556987404	1.37550242984714	1.63224680957935	-1.14773829157901	-0.911207994728604	-2.30640460269483	0.218585453419814	1.09011148132448	1.59006976521571	1.60823134607012	2.93144909924029	2.73743627238739	3.3002021179418	3.96262484346601
NaN	-0.105258866214568	-2.79712589036591	-2.06560175461339	-0.573468132438554	-1.71874748050293	1.82208364656392	-2.58553851497534	-3.56241717293048	-6.41063575041439	-3.05030953841417	3.95816067704594	2.57374882628288	-2.5970796919696	-2.0067223212747	3.32778187619921
NaN	-1.07418316857955	-1.59573696110798	-0.608900786248703	0.419424329099579	-1.69421083788199	0.989886145922752	-1.17318879222693	-3.7326145827289	-4.10986087622122	-1.90301731191911	3.67394780423455	-1.15791494089615	-4.78898398602575	-3.44151507660092	-2.01179832427033
