NaN	-2.62949335195227	0.780602998821089	-2.09956482770219	1.43981053192263	-0.118321771177334	-1.96875719561468	-2.56757084557304	-1.23590628952811	-0.226125496304199	-2.0623860824604	-0.64590161482727	0.0274188989802023	-0.106140465292606	1.12095399818546	-1.51322996246215
NaN	-0.191627973942825	1.88697362211859	3.31345631965446	0.872062245774456	-1.72392905799406	-0.480831661661729	-1.36633409878495	2.44578472189743	1.33037915346312	0.246292110420639	1.10321835090378	2.7640094504832	3.67295637473878	5.2214126379667	1.85170610455966
NaN	1.55292661249709	0.352865276308691	1.08651815474207	-2.42832441255823	1.98713986418655	1.66149945277714	1.33772845105258	1.46448572199532	-0.508928628770953	0.00522398837575138	4.92461840185749	4.24231503748722	0.652550793938545	3.2002097082904	1.55149143890721
NaN	4.13783566947067	1.11446424874089	0.709836562306674	-2.16259520462197	-0.220756189194935	-1.28617323482031	-0.0614751212037034	-3.56225085670273	-3.32846266858547	-1.53663446779838	2.75769126765173	-2.35514741007639	-0.0258502451383847	1.82046080667175	-0.238179896424419
NaN	-2.13201172285605	-0.858887151027515	-0.222867255173014	-1.01767683580777	-1.97692608896348	-1.01374875253728	2.06321270803265	-0.978183536286093	-0.885722508180394	-0.695011098800262	-0.0701998794435139	-2.40166302579269	1.13199618956878	1.09610158373994	2.86544619905199
NaN	-2.76858453593914	-0.344305470138944	-1.74563445514152	1.49686842307907	-1.96366184086844	0.628418876152113	-0.52044896354557	-2.27278293552367	2.54143926271162	0.0983122239168564	-4.20022914237785	-2.42639058895038	-5.74847096804594	-2.32402486170728	-1.58914508350163
NaN	-1.39437362103857	0.730059929626777	-0.186825375055978	3.00893164096025	-0.665454245726071	-0.155672836585305	-1.14385580089276	3.74390037692702	2.94257196029801	1.57975743615039	-2.70665613743522	-0.935577433003634	-0.131838285632309	-5.58136156060061	-2.06858070988852
NaN	1.02484283894518	-1.10008462181142	-0.0139383829297981	0.734567167066968	2.61969758798606	-0.404955644022499	0.0485681666377825	2.20060527996809	-1.33562576723661	1.60372171173984	-2.55416518638233	-1.03735380255301	-1.84684619922608	-2.88741876141887	-1.70293943381196
NaN	-0.0181982604282058	-1.87311031365395	0.345720514383442	-0.449279788818333	1.21405521433847	5.88228461302105	0.95050360698967	1.15415287093578	-2.15509080425209	3.44451204600431	-1.05928142340792	-0.818291679543128	-0.868853735034248	-2.99042983595117	-1.99469010409642
NaN	-1.60698685370088	-2.97664264721285	2.45421934744729	-1.17972366482975	-1.6515122075511	3.69861644194149	2.79641722812993	0.51360969405601	0.700886163068525	1.72896413581656	3.87973851447598	3.16404710602929	0.4377972223175	-0.824682132196255	1.88458463909656
NaN	-1.31593894365169	-2.03995103603685	-0.931771732648789	3.12704177055441	1.31786857645059	-3.42516479552146	-1.39667010334187	-1.16778886004166	-0.360597836735418	-1.91953576207429	-0.701739990885247	-0.795690215564954	0.779336325841469	1.68035669030571	2.16455080476977
NaN	1.99844782171259	0.628588104421041	-2.13420001918108	1.95846676284524	1.14347823120778	-4.08598888408348	-2.94552615119582	0.921106380736454	0.203308732477147	-2.32410209903905	-0.155633593066868	-3.94817240271391	-0.239951661274777	-0.390022856512406	-0.476540367879327
NaN	-1.04015987796509	0.108376946573426	-3.10781096629833	-2.72101435623949	-0.565757343682803	-0.427295442678324	-0.109989808573215	-0.727381033660038	-0.381636430385647	-0.492362921962446	0.945175745424579	1.07637406807135	-1.66212254286455	-4.91340162938071	0.269273773405696
NaN	0.872987710579139	-2.81725524347912	-1.62856679032673	2.52052703538794	0.556375674281242	-0.402824555705556	0.408039780959611	-3.82507898929101	-2.0104149866413	1.79660756444681	2.30862123557248	-0.782966071348658	-2.33589783334277	-3.71382168173436	-0.0823599733202042
NaN	3.84536546121814	1.91687016422071	-1.98316691936155	1.6077198111414	1.53320421344261	4.1086349720068	5.03885379337924	-3.2143076753742	-2.01048875050373	2.37828870701318	0.797421477565515	1.21596694663295	1.34832754306904	-1.77049200939931	-0.0181341219779473
NaN	1.75593944591442	2.06813504206816	1.56737625458524	0.664343540415446	2.80417512966368	-2.66634249096241	5.8343888409885	5.05488044619866	3.865512677113	-4.11362166273464	-0.63579625152822	0.0476575146275224	3.09547462945442	1.88353958869163	-0.546175806030287
NaN	-1.03862903969706	4.75408796382608	3.14499674984638	-4.06732633957054	1.71293647504349	-1.64380121541172	2.14278760936913	3.13110546521912	1.93861030759956	-1.77559600107025	1.35356457845601	0.731799696110039	0.618090827951148	1.32135192282046	-0.2321971922233
NaN	0.3497036149546	2.2604551243165	1.64243958629148	-4.16359943005318	-0.619897126451349	-0.903156607013397	-0.241632542812256	-2.20900438382864	-0.233624930563086	-0.683340855803945	-0.859356679858925	1.54065409967377	1.52695436319728	-1.65626016060801	-1.665559283369
NaN	3.43324705304414	-0.34295822359708	0.692794633635382	-1.87396782040121	-0.919660730490351	-1.35842545654747	-2.23837947679378	2.11433768395504	1.65614524139632	-0.0414023923397579	-3.90097834882829	-0.234503846132404	1.51437250585175	4.30783720409463	0.271122705296146
NaN	2.48857199591121	-2.53153763017545	1.80234031726557	0.436605820354797	0.418665881248415	0.836221026417288	0.199024548897833	1.36063050581766	4.41872017177709	5.19212827660307	-0.492308477814695	-1.31131951316738	2.9289771635682	4.66754403300496	4.85285222948125
NaN	-0.0466893837437466	-4.22179370761624	-0.834256458178402	2.63813592455616	0.855330714191502	0.788504748776529	2.4898760402952	-0.91476783770548	2.4023958525914	4.06241808528612	-1.77260400233934	2.1112254056424	-0.736535408218142	1.88695608212889	3.25401816705333
NaN	-0.418410509037009	-2.10927690231101	-0.0344229850911261	-0.474375370805742	-0.641656944744355	1.3005282102091	-0.918180980869875	-3.67285928099088	-1.14456608779327	-2.09287311795612	-2.96612290140917	-0.541237592845633	-4.74366550316071	0.272877106411861	1.60798300989508
NaN	3.183559604691	1.31263506402316	-0.919839241928326	-3.31973153796343	1.02313420003091	5.04364186262923	-0.559776552906817	-2.2034400587342	-2.2004878484754	-1.91907158396479	-0.0850089448881396	-0.789835591356456	-1.48679409695769	-1.18718970413861	0.884994507330596
NaN	1.17726650364703	1.44275241303847	-2.25260950029886	2.05713992071029	3.80818474161874	3.90986589747685	0.430357241684557	2.79241150925517	-0.97911075908061	1.05846277703272	-2.3913294560362	0.745021794167137	1.27078535908124	-2.64296434530708	-3.58150478595592
NaN	1.71145970846883	1.13827595758907	-0.336384325597193	-0.844112432241352	1.33649435306409	-3.36212912837854	-1.82535442693427	1.55473969224864	1.15390588085105	0.819194274976253	0.554872415161921	0.534154805523428	-1.02461512451296	-1.33064666547796	-5.61787938317881
NaN	0.102136600880769	1.5830019503817	-0.428018125111548	-4.27967701099097	-0.662690713723965	-3.16901693866934	-7.62956067290761	-1.92786053828769	3.31417480244102	0.147846733039033	-0.783280844807583	-0.447269443718775	-1.27941439707868	0.172403607131281	-2.66185177764377
NaN	-3.27691944331314	-0.451574867005793	1.90851542922485	-0.831342286685609	-2.72524736675382	-0.993207238198342	-2.60645384393209	-6.45969894601657	0.79265963313003	-0.688542951680388	-0.350374292136237	-1.36554705153459	0.795462199696256	-2.09510981637003	-1.89659721250946
NaN	-5.00382049470334	-2.89318476650413	3.32667047269564	5.58354556964685	-2.34900599820293	-0.71140818863207	2.98287917991155	1.12742005394246	-3.03722655882466	-1.6491678962729	-1.47334648111285	-0.415859800021541	2.54685340413932	-0.686473103948821	-0.275853569702123
NaN	-0.630594413691981	-1.24554742434637	4.21873777262936	2.46695045844647	-2.97494415217645	0.8180708455663	2.78964946357173	3.18159397543785	-1.86874712264618	-0.00955931721855697	-1.50529364083931	-0.894880965758843	0.630525980913884	1.0126686457819	2.72892400399796
NaN	-0.417146275597238	-2.04094967132169	0.639348346299396	-2.0221458714001	-0.899777642808169	0.453746265415188	1.09412006876492	2.93506874246343	-4.03027628459896	-1.55903771302179	1.48811073506914	-1.55912592710159	0.752676781211769	1.8005686544185	0.135814720226547
NaN	-2.10418416435482	-0.750938048032337	-2.47803452672289	2.41104832472973	0.538519763306641	-1.94068048826357	-3.90688072642214	-0.960841866066545	-1.79244047110148	-1.50160192051285	4.07970996661087	3.00418927335171	1.3664135562538	-1.67027869202483	0.494271096041745
NaN	-3.45180014521401	-1.76443478568412	-4.82570062205161	-2.03010674386294	-2.37219782397142	-1.86218891058603	-4.43009480859429	-1.2016943124696	-3.01846224543574	-1.47624510052503	2.68400627807162	1.798620940773	-2.67277992957308	-0.870485164124536	-0.18085531308438
NaN	-1.0278800708241	-1.63032437549282	-2.11897720531333	-4.52148843095231	-3.00693335365698	0.0235509943743558	-4.40184230412795	-3.59510854537915	-3.17297165642482	1.44499004610136	-1.61907047504497	2.81625092832216	-0.219019055978922	-3.55524060732661	-1.79256215909243
NaN	-3.40841604650372	1.72457120676589	-2.3118250781419	-0.488409904045492	-3.00027006387267	0.216360828613318	-0.967696101570681	-5.14442767096887	-1.15689467248147	1.93379140563335	-1.06023317511375	2.58487699053076	1.34038950295433	1.11705721772658	0.236634800018064
NaN	0.534573576397765	-0.182369500022802	-3.0169542738587	2.05576756723953	-0.966482295246122	0.598175398385563	-3.75252586905752	0.393897568691113	0.107126712876702	-0.902122349165428	4.33579099417638	-0.236731219295088	-1.98321251301792	-0.56104227703099	-0.974034710580488
NaN	1.85430630587028	-0.0242531687962694	1.9026613684042	-0.0981956722297127	-2.15113460621858	-0.0943971351819991	0.112707544510769	2.72608483511304	0.57489846249828	-2.90200965469864	3.30657167794688	-1.02235748830059	1.43423008555241	2.16040559097654	-0.801016661442918
NaN	0.433653438763475	2.64607377606896	0.903807276409165	3.10836938983579	1.17995080408208	-1.27252784320289	0.620607305285845	1.74634144525092	0.459385539376302	-1.31348597454927	-0.398146193450395	-0.638170431937029	2.79445373666222	0.408431621912312	-0.916922359084992
NaN	-2.45089154280527	1.0416614405974	-0.69818198326833	1.81522464884532	1.75480375805622	0.308769624352749	-0.676779893185983	-6.84975422199199	0.625435561168533	-1.72906951537432	-3.37211358676206	-1.85075821323135	1.2064133274836	1.92925880700715	-0.281615595605895
NaN	-1.66240874427856	-0.00432657422350074	-0.436503548384217	-4.36168457292907	-0.874187852326692	-0.28396484594724	0.646471797076342	3.10077483431089	0.741781102674347	1.04444165728754	-1.59905299297791	-1.47314780518171	-1.74923409950943	4.0650810449579	-0.739519094551433
NaN	0.538342072359218	1.41108394649996	-0.152256862522916	-2.24259605733826	-1.64690187279829	5.4723818821742	2.43163898533337	3.77123666507878	4.03173124902788	3.62607145934021	3.58806953452267	2.91155659418051	1.07487881676252	5.62993598230969	1.89111950270449
NaN	0.681074158316027	1.61210263383521	0.624255518677345	3.94113618638002	0.514467472400247	-0.483860790718972	1.63034998254135	-0.167684839755673	0.363250797963736	2.06520677160812	1.11673018123975	0.450079571024157	-1.57027690930555	3.62534875341697	4.60437466136333
NaN	3.02394569615365	4.65055776581494	4.47144598256532	5.46905367613336	2.40807400314477	-3.3723024141689	-0.490174423492715	-1.76176381710448	0.584843975802536	3.53879981958717	-1.55356949694225	-1.70582379324797	0.797041192140262	-1.7987203369277	4.32090208359021
NaN	3.88450915805308	3.20721583491756	4.59265303712872	3.28311284903729	3.99833030662152	0.341027275026146	-0.683272230444102	1.64225830580608	-0.948882554535424	-1.28343563523975	-1.77490201890913	-1.94858744159528	-3.79857339452784	-2.08291148457065	3.17488314682222
NaN	0.892631041119207	-1.75847812029381	2.53739329250062	-3.65304074782066	-1.22697689904924	0.667063531952543	1.48036574387837	0.00768483347336546	-0.686662268469634	-3.28105429844965	-1.16416733334133	-1.91454419445883	-0.170524869448291	-0.676036992941714	-1.20987746194048
NaN	-1.96699679551929	2.3154377308265	0.791469003583519	0.545995743323939	0.477214161384693	4.06724521497601	-0.69066359677063	-0.269148318349091	0.539695079800372	-0.264788733637147	-0.591351377329878	-0.424467100567716	1.53955388132376	0.897746613553469	-2.46893928888103
NaN	1.06480870659505	3.12301054513628	-1.67896464415076	3.08554001072432	2.89433247886385	3.66179877861409	3.37635295240258	2.38124737041458	-0.212211124468762	1.75209051023393	5.38774956230523	1.87235922917265	-1.86886776165617	-1.6417788943327	-1.8820939128537
NaN	-0.555876317189899	-0.0164918598747605	-1.19890626324471	-0.513936347682352	0.851311920854102	-2.73641308258663	0.500142001339332	4.75641382499984	1.35328722666748	0.0340507141929648	0.798222733727041	4.75536949594059	1.32784444636966	1.64271172905067	-2.73394626262604
NaN	-0.114108018243836	0.187631280496934	-2.31283033679107	-3.75660427301059	1.06177691489256	-4.94712442068974	3.20772409064825	0.966294744788867	0.225252778926145	1.95233245823171	-1.61662567182765	-0.797433398697219	-2.88149150693302	-1.47029387449427	-0.986792894364817
NaN	0.708210510555491	0.728976023753858	-1.60580735115073	1.54147960783056	-1.22237710165589	-2.72528040641168	4.07194183589632	0.321619464092449	0.93407852015586	0.553759935540342	2.23543784323312	0.758929716075452	1.35002989015795	1.05344618973223	-0.871249446994328
NaN	0.51821678545911	2.75326378954278	0.413646291265652	2.07624045608061	1.24961355320516	0.372344960857141	0.297213704894626	0.982154570261555	-0.598592584472581	-2.09159755357483	0.463974360637137	2.13096622395055	1.05158860599984	0.232342084791336	1.43679035566822
NaN	2.29541797084691	2.50603639461651	1.86183768171578	0.0231208825859599	0.500666496072499	1.03606308600417	-0.778313535397011	-1.1000778826445	1.44078819511596	-0.26543774613433	-0.634429168494364	-0.200777401698932	2.19473852772746	0.487885034464861	-1.18328265161104
NaN	-2.5829660236	0.631110130217644	1.18118916469459	-2.46238185985137	-1.56443119749508	2.0827690107729	-0.0648854402527765	-0.214899309225643	-1.52386475132713	1.56318000370797	1.48877794328355	-1.55871416464553	-0.149886721537098	-0.587838819459195	-0.959871284379299
NaN	-2.56967140183549	-3.39907116021846	-3.44241041135558	-2.56828704314767	0.0433978338076251	-0.956521826856554	1.05610197475672	-4.22658676432284	-1.19293462404799	-3.38329345755641	-2.42363314101013	-1.63248688281664	-5.31782660426492	-2.01411673421484	-0.556032134480931
NaN	-2.11695211022887	-7.5404964589571	-1.05407847222418	-4.10309555008262	-2.12901305354802	0.149382173081986	-1.46796136315912	-4.9508737466205	-1.03681464176982	2.20208093741576	-3.06388727661033	1.34163933509795	0.959008077162625	-0.944272271246682	-0.605581726674458
NaN	3.56345360011292	-1.53648030634598	-0.149935628082308	-0.028622622786513	0.936908458886935	-1.62316995261494	0.17081545005637	-1.12072916491133	0.701666816625719	2.58488615729161	-0.204989729745378	1.29203202154139	0.560643612752319	0.620594591242716	2.31907890164744
NaN	0.728532251219664	-0.476262884235631	1.08136132645804	-1.16650009770286	2.35094112842933	-1.80550892506299	0.0966792351489319	0.183100455216882	0.372532572672148	-1.00545245122428	0.555042205333641	-2.20736105160008	-3.8066597576994	1.20308437547882	3.45303784659726
NaN	-0.61163400243569	-0.734177252037862	-1.7278181499326	-2.89687536534526	3.9730659704389	1.59506009925365	1.33647672928615	-1.37797059502821	-0.572057239388517	-2.56318427072373	2.21131542529108	-4.10374450377031	-0.151865814271241	2.12971721202609	5.12359429429756
NaN	-1.51541259029471	-1.16663231131704	-2.39780010319158	-1.70085131023025	0.219150987500181	0.136357291308816	-0.618779629266922	-1.71128170253619	1.17485658469787	-2.94271077273318	3.97246757640109	2.4351137132954	0.19367941187502	2.75449732412723	0.95240254237036
NaN	-1.86614056121615	-4.25892007665285	-0.206808018994058	-0.00555320182833936	-0.242263673567136	-2.59922259744133	0.727157784392896	-1.8177484565666	3.23223899673405	-1.01951070081009	1.5412222014634	2.04262652475572	2.40833387087191	-0.665476344954002	-1.48607495563551
NaN	-1.01291858080282	-2.38343724988108	-1.91458921145975	-1.38607839795725	0.384203657566952	-1.15089000033558	-0.201924789906529	2.20033133595099	4.63213743369463	1.28145676602554	3.32909517837904	0.140153073357186	1.07944688386729	-2.16762903024207	-1.04446385803844
NaN	-1.5622632971968	-2.69048115291647	-0.887669314861371	1.26523551436595	-2.92560309458527	0.0259272532924231	0.102931335456432	6.21895494484766	3.36297219874432	-2.19132423185654	-0.833545839825973	-0.501745492299511	-0.839783557107725	-3.05300003312962	0.626332354329964
NaN	-3.46594446714735	-2.14690014246516	0.092415025051119	5.94534686102666	-1.3077119066756	0.887448050046872	0.803903478963546	1.2763812521005	-0.415058850412857	-3.21169547676494	-4.9769220170303	-5.78065983964589	-1.83556114584175	-2.25953767530891	-2.74565478564432
NaN	2.08698983987342	-0.433369036206684	4.17362681048554	2.502071549929	3.99884440947473	-0.510044132540445	0.848122690505776	-0.897917269511649	-1.75187539242953	-1.88588368706756	-2.23426452272342	0.773598736362351	3.55795349790456	-0.356362473670822	-0.87445465797234
NaN	0.0406448051286328	-2.60261740442163	3.45561627922956	1.72566489591823	1.09573983040777	2.3305590524894	2.17414908612745	0.353531326404236	-2.15378163981217	-1.11409186598502	2.87040690595603	-0.668471036155849	2.52478746583687	1.09147428643805	1.585193916318
NaN	1.59697556513661	-0.748485696113777	-1.28120272778092	-2.23944345569357	-3.54716272071025	-0.687722341599803	-2.15498644703973	0.327749640881233	-1.95381241849645	-0.656689028487727	1.90719697641301	4.17890671412063	4.07861999614038	1.29542212391186	3.33804871352446
NaN	-0.113089271964715	-0.80786761531691	-0.767229933812933	-2.22661207590544	-3.81879157495505	-2.35928273205736	6.08814125396776	0.780070696723822	-1.10039720959407	-1.08005864735244	1.83272777462422	2.76505280850595	-0.327270562754433	1.26806809188254	1.98804271155749
NaN	1.27469720370491	0.692171119159097	-2.07599394807678	-1.99320606179343	-3.17015772226625	-0.237564689955732	3.72274941336668	3.27199350183992	-1.99233692833708	3.80461067571308	-1.69640884423784	-3.97387281634361	-5.40738695700728	-1.64513924933599	-2.49121525759567
NaN	0.870146577597104	0.0545322862538316	-1.12061989433602	-0.581287213497628	2.12053895552714	7.11150649971028	-1.05360988703627	-0.620391974382361	0.707794935472118	2.93909605727713	-5.64688051603739	-3.058199295722	-3.70595399403341	-3.63661518607442	-3.09498205022802
NaN	1.61451250253408	2.88795383362108	-0.0256923809725533	0.458812089671115	1.86968670656476	3.77782313014972	0.0280964809639236	0.60113033444952	1.85677169925752	2.87164598704278	-0.370866912456338	-2.08367328220512	-0.922052704795556	-1.96902877698859	-1.35082168076366
NaN	-0.931797095985557	-0.444414750611252	-1.82071842489719	1.77344548595593	-1.29717783579345	-4.4281502471123	1.52795650087269	1.80988204538138	-1.29998677946669	-1.80043164691599	0.160151847152041	0.569186521012395	0.353701063351633	2.1334499232234	0.474598838811616
NaN	2.52001085403865	4.12716779828069	0.582047457266381	0.372837389264646	2.43452594478463	2.63235189531377	2.56590919934949	4.43567185008247	-0.830324785923625	1.53504619500128	0.238357505443822	-1.54929136427432	1.61054091946722	0.493840865233431	-0.729940630782626
NaN	6.78222501140373	4.37672264788297	3.60101001446718	1.08103476210386	0.190381505663648	5.95334790149227	1.50965027695773	0.704824455884185	-1.22933496607833	6.3776742862597	-2.5136082194561	-1.87095828337064	2.4439555705858	1.61844128853604	-0.0108745057616385
NaN	2.34286979339958	0.468727095454892	1.11715445465931	2.06035381953355	-0.891985773431989	1.02201338312432	-3.01306604076756	2.21540527252694	-0.391222505431911	2.25585962433473	-2.30454178316572	-0.747596563482568	3.34085741687306	3.13902175910323	1.92947043081818
NaN	-1.90508846217443	-0.639676807103833	-0.725501011958524	0.0450732415488738	-1.91541049662557	-6.30844459124935	-0.0291036159730924	4.11306752818992	0.576126850143515	-2.34362723358008	-1.26611898784023	-1.80610329155558	1.27924912535577	1.6903974052989	-3.11853545515997
NaN	0.214237245568421	5.57471508191256	0.00565868608627774	2.56048707981546	0.855540250884255	-3.1236693896987	-0.704298484350224	-1.57386533696893	0.200102000681476	-1.60599101017957	-0.219027573662317	0.606195397538515	2.63916164573534	-0.913100082838106	-0.746435346683446
NaN	-0.307604093885157	2.45011368012653	1.35155819286251	1.32703783066105	-2.32158088280926	-2.16182530271986	-1.22061599742316	-1.9155607694733	0.671447445599799	0.0512101033919598	0.888662513270477	-0.0389765508804904	-0.880224261090033	-3.07538998816569	0.59781447201258
NaN	0.367150976741341	0.372313136182017	0.549177364848244	-0.418679286868507	-1.02488954407934	-2.21583889623373	-0.92954229454141	-1.6542471535766	3.49533497958636	1.13125294492566	5.11909932219528	3.09583333445235	0.30578832417912	-1.1782338117712	1.93998826311999
NaN	-0.412921239780473	-3.58814010770151	1.98185613150548	0.0392749027304429	-1.76015392993705	1.71975312338793	-6.08856924680338	-2.54190207840113	0.333513965727517	-0.157484408497871	4.04205024192423	3.04388979429885	-1.67207273428982	1.7596512853999	4.50478937830805
NaN	-1.86119522782467	-1.16292594722069	-1.32485160914905	-0.951709823064765	-1.49763967666941	4.66942511700611	-4.7037438629541	-5.3705269291979	-4.30068517142565	1.43570838759071	0.0286486198805321	-0.436117991963157	0.0227555798148325	-1.74373365668871	1.97113604245697
NaN	-1.19718390611256	-2.60467763209044	0.302553088515783	1.16382116528887	-0.732894020026748	-0.0646015691985031	-3.24823530058438	-1.94855277657451	-2.20754047535516	-0.623897984947967	-4.82991824194184	-0.93018435284214	-1.90013934456865	-2.02001146606103	-1.00846092670522
NaN	1.54765741160057	0.0999163288087623	0.53605041813562	1.0791885753387	1.25218803982453	3.39947262200531	-4.10578436746173	0.844376520775537	-2.59676764117521	1.77854915974937	-2.34472537218166	2.8665296643807	-1.47923410499339	-3.13750073118186	-3.10661842635313
NaN	-0.319758746248497	3.58811813612752	3.29824095946492	5.10037378858695	2.890478620704	2.58286128996501	1.15790373931218	-0.84769035320167	4.85545451479151	3.25470355197583	0.63124361114477	1.85529148562395	1.07883554449948	0.829566123985208	-1.96102191197651
NaN	-0.937937986701221	4.16649823655163	2.01237159735762	2.51831120081777	0.809592024705331	1.28829424009561	0.427921668931219	1.51756923872234	3.19975585466708	1.19614145978967	-2.10252978899595	-1.28541109977216	-0.716910145176403	0.284891452272672	1.23116682558125
NaN	-1.76267230948992	3.22915088419382	1.40125309172186	-1.63156297601638	0.48657402328295	-4.80912011457551	1.31558723943024	3.21590817102389	-0.706055804115056	-2.84184955974983	-0.253373323238763	-1.86462017942567	3.27126624956575	-0.682979146726226	0.0202455655020101
NaN	3.46319293290016	0.537304068564682	0.0841037376082945	-3.12299745752245	0.89230513449968	-0.0704360711112622	-1.75232749433753	2.98559202033123	-1.05382291211533	0.0361788554253022	0.565470576960823	1.04703455222873	2.55463087860058	2.17278316515511	2.84076898239293
NaN	-1.19340983358271	-2.25945263530172	0.19632729301527	0.885962072786296	0.8732538170057	-4.8506939307275	-2.62252259683687	-1.39932973742324	-1.59739351496061	-2.03787649426733	0.261645480255794	5.71107775095472	0.28028350838729	0.986560751482009	5.64891121169042
NaN	-1.13523628025092	-3.93717925047023	-0.43001319670888	0.681949787139483	0.644227077883041	-2.82343836895855	-4.45108589801155	-5.47997614814344	-0.987462142338758	-1.65686687664285	0.847140558304353	4.08284459337437	-2.32400055848062	-1.50632791857208	2.90140862229888
NaN	-0.190603443235335	1.93513008175285	4.12126155783428	0.439769836769132	1.95665903711878	-0.460843438404721	-0.571791605424838	-0.923984868483518	-1.85816569602886	-1.08091589153619	5.12344588304807	3.389758727038	0.786513107888675	1.27857520614985	2.85363699425326
NaN	2.62166279044231	-2.34211485837887	2.05574567838042	-0.682692435125549	3.5063353111917	-3.99572011975543	1.2642483013044	2.62401629061819	-0.220009448063831	-2.08740415900133	2.99764981600608	1.17099086906852	-2.02023807397134	2.9775781368799	-0.158387360852135
NaN	1.87983479844605	0.79162530978202	-0.53916199715594	-0.182161224229364	0.814606430026217	-1.80102810484247	-0.36617409925642	-2.28247936472298	1.26483872753248	1.81670332401718	-2.55424331201187	-2.55967772026945	-3.09804366318921	-0.470824251511753	-4.84969960623666
NaN	-1.98456143361569	-2.38600925181704	1.36914756150359	2.61129587943439	0.112993535792873	-1.85141179441877	-4.10495904935784	-1.67558456323596	2.90368307298887	0.729250266959197	-1.53217564986519	-1.2843418375817	-0.775222835141059	-1.45508012512123	-4.23017309891046
NaN	0.00435565958673499	-2.15362984714118	-2.4301328226619	-3.72938368449795	0.620857590264574	0.443742440863963	-0.158474563078358	-2.10697083422206	-0.679484721467909	1.56720996014799	-1.57821144466675	-3.03602332003814	-1.0482747320813	-3.87028427567005	-2.07772796347855
NaN	2.91668797741657	0.776097115150465	-3.08557291629008	-1.21244965040749	3.00000746144382	1.66511880428746	2.57494806744253	-2.38093933064419	-1.8863610076372	0.959973638764967	3.59749635626052	-1.91876461119838	2.31799906664378	-0.626176494289805	-1.66547029053156
NaN	1.73465310426088	-2.57753583091225	-0.678509376330918	-0.185286947467548	2.94271722099213	2.77168892011328	-0.700166523608904	-0.793052740396317	-1.38734601163087	-1.46234688263254	1.14172345360361	-2.1068303944006	0.194131656522549	2.49817493069317	-2.73084795134111
NaN	-3.76159854439564	-3.30284902584331	-4.42271532437668	-0.726546002743641	3.06564847412539	-0.597466047947246	1.03078301834917	-0.987786048274951	2.53646171850336	-2.33586426121576	3.95108019611117	-0.511335899821642	-3.10979468663145	1.15863122322968	-2.83122772267463
NaN	-2.73382595338172	-3.06120730998717	-0.0535865320733526	4.9025267429395	2.72624454472298	-6.78503331750196	-1.59072364912021	0.235692026880036	3.52283611758501	0.505116020032743	-0.869002684148412	-0.905554330759914	-1.09709033109081	-2.96908770357422	-1.73256941706017
NaN	-1.33111352359586	-1.3586216458761	1.60430074483494	-0.705174090227924	-0.812080053238874	-1.26357190501484	-0.142624886892432	-0.655042900777569	2.92895064374517	-0.71154149164817	-3.97592925545444	-3.50599665032005	-0.447902518171953	-2.05438843616379	-2.80008658520509
NaN	1.19218044136934	0.00377666878029476	-4.17039721588207	-7.31129729694441	-2.23728842768976	-0.962973100485499	1.38613575804127	-2.17063634407515	-3.67760455335499	-2.86027389390691	-5.49219356219189	-0.316697065970521	-3.70945065305322	1.39622836132236	-1.77260681633044
NaN	1.81401185536447	-0.711181390343252	-4.12433077072783	-1.56661826730043	-3.75085974604508	0.688879943924148	2.35848232913666	-2.91056520619938	-1.07725547450841	-1.31551068886225	0.614907733257759	0.807326017327489	-3.67117779341431	0.101866420608422	-1.15541607682078
NaN	2.40529881584428	3.86405466786294	-0.539025180298661	-1.22811557467477	-1.18560114810256	-0.5551777138136	3.04650874878123	0.684878040922345	0.43169506342995	-0.15236205512211	-1.01427414136941	-3.28348304397374	-1.81425210942843	-3.06555011421339	-0.343939110320491
NaN	1.09194389325634	3.07661258962316	-1.22425034307078	3.14263410456308	0.480871908569367	-0.764871042036375	1.137498990671	-0.0518988450124578	1.77604366112133	-0.639947470720301	-1.93932757437976	-1.72453263581782	-2.46473002566979	-1.95718984356889	0.537817408413961
NaN	0.673979383346734	-0.134914959083899	-0.369557343150643	2.36247347503951	0.28971763173754	0.812592386238834	0.28738282694697	0.269704592107923	-1.26985940166777	-0.630077596391652	0.842442856142677	1.95112993549103	0.695535587083601	2.16548477684902	0.303495894033803
NaN	-5.03383873687076	-1.69371985801526	-1.09594026675625	1.45904102569056	-1.99219055768567	1.05437034133402	4.5435226336659	2.64266275817858	-4.31524228751639	-3.09680709286353	-1.15648528893969	3.13030136860045	1.75197657319879	1.74870831072894	-1.41491109283181
NaN	-4.4174773588037	-2.35395999953304	-2.08612492213571	-4.50825532699066	-4.9390280877129	5.95833891371261	1.17719134136828	0.748508243620901	-5.79060101240693	0.976650443056535	1.23629199861344	2.38724218210521	0.2917499561806	-0.179688513028466	0.383408685036244
NaN	-3.85347701789081	0.36506731630415	0.256393299612671	-2.19410258507671	-4.36611177302876	2.13472291427719	2.60352515772383	0.761726771313028	-1.97741905284791	-1.94480551874673	-0.923221187061535	-3.29574702413414	1.2921871839873	0.871942949708892	0.144263629095179
NaN	-1.54998811090947	3.43522531102212	0.489472241222652	-0.665824269710659	-4.25720121125336	-0.569715262298467	2.41063631860179	3.86702856543435	0.932336995276388	-1.22438621058092	-0.68587290959678	-1.4548232081316	0.863430774628762	-1.6123917295987	2.93694375765272
NaN	2.2724883548598	1.16464457539111	2.01555614787092	-2.98290858508425	2.72427627792367	5.97229230442124	1.1470053491035	1.0270739535629	-2.8748613305785	2.27789997874847	-1.08421855404987	-0.000769764649349811	4.44208888421977	0.0828425520919276	0.472184445053259
NaN	0.190558190932187	1.79207106969669	-0.941110979514997	-3.03972513276096	-1.17932430904784	1.03596261084038	-2.9582604562083	-4.18967985302731	-1.95296432091835	0.914152672041382	-1.24984925257946	-1.37009368901455	3.25941920092929	2.19933124398329	-0.060436793087952
NaN	-4.77848581490776	2.76166652403463	0.80175174114231	-2.29694809038512	-2.66365691589693	-2.53519336714778	-1.64772745692044	-1.14001298214451	1.04769486100211	-0.899580219403356	0.377006383423245	0.224565435984988	1.2889411066785	1.07992367537955	-0.328081060052063
NaN	-1.91367279307104	-0.778959208154087	-0.910772957148629	-0.239128114275309	-1.85010322765657	-1.83773289025727	-0.0411211958279592	0.88114785849736	2.12019485283586	1.23120413754744	2.65309192015212	1.53035182753937	-2.35096886971564	-0.016229240584756	0.354293240985712
NaN	1.05459047942322	-4.18575478916519	-0.589415628264346	0.0624641111005935	0.234707248379109	1.92003514014532	-0.147546748413837	0.709402064614709	0.127393444925867	-2.80144282771806	2.39966292721628	2.82688081077328	0.837391160135258	0.479151739093378	3.27098885348502
NaN	-1.97392662181805	-2.81944989300913	4.12312102434953	1.84829850890091	-0.042818370194778	-0.672736882816074	0.326690983407634	6.57951500424304	0.238038819675089	3.23266090475615	-1.31161583518834	0.549831101298414	3.70524437311112	0.721643248275155	0.0225648006721063
NaN	0.0770274347236233	-1.43761003291111	1.2063594705534	0.222701448227126	0.331446539195859	0.407258803151122	1.45411833439432	6.18939235718694	3.06095474796022	2.49395511189538	1.05903774757797	3.59762027051974	1.85808958861453	2.5536156374767	0.0904018195953257
NaN	-1.13415079759031	0.108653636435287	-0.155553972387326	0.447577768844	0.580870031817952	-0.0492088086600062	-1.69628336172865	0.0387602919593306	0.184457982134536	-1.25343426747451	0.163897465005937	3.26511799534263	-1.0842046449527	2.01140498054686	0.590245471600705
NaN	0.0422311353336917	-0.0700439216589547	-2.92690969980192	-0.581230696540831	-0.958400803457107	0.388691925330175	-1.35367369409908	-6.46073791118077	-1.79672656830716	-1.70184086363228	0.210343761603217	-1.16941345916191	-2.85231571666622	-2.42162322595932	-1.14704565453278
NaN	-0.0447505611090946	3.44157544106504	3.46147428009322	2.22876018958399	0.479790638617299	0.029259157466075	0.013784859353944	0.259417648439314	0.83308751035846	4.66217539141834	-0.156440420769635	-3.31245791395765	0.773708092458003	-2.16658095379057	0.66613204309149
NaN	1.41701438768261	1.42347131456669	2.58446713716649	3.14723379524618	1.73496958496038	1.80810667943077	0.442618113960703	2.76803894872462	1.96047304803448	0.93380260773064	-1.43391665163128	-0.475526326897329	1.46403693738227	0.915731227760536	1.52778062120258
NaN	3.01359075296778	-1.17904121640655	1.97779375161589	-0.469761423305816	3.50908917655401	-0.15675779108633	-1.09177105916229	-0.683184877395176	1.52604446849643	-0.153432674264394	0.795254461210386	2.16565538183637	1.29408325759627	1.44613394028085	-0.722146751893024
NaN	0.646621606253816	3.26707558795335	-1.43548165916702	-2.66646800759179	3.2451611188723	1.08567997244445	-0.917387956624509	-1.47586562899408	1.33189261261334	-1.47387602104203	0.558527282995617	0.752894077472844	-1.13279491656469	-0.556616120622312	2.15594669497906
NaN	0.970877305242911	3.66446582058548	-2.89621679195531	-2.10217798689724	-0.227726436023578	0.30222216110304	1.11583975916804	-1.24724488705825	5.37952605418828	1.1514574018281	0.0338218120878631	1.2254155883499	0.152077659876315	5.14705293058135	2.01472294527984
NaN	2.17343041639067	1.02924339410897	-0.597927579639256	0.526194922526064	-2.17852895120304	1.81285602425952	0.614716533904298	2.57966338064102	3.59220917642563	2.94926883810471	1.08477261606264	-1.11596368261479	0.506480816268249	5.78706828379064	2.40847188768899
NaN	2.7773040651308	1.52863022624362	-1.99773857264543	0.965614460415776	1.91077397613529	4.57204726111926	0.627350569984166	-0.380689400018896	0.233021790693871	3.25624172637013	0.49818179528185	-1.84170816451367	-1.16354085559224	2.33277665181993	5.09506140395584
NaN	0.040028646270807	-2.27373011484692	-0.544088883171762	5.25798897548375	1.02847009815802	-1.72426062709801	1.76638203181394	-5.49645389619005	-1.57200569707341	1.97327530086239	0.3324551934343	-0.915130681001694	-1.81570604320891	0.620109972856611	2.79379976529285
NaN	0.822266065342146	-3.91564851896766	-2.69417590158081	0.246882899868532	-0.275059070019211	-3.24025458339727	-0.716899838685774	-3.10917287261643	-1.72357943157282	2.01273569624775	3.94962452212368	-0.58044063461938	1.43103500043515	1.06911653531033	0.847015630588438
NaN	1.22267257052551	0.606698666781331	1.36128452928881	-3.47705952240324	-1.18847152757984	1.59276350247046	4.7321180346594	1.33286541138529	-0.937641815065961	-1.24024440318817	0.0339443339671693	0.016187885091052	0.389563356821254	-3.69993978410547	-2.73761269681769
NaN	1.50462628873829	3.09811474062474	0.136420011029791	5.04842510713522	-0.872002127709334	0.884026802805025	4.79307711225531	1.15655834398294	2.48871763941225	-2.93288346713196	4.0091393010832	0.504071657510446	0.801847425218789	-4.46070953153579	1.74635818386506
NaN	1.19019782545437	3.60600860996151	0.118774676588332	3.99760022832073	0.331572134340581	0.683451629437197	5.2437813980064	0.873689818538805	-0.205480355430349	3.25346421562838	1.53734435459206	1.64080528655729	3.83284596870545	-0.0530463664649719	1.65010788064755
NaN	-0.341409078145477	1.75179720174949	1.18010411102772	2.09963683943043	-0.642176937327905	-1.43124636543095	-2.97771624637581	-0.372703550418705	0.265373887498381	4.39053145721075	0.515163791061424	-0.459447572233201	-1.82073939017527	-0.329671524754035	-0.924904804844651
NaN	4.28624230014388	-1.7157068235343	-1.4151400041449	-1.5845804050191	4.62523238980474	-0.851619915586603	0.574728800975865	-2.29886519806677	-0.525393706944412	-1.05599781464073	3.35523300090257	1.20802940890647	-1.4865439173704	-2.46814829208233	-1.06864744501082
NaN	-0.207789192189365	-4.63179970236751	-0.874064349009176	-3.43329635308432	0.574146324647993	-0.191272438819928	1.65704387218825	1.66241207612563	-0.519401382012293	1.35514977862378	1.58154992150244	2.39736088763487	1.94751580374122	-3.53751722977964	1.68304835376405
NaN	-1.95688610893476	-3.64624618965843	-0.444386169831568	2.08989280909391	-1.49485260301998	-0.167885648411148	-2.14101288020617	2.37962674074846	0.33280295336988	-0.112046013332339	3.00176291663951	2.33367513740121	1.51748272664963	-1.69573114691007	0.999751360976808
NaN	-2.79187364153233	-2.78054628996611	2.44440980958351	1.98848830040618	2.46594364853827	4.48705705203933	-2.96615877022865	-0.0099477166888352	0.422278969979904	-0.859737959766386	-3.31076690915726	-0.513904724204457	0.074474435825568	-0.949150781737161	-1.58182452581237
NaN	2.23549646093499	1.96970136226654	0.914946868447911	-3.76497718649829	-0.336533848303129	1.88519230246995	1.24407750997075	-0.776025770348414	-0.587940176520866	-3.48612199937782	-5.73079437673877	-2.43078453409881	-2.67393944879509	-0.712180940507322	-2.61941934840285
NaN	5.30012397040668	0.824542062544319	0.454444098645937	-1.97725444196779	-2.45710739973967	-7.19881695376703	-2.60841180808204	-2.78373142093577	-1.68356309650639	-0.118792594250944	-4.66186979441051	-0.0412481587004302	-0.0157904882212009	-2.08636280605327	0.372306769067989
NaN	-1.24641317618095	0.578058974727797	1.90972498401212	2.47994231841469	1.36212344263751	-2.70725302835912	-4.0639350871729	1.00585949655077	3.88759500094213	1.19377972100786	-2.26696241362226	-0.0554547756971244	2.0308978846889	-0.265290564687283	-1.62010127108347
NaN	-2.91429122294388	-2.75796322117928	3.23267297554527	0.217825110599111	-0.768532784577802	2.15536149645805	-2.38067263436106	4.08689674249383	3.29886948461063	-1.56507021306212	-2.99124682509222	-1.97689592000672	-0.474231905581988	1.05878291558123	0.0846440950674531
NaN	1.59459216331508	-1.42593822666994	3.66390633943348	-2.9578337183628	-2.86625261240513	0.143996365146616	-2.34794610747376	2.72411479193431	1.73893119980277	-4.03755519143501	-0.845802718047726	-0.956885884918584	1.55621252976472	0.76982620843112	2.88774942295229
NaN	2.29127096554377	2.16165940193308	2.02277743858466	1.13952050769178	-0.983878968244317	-3.70250712331577	-3.02770142442987	-1.55139114205747	0.336359585253708	-2.74029336268272	-2.35628745261297	-3.14489173202696	-1.35168842919104	-0.140611890710642	-0.325752313144549
NaN	-1.64241804608651	-1.48230262251603	-0.957005549482522	-2.20753396568173	-1.29046816651014	-1.45892238486446	-2.01917395982813	-5.14931808119064	-1.77391937624358	-2.96611363715063	5.69332544218552	2.27251078868224	-1.62808670272631	3.13730298078176	-5.05607296411534
NaN	2.10397687346838	-0.45785843697446	-1.26176137637995	-1.59929045174358	0.283040761546325	1.72457197123832	-0.81648797545369	-1.40202436136423	-2.38260835134032	-1.0990215260916	3.84103342059062	2.29086289231478	-1.45093998856445	0.760591973579078	-1.69558531077985
NaN	-1.00742750218152	0.157763172940468	-2.31578597057083	1.12437000736111	-0.229016828865019	-0.673954351110815	-2.3336776534221	-0.821916139990102	0.668236333909035	-0.793617614111774	0.599020294787611	1.77844468754502	0.460689838178632	-1.36086184924184	0.511713268375101
NaN	-4.1639384595827	-1.43678597280556	-0.980899342375104	4.36810962264885	0.564572116502167	3.17239994332024	-0.181423289650093	2.10521642268911	-0.734766766497611	-2.29251837510488	-2.11981418546076	1.90444588770965	3.14802151629458	0.430852615989328	1.85613366446413
NaN	-1.96156620263917	1.40055258743288	-0.172821807673435	1.83222608238536	-0.0610016172034666	4.50043567046728	2.29439991295876	2.47349456425463	-1.38933961872739	0.603086177323992	-4.46552812886601	1.3159845244505	2.22737640151335	2.07464309709357	-1.75375888262203
NaN	-0.338804827139036	1.17478087866934	0.317338940242918	-1.48628468367402	-0.743299383324728	2.95233919138178	0.601183530300492	3.27198040940474	-0.218280262080436	1.17524810464055	-3.48052907151511	-2.6930162354665	-4.18528390431987	-0.18648584416986	-3.77309903498804
NaN	-0.680907974363247	0.853180410067101	-1.27993343160496	-5.25311570479765	-0.423919339354939	-0.391235031069017	0.739201429146104	-4.8625182487987	-1.27066326790512	-1.9968807222584	-2.16439051327021	-5.01765297596375	-4.71426935615152	-1.91200468261073	-5.06273101299293
NaN	-1.27156668518475	-0.766480022965391	-2.63289697027852	-1.28768939638775	-1.53068097386543	-2.86578286826643	0.789269740121467	-0.846969126746885	-2.372289215502	-1.82014665750824	-1.53094396845942	-3.27014529822584	-0.770989471688527	-1.8764774445076	-2.42731003589336
NaN	-1.33265899103323	1.12579915826063	0.662963755755477	-2.35739874494189	0.072660608319328	-6.33002080767509	-2.38162594032683	1.02788376221785	-1.89845030498818	-4.30796547642891	-0.490383770922147	-2.50785487128062	-2.61580842763339	-2.25460488919644	-3.64247008635542
NaN	0.398170753248526	1.47998556201201	-0.523177031360019	-1.56093026331622	1.12253033437687	0.786959849697483	-0.918938806502216	0.872882233245084	-3.32243165756215	-1.20061394736652	1.87599922972933	-0.318217182478505	-0.721111843156382	-1.25767959683294	-1.07176612208842
NaN	-1.75376072607515	3.6097529150593	3.22907294931293	2.44427089576028	0.906057713903608	-0.708541810684752	3.74844696695289	1.22767179677812	-0.00928971687037672	2.85341048349917	6.01356984738914	0.641222840654347	2.27481362886867	1.61747969684714	2.62438024818867
NaN	-1.61894086524467	1.81886777996635	5.32782911217306	2.98442449864513	1.30897026609575	-5.67123925868192	2.2880881220582	2.35765704904678	-0.155657159894027	-0.251080700752158	0.101109648864499	1.03144188855538	2.58088272144817	5.34940886478345	4.24564638379482
NaN	-0.355845138914247	-3.37993258170559	2.78142106146087	1.27097312957404	-1.02155212457961	-2.99756865413096	2.99435685260023	0.0557662104244416	1.2463804695107	0.339430418613641	-2.81627112989664	3.02533545837732	-0.262754284115313	1.46748474199992	0.45047086214452
NaN	-1.43699228845708	-2.79245976604289	0.933144444099687	-0.96942475601292	1.24589511714667	4.145746835273	4.13849854823468	1.98708750605803	-0.780793674220497	1.84966469728308	-1.58891995180322	-4.49705727314236	-2.08394924472468	-1.41889121669021	0.499459210293065
NaN	-1.11797954013359	-0.582953394821653	-2.78342560521859	4.16761342752089	1.48016405468895	3.41824206131068	2.89792813273059	0.882852125498636	-1.31402736334242	2.40368328688075	0.358885696508048	-0.428319351599151	0.159042415343498	1.53179573150584	-0.468595361436979
NaN	-0.316262044779248	-2.41894504318554	-3.42090506873035	3.68812568657469	5.02081582653453	-0.0633060539843817	1.182285755951	-0.22835998546139	-1.59046989841314	0.252959296944678	4.31438976343486	3.14862243879247	1.2061872288031	0.902496575429715	1.2502319802063
NaN	6.12483353381508	1.14923705542919	-1.76352886104485	-0.740349798151166	3.34111559003173	-0.124353641988367	-1.46557381695434	-0.798680221283542	-1.72005287580955	2.73578948990237	1.03621031276023	3.27309393118876	-0.0472578572916999	-0.22555360953227	-1.86024326152927
NaN	3.14424459281315	2.05102909300929	0.588066440317194	-5.02628724953905	0.0271648883275381	-0.24554645210043	-1.51187035075148	-3.43547159677555	2.86256595766787	2.11930252237776	-3.54394770024152	-0.609637620040921	-1.03631578029035	-1.70831648800722	-3.06179786999957
NaN	-0.799112816213203	-0.284451992374627	-0.192400781438623	-0.227477776449693	-4.45366598420395	-0.331097421861646	-0.75792122513167	-4.43480587994911	-0.109768586219872	1.81653314084939	-1.62089012238762	-1.66111306966487	-4.48644643437768	0.15384108061851	-2.01087313494354
NaN	-1.54348278108853	0.0317414943943844	-1.71009525092481	-0.194108722719374	1.09082409277821	0.657842357849602	1.57620555514954	-4.52374697239935	-0.289282246588477	0.3909950306006	-1.58918014169016	-2.20823060920813	-0.495141672410055	2.36800317135294	0.570554329427796
NaN	0.682673850035165	-3.00468529762345	-2.47673175513685	0.120284823760552	-1.40997920421655	-5.8191424879334	1.32265424474113	0.20824293514753	3.33517443963508	-0.8596853516809	0.758157919286426	-0.115177823279323	0.933234538350832	-0.111332364535101	-1.40311172997155
NaN	-1.3897462786959	-2.21331423366358	-0.706309058560464	-0.166560319919497	-1.51043784827738	-0.592069249502216	-1.76105538249965	2.4757097227053	3.42985998004145	1.27406734619794	-1.23798594663218	-0.848034760970745	-0.224787036143064	-4.41623844976428	-0.627607994919263
NaN	-0.556746704217133	-0.329482486824753	2.14506682955115	-0.979760795797886	1.42999331035176	-2.23344564552736	-2.64628756076108	0.823022116164403	0.414162700521634	5.07086321490974	-0.625982925537151	-1.09149896433993	-1.22208982132072	-2.57822163346778	4.73182774993062
NaN	1.26291013702725	0.540782439889785	-0.025593479822292	-1.01029056948838	0.605142552569171	-5.09614161268827	-4.82983713236459	-2.39315765377894	-2.34320645854111	-1.55403108514836	0.177129403748878	1.14974405576918	1.82026673234799	2.05379867846837	3.70114682088547
NaN	-0.134930165698394	-0.256526088490274	-1.30751721200965	1.24627777224006	-0.487063648191678	-2.17819910187638	-0.13059744214585	1.75819708251412	0.656687624153921	-1.3248883956336	0.279878582709237	-0.62899012134893	3.99915559713326	5.38426065207692	-0.160538781430353
NaN	-1.30476961009568	-1.15671813001751	-1.17901903499494	0.709285655956693	-1.07921725959745	-2.18909980817989	-1.56084333278269	2.00291222542451	1.97117655133394	-0.343295730349187	0.294117661468453	1.49436077061776	1.5762525408509	0.293138496273296	-1.76175328826865
NaN	-1.19030477875648	3.67397372598521	-0.189084850383471	-1.6443194967488	-1.15850972685569	0.13943153302788	-3.01215729290317	-2.47581448504377	1.19802071901889	-0.306268970536657	0.302734698407691	2.45270169121721	2.81505300631313	-0.95030844992289	-1.89656622009353
NaN	2.02924867787164	1.88407865546783	0.140842245544584	4.45202918616223	1.60133702157013	3.2409255645681	-1.47824450833451	-2.16878133618756	-2.3818424354201	0.475693879992814	5.64976135820412	3.71871617024397	-1.13190290252235	-2.09695100119115	0.882632264093916
NaN	1.37209353711584	-2.21217005586783	-0.0412015767959188	3.6899679827229	4.18907419400344	3.50709331662259	2.00985490230142	3.00977871053266	-2.70713957056423	-1.05302355611737	1.52543629756029	-1.67546740225408	2.36589419775356	-1.53329063129296	-0.536386754931116
NaN	-0.0545013203319182	-0.128726513314532	-0.266108304302745	-2.70917610522907	0.515615292530078	-5.5867255747832	-3.05469959225547	-1.98004470927852	-3.24636689951258	-0.541877578263759	2.03242660891813	4.25965325686158	1.40812356560126	-0.913711608790993	0.460169733228748
NaN	4.21178489687578	1.44361539632074	-0.600603170755431	-3.1730470437762	0.00774102729852573	-3.4013847340614	-1.46861712672007	-4.77731292805805	1.17088524047004	-1.02111328791726	4.03476395073809	2.81325296227071	-1.63464803454107	-0.502591210093531	1.75560388972706
NaN	3.68641336652528	3.14945379525103	0.629852717859346	-1.45431672231377	-2.80922152431743	-0.325147248746445	-1.54830194052826	-1.00051229724033	-0.341464532019833	1.77936062115237	3.53281040827737	1.43590600142028	-2.1997223544822	-1.65162285833021	1.20949002554568
NaN	-1.02673622708364	4.31871980926013	2.19992315324023	1.87535486320784	-3.03138488723287	0.918677629486764	1.10344781747878	3.39930373017268	-2.56426624131583	0.951174747534362	1.52358573644832	-2.76368838424052	-1.58284792100854	1.0739580443015	2.14489991229349
NaN	-0.388277592088697	3.9079620983504	2.46752943270489	0.563989615052598	-1.4361966467565	0.0759995899829863	-1.39212493503847	4.17501204644204	-1.03222417382064	-4.62421528510943	2.15308636997445	0.319322100314872	0.991890505287813	-1.38581938877463	0.132588459946639
NaN	0.0707049845735389	-2.66812436224997	2.24769912508989	-0.131572950273231	-1.57209351887756	1.33080087127957	2.55671997900753	1.22701458930377	2.45318909579237	-3.47557740190146	1.32031654732055	-1.39251229844799	-0.724165854869894	-2.98896435614866	1.84483033722764
NaN	-1.6503751003401	-3.32653581508511	1.44696308994409	-1.23407469899844	4.32825274207311	0.324673881503567	4.30111388623796	2.42691806281847	3.5905411660522	1.31247248754193	-2.20353449162832	2.02938764053191	1.19772173569572	1.59776062753124	-0.919693536162264
NaN	-2.34320633418346	-2.67542089188675	-2.1118622243709	0.138098754044797	3.15555347132079	1.48212725173725	2.4802918626919	0.28909217350429	2.66532559007788	0.609368658126979	-3.43390107796244	0.927775694053944	-1.23016764367051	-0.864739674046523	-1.55658563018333
NaN	-1.45412429543126	-2.24473996712213	0.0559855976846848	3.3142365871861	3.19228633443198	1.094890255348	-0.170352482733686	0.225223827714278	3.13433400946795	0.804283451421825	-2.14653879724612	-0.508135979071666	-1.81641524210052	0.357240518065183	1.21505352475598
NaN	0.677191550559999	0.570301773547773	1.63973429931112	1.32122258394326	1.21795311162885	0.44616517814999	0.219061195961345	1.37546197804467	-0.612717284845428	0.650633591229954	-3.15522498997407	-5.4787039296439	-0.712728115016466	-1.52707279009791	1.36277649039219
NaN	1.4569627422626	2.16692708660825	1.59112687652788	-1.14115159954887	-2.12616619248525	1.18625219822625	0.33324767535344	2.04417320955192	-1.69266820412462	3.00364178674143	-5.33306044606911	-4.76507065423084	1.46011770884809	0.744607237374554	1.77466303092523
NaN	-3.10054084113104	-1.40344867145761	-3.01828834691264	-3.28635343591034	-4.31409455817953	3.37554668402182	2.362499919186	1.2743787868854	-3.28600044325671	1.80832132520591	-2.06666770048577	-3.71638179513785	2.9383202963016	2.99065662995508	1.61759528710268
NaN	3.15810902371231	0.534362489714497	1.37653839383202	1.72372970572075	0.283465856993883	6.17185996824075	3.58762767882941	3.5355360283159	-0.467926870081462	3.52025623161435	-0.0216693121430202	0.113870105069859	2.4601165913137	2.51101919075009	1.73112306951929
NaN	1.18383535863468	1.04736722217089	1.03694104025598	0.7484017061948	-0.6634829380369	4.47089012494394	1.44167026252889	1.4130579210195	-2.28566623595792	2.17732177136274	3.61735846059597	2.08143962693893	-0.678636713430375	2.28613963509185	4.07215139552474
NaN	-3.15105154140777	-2.0501997348757	0.84449711663237	-0.965430420166914	0.135646103291196	-0.806003986503053	-3.89962416976019	-2.6144707811502	-2.00746112374721	1.07119229675635	2.58229103688929	2.0778822770755	-4.31420316294043	-1.72236535171684	3.21666482403479
NaN	-0.281784626459939	-1.04864684022199	-2.87078548635778	-2.1626358995367	-0.97135770703946	3.34356873059322	-3.9619632965206	-6.92103362832691	-1.00570747139901	-2.08561388772973	-3.14604429882121	2.77344391961165	-0.865957133294086	-0.103495731938204	-2.7854979546615
NaN	-1.61075485711086	-1.64085590988552	-3.28024498961706	2.91513947599198	-2.55341446004025	1.18523092006221	0.441545811757212	-3.45592014275093	-1.05675551456209	-6.07627949672908	-3.97054751742997	-1.14167620034515	-2.39889359974935	-0.194644685156469	-3.59090773998119
NaN	-2.43288119742934	-0.687678455713962	-3.37674059870406	2.91425404982725	-1.50830145416834	-1.51842935091972	-3.34394638903841	-0.673430493045982	-1.75231119307498	0.200009637608168	-2.03979696331392	-3.97160504151912	-3.94325720148398	-3.49337389628733	-1.38705770162511
NaN	0.746729360976577	-0.573690106042339	-0.578439501336697	-3.26851651620159	-1.0299227046077	1.92774043808879	-1.8718472935516	-1.97907337161755	4.52550071247125	1.38517508560914	-0.338199090029785	-1.78342665989756	-0.947183810616009	0.627382923306389	3.10364453094687
NaN	0.791839633612353	2.64216076821987	0.930534448659958	-1.26449145856466	0.380837478713878	0.461724164867748	0.737006293475106	0.3201009934421	0.758164966471967	-2.12690723954455	-1.0054049338015	0.0376622622441961	1.48515786919779	-0.400653495027872	3.85218788172725
NaN	-1.24362472302544	4.8449740577159	0.965455773301702	3.31741549926314	-1.71615708368489	-0.930794119231283	0.803615565757657	0.787789355678767	-2.46831092929244	-5.36247589353373	0.80982863203312	1.14766408269102	-0.0264746071305228	-1.80102095211388	3.05018392095724
NaN	2.83562252030372	3.91954987920685	1.55731454394566	5.82989739485697	2.4286804694743	-0.736790358266105	-0.261577172194883	5.41249516029965	2.7829098558719	-4.10809069259432	4.63640714463805	0.718592578431517	2.21197371000674	-0.199963310948213	0.316462743494475
NaN	-1.95999687543192	-0.800433311672816	1.64178048521679	2.42847711214533	-0.124897779728101	0.845721479592519	0.779944422798213	3.40227485761237	0.585666608074575	-2.32280384891808	-0.484969818841234	-0.307657136594493	0.266223589972999	0.57629574625142	-1.61259615383854
NaN	-3.29298182155979	-4.12289984049858	-2.55018205156386	-3.93122320002197	0.915972734974658	0.120389961999303	4.40944159512845	-1.88500249498428	0.245218197090013	0.340946367678542	1.19479776487634	1.15166085230596	-3.1808309036693	1.38799143552273	2.07867115583151
NaN	-1.69502165083493	-4.47819892991008	-0.804131199866073	-3.90118693654117	-1.62385453279251	3.16417168529818	0.650394491580335	-5.22871356579091	-2.54690205306477	0.226201198068197	-1.44295949505506	-1.65773909496192	-0.841584605304652	1.13283338752061	0.51354296397667
NaN	-1.43942431346877	-1.0368261056534	-1.57156801309036	0.648692149872164	-1.01611059448356	-0.712923252708873	1.29417863337239	-0.626336455370908	1.63378732221774	1.027359238159	-2.23037037916482	0.643030248420163	2.79731689107434	-0.543203531573853	-0.689283885630185
NaN	-0.856513567649663	-2.97862380422279	-2.56035429154127	0.276406152921538	-1.98994598754736	-1.62198749985895	-1.3085000114878	-0.920483517887128	0.75197435545991	3.77230989520895	0.0115701374758768	-0.768841349904394	3.62621974630044	0.411927853097798	-1.12064120461444
NaN	1.13696006390649	0.139682957002984	-1.58807112559953	-2.03816882857788	-2.34111145363326	0.512732961594724	-1.29894559689163	-1.2244177546735	0.989302283557013	-0.428380015472052	2.58000903813348	0.496748627736202	0.181582360729686	1.38187083583674	-4.66688347190289
NaN	-0.176806262200248	-1.34565877459585	-0.133840200309658	1.02341579808373	-0.440630029486759	0.405587107194895	-0.414842571018359	-0.577093169098942	-0.932564895941251	-0.549502609864372	1.09718217688121	-1.57659451906002	0.977636994635111	2.08709642954307	-1.96252275666949
NaN	1.71085360781093	0.695674985062649	-0.699942094353611	-0.47578425887745	4.1743086669306	-1.06244703290084	-0.086901284226283	0.339843292275631	0.373110676539873	0.797325340006538	-0.0849469770643325	0.658349581445307	2.96858686332515	0.360558456428265	-2.77255917307205
NaN	3.51814592967633	2.02032758847738	1.58043407722759	0.649796865820989	4.20972990068482	0.547676584170946	1.20110770943963	2.40199728003992	0.768786964558653	3.53588113215469	-0.715114427705158	1.75370713866441	1.60329599767317	0.901221889490428	-4.36306344625636
NaN	1.36024146627237	5.16144635596696	3.59021873139785	-1.1273520497474	-1.43107038984194	-0.609093794265767	-1.66525144575852	3.60189888935385	0.832196094787877	2.06118888319084	-0.804669611348254	0.990462333456419	-2.60414768203098	-1.02071002940861	-2.60064353429376
NaN	0.0921595403885117	1.43829777126734	0.831000099712034	-4.84310367788022	-2.05443744551145	-1.27356058674996	0.111186256984869	3.58395906624276	1.39938696656104	-1.07675913003451	0.795541258042306	2.90572988005651	-0.376879946876354	-0.713092467039751	-1.32500401512476
