NaN	0.778571255937661	0.842745613766779	0.548377591319786	-0.652449097687587	0.524223447238854
NaN	2.30701728200936	-0.296332829267593	-0.520513120300107	0.690966057257703	2.42659700184858
NaN	3.21592251988696	2.69565600840125	1.07023113806224	0.733546522836133	2.53040744313069
NaN	2.57030144900716	0.237826390819655	-0.259796906048885	1.06907879486158	2.03920493403008
NaN	-0.308053914013705	0.789560980541624	-1.50193795145541	-1.00322969157515	0.816109488762841
NaN	-4.25119388993559	-1.37813826117138	0.130807224162942	-1.52862259035977	-1.15884538373259
NaN	-4.25269377904341	-3.2214065466461	2.70482459524499	0.967189978929613	2.42694372866052
NaN	-2.23437568356666	-1.81011609331619	2.06405321958254	-0.142611767272525	-3.14087201263773
NaN	-0.759949600563749	-1.83915238258137	-1.64171827942165	3.14545421801817	-2.77111296934434
NaN	-1.04297889819912	-0.706324595890031	-3.38077895942487	0.926969840712828	-1.73552631794768
NaN	-2.20924615600627	-1.93323598551168	0.367138864822511	0.0804681522352085	3.03665424522021
NaN	0.270463073361689	-0.576302133517272	0.886653037622902	1.37841065701527	-1.68730205846355
NaN	-0.269393239979424	-0.207430634745813	-0.344439545222418	1.76978224812072	-4.448986420254
NaN	0.724991802466651	5.23354298645888	0.284784669810534	-4.39866311595224	-4.20832105576954
NaN	0.0776950821853866	6.33972766935899	-0.774820054766345	-1.9305788142056	-1.99836512229204
NaN	-0.595069101336768	-0.668749614953253	-1.57115518210117	-0.922993604971916	1.82989893767045
NaN	1.36187928097454	-2.88180964745524	-0.936227343287677	-3.67003692542386	-3.06349434925905
NaN	2.10484062605829	5.33328482526621	1.25983814787687	-0.329517846193503	-2.76332807352483
NaN	-1.22155939557428	3.78637993274034	0.932110650391963	-2.00711293123159	-2.8326055450083
NaN	2.04693786558287	1.62462054510068	-0.0647733261048369	1.74480775518888	0.359354548943718
NaN	-1.1110773091829	-0.83339790398389	-0.4524495793238	1.70331119446211	2.80203561766755
NaN	1.51470656261361	-3.76852656686673	-0.412549804196042	-1.04612263623112	1.29878732047065
NaN	3.5620261797154	-2.44917926554506	-1.06510471508497	-3.76985911374494	-0.166867653600436
NaN	4.35160381848176	-1.42467491968684	2.45365385930789	1.2100817380036	1.14981361631399
NaN	-1.17872075595367	-3.47213908343452	-2.40031240517063	-0.420780209876072	-2.21496914859059
NaN	-1.00477567532632	-4.82105823816798	-2.35521970203331	-2.19128212701531	-2.58303366314838
NaN	-3.13657951583126	1.8479355914623	1.68268462017806	-1.06124266710046	0.353460480867618
NaN	-0.088002235544921	4.67845913001463	0.127913711146042	2.39803728233582	4.49562085347836
NaN	-1.2930137784748	2.19764882713864	1.87527778357498	4.68628239562053	6.50068728596228
NaN	0.736348452589805	0.241411557428327	1.4574757397737	2.33099291982988	3.96035038103643
NaN	-0.558780489935813	-2.54335822596814	4.41951333616795	0.564320758598094	-1.73883351926345
NaN	0.067762590343648	-1.96816589849539	0.289835549178098	-0.620604920031166	-1.58268828287402
NaN	0.497237668775472	-2.99903016504402	1.02645270890133	-0.64409140655969	1.28702087900329
NaN	1.12290450896916	1.36644258279747	-0.0853233584076423	-0.0383088599709222	2.65078770778691
NaN	3.26772743659089	0.54608277286058	-3.38718751015125	-0.0265492747819253	4.84734633029235
NaN	0.810102048359074	-3.25085929236299	-0.215367458810835	-0.696637069730898	0.491308872604792
NaN	-2.84183776498545	-1.23941237261796	2.02113901428352	1.83877971695681	-0.373240791359217
NaN	1.44124747461644	1.37356215445518	-3.13275767493491	-0.0915057079562515	-0.0344440258788182
NaN	1.32959457694085	2.03427727616507	-2.99792341536032	-3.19356696355156	-1.41526088368286
NaN	-1.55237658079497	4.35637675174192	-0.144823229996361	-0.582737725538956	1.99057024154459
NaN	2.74079035614288	0.578212052410102	1.74746731209326	-0.200495233494859	1.29145710791584
NaN	-0.0542638970385509	-1.91381663533614	-0.859649533636318	0.77107509328591	-3.03072374586076
NaN	-6.47823233435118	-0.391553460308751	-2.75522316449941	-0.841759880884216	-1.54363920792423
NaN	-0.418583250691068	-0.283774255028363	-3.30390410332943	-1.57356792111371	-0.423162320687104
NaN	4.35199297185885	-1.08832750152867	-0.308216286793602	0.394597397524106	4.0413759019011
NaN	0.0890951974556583	-0.444482651285417	-0.355306198031491	-2.2505112727247	0.906271753087296
NaN	-2.8135329933681	-1.32961821569333	0.628852446282006	-0.277595817949514	-4.94178502938067
NaN	-3.00026852202623	1.8147019161243	4.84949380146299	1.52700239899939	-2.28573590639871
NaN	-1.78653618328676	-1.09313892101336	-0.171327769083163	0.481525441567749	-0.346209626286395
NaN	-0.51769991613851	-1.85923025929348	-1.85122946964359	3.45338920515069	-0.245906236055543
NaN	2.22996289731481	3.25916952077339	-0.357071999942277	4.60874510790488	1.43530555859648
NaN	-1.12979831542245	3.70424017645817	1.50692193722674	4.45259595534325	1.97987628198217
NaN	-1.82398811418055	-0.262602564021851	-0.381160118638841	2.64352942367228	1.19417552541414
NaN	-0.128938900767748	-5.59256297777411	-1.60999608612949	-0.0920554321862321	-1.88946915441289
NaN	-1.4413809552576	-0.212324901087854	0.918889166116457	0.438624362125324	-2.26836951588038
NaN	-0.166972840769974	-0.397313228723951	-0.0319990783000855	0.712914041721423	1.38470412803642
NaN	0.011204852507554	0.262017011974124	-0.182098769861256	-0.211150989729515	0.000533747119297203
NaN	1.26118067676339	2.30269700493996	1.53655967821538	-2.83219581742875	-2.43893555242043
NaN	3.7984572374074	2.94300238849961	0.9429590968443	-4.34506196946487	-2.12025749678987
NaN	-0.0536369319881969	-3.3651120704611	-0.459795013515396	-3.60052976552201	-3.46587737866803
NaN	-1.45365466500566	0.0532491433064309	5.34190740224913	0.439832274523042	0.716795704628211
NaN	-0.665916834226998	2.49680107548408	4.63685927124876	1.37650680105627	2.35925191668993
NaN	-0.937651222562777	1.35831465318273	-0.997399369776964	0.537073139399488	-0.801919003593479
NaN	0.199772381584701	0.461202595396677	-1.69511806447903	-4.23498241729441	-3.43029984804883
NaN	-0.112476175061594	1.06950067691659	-1.17147583914078	-0.727998037567697	1.02149027991996
NaN	2.50856377761621	3.47462809999659	1.32718638213873	0.383528927455052	3.73263737772466
NaN	0.168919015237983	3.55058670164184	0.659818940014978	-2.9980977866015	1.43510152685358
NaN	3.07488528440579	5.07155641685418	-0.889091921778735	-3.01774787248397	-3.94485373680185
NaN	2.68932326338085	2.91216226722833	0.826624230244357	-0.31921205847597	0.95581657104614
NaN	-0.913449559933509	-5.13619610423989	-1.19390180328994	-1.41971563836419	-1.3134082892866
NaN	-1.74249864339021	-5.90846335626056	-3.55108678927442	-2.45367097387742	-2.35452183334911
NaN	1.60015232791705	0.853000940083496	0.746360536642259	-0.1770842887551	4.54810113514505
NaN	1.02149448539579	-2.52202710949349	3.45505399851676	2.33262242770378	2.30648146786892
NaN	0.741770771565647	0.870497376088821	0.821292243697525	-0.618476773887274	-1.00945921280992
NaN	1.33232019103336	-1.31211254058705	1.28359070874588	1.64766214111933	-2.49569693820734
NaN	-1.19374407573853	-0.617199418523164	-2.51180610662515	0.314378141788429	-1.56855742353026
NaN	-2.32443191986335	-1.62639602172709	-1.3802770912108	1.78360134993397	-1.51798600431137
NaN	-0.861070402624537	-0.613068251077684	-3.32362025992281	0.734137219495609	-1.33664249505839
NaN	0.519385109821765	-1.07095390197003	-2.6958880805756	1.45958912960802	0.848368479657115
NaN	-0.700289833014665	-0.974075454740321	-1.8986274683313	5.00371946754448	3.83450843807441
NaN	-1.20057585449529	-0.913945550297922	-2.91661103680457	4.09319689532301	2.46642850708573
NaN	-2.89813428050779	-1.32591570119404	1.10755091278063	0.538433631874233	0.149704432965416
NaN	1.55350884915601	1.69559308109936	2.39745373037484	-2.76832054194575	-1.50926320338041
NaN	0.300160624281935	4.0940116771913	0.0834410841740443	0.214337649001143	-0.350342804777222
NaN	-0.30955652171798	1.78295587045734	-0.557362733677673	0.953644205762182	5.07176877075755
NaN	0.294967343647701	-1.96259681359604	-0.858431464943306	0.185991409757091	1.82052877001099
NaN	1.08669763145954	-1.70073066509389	0.219262069142322	-4.20487838016061	-7.46518250962968
NaN	1.09049986768415	1.32943491128392	0.0827123777758099	-3.83809756143194	-2.7313763600168
NaN	-0.541069708033246	-0.903400536393696	0.757965824191915	-2.267185539377	-2.02560865109639
NaN	-0.212934530875613	0.149984686382796	0.396518490655693	-0.536871908631952	1.45945257742655
NaN	-0.833212143556852	0.633197822888137	1.77018118484974	-1.21772587931839	4.39976620484075
NaN	1.39460757314776	4.88814788883369	0.8598683496315	0.404882673012155	2.44340268125208
NaN	4.66293986249025	3.64012250730162	1.50946894752544	-1.85040350093418	-0.294959333416273
NaN	0.965622813665949	1.1943486736143	0.907605194759061	4.63921839173461	0.0172529361154746
NaN	-1.01384607349819	-1.24621730474242	0.910241882860991	1.62555987293096	4.21568107846301
NaN	1.25482849324634	0.464350255278715	-0.441544215079631	0.5256103626321	2.70838720683198
NaN	1.63040043021018	-3.60286462755608	-1.72308490308454	-1.3289430551834	-0.560068241460948
NaN	-2.81963286739101	-5.21445321417776	-1.54221076818977	-0.453923573021729	-5.76795601499591
NaN	-1.10275582037488	0.441325194679865	-0.181120216200395	-0.267316942108843	-2.84237754328628
NaN	-2.47278491605699	-3.62748509106952	1.26927459241581	1.57723233837602	-0.556777954726902
NaN	-0.706850327760216	0.976926738800567	3.14404069888204	0.139358744494851	-0.12860407087528
NaN	-0.536072245286561	1.16741127892667	-1.39492076103081	0.655947025032124	3.25891497617831
NaN	0.371098476712883	2.17370701864372	-1.40566972499759	-1.69861065589032	2.66642815486822
NaN	-0.337650731687526	-0.707123627560054	0.147457479406831	3.78730207567581	3.52309295963213
NaN	0.575709105899681	-5.65129755729184	1.03158453502427	1.80158193277756	2.70785799404222
NaN	1.53654485376646	2.21057359129445	0.498031370013329	0.588946593118731	-2.40995339753825
NaN	-0.297621398373501	-0.645459964475659	0.391320500809712	1.81465737173224	-2.92483633103441
NaN	-3.24674062473869	-2.71747316536517	-2.1463598333678	2.8982448914156	-0.863383678165539
NaN	-1.71942898662496	-3.09090767976417	-3.18123505056744	0.73944389174374	-2.30178265940007
NaN	-0.834809554996139	-3.40678775901958	-1.75709356764408	0.12459192561783	-1.37567990312091
NaN	-1.43813070406778	0.245594929917919	-1.09843653933116	-2.26707406776148	-1.05326822111561
NaN	-0.205906594051687	-1.33311887352537	3.08967920054551	-4.08771794854439	-0.0720741341426303
NaN	-0.137615883095178	-2.99275944963946	0.476320974359806	-2.05579532916338	-3.75297428750812
NaN	0.724874855923348	-0.407853982695065	-0.859566561535453	-2.63557208952562	-4.01215434670786
NaN	0.470039834617818	-1.2154078468196	3.05341220962208	-0.336569063744051	-2.22547617410775
NaN	0.845951555527334	2.52905574485531	1.1590106837407	-0.508891556012981	0.773753166248055
NaN	-0.404300721102241	-0.781444559961066	-3.11668703470354	-1.66191318310207	-0.795981034803884
NaN	-1.35800995840105	1.94726175893718	-2.3118463160187	-0.727266419384498	-2.27299020541519
NaN	5.80604601544127	3.80368115081434	0.224840142646947	-2.04060469425306	2.80037551108971
NaN	5.3202492563014	2.06735237580808	-0.269147204368484	-0.749891138316432	2.71216314145564
NaN	-2.18804043574351	2.42724429055718	0.256406270814856	2.1496608755862	3.22903409572672
NaN	0.220981049536509	1.78685911645041	2.57821681197608	0.519627800648806	3.1863195241249
NaN	-1.10616559765981	4.04588309583111	0.406174914196489	0.146242679803372	-3.39177211793356
NaN	1.38177733518162	6.26887329199437	-1.07072861387103	0.86263453334888	0.0330791541710272
NaN	0.749983723207749	5.01373201556873	1.04443433276703	-0.24196101222635	6.24104380026336
NaN	-0.740875570365563	1.10254815260317	0.28478826487507	0.61442966296792	0.240045360623328
NaN	1.77691684275615	-1.74957666397083	-1.6726571119982	-0.144164151542245	0.443280987708778
NaN	0.291288688780742	-4.20505256034315	-0.438751117169287	2.46448812237374	0.472917374548563
NaN	-1.56040516204702	1.60946323255929	1.20357108473576	5.13236851487507	2.89564772875383
NaN	2.37971627380001	0.445983925014051	-1.25074216382645	3.84677004280129	1.99379424912829
NaN	-0.396401060147446	-1.43149501830445	-1.94358111292236	0.537152340021292	2.5496723177454
NaN	-5.16251679971663	-3.74678077907361	-0.794095929691781	-6.00615090165795	0.7029437310526
NaN	-3.31905502483512	-2.74168412342451	1.63837045092357	0.57079944902173	-4.25745390187313
NaN	-1.71084717837946	1.01798881329199	3.18811542087446	-0.256666079744046	-4.68947512620779
NaN	-1.28073009744094	2.21529202360433	-0.356796161522151	-3.54161291997347	-5.16857378383297
NaN	-0.100959791679272	-4.39902111491695	-0.544888508358318	-2.94055377051146	-3.21101539916636
NaN	-1.62535267180929	-1.32649683002285	-0.406315417007334	-0.192558127031641	2.29324168186894
NaN	-2.87163521121623	0.441928349899346	1.03367798832498	-0.428269063144502	2.42052375302541
NaN	0.201205297345101	0.0586202981032213	-0.758659073956885	-3.75854381691923	-3.99483304472165
NaN	0.106275349892108	0.94591208177327	-0.800895118234764	-2.71340956824982	-5.61514216973398
NaN	-0.0688583016877586	0.360581947596388	0.692419077018811	-0.554105221923741	-1.26245751474965
NaN	-1.21071577852712	3.90392783636435	-0.367628047890907	-0.33027177714722	0.382417059134738
NaN	2.30285475041641	3.64626871515821	0.12251154798889	2.08708112310211	0.295728108603932
NaN	1.70903835983647	1.62379872564997	0.603028996688926	-0.680487785394091	1.69322864300213
NaN	0.00362007968541276	-3.17930559244785	0.641542068981847	-0.247073316177851	5.17085426933619
NaN	2.11641554848103	-2.41126828975304	0.556442871305344	2.13048157118533	6.64730817459402
NaN	0.372620574736222	-0.804797776083307	0.284459044407327	1.67499162537245	4.61549901126281
NaN	-0.105493062690821	-0.856759779104902	-0.187170561790063	0.269752622619021	-0.87178527253991
NaN	1.57201841287013	-2.38128215593981	1.67749919697368	-1.21854760407185	-5.70392590334493
NaN	2.01101497260198	-1.99143983164179	-0.0157469280816558	1.44687453462409	-2.2053754881581
NaN	2.6722810690807	-2.09784047842802	-0.524875236247349	0.406254559391769	1.52113394164174
NaN	-0.37536246769304	0.554938817136368	-1.03187128680109	2.2249113159655	-1.72383470981297
NaN	0.81051838375063	0.423140832464893	-0.641299291157512	5.00609233720709	2.34573930676805
NaN	1.52868601936638	0.402534637676328	0.816824306383595	1.09551533133342	-1.07997849156527
NaN	-0.635267823137233	5.17672354415821	0.692126743273702	-1.07012459169042	-1.71231452012251
NaN	-0.780314278484999	3.71455084407985	3.94532294105407	1.84736976836952	1.02493177465324
NaN	0.394696490623922	-0.0432580831700873	1.95153662206277	-0.481418150742877	-0.83827048823534
NaN	0.198746169639185	-3.01737445138739	-3.62247799079198	0.0550237662826179	-2.59580262718921
NaN	3.75738742439908	0.919967238634569	3.41401090955205	1.56392516226529	2.94474204326224
NaN	2.22966187917323	0.243232334098086	5.39574916811731	1.2238235032061	2.07083577139563
NaN	1.04661717783514	2.98006532495	-0.68818702732246	-1.40648804054808	2.72676629826096
NaN	0.36229348874015	-0.286540910458614	-4.57463672722479	2.9532509245105	1.62947624964761
NaN	-1.60007385806466	-1.67014374309002	-3.11653227511169	-1.4261257549781	-1.74724730837125
NaN	-2.30114329298565	-2.80238729862867	-0.94440703281804	-2.50363568471061	-0.869715546655815
NaN	0.0785840953212538	-0.306249059019202	-1.73161874231958	-2.29718043435814	-0.436591867389914
NaN	-1.94533669918152	-0.169026496433683	-0.494126093855759	-3.1550091824549	-1.50009632787504
NaN	-0.751175231173871	-1.69530680128333	-1.02088759631464	-2.09604499826084	4.16745612718402
NaN	-1.80713675764548	0.665166978895126	-2.3074051048769	0.699974624216309	-0.689810108612769
NaN	-1.92366844393504	-0.456888740754512	-0.283656629918329	4.23862975272462	-1.07099415239608
NaN	-0.61176056829635	0.069436067624491	-2.59556665778181	-0.162838921974323	-2.9763532367471
NaN	-2.14708371807714	0.859200102549142	-0.0836613795139111	-3.73994553963994	-3.55922008728018
NaN	1.60805753956762	3.87952881253987	0.213360542725225	-0.412498383616844	-1.58688286730152
NaN	2.22849877659377	3.27850813216017	2.89692764461681	0.21760705719668	7.29414641491143
NaN	1.77034666615409	-0.445007381097134	1.23411797245118	-0.651936215657605	1.87705821845329
NaN	3.86383381005073	-0.447272697091366	0.616903157164968	-2.99430349356297	-0.582878831437143
NaN	2.31959612146363	2.14416967755027	-1.15604637172794	2.54774394488152	5.22070490003315
NaN	-1.16096073777807	-3.39109899874079	-3.1195521104303	0.0280690648711395	3.01476693767267
NaN	-2.56849604284675	-1.65570406036551	0.052551938726551	-0.901234975411321	-3.42987088362118
NaN	-0.602088226039857	-1.95625278981236	1.76166327214373	1.82269330587345	-4.63818765147568
NaN	-4.63267206416574	-1.65408820465207	-1.47053113904079	-2.31049052117799	-1.00425840905163
NaN	-0.166036996318151	1.2339192342973	-1.08050634565467	-2.8000447032963	3.49281689673973
NaN	0.624407868310454	0.716531544430199	0.180834681397848	1.27269575552959	3.12068191902679
NaN	-1.84116639948096	1.3459563133492	0.984153188714001	-1.60446011027308	-4.2236732454056
NaN	-2.71712550371629	-1.65401068081435	-0.67542034753419	-1.40248528511681	-4.99295339454719
NaN	-2.84308669858498	-4.26158886038164	-0.526460982565091	-0.828612842984551	-3.92892107195823
NaN	-2.32890806414729	-1.83084784469097	0.318957125955635	-0.969099161421608	-2.63276814532662
NaN	-0.463866087156219	-0.394367533793555	-0.923937427826556	-0.410071033677748	-3.12246959524207
NaN	-1.11114632111127	0.245680109740688	-0.192109565957937	-1.15659291881867	-2.05287788967192
NaN	0.273465169547121	-0.0648847841369236	1.67446145092992	1.80475742061356	1.17888974807756
NaN	0.90934848055414	0.0930143452932031	3.42057394059428	0.660434308345937	2.53684292427455
NaN	-0.0220135031233684	1.31292110124265	-0.388013274707048	-0.62133333334837	-2.11915705253774
NaN	1.24933353816985	-0.866585772725334	-0.379394610153019	0.0111817800001804	0.9073642842259
NaN	3.47984470377105	3.51624180821572	-0.0530150904199965	1.44291747869541	2.30927358699257
NaN	3.65022167111455	0.367988699194636	0.91290473687345	1.6269440335257	3.64278751836096
NaN	0.0926896227567378	3.64377537418052	1.79837402356016	5.95862795940034	2.96608193664544
NaN	2.9378029235316	1.6765147115693	1.24045353229475	1.9612563570161	3.92761608575356
NaN	0.214629056243665	-2.68639438206035	0.833936563981648	0.134360133791288	-1.7808192986429
NaN	-2.83646033170835	-2.66032197235257	-1.78350073217383	-0.931812713785729	-4.25073240389893
NaN	-1.7867610312729	0.0350094636689394	-0.683402604849358	3.39479503290952	-1.08718229188893
NaN	0.782322386779624	-2.92094376456734	1.15628552561186	1.55722841341239	5.15916927752332
