NaN	-0.236721679515917	-0.446472016784999	-1.54616753392824	0.369272545329263	-0.21037223526341
NaN	0.819534668616431	1.61056693666715	0.528502982721197	5.25433291550624	2.07056509537731
NaN	-1.27632597537743	-1.86946942791717	2.18593044609907	2.71507821033665	0.925479717719477
NaN	-0.85935539067961	-2.22911636693068	-1.65738852330058	-1.64187163322626	-0.911965493077696
NaN	-2.042267523838	-0.652172735286777	-1.15349220181256	-5.8300772952045	-3.2498626909685
NaN	2.0118935077045	1.37931124010596	-0.0527973246751124	3.508997743486	0.265769350057378
NaN	-1.8765285282569	2.67514398789961	-0.375715587357922	0.0406040840260632	-0.793313826500471
NaN	0.321927117342561	-1.1674980048104	1.55138391483334	0.347573378021759	1.5505359136919
NaN	0.533835359206561	-2.81097354321764	-0.821868530810638	-1.02297757065398	3.71747226233355
NaN	-0.101099669415728	-1.24165672752613	2.0615379344233	-2.88922996678844	-0.827223955991713
NaN	-0.231521830068822	0.706536592594199	0.0548564588058404	-1.19964695490074	1.74723420100175
NaN	-0.105024324026447	1.65558334755267	0.604886325322289	1.83003243428044	3.40976741776442
NaN	-0.976162027516777	-0.180977071480577	1.89239772071861	3.14902525216178	-0.0883893671122385
NaN	1.9870246906361	0.0356972586068647	3.44585894889645	0.950648781067334	-2.70613839222419
NaN	2.2529722004927	0.929259824450462	-3.05057551817347	-1.35118196560683	1.05745450901687
NaN	1.29770818481679	-1.20038206017664	-3.18193986099829	-3.85610235064985	0.130467413415691
NaN	0.656772552333579	2.0981917659888	-0.981576074849963	-5.17726237921587	-2.50986120947488
NaN	1.686079002907	1.15818262835888	-1.99384338996382	-2.20197709201047	-2.19356118557753
NaN	-0.460603606883337	-0.353728914976552	-1.23198963843264	1.01842337510499	-5.51466533471947
NaN	0.285010811903728	0.0910793968454131	2.62672952014637	-1.58508179337889	-4.04227708426527
NaN	2.18801802619982	0.241571017502783	3.38225436556918	0.956204263477772	-1.75122637562695
NaN	3.86375258305154	2.68379609774792	2.49608311259598	-0.21866701465164	0.381863860041133
NaN	1.68928416825352	1.17709779349814	-1.43298842954243	-1.04967731223245	0.00433963370559643
NaN	-3.00372643999604	0.607778375653701	-1.15334917113081	-0.0508248870705886	-0.812341794688023
NaN	-5.01141411239379	2.56018819333632	0.566012505691137	-0.0661674501543906	0.418963861097559
NaN	1.16357691629447	3.26262599114054	2.15379184287229	0.914348821549142	1.8629309053607
NaN	-1.14922633653489	3.21145057629594	3.11750557873294	2.65021428437955	-0.103865886517935
NaN	-0.0617946785964222	-2.09659595653677	-1.79912814116851	0.901625541409325	1.56259067248167
NaN	1.33025238836424	-1.36417246210036	1.59281584706523	-1.83799635140936	1.05294183850806
NaN	1.40599404736065	-2.36560637728404	-1.68324653125709	-0.123814912892063	1.46575812185079
NaN	-3.35251127149971	-4.92032895744809	-2.48478742235643	-0.752062970836875	-1.78914638722772
NaN	-3.51252737418518	-4.35022445282653	-2.50464822301486	0.0551555261480236	3.72406674049286
NaN	-2.30551335640369	-1.71031939431702	-0.432271342061515	5.33564218932067	4.65308410304227
NaN	-1.90516988033482	-1.49290942030082	-2.25630691779205	4.76493664853386	2.60829046265504
NaN	1.95509731281689	-1.37644853978086	1.41752292573613	0.272124237249202	-1.82565802034654
NaN	-1.99055694555792	-1.26138068639991	-1.09390434806935	-3.00338798316924	-4.38313892192435
NaN	-0.856104161116417	-1.55760248947163	-1.4446958329131	0.248219291208984	0.71922327657067
NaN	-1.45179859202433	1.07627906628784	-1.57959771153291	3.723851182886	1.14145430572536
NaN	0.266850801925774	2.25183522503213	-0.68045777416479	2.95421661800926	1.12240815872801
NaN	0.43746068704282	5.25484594647945	0.704117599606921	1.98684281267781	-2.03713727281888
NaN	-0.753465122132167	5.20664665310706	-0.763875550803552	-2.9059388950076	-2.05046375085226
NaN	0.176006342923301	0.226898994851612	1.6736268300163	-3.70600368050145	-1.53546947728011
NaN	3.53964557932279	-0.684980064191988	0.912863592622805	-0.643717308158461	-0.312046734980319
NaN	3.43807526467641	-2.07097116238873	0.814985996552832	-1.80274944697287	3.28506247287521
NaN	2.99819836474139	-1.8863820079655	1.10328663032784	-0.618726379199789	2.03866155952058
NaN	-4.08784252209389	-2.08528072806149	1.51504700187484	-0.86539202384921	3.52682732638101
NaN	-1.66663106832744	-3.50140368092758	2.30823326941364	3.53694849917869	-0.11676432759874
NaN	-0.276437796350195	-2.64206643740777	2.36007366862159	1.062779812243	-1.60813065985
NaN	-0.333799522608545	-0.373888015317896	-0.72405039742871	-0.312621249927908	-0.624132370202018
NaN	-0.949379146873722	0.0508575182405975	0.10506224232344	1.55400386046691	-2.19314513326493
NaN	-1.256044850604	-1.62768404256565	-0.632619971732673	-0.766210118751889	0.750876312792436
NaN	-0.0128024467230879	-0.327907818136627	-1.57861519412677	-0.863900350923452	-1.23804373679897
NaN	1.29005150521222	-0.16399276118501	-2.14502685804129	3.02836710609176	0.678452427937454
NaN	2.41245098562585	1.22344632657711	0.0891703007723409	3.24303258413256	5.0457660825291
NaN	0.672673710071927	-0.0224044783271202	3.00348323077995	3.99470621955834	5.54166757337509
NaN	-0.828284685849271	1.64186756298225	5.50145766574048	1.78837030428032	1.82101492714947
NaN	0.837139776103781	0.636256949565832	3.41585029948701	0.325020096726798	0.106284624356925
NaN	5.21456244381671	1.03122110712884	2.42897974881382	-4.18425195731673	-0.310947961648675
NaN	-0.0221942970975104	3.99545969674061	2.05897873325579	0.198398431471538	-1.31203735971364
NaN	1.1271604319996	5.31936158371756	0.38609396482242	0.345453464609705	0.477959545962316
NaN	-1.45775180756521	0.559483712361526	-2.07884631483042	-4.45061672644616	-2.25839061561597
NaN	-1.23909557018636	-3.09429934083874	-5.59705222910017	-4.38184483831114	-3.69108838967774
NaN	-1.53410690017466	1.12370801942151	-4.07025326116733	-0.916703963687207	-2.55496429871456
NaN	-0.94659557700799	-0.939276380590105	-2.69897454552297	-3.20150916132892	-1.85954221683906
NaN	-0.743549327188873	-2.61290212459824	-2.52281790325885	-2.20389297929052	-3.63391529025533
NaN	1.84503127672822	0.298538440294661	1.82238755924487	-0.886845384749322	2.55425286176891
NaN	6.01650656529237	0.254197802037706	0.238578818708138	2.92035154685351	1.40143248309118
NaN	2.17135697006022	-0.338410179871055	-2.86094128449315	-2.22363654547613	-1.39672712281233
NaN	-3.74768145917971	-2.0396881150737	-2.87683450378891	-2.61182277474002	-2.95222100587417
NaN	-3.97332458103976	-1.48191701742851	-4.44092864614212	1.37817243627932	-0.0896544414587105
NaN	-1.90332159718062	-0.772248612076441	1.27643602227652	-0.690431844967441	1.72799977874495
NaN	0.0270311252052677	1.37891649664219	-0.314241211987995	0.209376082201007	2.46274837854445
NaN	-1.5899572177166	-0.549436243953795	-1.4645673454576	0.125466591182544	0.993159809207194
NaN	-1.3346975397387	5.31772251302174	2.1416422351674	0.26674028531681	1.40705968281189
NaN	-0.515261846419441	4.02155088773014	2.57637013364037	3.96995960541719	-1.18015401277323
NaN	1.04569895358501	0.752740128502243	1.46104887051942	0.0770367262881124	-2.82611963596339
NaN	-0.0850742048037825	-3.27881018190945	-1.26176021164731	-2.67494731186017	-2.84702226590827
NaN	1.57475407631992	-1.20236665532355	1.93294917851042	-0.355313013046866	0.823631679942909
NaN	0.942783677303577	-0.242581750765288	5.10102366311671	4.08513438567892	1.26363500468452
NaN	0.195237441702219	0.0983651480192328	3.73203117992567	0.766777887536537	-1.9630974816951
NaN	-0.340165128209066	-2.01711816895514	1.60336715181352	1.27346669859947	-1.20624511865605
NaN	0.442037523697416	-0.789702630948206	0.610605915850442	-0.539220464712459	-1.83462858988794
NaN	0.136022239015693	-0.337828460045956	-3.82008055338336	3.83980375464466	-0.92414387544379
NaN	1.99000255405583	0.382931078159031	-3.04315060815204	2.18017305304651	1.42502491776634
NaN	2.34135104887975	2.65348668689863	-1.39870216334017	-2.989969836871	-0.748891505143152
NaN	0.2113621651585	1.95189805771706	-1.45547471108717	1.51013126802413	0.88492665075099
NaN	-2.75480081296183	-4.37913616698745	-1.27385532372501	1.61657796274328	0.754974221882392
NaN	-2.50225984926422	-0.509675448600511	0.765485363746605	-3.85470430063161	2.5313316620627
NaN	-1.22042032877788	1.24237977973705	1.96026530321271	-0.249340421848913	0.201968362793902
NaN	1.02021934526652	3.77208210548684	1.33190439620879	-0.242556021623912	-0.875399748614627
NaN	-0.213297025609182	-0.19472532843968	-0.155270500189147	0.642109996583401	-3.15779619024761
NaN	2.65475338151647	-1.98761092878507	-0.162346940745733	0.576352118079502	-0.358886421339685
NaN	-1.63963512286904	1.24990810302121	1.02858561943751	-0.70186284406551	-0.10542764756612
NaN	-2.09204712155651	1.45271112031128	0.121674784667436	-1.67420077516133	-1.60748165263969
NaN	-1.454943621864	-3.26382481438103	-0.853833270329082	-2.56751304497181	2.51288806912062
NaN	-1.80248208073576	-2.97868378592312	-1.39615755389069	-0.795385773292906	4.93611433938475
NaN	-0.822432921260329	-3.33566031957668	0.627942749798569	-0.50327899207132	2.38664909943131
NaN	3.15051994969209	0.0649779022901478	-0.0610239503122868	-1.35502318204372	1.42347561775329
NaN	1.54040645100994	-1.99128746380595	2.98977481862001	1.25304941015651	1.83170134865071
NaN	0.221878679181711	0.16078710689584	0.42323191581389	2.84289902362705	1.12163937067342
NaN	0.191177262287946	4.17849807931363	0.27033856328226	0.0581460200951817	-3.51904800642858
NaN	0.499778171824774	0.79341773300125	-0.162685359243023	-1.37785618467642	-1.06009463878298
NaN	-0.196848234991391	-3.00398607943748	0.414197239942461	0.0157647103146533	-2.5706437971745
NaN	-0.36469635434249	-1.36687126681881	-1.10832845046061	1.0285999413181	-0.723268796860414
NaN	4.9046286168488	1.43370196422519	4.49013853271757	1.65219769696961	2.19685114133285
NaN	1.22544117653958	2.37821713616186	-0.0289113837064703	1.88810686931095	-0.644170398893827
NaN	0.73921252617715	-0.517689820603256	-3.18815526065157	0.0487727990934318	-2.05280830066856
NaN	3.39256132048204	-1.60572144409747	0.867342928273352	3.5098805155605	-0.558034507858394
NaN	1.91173667241956	1.02249560151693	0.391128634401916	2.51633100089581	-1.4475518180509
NaN	-1.85518316990001	-0.872599738059482	0.111857472604288	-2.79575537015564	-0.711234043238119
NaN	-4.93935105118248	-1.37838737487849	-0.347993957672914	-0.421999023731615	-3.66136463006181
NaN	-4.01015758234791	-1.44849250621256	-1.66784640462939	-0.779264406873284	1.87724168654752
NaN	-1.35263283018615	1.87426159311593	1.82836401926424	-0.15125311014061	3.26019250113981
NaN	1.39479055187064	4.44417313058632	3.32885259594484	2.79682452855588	0.867018824235585
NaN	3.20944263965287	1.24816202231862	0.385113447678435	-2.43110510804361	0.885621640922281
NaN	-1.9857362970367	-1.54069920344085	-1.10070791314479	-0.623348734156375	-1.47045917374764
NaN	-2.94134349287895	-1.99398764500551	-0.548707502316126	-0.964361561238748	-0.269828949983084
NaN	-2.68651325619466	-1.31033312223128	-1.08016064961478	2.30637150739923	2.19745357388483
NaN	-0.995676923084977	-2.81721858818205	0.998020115907969	0.495716963808904	2.45989519431733
NaN	-2.0823284955057	-0.0289812994857319	-0.553217903740579	-1.93904761439674	1.65208081955599
NaN	-0.389586948800204	2.04326258197802	-1.52232847437041	0.87231190354471	3.36549546311701
NaN	-0.675959112810651	4.55093159830739	0.227333090145737	3.73482814755092	3.45195259524081
NaN	5.93084754201042	3.22459814714036	-0.585267959201848	3.1435724867003	0.994704683274913
NaN	1.85051448944566	3.9343247893544	2.81205755556452	-1.94263676326693	-1.15748747386529
NaN	-3.00403342516339	-1.63528599906578	1.8752314370458	-4.45770260490821	0.141217854709871
NaN	-3.14988679411845	-1.03024785958292	-0.501572354908047	-2.54050772087184	-1.2490857328193
NaN	-0.4511978507773	2.05085835456381	0.190402141929162	-1.45984861223936	0.656215333161876
NaN	-0.400977267321345	-1.45646659679213	-0.171299928675416	-2.13241590724388	-1.34579346870272
NaN	0.700789193679005	-4.38511565674138	-0.265775670468579	-0.747962332265362	-3.12296113283096
NaN	4.46350234728095	1.10792284082643	0.739676077591919	1.23704940896699	-0.357674286043226
NaN	4.59009982274695	0.930597652527321	-0.111108855989129	-2.3228977066992	-0.490480754572505
NaN	-0.78213969835683	2.84617335396104	2.59764276755392	4.24920639284131	-1.50289767654472
NaN	-3.74167509237393	-2.24848974579271	1.6100616386135	1.75342626545306	0.986949080093955
NaN	-1.6646183514503	-4.35207518338346	-1.26916343618445	-1.80580500934221	0.956608263192065
NaN	-0.151418810532232	0.181606160059975	-7.14260825601821	-2.62782947969764	-4.05425324647026
NaN	-2.02001036749433	-3.34822117265354	-2.38336244881163	0.234876064172623	-4.71066462155262
NaN	-1.42647942943983	-0.375683838960988	-0.81515216104124	-0.878846392569139	-3.25038955145221
NaN	4.40728430978963	2.83666992744523	-2.22178166728348	0.237749010526244	1.60140714162539
NaN	4.79431141380986	5.49593365355644	1.77041373592771	3.17075608082315	0.874415253417814
NaN	2.06815410598226	0.823862460906839	2.56758153732036	3.37771067952613	3.92368578620707
NaN	-0.148623656817742	-1.04418006485271	-5.06744460248108	-2.50857602021662	3.8459338738483
NaN	-1.81582994647128	-4.72875805814986	-1.9104342387917	2.28522496220849	2.87467832868657
NaN	2.44849579470504	-2.5031662218013	-2.34341754754713	0.1451316193147	-0.813639399829997
NaN	0.994196359457627	-0.885777161610805	-1.17826520744211	-4.59475826541084	-2.36080662981337
NaN	-0.784279605985633	-2.02882929466415	-1.76209138977643	2.26750720263427	-1.04904874093264
NaN	-3.88845733227571	-1.62904919910825	1.81914487203668	-0.999097256904904	-0.668009376433267
NaN	-1.78418033272363	1.40965771897325	2.43396893792499	-3.99687301187191	0.334947865926397
NaN	-2.2550585143201	1.41225921172155	3.97648823858018	-1.08357980043122	1.70724774760847
NaN	1.72533998691455	0.670712390959295	-1.96579916268798	-0.632193846083968	-0.48538444050432
NaN	-0.864297300004075	-1.35089358413672	0.981227234356356	-1.29592581039005	-1.66025703444264
NaN	-1.78839200474183	-0.3656948690858	-0.592047131497818	-1.86013995213657	0.969022577518548
NaN	4.23224133550692	2.63331924059158	-0.284266129011325	-0.729104566602161	2.98918456373736
NaN	-0.319650185445767	1.73729000669454	1.25714975789165	0.908603206081276	-0.383253229120291
NaN	-2.8718556249007	-0.888111924693013	0.126658876083638	0.809675697281841	-2.61967658648416
NaN	-1.19046231025771	-1.49700395971752	0.460793802381339	1.2478029063233	-6.32053482132109
NaN	-0.941803563684145	-1.77972164716038	-1.20711946763442	1.08126490295042	-4.08054166962022
NaN	-0.149278398700378	-1.10967971629815	1.65470777020026	-0.00760052336938442	-3.7980164991663
NaN	0.857371344798542	0.693706046475986	2.54407179049252	2.99289578007872	-2.59793260966002
NaN	0.736145588955654	2.00388440393753	1.17323184162951	4.42732033707587	1.07842481936436
NaN	-1.41286993673959	0.884530495434353	1.67055603768468	0.0751501951445424	-0.304562958376503
NaN	-1.04896018457377	-0.412533525600674	-0.118426679282524	1.09918668275465	0.515084316908761
NaN	5.49924170430499	1.17693416111581	-0.0989375143545395	1.61938287829682	1.62983489452076
NaN	2.28664275482311	0.111233250843621	1.20347310085214	2.96818496865137	5.55275889522798
NaN	-2.82932309713259	0.648771477114743	-0.00860385168519368	1.18804655521746	0.850953949442528
NaN	-1.63460080369466	0.344721557586836	0.14206869369355	-1.04375953408273	0.0467665681988591
NaN	1.06092467562368	-0.27954622351829	-0.217225693074018	-3.33851974211735	2.28076010207012
NaN	2.60386437284428	-0.173125642185913	2.11549035507941	-2.10464727419199	-0.0173826462920458
NaN	-0.892683929300372	0.182461266044529	1.43018799932975	0.197969725810972	1.02900007643003
NaN	-2.23233216354461	5.13938210755037	1.0301811283924	-0.504930709184463	1.32315616808777
NaN	-0.0329414383682607	4.19624130056662	1.80857095365717	-0.758148559046731	-0.636682662281787
NaN	0.995635214116996	1.80703973600643	3.76391157981906	3.23727313504395	-0.59140664747464
NaN	-1.42743562735959	0.834034746257959	2.34393921148944	5.90549175154758	0.987850226317102
NaN	1.21894346645605	0.0440508996926197	2.43044605742558	1.69026556357358	4.39917469676224
NaN	0.607388264355387	-3.5118307024136	1.37443844134204	-0.59746364634933	-0.765406464709195
NaN	1.24680141930163	-4.19952536310105	-1.49284436040824	-1.75280606636734	-0.30366146919412
NaN	3.19474710478043	-2.19693938184867	0.208129598225608	-0.62909517324299	-0.212173400057563
NaN	0.120770692009162	-1.59823888881102	-0.549124532436965	-0.526249181440468	2.74558453398619
NaN	-1.73186179248892	1.4234508851651	-2.94301943230385	-1.09711188625161	4.98151423790124
NaN	-1.89601263359126	-0.709122151455732	-5.58070349606484	1.35768703172019	4.39062237244644
NaN	-1.81460092648263	-2.05230062163827	-0.790940390497112	-1.83883441372693	-1.07948090385852
NaN	0.5318833523197	-0.508371191070191	1.95198088144496	-0.451841222646797	-1.55599304361551
NaN	1.00940216575309	-1.16620554899522	0.0529027299474988	1.26151589794777	-1.55833588530292
NaN	0.882613142497214	-1.79469552683956	-3.41612958893063	-2.50623369426993	0.550845539486192
NaN	0.74483331836392	0.0516707821294929	-0.176697729683401	0.7379548290131	-0.401389679863323
NaN	-0.981654485838384	-1.74383239350595	-2.0757954953119	2.43032187709225	-0.70076542324484
NaN	1.36824504872463	0.758007119181369	-5.72608130379569	-2.57983114355398	-3.36387728823838
NaN	6.42163368767835	3.66010666777656	-3.12962929660833	-3.84477138472447	-0.758350579945193
NaN	-0.143194793550099	-1.00006316867298	-1.63262551837744	-3.20393295179147	-1.96415471261945
NaN	-3.0219395102316	-1.01958697664397	-2.6768527477984	-1.2649516419979	-1.49438221137475
NaN	-1.45107408065337	-1.07759088808512	-1.81553910933371	1.21099108374916	-0.844096211680787
NaN	-0.713695163301275	1.22313242219378	-1.31859556890906	-0.620197864520551	0.124177810284717
NaN	-0.339996654703889	0.904621321723801	-1.58489463612034	4.07673828364323	2.87695278324725
NaN	-0.50952607946524	3.09602674350151	-0.20791548197602	-0.220133701074839	3.42267537574653
NaN	0.0609766963688729	1.70263382840612	1.32705644346806	-3.16047524060311	1.31424167544199
NaN	-0.421898644442109	0.371578293624283	0.036442103326332	-1.27038337751822	0.500914935113345
NaN	-1.58402085909243	2.75006699740678	0.488089662001927	-0.408703241066054	-3.3180402969378
NaN	1.37479797176901	3.14761501887598	1.77560859591982	-0.512220852055287	-4.80610606669515
NaN	-0.419210312230138	-1.1640331503513	0.53339690809939	2.75033951381528	1.36544539190686
NaN	-0.792996591407664	-3.3309763240013	1.23755724296413	-0.569640257432329	-1.06039115704054
NaN	0.3858156442916	-0.316107189553653	2.25932907295606	-3.34683997653516	-0.919548948402098
