NaN	1.81600684713464	-0.251522797303	-0.0219998634786533	-0.698058387420664	0.383141383908542
NaN	3.43606230830945	4.2855630404758	1.38206042082349	-0.772807913405927	2.14618786132513
NaN	-0.0378651618927055	3.71918089627162	0.831063548547027	-0.962178869959717	-3.32208000990454
NaN	-2.38599007656704	-1.9424005717439	3.60652930515523	1.36721490282496	-0.317568021804282
NaN	-3.88751731886467	-5.11957985263365	0.440308459912664	-0.742238533068111	-1.01524390224916
NaN	-0.620416657488897	-0.496455903016381	-1.51096502295048	2.47353410494536	1.75791863391614
NaN	-0.484228137440283	-3.22268296325429	-1.71490943556007	3.36445290678075	3.24930959265013
NaN	-0.4719954254215	1.37429515573412	-2.33660716728082	0.354549795821597	-2.11442934558729
NaN	-1.81064219611237	1.81934822883317	1.46342577649628	-3.78392845583378	-4.35252495819702
NaN	4.64173087615601	3.10184004774049	1.43124356499496	-0.381031647521408	1.63835718537212
NaN	3.91789680750456	3.60799545611431	1.47622614988847	-0.120968581450092	3.46420027644276
NaN	0.425006740739578	0.620594613292121	-1.8087600269374	-0.585100988171163	-0.536056688724046
NaN	-4.92108180652982	-7.13762424476262	-4.6708842476375	0.915623906047475	2.07501257643534
NaN	-2.98361845394125	-3.05391465469123	-2.4770477159534	-0.361768502550007	2.88756951443211
NaN	0.213177093509037	-2.15885095543282	-1.33090367714867	-3.72802864033374	1.37557628517423
NaN	0.00836498057075757	-0.698488616711139	-1.44003501390834	2.00491698551863	-0.761834466276782
NaN	0.51982651896818	-1.63604369823458	-1.54691737219645	1.90883692625782	-3.46627278482378
NaN	3.76674125867679	2.0387165910596	-0.629430141351755	-0.512271359709776	-0.60614428157685
NaN	-2.93798897782614	1.98105307973318	4.70136653724024	0.0816368663528578	-2.17924449155927
NaN	1.26188106863272	3.64072267944513	3.24831797786028	2.03634982025571	0.00856171727564859
NaN	3.8789834761944	-0.93873364463527	-1.97848754782548	3.96977239180452	-1.67859030629666
NaN	-3.47801264187715	-4.43347598274465	-3.22503755147677	0.275746852874867	-1.06500576495822
NaN	-1.63937086716302	-1.85306884974354	-1.4940710877231	-2.03157853033711	-1.03473708390831
NaN	0.733180385022187	-0.0828463609162369	3.46418434333286	-0.0718643916821332	0.133702324772086
NaN	-1.85346880894626	-0.544463642111236	5.36867973797724	-1.10172377627729	-1.34322477580926
NaN	0.806670119389936	-0.335914424753224	1.78622358978782	-2.66840560876097	-0.211888422441746
NaN	2.91187354720955	-0.0636314146151598	-2.94570133218802	-2.46841815651254	1.16071654160741
NaN	-0.178163569104054	0.315476932252013	-3.83689675953436	0.292060973063941	-1.76985643380679
NaN	-1.6981221228757	0.459622562113256	-0.600638059742648	0.665273685557668	-0.506797552877445
NaN	-0.254825922336517	0.79733988495967	-1.09693129398592	-2.25808892385378	-0.980274578164487
NaN	-0.6237364960902	0.915000530342584	-1.66023412505045	-1.13894068316428	-0.493175287571053
NaN	-1.02202509316994	0.310499018200622	-0.124038804029919	1.85737833352429	3.48112615464505
NaN	2.12634789906571	0.232881111293896	-0.324743727137541	-1.58818182522026	0.812503867897086
NaN	3.5656924436612	2.65446736627638	0.788098938242385	-4.60152257820227	2.35742573649563
NaN	-3.69466859145503	0.618382416781125	1.22474870536345	-3.61297013905257	-3.77171354018067
NaN	-1.75815979177613	3.51609330773227	1.80784173237633	0.314953313973531	-0.0425039780551754
NaN	-0.986907056666691	3.24517183632059	0.290911269930533	3.17665827756247	3.21563758063606
NaN	-0.0349004788183949	-0.514112366193511	1.04725646639389	0.821699242267446	2.56809649982334
NaN	1.61951950075494	-3.36623083964188	2.19224033800416	1.73405479096476	0.00804931949302668
NaN	-0.829590495642534	-1.5758048523281	0.201632460289528	-0.370264310939408	-1.77822528697368
NaN	4.56034127242199	0.40399828335602	0.738213620310963	-0.000148450168080023	1.17180925067908
NaN	0.194595687530243	-1.17245359201581	0.0152574098983139	-1.12068932374486	0.722784962654855
NaN	-2.20225194977659	1.42131184244769	0.754710656171883	1.1002194459007	0.0323879121371084
NaN	2.85044572338021	5.06642343716361	1.25725039584924	4.46771387826842	4.66752468688888
NaN	1.29650310225323	1.84011888574249	3.22159449133525	2.55562784844458	-0.515894931414187
NaN	-0.878050221498534	1.32520373836365	0.727367392032707	1.65185288532086	-1.9152652836011
NaN	-2.192897422067	0.588822044375896	0.571796989583641	-0.0582757179426431	0.857024602417908
NaN	-0.0603387798675253	-3.34218884917203	-1.30575903148196	0.345913654261385	0.775355346432779
NaN	0.376614026590465	-3.17851295450011	5.57395038033828	2.68464476015693	-0.0344944309529034
NaN	2.854443019584	0.129539685985617	4.38650536915985	4.06084202708724	1.75164224771983
NaN	1.17597836532059	-0.90643166521945	-2.11765400374454	-6.12854873268889	-1.57062375516663
NaN	-3.35403923140612	-2.40542733556605	0.20230417721869	-1.75795977658628	-3.13721790014934
NaN	-2.46309700318516	-3.18807530864849	-2.12737311438297	1.36937970462733	0.812662194974785
NaN	-0.78600776294599	-2.21018102773519	3.26530450455732	0.826099962637091	-0.804725904417838
NaN	-1.44519451751449	-0.993477903197443	-1.41589899854898	1.88144617870459	-1.06795278978062
NaN	2.35019837494357	3.10965956408336	-6.11610178235386	-0.788874947987077	-0.37132602709944
NaN	0.295064874781357	5.68056448317099	-3.86964166490936	-1.60418424707392	-0.181289077143772
NaN	-2.96139360260836	0.446332904814604	-2.04947939505515	-4.37305084985604	-2.08807747439503
NaN	-0.965790434303825	-2.60066537272827	-2.11309071684998	-0.258739522145849	0.475528058613041
NaN	-0.802672387086605	-2.95035674751057	-3.2116824450085	1.25961776170268	-0.33544235571627
NaN	4.11982284464984	0.321923120524781	1.63475988972337	1.52863260926946	2.98229738622317
NaN	5.83081912350426	2.07757370218108	1.94167062444994	1.20979959761778	3.40587174604484
NaN	2.59700558908248	2.04567896894028	-1.91165431032048	-3.02654689156212	2.88449602845727
NaN	1.06752255242747	-0.589928545142118	-2.18894788133368	-2.73350974061995	-0.80953656210478
NaN	-1.69112077335251	-1.49412639948957	-2.32244981114515	-2.26877357806716	-2.21786713481424
NaN	-0.896699519750914	0.19740606975272	0.471828660088412	-0.790285395073943	1.75115859041751
NaN	-2.37520235607974	-0.00728627627500005	-0.841217875610866	-1.95778623135215	-1.54730199722619
NaN	-3.00902960388332	-3.33669437247873	-1.02231243883039	-1.38806224064314	-5.13491776147634
NaN	-3.08760762574774	0.120825320403517	4.64845332168008	0.885064014128273	-2.93671547096469
NaN	-0.248992989985611	-2.26520448090741	2.7766689107444	1.21083885393058	-0.890176713663617
NaN	-1.01340543994574	-2.48340094643392	0.626860571764541	2.60087353117508	-0.847972089161606
NaN	-1.03731807064308	-0.466091937564848	-4.39184530565935	-2.87229265686271	-0.147461713857644
NaN	-1.70103663976512	2.82306663072129	-1.16470899993544	-2.31053142337161	0.15774378734513
NaN	-0.783945165896127	2.3708908388426	-0.902361557461135	-0.824177778447939	-0.262034199991447
NaN	0.320581743054153	-3.36886828195832	-1.32251265509911	-0.806683634866504	-1.01050271474487
NaN	1.77942173670527	-2.58849367275093	-0.498997767363124	-0.24504724565808	-0.0738451065850941
NaN	-0.230093368402326	-0.642897478356649	5.16609784326512	1.24803445114638	-0.000350059455621271
NaN	0.447184730365481	-0.60588080509709	-1.4062542073365	2.96623621889541	1.24437235849827
NaN	0.98787565159146	0.0639819533591389	-4.78764729183779	2.93744791083401	0.0759237696688445
NaN	0.322350233467994	2.21554059953529	-1.21723654106553	0.249651433241353	1.52457797884689
NaN	3.51154024947861	3.17147045196456	2.73510134709075	0.668213949107038	1.10018755266604
NaN	0.3473414455402	0.0166238418005152	1.19391684836448	3.25304282872421	4.65324845206569
NaN	-2.23799134448728	-0.483074002134546	-0.587442640746437	3.32320998072405	5.3085304122609
NaN	-2.353169773696	-0.394430447969336	2.91376339701062	5.11407695758871	-0.176189976061203
NaN	1.45572779167244	3.49752665032424	4.04352388365187	2.74179620921278	-0.934787154809076
NaN	0.21716393793029	0.786953663402799	1.22560340062552	1.59030427218725	1.06332965024893
NaN	-0.527169338800048	2.78166310871119	-3.55814681494128	-2.83906330301095	2.19384345307315
NaN	1.37259166131942	0.857687754051739	0.469503380392761	-3.14398266429009	-3.68710342046461
NaN	-0.760287102791736	-0.881368822783567	-0.0219253380591419	-1.14589387554041	-3.70256396599632
NaN	1.4962054856753	-1.19650830684791	-1.73910839570957	-3.1592932613199	-4.3429181010059
NaN	-0.726391994773357	-2.87416099641099	-2.33833817182515	-3.81513899080801	-0.924871317420059
NaN	1.22105756729175	3.49004855196589	2.34092529612572	1.08878390169154	-0.293685326757572
NaN	1.52971259862601	1.1832436220538	0.30424846549092	0.744511053672308	0.22948212241474
NaN	-0.452697015051906	-1.77237101932956	-0.563591671417141	-1.59697724475988	-0.855938140993093
NaN	-0.0232486353813476	-0.320984913628883	4.91620119089721	-0.0764047766159421	4.15742725438577
NaN	-1.68189285989541	0.991832359175086	3.43189633822386	0.122051409994558	2.38288541508741
NaN	2.00697245905543	-1.66324415961094	1.32191087724097	1.34920914062836	3.79917481108868
NaN	3.35115415505054	1.52012616263337	0.498037316484532	-0.974066695045068	2.03168948579897
NaN	0.848036779586853	-1.88650701183423	-2.82716479267562	3.34178443668014	1.28026228469245
NaN	-1.78099575973096	-2.07619799076929	-3.67950471833436	-2.92071741607026	-0.721275000111916
NaN	-0.734350494552494	1.99015673358886	-0.820563629739763	-1.36112659204434	-0.985458714793735
NaN	3.55555629057285	0.626373138062795	0.313900273736617	-4.23018889354524	1.59169466705662
NaN	0.726968241828516	-0.859675612759576	-2.10683103610646	-1.35843641239732	-2.72516268662424
NaN	-1.2455000163953	-0.455533202155303	-3.10233296804032	-1.72630946160544	-3.4625962276098
NaN	-2.06432399668514	-1.07856855651235	0.678715661433788	-1.5548137724868	-4.25391546572775
NaN	-1.4522300287665	-0.696466601929888	0.207740587705831	-1.29824601550371	-0.924117987094366
NaN	-1.22380756317489	1.81198287164265	0.972917405662502	-0.0299524808013998	-2.9616921819726
NaN	-2.50233080689022	0.723149652200762	-0.166679241071125	-0.399851293622591	-3.0512413556789
NaN	3.20643610902452	1.33212836192785	-0.155240054647634	-0.482209465892573	-2.98265192781382
NaN	0.944517576519035	0.844935915111641	3.57895594974883	-0.372150417826942	-0.468960214753531
NaN	-1.55316889650393	-1.23550822193834	2.24794398101288	2.05831175458663	2.34653042118075
NaN	-2.30237003731943	1.06602838678991	-1.72149877639555	2.3191056694826	1.83207241713192
NaN	-0.707238272017041	2.19502658195305	-1.3104277649623	0.785404416627957	-5.5693881176804
NaN	0.602179270423293	-2.72790540484535	-0.255202477929183	-1.13838026501701	-2.85695308269839
NaN	-0.680680668703297	-3.67040636426057	-0.120721795562666	-1.03022546646966	-1.0008400261157
NaN	3.36044481803747	1.08325923137425	-0.873999227575613	0.47697857578889	4.63021906907428
NaN	4.87758025788611	1.53864157783011	-0.335634826290846	2.66241252080336	4.0485828745346
NaN	2.11137641104784	0.506596254035243	3.2366348555114	0.886647766257593	-2.28757728141476
NaN	-5.01934616789182	-3.06103488095374	0.539699958020043	0.638558909118051	-1.22817542012115
NaN	-0.363572792425504	1.19937353914276	-1.29105641033043	-0.0630576143069573	1.45471255616535
NaN	-2.51335175449599	1.8154609328448	1.2041898358494	1.51468653286619	4.2357688525161
NaN	1.32928983148971	4.99340459590198	1.07700028401136	1.23557750391077	2.92513125890648
NaN	-0.794034472436247	-0.840780376996353	1.23370822374249	1.46032091122838	-0.654933923609886
NaN	-0.757900776512126	-3.60873377582293	-0.239068370235473	-0.376449102139661	0.496244560128307
NaN	-1.94699638687397	-2.17734013696277	-0.675476739823412	-1.25988975455919	1.91830170327302
NaN	-0.9511901865495	-1.19604083199493	-1.49575656585314	0.929010924666279	4.99132643657989
NaN	-3.38850713990807	-1.31243088948805	0.155750522583986	1.82075987306721	1.68175297269563
NaN	-2.10443667402016	-1.94540160049872	0.587365207222531	1.02479770394647	-3.30033187225033
NaN	3.03805405215956	0.463175872500156	-0.138878724617733	0.98027481847902	1.39737214116975
NaN	5.01000022973906	6.18061457167661	3.19701391368931	1.06217043790352	2.21610728071412
NaN	1.27572699663316	0.939961205587763	6.22935376332306	2.12683922241254	2.89555182531417
NaN	-3.13418494415312	-4.1682297533958	-1.34494569965508	0.322481507735225	-1.49905671644095
NaN	-2.93297620164454	-2.91814777875734	-4.75183346365902	-1.78257364111494	-3.98642366189813
NaN	0.973428211245369	-2.18096164185545	-2.05432806714848	-1.60971898184598	-0.671546816703691
NaN	-2.49869250052899	-0.924194440496605	-1.51992011256347	-1.18588629254244	1.96994297012113
NaN	0.424343492811402	0.39164841330923	0.73402633220666	2.05419323975746	0.535800332074782
NaN	0.754926717436708	2.05530792483112	2.95278666806936	2.41830043752366	-0.407448817479903
NaN	-0.537161720179905	-1.44672126285171	0.430615561975988	-0.089029656380649	-1.94555988098339
NaN	0.232973300273798	-1.61396321523457	-1.72051292963869	-1.16217732193999	-2.46695136082361
NaN	1.12179550183736	-1.35782492173183	-4.4298933342701	0.837735773011613	1.83178639179265
NaN	0.997266029986427	0.642703775644266	1.07357724826916	2.37374317742266	2.87868654330447
NaN	0.682533779823394	-1.32485504813604	-1.24081024272304	1.44590179675851	2.38375144814779
NaN	-1.70903377722149	-0.461441089612723	-1.23793138654883	-0.707127723470682	-0.688038763689432
NaN	0.368303082179557	3.2421263381234	-0.344896800926693	-2.94357734222808	-2.24957475347578
NaN	-1.13273184735945	2.9573991411362	0.32651816787944	-3.83192674639208	-1.01090158823155
NaN	1.48300220443405	-1.9881144353274	2.60545165680546	-2.29392654994344	-1.68648513634587
NaN	3.12040130118033	3.74252225108886	3.17237507177056	-0.237646697634494	-0.396526090018749
NaN	0.774792020247065	2.65099158171072	-0.93133189748162	-1.10710338950742	3.73600998219611
NaN	-0.368544868693938	-0.540511591854522	-1.92495025681805	0.33790714809194	4.79079768198676
NaN	-0.678713148012014	3.2329767655968	-1.81437812424733	-2.78764926718502	-1.73334952897729
NaN	-0.301433232217727	-2.47712247816838	-1.68227027479514	-3.88752661907903	2.80396023037387
NaN	5.39910792656454	-2.61565271409722	-1.95525010784264	0.936980223225653	-1.15385485820975
NaN	-0.903053380955488	-2.89142960515625	1.81466567448874	1.90246485244773	0.317862204055457
NaN	-3.3479616220614	-2.61689984907962	0.150731265325836	0.687711423583881	-1.20160474981014
NaN	0.216743641257013	1.27943019945316	-1.70182681237923	-3.72137889376199	-4.54387756148715
NaN	-0.327464338522445	-1.66678846337793	-0.953179452950314	-2.46999261588009	-3.63959343406722
NaN	5.61867760453006	2.90080203792959	-0.497163662994965	-2.11711098001146	3.00553288680265
NaN	3.90412552792595	2.26189500701523	0.221645542931663	-0.0844810750497264	0.114958299050372
NaN	1.37932030720566	-0.519272677213103	-1.4176409123791	-1.96737627138604	-2.14974971238706
NaN	-2.91561042370428	-1.61723113741487	-1.37869602675389	-1.9279457521256	-4.38298995438696
NaN	-3.07059684386339	-0.809721472049134	-0.828516787478284	0.60145314942654	-3.4439201245038
NaN	-2.6004419560624	3.46401320335014	0.819350342340339	-0.0353868684921566	-2.42835464337825
NaN	-2.41886503538223	4.23100507706956	2.59487750578886	-0.953893101546098	0.111708804927594
NaN	-1.65192806377025	-0.428994643015669	-0.711030926208487	2.28817405491011	0.995895703270863
NaN	-1.91652310955794	-5.59447042967473	0.848198319123148	1.23704741685738	-2.64552380258243
NaN	-2.05596001578952	2.29109701279904	1.99818336209754	0.0854264333002311	3.24086962284343
NaN	1.1809048626611	-2.46535568158998	-0.0734544204495676	0.370286928060485	1.23806434952923
NaN	-2.39997165031704	-3.1940728435429	-1.14014062444176	0.0169686324409832	-0.565723047220274
NaN	1.30155892779199	-1.90788270804106	-0.955580212417269	-0.83887404386008	-1.43667592473482
NaN	-0.491380061747263	1.13877620506167	1.24832557845102	-0.0794396308482717	-0.35641284654858
NaN	0.353776372705318	0.69039705292813	-1.9926121383365	0.955999036656499	0.551773071838731
NaN	0.612594636515401	0.014518532075365	5.0750469439822	3.40611780168678	1.80672061409977
NaN	-0.2591468951191	-1.82079837508562	1.2576958925676	3.34061079635156	0.316030850769176
NaN	-0.130605351193038	3.11691772789599	-0.0920406063579693	1.35607895980667	0.205835186066429
NaN	1.30703539248848	5.96519016632608	1.21414004491788	1.26179298204148	0.727936771104484
NaN	1.71590344316963	3.51655049700478	0.441045252013557	2.11243888763282	5.50588254286685
NaN	3.5396926371579	-0.0928341099287894	-0.714245258046386	-0.418016172085437	3.40722829593173
NaN	1.66488598416143	2.10237892054326	0.639049557947843	-1.6491653451462	3.7729348696146
NaN	3.83248543330159	1.9035490329018	3.4355668630284	-0.315362438544977	2.64552109023674
NaN	2.73591384617959	-2.58984870813026	2.75291726602642	0.488724884140812	-1.90009195570106
NaN	-2.73071030396595	-5.87043740654402	-0.887455485862053	-0.0377979918166497	-2.55738378170115
NaN	-3.50171844530886	-2.16177021049217	-0.243563796807356	-0.0406735162666597	-4.5246438365982
NaN	-2.88174937007291	-2.20231223865665	-2.55764382118441	-2.11311411170762	-2.28949478364769
NaN	-2.22586898240025	-2.26478037426835	-3.01098209485852	-1.30528625015372	-2.96205990285865
NaN	-0.184644921058261	2.26452464495884	0.786791417277948	-1.31351583905681	-0.0737509324549869
NaN	3.42061034835595	1.67124440989952	-2.60217493752151	-0.146068413024794	2.35042525815773
NaN	-0.0140771774147939	-0.927447968477895	-1.09291964989747	-0.108033716728067	4.7964180132249
NaN	-2.10045965147894	-4.26263571250937	-0.735043820399409	0.0700417368985088	2.8343954859188
NaN	-2.17441449086499	-0.0291848860993483	-0.96503693663532	2.59863387141027	-3.39457880180861
NaN	-1.49187995801338	-0.448379993675057	-0.252579905967725	4.63834389163977	-2.44642359435895
NaN	-0.903439098103748	-0.0893675229980761	-0.595103251416902	0.386369086286081	-0.971238878226556
NaN	-1.79219792188873	-0.620610505531688	1.61951687049953	1.1247125794713	-1.18155326007115
NaN	1.08428411257943	-0.706358262893988	0.423218435278686	3.00640542120926	-0.504055829532941
NaN	1.01450604577232	1.47527733422606	-1.04389164006062	1.0203661855732	-1.25553506942024
NaN	1.77446367306364	1.75550327712932	3.94131908007616	-2.45153944040022	-2.0255832351
NaN	0.0455476068604047	0.445008275681075	5.35133506036502	-1.85475646480217	0.746036809507287
NaN	0.767047580802841	5.57107802407471	0.734168369995178	0.00594094605997691	-0.804217359280749
NaN	0.1303799341477	5.53737644374346	-2.16773127270898	-1.75158619779569	0.227474331773253
NaN	1.75895668131688	-2.30928800052735	-0.750511398223752	0.71713189423515	2.60013833356297
NaN	1.24915037136426	1.1403171836477	-2.73293857476442	3.17402214282062	1.85440443465826
