NaN	-1.87524431706814	-1.49945136200792	-1.29733299443996	-1.91504574015548	-2.83895502078706
NaN	0.117788526812161	-1.04822355785635	-2.52660661879517	-1.96508961028105	-0.734417714275365
NaN	-0.907574700787068	0.515575333480224	-0.691050899850843	1.54136742300007	0.667968878745978
NaN	-0.486732241792264	-1.35005366823481	4.47478164528756	0.588473816000568	-0.242167689645631
NaN	-1.45310411176663	2.64180074694739	4.71054150104157	0.671687878293312	2.99694644935995
NaN	0.427356403716238	2.54496233106605	1.07091397900278	0.690652443073891	2.35627410292025
NaN	-0.750782320741392	-2.75828304352036	-2.86026303085427	-1.3129587776937	-2.4917431830896
NaN	0.163481551011833	-0.217663085262046	-0.0890286077911761	-0.153232842916883	0.209301830100596
NaN	1.37100545072297	-1.12780987357986	0.839498993574952	2.87127245026914	3.82706193359001
NaN	1.95026086305944	2.58990030859249	-0.829639697147294	1.14494102947377	0.661482491276005
NaN	-0.579954891711992	3.13407744855517	2.01894193656078	0.410766991387672	-2.03561836997091
NaN	2.46640654371268	3.30770827095049	1.80163727258727	-0.164890831539453	-1.22033420813383
NaN	1.04332113773325	-1.22044623945247	-3.54118528836126	0.159352905725353	-1.30215427553398
NaN	-0.352851905125018	0.604535777793499	-2.76792509882673	0.917174708365141	0.48066248018118
NaN	1.86863543633765	2.18791076556591	-0.766039162181013	-2.6339757154759	2.6285461657361
NaN	0.93562464547551	-3.39274313759697	-2.54354722910992	-2.31927019879059	-2.07038960095466
NaN	-0.54697076984736	-5.85088271648635	-1.41770605251882	-1.92097129940389	-4.91613944295201
NaN	-0.528162005965716	-0.894863121693816	-1.50946868981917	-2.03124258527048	-1.07066172078432
NaN	-2.30939813752639	-1.68521544879065	-3.06397433547835	-1.58208427220801	-2.09336585006505
NaN	-2.49850637142397	-2.12980512498887	-0.106710676482442	1.63987734659602	-0.28360183562394
NaN	1.70430827099523	1.72353271788435	5.1259286240753	0.432351358718424	0.535753912170569
NaN	-0.458941257974567	5.19537078359456	1.3897902622584	0.440006303664889	0.297970761463858
NaN	0.419783175925931	-1.06570302538529	1.75288872814731	2.43116663444331	0.17930806290248
NaN	-0.144773264120739	-3.83109402120531	2.74032761200658	3.02765514953631	1.56596732190876
NaN	-0.903780443929495	-2.12435139810801	0.6715304463073	0.693850410095173	1.41903115390214
NaN	0.947431201880563	0.26039914940063	-2.99997760433491	0.358104357553349	-1.7731789886614
NaN	0.574416988132057	-1.78009984375428	-2.28052561495945	0.417192783643277	0.937926435311005
NaN	2.3376191872185	-0.0683572604092294	-2.58085293321229	1.62162129035636	1.09658931512179
NaN	1.79947351819451	2.13676804834462	-2.35897775986495	1.41511160014889	1.33496836008989
NaN	0.423327175655877	2.49062274929728	2.2693742336672	5.18553183044349	2.62280807170211
NaN	-3.31426521974144	-1.2980424936395	2.1533144982959	2.06145593172255	1.19401275695124
NaN	-1.44663537725705	-1.295248577329	-1.08574955255132	1.59126178584285	3.1898924522891
NaN	-0.96399412835258	0.9944767268719	-0.183948216731945	0.593180611701078	2.17303688517478
NaN	0.212476670672725	-0.706479449086908	-1.85315403818499	-4.69205306497923	-3.66612571816486
NaN	1.28300069391738	-0.600862932844712	-1.19821628961133	-3.81378381602067	-2.5945308534856
NaN	5.47399285919747	2.98575328368745	2.29482324025472	-3.02560254241864	3.91605682943641
NaN	1.97892660351592	0.632863540284447	-0.22300246784955	-2.04093655725083	1.22629337605055
NaN	-4.45136038047584	-1.18328578838006	1.44496622192322	-2.60410070930727	-2.59289430705483
NaN	-3.61753482775149	1.09873011064595	-0.0138946202643049	-1.71683859212545	0.909483144417292
NaN	-1.06548484742239	-0.337957364841423	0.228890313612763	-1.60126310167638	3.13216102198247
NaN	1.04071895461027	3.06386025062074	1.98624920709329	-0.848740138956703	3.35761475066385
NaN	3.40002112167847	1.03287306624848	1.0754269709687	-0.573460521363421	1.96909877156715
NaN	-1.13417594907032	-0.870120866134096	-1.51011517249009	0.898514446130884	-5.07029312757156
NaN	0.630511674870854	0.0134738310509005	5.92988949857172	1.79448518882653	-3.0824880749305
NaN	-0.424861230242005	0.715844168504516	6.20089466617277	1.99865020519069	-2.8060448444716
NaN	-5.409849205071	-1.49172697889679	2.57865793558135	0.998936346623813	-4.7678569212183
NaN	-3.04204397908676	-0.0281276288661445	-2.10359509098431	-0.0882665695517835	-3.28144446008634
NaN	-2.50712213672814	-0.207278231748356	-5.03335797404868	-2.59183769570033	-1.52356280420621
NaN	-2.29099281295413	-0.98281308997309	-1.39158562833162	2.54995318421518	2.79404504518329
NaN	-2.44084345054888	-0.641531966713651	-2.88930345776124	2.50736316917025	2.47472546706844
NaN	-1.13608859370937	-1.54350116953041	1.87835569824112	3.40961041706857	-1.27204598797322
NaN	0.362959197065734	-0.776276871785048	5.36197546581076	-1.7566189643558	-3.41130653151014
NaN	0.615565599968446	0.127357708753101	1.74304653996288	-3.82516995102751	-2.18034721289452
NaN	3.91547701065159	1.15477800450704	-0.306309337277076	-1.57577800476917	0.706683430958074
NaN	0.772409113784373	-0.710332601659018	2.57802507902477	0.216622390990556	2.28666828937717
NaN	-0.38921952683417	0.353210722347304	-1.94125019193217	3.77971073037613	0.824788794978083
NaN	2.80554658552409	2.38145842949182	-6.7743130401003	2.18351576232491	0.253074879861786
NaN	-1.23630961384058	3.29462663829039	-3.41578240976202	1.22081457049291	0.020215589904593
NaN	-2.33838490495994	-1.56701046119882	-2.36088251641639	-0.262625228039967	0.848500878079844
NaN	0.763241174647151	-1.54617675231655	-2.22289846040887	-2.20747781269105	-0.79962890565014
NaN	2.58620507523122	-0.265479717538345	0.955909007230024	-0.232894434033277	-1.7001230549266
NaN	2.54991210283454	1.34768729266724	0.0617478172778402	-1.18727531885113	-1.73690727394407
NaN	1.10267574150651	-0.751885668590129	-0.549156767752272	-0.13164512204451	2.27795962068033
NaN	-2.05746187086506	0.118838290120302	-1.70676709750897	0.913014477700408	4.13905723548172
NaN	0.130380597268514	-2.77164940838724	0.356914559126897	-2.29878313979941	3.66404134087151
NaN	2.39064265231632	1.69401768271039	-0.557551124058257	-4.01672602280311	-0.990763187899543
NaN	1.10119066363475	-1.1928068617064	-0.015405885857612	-2.90047220323276	0.635776370778705
NaN	-1.80656563907829	-2.61544945899728	0.183344233954263	-0.163577552293409	-0.113382574672571
NaN	-1.75835109500306	-1.72705477256173	-1.40363721756781	-1.75543664401302	-2.06938018660272
NaN	1.77000001549405	3.16399526524955	1.00058488644952	-1.38244212779772	0.684383555802837
NaN	-1.28900340634716	1.22515800736458	3.6363682037405	2.24231067540446	1.34640344471465
NaN	-0.500226329659423	-3.48919409206075	2.3051028862342	1.83609933547392	-3.46658315479324
NaN	-0.617302780314019	2.84836761100949	0.745203843429396	-0.285258480822554	-3.78906012445693
NaN	0.889933766880166	0.243106328865995	-0.956441442632038	-2.32065089661409	1.0085181590262
NaN	5.69219993485572	0.413396218381177	-1.86484503675112	-1.84941515006236	0.407040911769697
NaN	4.07357343129925	1.06742120602748	-0.268936777878509	0.792324116099563	2.90293364173961
NaN	1.45300040489548	2.83338253388774	2.85300511126349	1.84234769598362	4.16166831828063
NaN	2.52771307945385	2.60655374525717	0.437284437089961	0.611017981654601	0.498431438262091
NaN	-0.256785672188603	-3.07304682087852	-3.28908848879164	1.14098577199875	-1.44371254883019
NaN	-4.98998598455436	-3.66919683295402	-5.40345388447423	3.62604774073526	-4.39025464727153
NaN	-4.94634033368595	-0.444770855647278	-2.87793495391008	3.60064132355023	-1.37248386033255
NaN	-0.619887319242279	-0.898218847502584	-2.03008393568426	3.08341170089335	-0.99339674444016
NaN	-3.01306044772645	-1.65806263097914	0.350574222253784	0.215028947056721	-0.576418436193983
NaN	-1.74818673645162	0.14098302368672	-0.262081994695299	-2.212078979483	1.9307580486165
NaN	0.781942204655233	-1.46172637355116	5.07803997845322	-1.93918225304145	-1.56746506236094
NaN	2.15000474096545	0.323471588457685	6.29726506983338	-0.24353144957424	0.61468739423542
NaN	-1.11825907336925	-3.0153776695651	4.98415347989217	0.473820421449755	1.635979658066
NaN	-2.66635838040487	-2.55519040932089	0.764402420447608	-0.0284726861976529	-1.148740861996
NaN	-3.05085419340038	-0.0175863337692274	-5.05454990030244	3.09154665223721	-3.701836478232
NaN	0.267634955518797	1.57281904039743	-4.43744316573495	0.121564383736933	-3.13750133869203
NaN	2.63380888455901	2.0415366434531	1.20587540017471	-0.507271389638791	1.67045237306183
NaN	0.648076555589423	-0.312931067352828	-0.628033387998499	-1.91065361648273	-2.69690504450753
NaN	-3.56606734818632	-0.515730352007924	1.508020967011	4.24121528146646	-1.45874968497715
NaN	-1.46970398649333	0.491192272704913	1.43532278968026	3.71122218411228	0.809426220928349
NaN	-0.313681083773207	1.0926063013962	-2.13299291792117	1.13146489461816	0.981337121503353
NaN	3.49049187147878	3.30335021272784	-1.40687051645318	2.14769023729954	2.71061814273597
NaN	1.38336554294596	0.17437485761557	-0.0888913642604084	-4.19086178343745	-2.59385958313146
NaN	-1.49355869196165	-1.24766191331533	1.79138944655983	-2.98709584550976	-3.15757102655951
NaN	-0.684994497179051	0.92350055712662	3.42689238051173	-2.13174191941134	-0.819308895340246
NaN	1.19276949309987	-1.23286178636247	3.29694209732966	-0.922441324596703	1.6177235069633
NaN	-1.25948239101996	0.525721268841901	2.04276906400148	1.76644320784212	0.444531718449043
NaN	2.33985831357204	0.632203473322204	-3.94417173581403	-1.02419405463164	0.13703717442977
NaN	1.30370468983901	0.613004549928621	-2.35393849840673	-3.8256849727991	2.75154820075664
NaN	1.49475301307613	7.85019345603379	0.503549767764331	-1.60601246843999	5.32093636744511
NaN	0.444482647271949	-0.393236927763075	-1.04107218377836	-1.24522570973546	-0.0391289540355606
NaN	2.477939599679	-2.79673300361796	-0.361029629609068	-1.22084098249295	0.866457263270941
NaN	1.71516493381527	-1.49961532255472	-1.99889481752202	-0.0322165394269901	0.405860543686774
NaN	0.694268367712499	-0.140493518432056	-2.38175661312395	0.964585688329612	-0.689128796833924
NaN	1.16283117645547	0.503217454888046	0.139871745435961	0.721439332978064	5.13760942517118
NaN	2.41507011344312	2.05828239391229	2.61226418612861	1.7122945121978	4.73932313272852
NaN	-4.45537255806474	-0.763992258756825	-1.94082213409891	-0.531875420114677	0.880184877919299
NaN	-4.72166928690159	-2.51089282236088	-0.529713237399106	-0.223069520169936	-2.9611606669418
NaN	-1.28599191306329	-0.119069150246404	-0.0419306968213543	0.426833919772979	-3.57754095643126
NaN	-1.57412357090078	-2.02054067966588	-0.955645990525666	-0.783933049535965	0.373104553200812
NaN	-0.623840652508347	-1.31898442288179	0.146646820436758	0.229794757152535	-1.0274087795843
NaN	0.922953761970745	2.40886029265404	0.502613592768418	2.09528069134399	0.490166134171591
NaN	2.16881045097495	2.15081475272979	0.449840642814156	1.487135460809	0.315553767971647
NaN	-0.751643500624354	-1.37813511895148	3.95316192999277	-0.77225467496481	0.240471909251315
NaN	-1.46063875568654	-5.01606397881841	1.10288597378894	0.80239472441388	0.293821107322847
NaN	1.26709490236419	-1.8267231584878	4.67064694451013	0.831424307545776	1.92633813866525
NaN	0.706352019955092	1.27635612274742	5.52162308945958	0.959204748032632	-0.889863476419132
NaN	4.6861590728767	3.95095425247309	1.61727893233366	1.45003474210026	1.33525108461501
NaN	2.06606844083392	-2.03777012978471	-3.04973961830965	-0.574277437044024	4.98901892291622
NaN	-2.8163219411616	-2.62771480053096	-0.85022674814947	1.0003937865997	4.96702038987371
NaN	-4.62865767715436	3.92869616687435	3.03405644615838	1.53787538631551	1.9803931210362
NaN	-1.96499285640139	3.37417043530043	0.648460917310713	1.52845356636064	-1.27603278384218
NaN	-1.89926360706701	3.28594730569317	-1.70860109099994	1.02068083972306	-4.28254709166309
NaN	3.46778446160651	2.34768163569997	-2.07505701881749	-0.128556103739002	-1.39477082837845
NaN	-0.191489102224859	-2.7568285114219	-2.05513623612397	-0.63065221980144	-3.46438663952545
NaN	-3.47877273136473	-5.7773886616248	-0.400980752043928	3.06468125031166	-1.94606514863358
NaN	-1.2110503013773	-3.4860005729216	1.44576492940157	1.67931263855473	-2.48224630080453
NaN	0.301701807264831	-2.38609180971255	-2.88053807325662	-4.77023493702796	-3.61083506967645
NaN	-0.142575801814186	-1.51458864418547	0.685728741886423	-1.84738056679626	-1.58048814756685
NaN	-0.119673320860587	2.33079986882216	0.785315952360104	-1.9971534463982	-2.42919778309416
NaN	0.218059285502752	0.59088973468691	-2.98358182345057	-2.68659042357633	1.84207128498395
NaN	-1.54413250648831	-1.78566559288215	-7.7235652976225	-3.62050960329419	2.20627162354166
NaN	3.60306567807756	-1.61888174378878	-3.67904277479168	-0.600821192286572	0.429043383925216
NaN	-0.00500955135818333	-1.5377722378528	-4.90616392184743	0.181614486200074	-2.70586763703977
NaN	-0.316905749528685	-0.0517742494267423	-0.430378176534415	-3.0639372166061	-4.36536779399227
NaN	-0.981007267498306	3.64621194572642	-0.502430147157657	3.39281526366609	-0.0834067433338254
NaN	4.45153879827624	-0.912931252293672	-1.55445352277971	2.99804269698229	5.93063972421452
NaN	2.31853458721872	-1.92979136740643	-1.55333600169998	1.34684900762313	2.32471330121077
NaN	0.423638292121685	0.423578738361377	-1.54961587562015	0.797119234216469	-2.47782792858017
NaN	3.25585812106409	2.37121739671183	2.99982804543802	2.32324866807119	-1.50626244318118
NaN	2.29859330100796	3.52535749286846	3.24031860325768	-2.1680299904089	0.684493079081475
NaN	-1.75804071372345	3.11514566580265	2.27796369282663	-4.36952104551458	-2.32603634650648
NaN	-5.83597112496414	-1.67725387691147	3.59364247188827	-2.79296164826487	-3.81094426179432
NaN	-0.465978916118505	0.202409974000382	3.17877483073342	0.922135499699461	-2.0694607822322
NaN	-2.07392164269683	-3.97238762371991	0.670642433660607	2.09706105378938	0.531154048253341
NaN	-1.14178522938041	-2.37887004253612	-2.81572199785176	-0.443525603878669	-2.54523764327593
NaN	-1.50136534532079	-0.129756449924585	-4.34757961015336	-2.54539383760636	-1.12000502062866
NaN	-1.36530113760948	-1.40185501760006	-1.83819651837285	-1.48321144700302	-1.63635755369172
NaN	1.20334414950008	-2.10517798344495	-1.20429370536216	-1.71952865030035	-1.66287753379976
NaN	-1.25725884042566	3.51378910984061	1.53476335117396	-0.686048444803019	-0.0944450700719728
NaN	4.26023206659367	2.9580364117033	3.1309739151941	-0.227080194887107	4.12509238608066
NaN	4.81772049854997	-0.0121691877045375	4.18192189397278	-0.537935470067312	2.24280370685047
NaN	1.70094624909009	-0.247987991577252	3.26234439994336	0.157780842641496	1.893121722355
NaN	-2.96451251499651	-0.624710588186526	-2.31133644456267	1.73362421529793	2.01666942548555
NaN	1.5160887252159	1.25099215233002	0.403590146299677	3.60763388993966	2.0638374427598
NaN	-1.26356646102218	-1.86083410708058	-0.392183984980292	2.99579877755055	2.07445550700116
NaN	-3.59252368109841	0.229833807618478	-1.54146953750887	-1.62377497741948	-1.18808718891054
NaN	-2.4738834608641	-1.06519060016493	-0.168131985140152	2.72142556648387	-0.807385077355762
NaN	0.336708164145399	0.569492050008911	-1.04255206578613	0.472430844684812	0.968619678245511
NaN	-3.12626514199267	3.05498392698753	1.88792494869383	-1.24520439919102	-0.313415890460582
NaN	-2.0690831751301	1.93688350690997	2.36093307244521	-1.37245975559224	-0.47462502767112
NaN	-1.97504298123751	-1.62705150030755	0.189650463832498	-2.40401907835813	-2.01841556090445
NaN	-1.64902754852417	-2.11563087713488	-1.23760644995836	1.38147947857659	-0.501577900405227
NaN	-0.830547507052149	-2.12476279359614	0.249145661568586	-0.534418304970988	-0.513777437481058
NaN	-0.785311903698783	0.122543795482114	1.11583663901313	-0.301099133997838	-0.00187214378721892
NaN	1.54847700877329	2.01996095261559	1.11712269579257	2.44664027301086	3.57324049476608
NaN	3.62447819147904	1.70925033119262	1.47790224294485	0.281290903979501	3.53588003202545
NaN	5.58384257330874	4.67990737816686	3.94238460357994	0.169610361482796	3.52555076275424
NaN	3.9201024969503	-2.03725507941936	3.5770948332697	-0.350745164555999	6.15128058827711
NaN	-1.41163464704667	-1.49741010608488	3.32855262257363	2.01766330722797	1.40453704238279
NaN	-1.93888584947137	-1.51734807240005	1.69661553995477	1.97233271408056	-0.201879504247855
NaN	-2.55461221905832	-1.09442145144989	2.43518759841352	-0.156364835530064	-1.48755522265229
NaN	-1.84062269487916	-0.80896191775026	-1.68877020550767	-0.950124858354784	2.00034006738744
NaN	2.94593225464257	1.88822565778693	-5.51993413158494	2.36622008633795	1.27619586978982
NaN	-0.502600500707929	0.65682377552566	-4.29740175489598	0.650962199544364	-4.64325894265836
NaN	-1.7497519784332	0.307474916994507	-2.44982750553159	-1.74986657968623	-2.75070247719519
NaN	2.29172899692708	3.18286061120062	0.298730028150759	-0.503762344257571	1.01032029405011
NaN	0.0957758407542318	0.957639901951026	-0.885284898597058	4.09422958935541	1.2164028340895
NaN	-2.22845110246915	2.49292953166994	0.696250524823795	-1.90412335370988	-0.960785429315831
NaN	-1.5216534055206	-2.30220770029104	-1.93724149473715	-1.65558692803452	-5.38580979211771
NaN	-1.31125644401106	-3.43186924137489	-2.33852794444676	-1.17886558107544	-5.12216520142622
NaN	3.11439097359277	0.618886225788258	-0.0492114661932486	1.30875464117902	-3.15929903806123
NaN	4.8163333208065	2.46975631873631	-1.44228635560546	-0.765621358084029	-0.667832026749883
NaN	-2.97752246519923	-0.584360291398297	-1.96692033617507	-1.07035199088897	-1.6174560286764
NaN	-2.35016571273217	-4.31954333906195	-1.47212081665103	0.0129465727480274	-3.80354238050496
NaN	2.27549263514643	0.994078103568997	0.620336804147581	0.735097071301584	-0.927533277416755
NaN	1.61091419764468	-0.725722109839473	2.15548727142252	-1.15041199337002	1.04037643732089
NaN	0.141888662761438	-0.935623189496532	4.66452329996738	-0.347460840900392	-0.425031506597967
NaN	0.381257586869086	-0.919227678174035	5.01254393272555	-0.0968291508693742	-1.9521310419262
NaN	3.96528702476748	0.327398140183883	1.75871848524608	1.04554952663698	1.91321383020582
NaN	2.45063085655311	-0.955166337330419	0.773903802521055	1.93037457122355	1.40203917928752
NaN	-2.14173522552904	0.874597323080162	-2.79739094959769	-0.329202578784693	1.52176716058353
NaN	3.43427322618122	-0.46655926182939	-3.4445881557344	0.112852665960215	5.48112584509631
NaN	1.64513043255012	1.58159522324277	1.649622182454	-1.46436015166063	2.38674623395652
NaN	-1.1234106501635	4.89396659533417	-0.635017273572319	-1.53783843089698	4.72728163225208
NaN	-0.318987962097823	2.68284566060186	-1.39296969867758	-1.16346269729706	2.13870865289663
