NaN	0.148588690899977	-1.48116421218552	-0.764803646248405	-1.09734228710413	-0.351461954758162
NaN	3.31250353330082	-0.165520499632477	-0.0934536375867349	-2.71222464181313	2.46343231507334
NaN	1.77119199777302	3.56050111831668	1.22962558848937	-1.31517647616995	1.44308274708416
NaN	-0.386419477615666	0.996499498094829	0.119835705685027	-0.347234374491713	-0.618698548882036
NaN	-5.03453027240198	-0.901908972876989	2.88111952130239	4.0101143871184	-0.353727741432853
NaN	2.71722825855906	1.15016854624932	3.32237577113198	2.94332793024479	1.69163459690659
NaN	2.2894874699323	0.500710712619894	0.698341632780468	2.58169885005056	-2.13923620508814
NaN	-2.6254540279683	-4.97886037134565	-5.52617428190208	0.434630904740816	-4.75208594070944
NaN	-2.81649822634832	-2.3924220956005	-4.00344336433677	-1.15008755745614	-1.31170532907949
NaN	-2.57444863991032	-0.0265783018319244	-1.6918796532895	0.276823197622542	-0.41916833021982
NaN	0.0792204359169083	-0.904123963353471	1.58613505161203	2.64950511721879	1.7912607781129
NaN	-0.958853888892016	-1.33045722781327	1.29890086246728	1.18542771634912	-0.0432090209930328
NaN	-1.95162597929531	-0.803537651627982	-3.4039877527036	-1.36222999563145	-4.05252418864751
NaN	0.599293898244339	3.13090954944618	-2.38765757149337	-4.29817489590888	-0.774252160117975
NaN	-1.39197222136168	2.37880374274633	1.89076552955512	-2.44661038919023	0.88462848368371
NaN	3.4975393122024	-0.0422740842894434	1.94419642294046	-1.48953512781226	0.947472825648709
NaN	0.545529354453633	2.75924535933084	5.02928229455051	0.64436946936445	1.62553773286197
NaN	-0.57303268308585	0.95386114472078	3.54113485761166	-0.622944223566377	-0.203604073666913
NaN	5.42048574237723	-3.03374823292933	-3.38924839670911	-1.95016897485309	0.977572583517356
NaN	3.454461693568	0.262997520838032	-1.42122754849426	0.907084720137188	7.64682390678418
NaN	0.181837223222654	0.636014156417506	-0.498112461672588	-1.33449781627878	2.67010620025816
NaN	-4.02017953180913	-0.829738319123606	-1.46007546707753	-0.490670466795132	-1.22110240196203
NaN	-2.00537620955453	-1.98163052666608	-2.02742056260378	1.31746756810387	-2.8901454284598
NaN	2.25257471798199	0.94834891110678	-1.88956809657879	0.00441886500075628	-1.48737202077031
NaN	1.76810105234649	0.990148479679123	0.782842665616298	-1.28159030545854	-1.37206951708427
NaN	-0.818700167347447	-0.267061139264462	-1.01964602989043	0.448332690440727	-0.69358044411139
NaN	4.74418224296745	0.83231418642592	0.585161668166165	3.73077320761271	2.25261970019412
NaN	2.29029113405455	0.756045862971978	0.557050121545415	4.81267270281584	2.99706379959007
NaN	-0.3574822635374	-2.73120054708732	-1.0644145767587	1.43150816090232	1.43857208300376
NaN	-5.72469995034213	1.92543668558931	1.25981701590293	-0.85818501907161	-3.2313314054596
NaN	-1.07865520700692	3.91268428018922	3.45062605873556	-1.61896931480739	0.364450758474757
NaN	1.14098005868374	2.08850548085561	1.99224078763061	-0.885326864123382	0.0342923925817189
NaN	2.42047051640426	-2.80353861697101	0.217919499000466	1.16471947992613	-0.742442604004115
NaN	1.84959926830897	-0.286386514712929	2.93260818836536	2.72901150142455	0.792335843168578
NaN	-2.76604014385266	-0.00863611601029339	3.72271187894385	4.65292578454402	2.88175793454548
NaN	-2.32425995083355	1.53554008808222	-0.470010121854631	1.19049239673272	-0.0361662322188391
NaN	-0.302721841058184	-0.0118899155251339	-1.87120292540584	-0.260967248202077	-0.711300997710394
NaN	-2.72585824856798	0.438029890103595	-0.478666672702771	-1.96153232789796	-3.75126747100687
NaN	-4.03893031718154	1.06744119103306	3.03605684969225	-2.28340885073988	-2.825650609652
NaN	-3.81290807048537	0.526181129093647	-0.698662781039426	-3.036815919896	-1.42800468850782
NaN	-2.27440991549189	-0.592548428120502	-2.19461094072984	-3.63314009168349	-4.9295227721761
NaN	-2.17305824784203	-5.34913131439308	-2.2171289509514	-3.84347914704733	0.232332609314694
NaN	1.98509096202715	-5.14005730339817	-3.65524595823814	-2.89291478916796	-0.780227101306945
NaN	3.87327663793559	-0.66692983989521	1.85032599301561	-0.128358441683985	2.507881971735
NaN	0.840552205325646	-1.20449935300473	0.671427239550358	0.609251126741978	-0.508030023228709
NaN	-3.79913829292754	-3.11628427897459	2.87045426425761	-1.64303685379301	-2.96629763707011
NaN	-0.20116881079249	-2.44702312582022	-0.0958716087810574	1.1407238756691	0.730754632472683
NaN	1.30241652176012	-2.00948735691013	-5.54444784201	2.01683933178212	0.245608237252006
NaN	-0.464471334135485	0.0942994556822793	-3.62620863802741	-0.351877078663472	1.38156766329006
NaN	-0.0475798918936492	0.828788710174263	-3.53931442404224	0.633423360952024	1.05343329392527
NaN	0.833912597545684	-1.51713295917328	2.58214350375639	5.45325442427565	3.73475267062126
NaN	1.13029506656388	4.61422975461641	1.32212127590114	2.18650568988137	1.26744804535241
NaN	0.149187146246135	3.88894835842723	3.27461192774877	3.23207313343296	4.09627733367495
NaN	1.60436606368399	-1.60170849305509	-1.29634438095381	1.13156256954208	2.36712782011668
NaN	1.63200136497201	-1.18149343077015	-2.51471152138841	-1.63002674027463	-3.54594581176968
NaN	1.90127335941285	-0.887823083863428	2.18549805027476	-0.438742328970875	-3.10501308827874
NaN	1.25921195714664	-2.00845355164558	1.22377022235273	-2.29972987610396	0.957137437688424
NaN	5.35781898364635	3.18693060655168	-0.57042538467284	-3.23988398612322	-0.150708982121547
NaN	2.54827990957582	0.961785249568995	-1.46980868454623	-2.47835373310247	-1.51218772150829
NaN	-3.39675512422318	1.27662502799347	3.35744122631953	-3.25124639858139	-1.91818658274322
NaN	-1.59575997556579	1.78830251061611	1.22713403798364	0.716688348119967	-0.625818049354347
NaN	0.225573889495904	4.19444232602301	-1.25546757454866	-0.685366200502294	-0.429689174894235
NaN	0.29348638501253	-0.889906849025938	-3.52596590135605	-2.7445455791466	-1.18110853699191
NaN	0.82822432934953	0.334073782285625	1.21490487540916	0.972417474149324	1.95179819703708
NaN	1.6049085508804	1.99880581979056	0.249863195186505	0.221221110492136	-0.356036501475398
NaN	0.668871268184766	0.630274049155847	-1.09086206252586	-1.81770314911581	-1.15836034145343
NaN	-1.00217583251807	3.32439782208957	1.53350724727546	0.133854656743942	-0.394084384381999
NaN	0.106552384027996	1.45310451886815	1.44131631206552	2.1595653490292	1.7817189381466
NaN	1.63072760612486	-1.70711160716422	1.26802099797297	4.67930507180379	1.74372139244251
NaN	3.97226211016144	-0.60609103481131	-1.48593128477981	0.624404208009742	1.19593415615983
NaN	0.577297856514354	1.31933321398712	-1.01383585878447	4.3380977741247	2.85688072359111
NaN	-1.5639103223672	-1.33584836441086	1.13171637948033	3.38860607082961	2.29416165389219
NaN	-2.08264289137308	-3.66709412196806	2.47701353193819	0.390096557190096	-1.62829012152408
NaN	-2.51577651555232	-1.46261232007854	-0.476541017334425	-2.39366736056257	-0.260660432899015
NaN	-0.0433027148928265	-3.54351852817183	-3.33540585374527	-0.783209956156612	-1.40463978499142
NaN	-1.34767942678406	-1.31301232423593	-4.50128025863027	-3.10947254911665	-1.03481245824809
NaN	2.93002699151635	-1.82867932374234	-2.35917654724372	-1.98994774456844	-1.05462673030586
NaN	0.489237934236212	0.605471591405042	1.25565807137759	-0.131671783385714	2.41695322633974
NaN	2.36683095889754	-0.319586202086758	1.03118225036911	-0.827059289167395	0.153371789372406
NaN	3.82322944437415	2.48494522717376	2.53495372853922	1.13725632960381	3.94644691134927
NaN	-1.9760557413083	2.6018673586788	1.84164693217994	0.790232850968942	0.717335939024322
NaN	-4.0053021934817	2.55875449340789	1.70265161238674	-0.062516618302063	-3.91657826214
NaN	2.17092225790623	2.29427461432168	-1.24193443413005	0.159500649167462	0.231869698927749
NaN	2.28380002470206	-1.36029951998072	-0.845676510382012	0.811588507780306	2.50637702260362
NaN	-1.30627934230699	-1.86211052617382	-2.15364209562436	-0.482193555984582	-0.908774616395299
NaN	-5.04746357911964	-3.51697725815211	-2.77724278819353	-1.53955415188579	-2.0311210797468
NaN	-3.59744995057857	-2.45177419801689	-1.53769231835509	-1.91558275296528	4.5591466153059
NaN	-3.48444070714582	-2.60920838063814	0.62569433676602	0.959542830901528	2.27513103047857
NaN	-1.73712771341898	-0.102842011561492	0.875415033825835	0.176972492705545	-0.269673845587651
NaN	-0.848353797610518	-0.458899684867729	-1.65811916492734	3.86512772231524	-2.96477124856333
NaN	-3.59737537084993	1.07102912851494	0.842030408688979	5.67499537705889	-1.28654628683123
NaN	0.564349433754658	-0.691942723516841	0.990271081628783	0.907735207266249	-3.46114063125972
NaN	-1.94108726388861	-0.669680264780796	0.732336571150521	-4.43711742404479	0.539652020964208
NaN	2.05805298944101	1.06277213699933	1.24504588562322	-1.69070884884618	3.34277867727297
NaN	0.734970954096622	1.10900513764121	0.552351562462164	-0.482231706214516	1.49383402145297
NaN	-0.774731999879962	1.47837051942504	1.42927598693227	2.84611235030162	-3.73858597697328
NaN	0.196789581186374	1.29135939289083	1.2128518134654	1.78801942485684	-5.66426104846048
NaN	-0.892126824760139	-0.47503751450474	0.357053623013666	0.649508163286016	1.35207839930802
NaN	0.493246870779748	-0.094285970370594	0.387272367716557	1.34035441964205	-2.81750101878692
NaN	0.779239481839576	-1.13893335823511	2.49752911792801	0.0133404129896383	-4.05696521468585
NaN	2.71922986326619	-0.249349888049404	4.33129162925324	-1.84812520479781	0.356358550305593
NaN	4.7170725611144	2.52743651366754	1.14445025431468	-2.37680333577531	-0.959885420361701
NaN	-0.0961838396297634	1.56953479723361	0.494393966719414	-1.06794155676686	-0.938628556865021
NaN	-1.23089107642884	0.883034349080758	2.74064878169986	1.11907330735825	-0.876437648296855
NaN	-0.0194113143437243	2.54852880617176	3.89262639305418	1.63758234267493	0.865933147424483
NaN	1.14097319350227	1.9965760924348	0.692279995047144	3.28515334158023	3.1182559997466
NaN	3.98245379559307	0.459046423368504	0.476602479045651	3.01137515131786	3.860871629778
NaN	-1.26557357224133	-0.458296597799377	-1.34390632949211	-1.91052395060357	-2.68208277776609
NaN	-1.35590265936884	-2.08180569788186	-4.75048669917953	-1.7843813563647	0.486231528374465
NaN	-0.865421638597079	-0.859462325346563	-2.2322247139171	-1.09477219724456	-1.02138395733829
NaN	1.23584320328185	2.69976922663588	-0.662586066629203	0.248466024150219	0.709600286988921
NaN	0.01199882507119	2.23794239474501	0.401337654391834	-1.00565168650593	-1.88862509971475
NaN	2.46306464097404	-1.14345839047886	-1.28265234695481	-1.16891284953399	-0.147035814010042
NaN	5.66519057540184	0.867999318548763	-1.03832129204239	-2.73011779774964	1.22774660841714
NaN	0.985712053095929	-0.596345386410068	-1.60982564403841	-2.10990396577686	3.4465023101791
NaN	-3.1460729393897	-4.06688593508743	-1.64604509089877	-2.01247724762	1.82177229542252
NaN	-2.84408525252158	-3.7335729167729	-1.62408756635281	0.189891310110083	2.01023187710962
NaN	2.64221781138117	-0.0575393154894575	-0.290752230758636	0.782765307052958	2.98064858901729
NaN	4.93185577374141	0.54829971087622	1.07855292116234	4.21591521868993	5.07772266211142
NaN	-0.118213908785392	-0.507772017127435	-0.952134492196482	4.48850605333888	-2.27382111522958
NaN	-2.23162099236521	-1.53672965003335	-3.02032194523609	-0.103119027918902	-1.99694853745459
NaN	-2.85771726583313	1.79353256146138	2.98737220964188	1.50411959402751	1.12630646431257
NaN	-2.50554394564413	1.24782709703314	0.401457719841062	1.11173376810217	1.46797107396116
NaN	1.18804291851017	-4.04406749860341	-0.490783372552026	-0.442473498210916	0.127270846558641
NaN	-2.57121739094474	-1.63263957702392	1.05890661704069	-1.79039492206767	-5.7993091882016
NaN	-2.4425720546797	-1.86115795009126	-1.17042936750974	-3.80896096815291	-6.25634054569828
NaN	-2.78455511953277	-3.085269495142	0.750142176989507	-4.53636606657023	-1.00366091585575
NaN	-2.85254529755348	-2.28906304094039	2.5030360513929	-4.29327305066376	-2.59483340905838
NaN	0.0953967184790402	0.499869482565121	-0.829026385490667	-1.4521791696922	-3.47285937512053
NaN	-0.909135396603687	0.389161074627604	-1.10935730661185	0.583413620995578	0.113426294877397
NaN	-0.858826506944035	-0.708085693645098	-2.08070454229791	-4.00510629364628	2.39397598039246
NaN	-0.684349158037654	0.0807880404282589	-3.20828100738222	-3.59652678594774	0.325836500373487
NaN	1.36847933383738	-0.37663130045396	-2.01326688963369	-1.82097485427308	-3.43102071444085
NaN	-1.72933447288745	0.275686244912518	-1.38903899389094	-0.762204915629864	-0.128556219666878
NaN	-0.28838193025779	-0.102233236605441	0.0879611158571494	0.0297859518037854	1.03882278080616
NaN	-1.44530462725687	5.02132385277641	0.94880325094151	1.56320037040156	1.30839330212729
NaN	3.85673677265312	4.35012164960312	3.62929040505657	0.447227412963286	4.45208244926119
NaN	1.6047919974693	2.6498907748659	-0.36234453972062	1.55403124309807	3.62087892322443
NaN	0.298352093078722	0.511300923640663	-0.633842244710711	2.74534245048415	2.09092916951385
NaN	0.0487085359252523	1.48753399514518	-0.0177104124732189	0.8378151139053	3.62157017429621
NaN	2.72606434494278	1.54566178484479	2.64498986211516	4.72359596017127	3.04503006527397
NaN	5.45440569559598	0.502680952132407	1.15433420427097	2.27580405513828	-1.62903836373837
NaN	-1.90710958280634	-3.02921002855717	-2.0759199996801	-0.350436900134041	-4.27742965034225
NaN	-2.77761128784592	-3.22545969541916	-2.22904650952646	-1.0326386814513	-3.68158374675079
NaN	-2.69216885046259	-3.21873290110191	0.769531847080231	0.614248063754326	1.28478285888683
NaN	0.699767192390623	0.749314009520591	1.30844306993307	3.57013568408612	3.03277502839552
NaN	4.10827066264173	1.30942598054093	2.94124389593532	2.83169465714676	1.10609811269297
NaN	6.49351947143353	1.02165054224977	0.187165393385335	-0.113798507726089	1.40172956982492
NaN	0.190152739880142	1.58005050704616	-2.32897911847673	-0.776492411852259	1.01806087899929
NaN	-3.68279140265311	-3.56650826122964	-1.61212889067838	-0.994664083138689	1.09108663070774
NaN	2.43169871182292	-0.207177248676447	0.771698713731977	-0.199955439207756	3.08914149657174
NaN	-0.141132226111555	0.185490756221925	1.69400383007691	-1.85099542098445	-0.619718754957745
NaN	-2.53779131246212	-2.21034558686192	3.63457441298866	2.14849392144136	1.90913668012554
NaN	-2.47079040487894	-1.24564122604879	-0.21835821931785	1.47501178303747	-0.307982332375131
NaN	-2.02078522266744	0.0427968031575745	0.126906574465809	1.15864003292279	-0.0171451555761032
NaN	0.00923822004359433	2.54703164038783	2.94109277118862	4.38962563891607	-0.999855689033217
NaN	-0.496131977011209	5.26406063628488	-0.482141512824399	2.8628896634759	-4.70162030564203
NaN	1.41302627143634	1.29116495385982	-0.785895608455315	3.31136194038796	-5.15786708206323
NaN	1.7045090355185	1.50364802956539	-0.710928483630641	-2.16609124799589	1.57525010713322
NaN	0.405625174086951	-2.78750408981967	-2.6140710562839	-3.01912371774692	-4.43571469290355
NaN	-1.58646067263148	-3.89399606894066	-2.25097506128813	0.633945919192415	-3.84074770597469
NaN	-0.654996389751642	-2.02788893826926	-3.37954672102496	1.8465215966954	-1.27551401744729
NaN	-2.28167236697589	-0.68851104906393	-1.80087077905189	1.34410435279094	0.542043735198663
NaN	4.26524416744941	1.20655072228546	-0.185107662936728	-2.16339102151111	-0.552942842601912
NaN	3.53234261691849	2.48885219258976	0.780039960743726	-1.9131478599932	0.835287807081959
NaN	0.281023161418664	-1.41269438341918	-0.330898223497521	-3.52078022638377	2.02899782909291
NaN	-2.49710953012914	0.0107977114293476	-0.288505464667486	-2.57113214372692	-5.45060130992645
NaN	-1.85596590371934	-2.1296778115192	2.97479454716253	1.01294842373821	-1.49426935092631
NaN	-2.54069427971172	-3.14136083293663	4.59659131826307	-1.23919833852587	-0.461040285528948
NaN	-0.860574214102627	0.468644093998179	-0.166864563135795	-2.30607509132405	-3.70329677319932
NaN	2.77344101910541	1.18673529729534	-2.77179708684459	1.87296528354977	4.36491117348652
NaN	2.24440615131565	1.04027621444784	-0.715581680470308	2.66286532917941	5.16998164415817
NaN	2.34024115586097	0.29430471559231	1.5865659671229	-0.901120596158385	-2.23942996801108
NaN	-2.23402237756058	0.627432098832629	-1.72740024872253	-2.69594459214096	-1.7723752746514
NaN	-1.37137416306345	-1.46299291916847	-0.778584358045633	-3.76396830299043	-0.478316526709519
NaN	-0.308117617087575	-0.849848859810956	-0.776328637618872	-1.50602523236942	0.940195303906098
NaN	-0.851624766679628	-0.593293318930303	-0.311148266117764	-0.150196623505979	3.79117387921494
NaN	-2.16156584704007	-1.11148691692169	0.0931972503467915	0.928718254498559	7.62317736029703
NaN	1.95283750479853	1.5763027777612	2.19736688481635	2.37711998365075	2.18415023797372
NaN	0.58840769902674	1.84365791791244	5.32965021269808	0.616319525972275	3.20789141504115
NaN	-2.33015150738026	2.42321477415922	4.46372771341342	0.404835038846949	0.0434661569864015
NaN	1.10531860664746	2.08682454252156	2.93754955313779	0.887117553028767	-4.95601331939572
NaN	-0.152364676678424	-2.40556094489901	-4.30143920667613	-2.1331829144713	2.99506713273109
NaN	-1.39560319887336	-0.602588307577368	-3.51375649644756	-0.395480006024411	-1.83427904020918
NaN	-1.50340474220397	-1.68241374194736	0.927223202815963	-2.84737239284905	-4.5349675868414
NaN	3.49260965955403	2.22874622716262	2.80836130368167	1.91695025525857	0.41195166824551
NaN	3.89644191925447	2.74805592244733	1.1381928226604	2.22693843243423	2.51073195681061
NaN	-2.9174740716994	1.42772270791174	-5.34509753587425	0.529504536734626	-3.12327171180786
NaN	-1.79052576875405	-2.03682518084531	-1.68174464197739	-2.10437155509397	-3.70582850679713
NaN	-0.213792527822684	4.77628443823013	1.85609258403265	0.955433068809328	0.280765256884566
NaN	3.48020991264281	2.12873777914644	1.38349184549001	0.129034157082833	2.7247702612131
NaN	-1.03095275938771	-2.37388527453458	-3.46807358742003	-2.4071940355235	-1.00061532195319
NaN	2.12374461306521	-1.73479282998163	-0.935417184814612	1.47971293563157	1.16064043898845
NaN	-0.220442643291416	-1.8940883724609	-0.941641707784184	3.60158277552333	3.59520156354537
NaN	-0.776842177270029	-1.80839225908076	-2.51911486669415	1.60582024134816	-1.7792978015013
NaN	-0.963926143574753	-2.20316819873074	-0.949031377341389	-2.62819530603241	-3.10515000356506
NaN	-1.4660508799447	2.28834851512355	-0.198054011497457	-2.02225458740387	-0.11203615867465
NaN	-0.863296574285031	5.46213910240189	3.31087083776178	-1.96699770709878	0.85918839662782
NaN	-1.17241728528361	2.40425099142748	1.73049174271912	1.13154419342221	1.57226682965492
NaN	-0.533650241935547	-0.965523934409171	0.314541222287824	0.0440844954210905	2.30920362394767
