NaN	-1.4793172934071	-1.86203972818056	-3.96228327509158	-1.90928101277736	-1.853274510839
NaN	-0.303819152871287	-0.197010850682061	0.974133695882502	-0.779035572274549	-2.12993724781133
NaN	-0.960425568616508	0.451423356873677	0.451463990001914	2.13301704856845	-0.934881640257363
NaN	-0.216164956897977	-1.1356802332399	1.0877850247805	2.32225722044271	4.17679010062534
NaN	0.600348320665583	-0.32685863835426	-0.064375491799636	-1.21397221093613	1.61164180222828
NaN	-0.4620507790619	0.169013147049301	1.41053796225197	0.766493685404514	-1.36003909681406
NaN	2.17268694604552	-0.137887262871433	-0.494872079809573	-1.99222990070216	0.344943014227785
NaN	-0.210299223435231	0.946258267729644	1.27852554381312	1.19532786447438	3.64573914398476
NaN	-0.415845471841046	1.6023260189398	2.80634935731577	2.03041936817404	-1.10631207155803
NaN	1.30234659226669	-2.49211670942059	-0.794526991528294	-0.110539339993075	-2.75899414743671
NaN	3.87389015398698	1.5736634252687	-2.27459130119596	-1.89135225802357	2.67590413191436
NaN	2.33454777471082	2.86383933203458	2.02917838763871	0.349842943176472	4.24019803550976
NaN	-3.57492086427294	3.07895275289091	-0.0146106510885098	1.11989381723537	-0.681634084949566
NaN	-0.770435785091626	-0.490057366117387	-1.05190833435862	-3.00686868903315	-1.98816103526595
NaN	-1.77528693946315	-4.04932458668887	0.404243589397909	-1.17179836831504	-3.66586768631377
NaN	1.64046226017679	0.885814083456654	1.55937204303829	1.2270970886078	-1.01426482467271
NaN	-0.811976171519173	0.432185711657166	-0.99918171772887	0.602694410989007	-0.310505582485108
NaN	-1.03885987024957	-0.5410039246103	2.50286527082979	0.790166947783607	-0.665530827976469
NaN	-0.385164077284421	1.30353361569548	-0.454685306355216	-0.0801103463258383	-0.781184747730272
NaN	0.398908663414279	-1.60915696805248	-3.05752454796522	-2.21929902533691	-1.42948777530823
NaN	-0.943495492769397	0.00120163939909085	-0.423935399495506	2.87960698531275	-0.683842020862092
NaN	2.43153098443014	1.27530488926792	-0.224266233274482	0.825839059019738	0.741071653667678
NaN	2.86208416686263	-0.020192753444708	-2.907772080694	-2.57243444448224	-1.19312464411015
NaN	3.318969469539	0.241075535142071	-0.0491517976169073	0.752198624334597	-0.0170986153780282
NaN	-1.67380567473196	-1.3627293989998	-0.639436631434692	-1.21358994809502	3.38209921033025
NaN	-3.26813825189702	-0.723203819365584	-4.31154950764176	-0.763797361194023	3.41725318887809
NaN	-2.38233784341059	-3.36127546663675	-0.0402594719394863	-2.6424873897549	0.959300064192839
NaN	1.82085211890004	0.0506800842337448	-0.315591409573586	-0.740415500674533	0.0318023817383899
NaN	4.64545069716878	1.8566466065566	-0.0667025575471806	1.74544389153925	1.35054509185823
NaN	1.72490413196827	0.873047031308057	-0.756784923884297	2.06081208550876	1.09465002334154
NaN	-2.56189067843694	0.353822621548822	0.94032710688423	-0.772188439834397	0.573228094016006
NaN	-1.91855339814842	-0.569481348801633	1.38834803890557	0.270264451843541	-3.51444845908375
NaN	-2.92413669853502	0.688837454471754	0.683749041756431	0.179645708992291	-3.67523775080748
NaN	1.5148535520098	2.77741379063214	0.218956878992239	1.82462956327699	0.0609919538998699
NaN	-2.11801982050758	0.953793883688567	0.293550469703018	0.192514238834932	2.5692080223287
NaN	-3.36482533124811	-0.691300243241212	-0.382115227746688	0.129563408006189	2.99117165594369
NaN	-1.85647238728858	0.966003169343014	0.863318452870609	-2.1763966773897	0.761445293119495
NaN	-2.46071068401294	-0.467327845577621	1.98011354947694	4.62116774299327	-1.73310244775122
NaN	-0.785953293924476	-3.46960449907316	1.21634248097378	2.77826429602215	-2.93911602416245
NaN	-0.844996428338845	-1.45068283360482	0.806139230876812	-1.38028452226513	-2.48907007627938
NaN	-1.25640222614455	-0.96478433597138	2.42613007220123	0.435933803439132	-2.3803870227698
NaN	-1.15336308951828	-0.931820035299575	0.940794358543683	1.25751961750287	-0.138266571874871
NaN	1.4716779462921	-0.967521861326915	-2.88517016229484	2.12982869926631	3.63722656034996
NaN	-1.36599010614748	-2.2265607426844	-2.1915991970292	0.602768867266807	1.96650903149336
NaN	1.78102223299696	-0.13642428132108	-0.436896104224926	-1.27018436249155	2.9557107070857
NaN	0.455902610775648	-0.452196907415737	0.144640660828911	-5.38439076217877	0.637961425891411
NaN	0.73014301517132	0.965751705044381	0.253457861617863	-2.28134791833129	0.182348564421843
NaN	1.87202372726926	0.134173866021353	0.151239355370371	3.58418250882975	-1.98103984592618
NaN	2.14960036656138	5.28816130128391	1.99697476025054	1.46348829499684	-5.51753804890401
NaN	-0.865076952548857	0.675014619528474	1.0431674506335	-1.37658692294388	-2.16545797094618
NaN	2.70724729193127	-2.11006219635514	-0.198604696420237	-2.27781152400262	-0.545505584867516
NaN	5.3604680979492	1.36127239241747	-0.421769464825866	-0.175405632605217	0.443886357659232
NaN	1.81822193953656	0.178506214482029	0.299369673341027	1.91223907822945	3.15298322240918
NaN	-1.65988009885259	2.32574798390173	-0.105137005972599	-0.0297185936298105	1.11402666284333
NaN	0.612058319606932	3.93504819061809	0.881422271114708	-1.59432876630136	-0.979197364163542
NaN	-0.267921138237625	-0.853355164936769	1.63200409720181	2.14430897145403	-1.95217018029044
NaN	-1.12534238589164	-2.09245896762916	-4.13680063550427	-1.25093863659434	-1.75548019944966
NaN	-0.049993698445154	-1.25230337984499	-0.610956017670089	-2.76279786836399	-0.643447969650924
NaN	0.189344307746408	-1.17974320996289	0.680079941713304	2.01209922298127	-1.99449334031302
NaN	2.27651435487241	-0.747159224506702	-0.0903420231002203	0.81525109087943	0.611028427111537
NaN	4.22209048655706	1.27499377306049	2.01167374089531	-1.83047521601306	2.40648497306293
NaN	1.91549365664513	0.546935005152046	2.60063374582305	-1.61216882459843	3.29344105787522
NaN	2.14355051649649	-0.469903807838056	1.00062715176382	-1.5155043641847	2.61991677269295
NaN	0.425552693304122	-1.75519971421712	0.464115210832382	-2.83318684413967	0.629351653994123
NaN	-2.5357400574808	-0.965982291009707	-2.34895274368819	-2.50670526907349	-0.546905186384441
NaN	-0.955613341890252	-0.398516367821648	-0.623831945926591	-0.701180614147324	-0.420636368873503
NaN	-1.40337482649798	1.01747007001372	0.0217897816226291	-0.108822813583483	-1.51449501664868
NaN	-5.25336278430152	-1.14910088965453	-1.00850503910484	1.09855242541429	-1.087712480763
NaN	-3.43651794494177	-2.1465706498946	-3.17744693234112	3.71887947844708	0.354646890156618
NaN	-2.46233588720704	-1.97984111360252	4.61609371291863	1.0580123221544	0.472459970896076
NaN	1.30130923320723	0.592806233180349	1.12546646520361	1.9450108248809	1.13378568402101
NaN	-0.686574794700875	-0.321464300554087	-1.39667577133652	0.165953324914496	0.0397837908737894
NaN	-1.45419638271405	-2.41958460897191	-0.953767611455524	0.368323461853166	-0.66508709558827
NaN	-2.18861371842508	1.07802272194798	3.81063021841921	3.02386090952223	-2.16005622320269
NaN	-0.885395836590611	3.15369744785577	2.65446161883268	-0.39962763116377	0.169026133306578
NaN	-0.39155653864425	0.0495144216622736	-3.10183614813917	-1.3314957276591	0.117698515028537
NaN	-2.09458080590235	-2.38656730493308	-5.86040085459267	-3.99988339735888	0.143515665386049
NaN	-0.386902168848719	-0.373009913560881	-5.16654161985186	-1.78360962457507	1.07329541624364
NaN	0.139183488624599	-0.512095235129602	-2.69169727149213	-1.7675255203779	-0.820142232626722
NaN	-0.453150502651288	1.35406634080307	0.532893006057533	1.11115603502027	-0.126813602692242
NaN	0.21285296699926	-0.610333331717476	-2.19544011509135	4.41059703255195	0.422877944193435
NaN	1.27194929442106	0.404330662358323	-3.46750098737888	4.05576286232397	1.65353549792665
NaN	1.92933708674194	1.01243935015681	-1.39609244222102	-0.163902675085838	0.692972328085746
NaN	1.33264661007362	2.32352378948201	-1.38438819108827	-2.06086523698029	0.947280259785208
NaN	2.4156767453097	0.544196418118828	3.90127124411132	-1.07509740085701	-0.811756143002801
NaN	0.911834804864693	1.20464766168955	2.03601707328132	-0.390404196138151	-0.00334347589969424
NaN	0.439567473965933	2.15714344186761	-0.259778001843571	-1.32804685050876	-0.286694579557459
NaN	-0.60626982073706	-2.06592389798558	-1.32078848385498	-0.856950893939828	0.190687674239156
NaN	0.161375324415825	-1.07321823193556	0.691855871307871	3.87359008955179	-0.49857869640439
NaN	1.4101555282247	-1.65860723636786	-1.29614934291642	2.72531371572388	3.20217851255367
NaN	-0.445683210352431	-0.482836151613947	4.33469218504527	1.11390843957777	3.98279457899889
NaN	-0.237910773294193	1.6319636067348	1.85735038602197	-0.185399415921567	0.943134511636516
NaN	-0.24443492470672	0.0961533022313693	-1.61269623967661	0.0948289125953881	1.24037623000382
NaN	0.830081749541266	-1.25195530740062	-0.711903001194356	1.73130571682466	0.0439679082677035
NaN	2.29577380606756	1.00575009803117	0.344646676164302	-0.998624870094649	-1.19895403476311
NaN	5.97433295192622	2.06086098587491	-0.000446581778175525	-2.52290980026	0.965053918880781
NaN	2.3396453941948	1.0557218840593	0.430414999731647	-2.55823274831669	0.922461490339423
NaN	-1.91441367652467	0.577572319130959	1.96414327627249	3.1717434650438	-2.19535509829238
NaN	-3.26006189286854	0.726854744380715	1.24173586446822	1.69476750800719	-3.58626134286464
NaN	-0.876645787090763	1.5970043694433	-1.39113566667747	-3.16916720076705	1.12064012209356
NaN	-2.02781110088763	3.57557217537871	2.11741112608399	0.532348971123453	-0.751893331704549
NaN	-0.949221672392591	0.867995059522933	-0.459328657610302	-0.707053235978036	-2.21522954357635
NaN	-1.77896096790795	-3.12458943518694	-0.0257166611974932	-3.01745764115871	-3.62525035488812
NaN	-0.540786496004874	-2.14592835280244	-0.541639016220783	-0.435159984221219	0.767009089888385
NaN	-1.89169622744072	-0.241119434643181	2.12712799536169	-0.287644931110552	-0.396528128487143
NaN	3.60832235030431	0.514199885453373	3.74548663388077	6.60777521985579	1.36879189017879
NaN	2.47546847805979	-1.49329591664788	4.4306559121342	0.750231947894714	0.40402212803723
NaN	1.21486500939745	-0.488535894547158	1.60546034538556	1.08527546738115	-0.149365176198676
NaN	3.73410953005147	2.36560615190586	1.36545264470708	1.68010192350851	-0.460887529486191
NaN	0.954337803336993	0.46359676782013	-1.95343612698257	0.808952698494237	1.01817058229332
NaN	-0.920574678056898	-1.04401492028376	-3.21007846477202	-0.409619297439699	-0.0843797998222176
NaN	-0.715704410965653	-0.348699180034745	-1.71705725077215	-5.1408057960039	0.22445210255172
NaN	-3.32833480148867	-3.85238667045719	0.739678245622153	-0.553934161418226	-3.78307936326898
NaN	-3.36925809144658	-3.61418935993735	-0.00640766968772793	1.35310346366638	-2.95531002224753
NaN	-0.923658248212131	-1.09804965365578	-6.04434457742643	-0.602219702312775	-2.56294749915877
NaN	-3.16717725430108	2.91355490641557	0.470209219068618	-1.23454201219918	-3.58943358931279
NaN	-1.25655123631992	3.30681059255292	1.54124255424656	-2.5860127129367	0.296958609773723
NaN	0.644223982749595	-2.06667678536395	-1.94827857872761	-2.54901996800289	2.12522477255754
NaN	-1.70673481472077	-2.40747427302129	0.0348808918521487	-2.91362524833948	-0.681070567912734
NaN	-2.38351685663848	0.0889943859104848	-0.592597536846214	-1.50428105672289	-1.65838200444853
NaN	-0.930013391471925	-1.79224995781342	0.516334151314354	5.13095791516262	-0.29825436050254
NaN	4.943960878881	-1.08969620727505	2.27940536106682	2.37179349868566	2.03472151654833
NaN	2.24991003310655	-0.827738525958257	-0.371491473781006	-3.0650958069003	3.0884132340622
NaN	-0.604790075539656	-0.48218846276791	-1.86362402862253	-2.67367973412122	3.03709951740319
NaN	-2.51172572004921	-0.0922867538233226	-0.157093461355202	-0.550845122137873	2.27848080640635
NaN	-0.253062644909878	1.49546485855978	1.61630496096944	1.81304973663454	-1.98252912991581
NaN	0.304513731304506	1.14376516555055	3.82049243065262	4.04625720363262	1.30844090114445
NaN	1.19776951563531	0.389652398039653	1.26486192771745	-1.03801579549125	0.902486363977853
NaN	0.622357288359972	1.92747907907149	-2.46135422539038	2.61873130410169	-1.2717969200515
NaN	-1.54641425650777	-0.844970457519512	-1.62463571032949	0.458638523135979	0.122725610829439
NaN	0.102692955811755	-1.07974332130874	0.97148936531912	-2.12856884184442	0.743044986050133
NaN	1.20047981067327	-0.074520033715874	-0.486089542960458	-1.86338394054517	1.50249452815456
NaN	1.02931243798504	0.22389678035862	-1.20867622718643	-1.56697172062429	-1.13187534798385
NaN	2.91391136481664	1.155436294112	0.985965114645428	0.717513180805351	-1.70404731184599
NaN	-0.501977783275822	-2.93235511025291	2.31967518104756	3.20973309163928	-1.7652774298582
NaN	-1.68252717452916	2.30624732731953	1.6830851400263	1.8905079111601	-1.15747690618719
NaN	0.69144062508732	1.66986158349322	-0.335591672400229	0.538881400798344	0.15981745355047
NaN	-0.0824797914072093	0.671549876257817	-2.50604792925312	-0.78575505296842	0.629715763877796
NaN	-0.56190643837572	-1.41690578055329	-4.65299887135885	-1.24209634895912	-0.370444104010027
NaN	-0.272536540006965	1.55001747333246	-2.87721592014447	-0.345062357622304	2.40826934149077
NaN	-0.838870870514685	3.06594230933701	-0.0241611081156602	0.612116544607851	2.10600051279491
NaN	0.847776802392904	-0.532991737699274	-0.931021307028816	0.998149189049875	-1.22726099745021
NaN	0.588456549819749	-4.19500173240465	-1.58097046029687	1.80972451770521	0.790232069124569
NaN	0.0536151323372222	-0.531068010739347	1.63120538383749	1.98046991117701	1.35643522895248
NaN	-0.807030950347085	2.95546500152395	0.0313582262897779	-3.24074275749345	1.95224088744426
NaN	-0.056473861843307	-3.17092379121127	-1.13098165857701	-2.94032663741862	0.643447191649814
NaN	3.26782800128392	0.301372466544113	-2.57510330537398	-2.16776725522651	0.244905442555872
NaN	0.438821927533093	-3.87008458515394	-1.70217022106583	1.49895224258525	-1.30542508092858
NaN	0.71128079856151	-0.211500347519711	1.65741647025313	2.94754496964644	2.01731363209343
NaN	0.251061734275568	0.0010698022859219	4.67443629348676	3.81327474336894	2.95614523841094
NaN	-0.988248818306155	3.15893600507919	-0.256152463861721	-0.599677634988365	-0.751325271469508
NaN	-0.381702746373135	-0.324182531027786	-1.54416835670201	-3.87700098554632	-1.84226718062485
NaN	0.0193364271471	-0.979637495556473	-1.52889775991151	-0.237758453356568	-1.18369419643172
NaN	1.95677709581975	-0.91463107631601	2.51634378115196	1.0902818987077	-0.483710250428749
NaN	-1.82527084434397	-0.720512194963097	2.58414688624471	-0.020086322895736	0.75903801500583
NaN	-3.12080948998011	0.945741750330094	-2.88487730123164	-1.86499945019672	-0.166983737580281
NaN	0.622057107024328	2.06936032257227	-1.0240380079518	-2.32642823793652	-1.95378823980825
NaN	1.17988254733769	3.59240029342515	-0.587770018658487	3.66548411862274	-1.46682456945124
NaN	3.43253657738847	0.124057456745942	0.328822981931213	1.65725797136241	3.45128300546292
NaN	1.31407644156987	-2.10180233048967	-1.50827920399831	-2.82721278672029	2.99557889766589
NaN	2.67896418545801	-0.102517081668016	-1.97457923399112	-1.43354535336859	1.98617716851493
NaN	-0.0642519571256644	-0.689098038362407	2.29100995467815	0.180224913956505	-0.363877864293895
NaN	-4.20043361449533	-0.717659729741607	1.57097226475806	1.53394382248509	-1.52101002404434
NaN	-2.47358898994352	0.728875656652503	2.1679432533576	-0.634483614306212	-0.953319794074594
NaN	-1.86184615850032	-0.268352949480819	-0.829671759271202	-1.40475741691318	-1.70012824649597
NaN	0.621667317659616	0.954716273470321	-0.992436983188622	-1.46992474985799	-1.31252980937235
NaN	-0.977006141987857	2.46165427789292	1.83945509576845	-0.131613279112733	-3.85257748711412
NaN	-1.23547589080176	-1.72745644568879	0.378908386690817	1.81728746192797	-3.83132120309488
NaN	0.325741837968475	-1.6767336686291	0.676007396194087	2.54569190907437	-1.68616861763864
NaN	4.46469570354785	2.37525662630741	1.3161234016697	0.106841206936722	-0.264795133331435
NaN	-2.33930805615207	-1.16924756575458	1.01187375324033	-0.884129625496391	-1.07824425839335
NaN	-2.52558099531074	0.198604670887807	2.93811354496738	3.31921086527477	-0.801966449697614
NaN	3.01073471098813	2.23394584405494	-0.492860883100458	-0.799364954290552	0.313855922813829
NaN	1.20746528197006	3.14925874539797	-1.7431668990973	-0.200117062149157	1.46256166398291
NaN	-3.83454585718736	-1.36492651207084	-1.03749104142285	-2.59945608645954	1.04999306935613
NaN	-0.737453951334311	-0.333240107794323	-2.52947819772681	-1.43224622399464	2.85366368556591
NaN	0.0824671854728093	-2.83713977350484	0.604892494253821	2.4284590332871	-1.92866319587874
NaN	-0.538415184017539	-1.67992398057425	0.112718368362825	0.460995526552341	-0.474393205147924
NaN	-0.399253065840965	1.64887109079029	4.50381422524182	1.43368556170175	0.338481399101517
NaN	-1.19473840966655	-0.862860836874018	0.538134639086155	-1.06138347872801	-1.3857924533519
NaN	-0.677470553381119	-0.587454677043612	-2.94800069107982	3.28926589716032	1.42303276553691
NaN	0.78814712905364	2.06922797762746	-1.9867495400123	1.73809848645138	3.09798654388478
NaN	-1.05142975818376	-0.681428943010543	-0.0309749593188755	0.0620589237626615	3.19678838262248
NaN	-0.978869285063338	-1.23096575723118	0.779741226698334	-3.63910064158788	0.268982906673589
NaN	0.931401809454477	-0.120708439699941	-0.426540468720492	0.878502687829769	1.26854893300535
NaN	-0.670737115232611	-0.244144416835728	1.99752012259792	0.643948053803199	-1.85840198192692
NaN	2.1240763267232	-3.78592139727389	-1.14141280165631	0.61530607025368	-1.87050961425349
NaN	1.1840049135638	0.221036642476719	0.0778321381579335	-0.0602481472141455	-0.923032565057673
NaN	0.669422795527478	-0.934255067849258	-0.283240726965926	-1.90090122081663	-1.47265027244016
NaN	1.57982164525537	-0.429743938659034	-0.0938802477133174	-1.83530630252367	0.0690161081627808
NaN	0.199092525063801	-0.36019766180013	-1.12278999508879	-1.38073556936837	-1.91772581800014
NaN	0.36651059568155	0.652060142407478	1.42595457528463	-1.95727242970633	0.32207017460351
NaN	0.94913111596233	3.31091369455832	1.52930099224724	1.10695206322174	-0.984879305776395
NaN	-1.72189863553397	-0.551674768998296	3.51564363313926	4.27774790450033	0.486199222238821
NaN	1.37188658311333	-0.564178990607295	3.31749843933744	1.32492238217042	0.337273288571569
NaN	-0.704453681128603	0.893140500093934	2.09792662439083	-0.358271119894866	0.856096573852678
NaN	-0.0836527081256873	-0.419506270441873	2.36293623321528	1.29254833142484	0.441454472689705
NaN	0.221668478543492	0.993828607018875	-0.46501875837375	-1.22063064135953	0.186561330918392
NaN	-0.436237771688397	1.81696327441919	-5.29442366261839	-3.97042036834156	1.91029296999715
NaN	0.971130611190592	4.11474094799683	-1.65397597300775	-0.843009389159783	2.38658901535608
