NaN	-0.977269521402538	0.0631591124503391	-0.325485678858037	-4.34267187006854	-1.2061457336787
NaN	0.143920305475692	-2.24225492194967	-0.809748593831026	-2.03267667429622	-1.92879236979028
NaN	-0.116130998433018	0.375707437108529	-1.81928905143661	-0.416180889410375	-3.30872730050821
NaN	-0.31461041618003	-0.903604559913888	0.970296386681745	-0.483384658273154	3.0081441248443
NaN	6.98237970221359	3.18636266175583	-0.11279757856282	-0.27494634308227	4.07531457168608
NaN	2.78024272939268	0.629184800089682	-0.540636262268451	1.81962308253849	1.70135024536053
NaN	-4.16863842764654	-2.2821123744583	4.42819119166993	7.16027876664761	0.998241430321387
NaN	-4.90709704927386	-0.298585082926213	2.4805152038187	2.91399546755515	1.30323774596326
NaN	-2.27354588886573	-1.19257422059533	-2.76414056472478	4.49776388896524	-1.19187598937682
NaN	0.0731072612525164	1.01138575250662	-1.4820102302296	2.11821517180362	-1.8634239925097
NaN	-1.05827539755439	1.06844164506555	-0.524562122375096	-3.88011104761187	-1.66760666568799
NaN	-0.19291758032906	5.23492308841082	-0.13816765885376	-5.29166054921518	2.84121999831389
NaN	-0.49002427571084	2.41516866174373	1.16723790494617	-1.10411254961055	-1.83403094637405
NaN	0.435456989610269	-4.71914211162288	0.202989571427427	1.19741676134825	-1.42309412254515
NaN	-0.379132530437998	-0.254269534858578	-1.20608128799072	-1.56094044978133	-0.284394168965019
NaN	-0.0294195627528203	0.424010268109401	-0.102027177736299	-0.653024273015887	-1.01228690034172
NaN	2.97387459696244	0.937370239911263	0.572927828624638	-0.9890658880548	-1.3991476499946
NaN	6.01631664639371	1.09170826179068	2.60317857399905	1.03547764805587	2.81132256572605
NaN	-0.548789806604258	3.89547627151415	0.156667455321563	-1.44630743583758	0.662043021742338
NaN	-4.02762368498613	-3.64359102402854	2.02743206457251	1.23683343884959	-0.812977190322154
NaN	0.0914516681702465	-5.69970706928412	2.41006631266967	2.35055364580611	0.250709393667596
NaN	0.0392558395946228	-1.59882048471537	3.48157374540185	0.412321247725738	-0.886249422388853
NaN	-0.294094453433918	2.82101746066084	0.21973786134666	1.12800521617275	-0.351477175087979
NaN	1.00721422598107	1.8551049522163	-2.85957026432644	-2.72188592347356	-2.41615223139525
NaN	-1.51015331665258	0.375621501189665	-4.96556998731789	-4.11764381000742	-2.73529277335798
NaN	0.238094904821551	-2.77734281434476	-3.65020233985783	-1.37190488081957	-0.444853501578451
NaN	-0.418820527933512	-2.3516661933631	-1.89540338675513	-2.92641583894345	0.694043373438109
NaN	1.7870620622789	0.478769304644727	-1.84658496585886	-1.0730059476433	-0.35039565666369
NaN	2.09288180364168	-0.403040549553451	-2.59747269048198	1.89149210065301	0.478201801091593
NaN	-1.2285303630736	-2.94794697607704	-2.09172143517217	0.1416261073916	0.184080357141718
NaN	-1.86093609660222	0.600473104463975	-1.32639777342375	2.5876002572767	0.663328131462076
NaN	0.118526727322064	1.62100199455525	2.04270755771173	5.82162612512584	2.56489507220097
NaN	-1.39500795674327	4.69442425995154	3.15140880607091	1.9802674711215	-0.149867109800865
NaN	0.0725425060833765	1.48518055474928	-0.362123037771365	-1.76538125857596	1.22803865974806
NaN	-0.1381787878976	1.5823043868334	0.717740876449118	1.79203925179909	1.05069688436635
NaN	4.67861372341149	3.47763634789701	3.90976860274392	2.74211583615655	3.48143476970361
NaN	4.62516761567291	-2.079927540129	3.29593068201476	0.34331312304994	1.42598544643349
NaN	1.8407201708274	0.658023778492405	-2.27720709644593	-2.70375639239662	-0.430888904263863
NaN	-6.08889461027568	2.2677508587944	-2.11788263045321	-4.25232229946036	-3.10255881633924
NaN	-1.38513318041093	-6.71971399752865	-1.7944834212096	-1.8841318343421	-3.58098241539825
NaN	-0.923910444140341	-6.47278259884873	0.978289170493244	-0.322636355329185	0.057281302552905
NaN	-1.27039343293136	-0.963486570292531	3.49573149502447	2.24363991381976	2.24812163612804
NaN	0.59366066922969	-2.82659387625702	0.0430307874762605	-1.04702648581195	2.75474654673534
NaN	-0.413362176125465	0.137367506027974	-0.772609302160768	-2.7956286208301	2.55429526175317
NaN	3.75664497095074	1.07665574592311	-3.10108092342858	0.882615671750574	0.339683856898465
NaN	2.21240604965165	-0.235751644153294	3.11079465038532	5.39580741991258	1.22953312659707
NaN	-3.10953801915813	2.58318355782094	0.620436856725323	0.834701310002719	0.202007039023148
NaN	-0.785434158913447	-0.222596934405559	-1.65773262190587	0.384771450099938	1.54854166765065
NaN	1.81051144754063	0.0449514438236024	-1.77287940050804	-3.29823155164598	1.39406331772499
NaN	-2.77454854980749	-0.46798748150158	-1.83554543474765	-1.70727669612878	-3.82268450856839
NaN	-2.16123985768371	0.140325775418483	-0.289950409349561	2.20637276038172	-1.92364606731965
NaN	-1.45981525871721	0.101324753788858	1.22304228278722	0.859356702008554	0.504486250926327
NaN	1.61850166222565	3.12853564732366	3.3950635705805	3.25806666217796	1.91079217878214
NaN	4.83017888293175	-0.394626024107872	3.4536917377764	-0.84074133278533	-0.90775471997335
NaN	-2.24704462041419	3.81969421415492	2.0984539792494	-0.511349263071028	-2.78054086158339
NaN	-3.09981943450983	-1.10137972671686	-1.14540317750773	-0.00265319960825148	-1.86216956022217
NaN	-2.781545170535	3.71204296315364	-3.14456546394456	1.56138494207409	-1.04322135095901
NaN	-1.57367757825626	2.82435386179016	-2.56059864903483	-4.32835916145397	-1.80150362146222
NaN	-1.9113051827825	1.0764019493048	1.43121844911719	-1.06921313640135	-0.426801304189105
NaN	0.119502378082859	-3.75959043398518	4.08688022174928	-1.15462020134182	-1.23743009057101
NaN	0.371233782877164	-2.29737000536855	-2.17220818750482	-0.495820364778044	-0.567454294876852
NaN	-1.19174972008331	-1.58986224639341	0.137759249054196	1.28571055290596	0.602606328504386
NaN	-0.433566800542314	-1.13635947252747	3.65633125986562	0.0298478215290381	1.556344749469
NaN	1.15749417673443	5.38751223807037	0.0631381568230415	-1.7134685098352	2.72615065127208
NaN	3.28005540279325	0.126399933401732	-3.29952131754691	-5.96881822445632	-1.82937505064766
NaN	2.02414459848731	-2.74781547617904	-3.53276451613637	-4.37591242549676	-2.02161743341397
NaN	3.40748355072541	0.447428194960062	-2.81654789560401	-3.6538959981681	-1.38133435440978
NaN	0.666116200692579	-3.23723552617304	-0.137585126785026	-2.79826238543019	0.517952152472793
NaN	-0.0640521028096823	1.11790908559263	2.0292031180586	0.620919260499479	2.01367530170673
NaN	1.3847156182188	-0.79491285127333	-0.960739463420251	-0.458618701586139	1.54005707113597
NaN	-1.43462955601149	-2.37727220484431	-1.77114329241878	-0.79566647467059	-4.59956986902103
NaN	-1.6212553502665	0.0829025438672066	-1.41702174716257	0.0557383527330686	-5.37247708318011
NaN	-0.254781917761834	2.87572752151722	-0.105542742717938	0.61717002516996	0.948909780887348
NaN	-0.0974567606313836	4.3078523619205	0.359215319106122	0.376199867259426	2.50308967315645
NaN	-0.856345182546816	0.625190280347238	-1.31774904979852	1.83457679508532	-0.517044648939793
NaN	0.0199114006506303	-0.762115722228567	0.7434877142775	2.21925515789259	-2.37810205272709
NaN	-1.58189766342131	-1.61978249055213	1.13599555908393	3.96081196513702	-1.10952386766122
NaN	1.93838325043909	-2.24146030351088	-1.17323898189386	5.72230112607824	0.708624955006249
NaN	-0.268085004210888	-2.32525455022424	0.794666767766843	3.97304775642559	-0.901261049449991
NaN	0.221155878903075	1.14617865776498	1.54764148971993	0.76527834978277	-1.51593045791393
NaN	-1.09329275321721	0.606960464078165	1.31091553219613	0.247612154624657	0.142062035152424
NaN	0.721872345935416	-0.952515183036139	-1.8366161533471	1.06018701733978	3.69093933800895
NaN	0.21262514184727	-0.844562679022065	2.27060987166211	1.18898850831537	0.335610403921008
NaN	0.297256089876232	-0.361824560260143	0.736625822975263	2.90302461346842	-1.19139194844318
NaN	-0.984617036337441	1.65578748373602	3.93056214355142	2.32779445968028	-0.1482315559486
NaN	0.513943878647474	0.369966316764416	3.36029366193994	1.13248131755844	0.658001864789541
NaN	2.46362104684442	1.21720523044888	4.62313449631225	-1.52183320885434	1.05406196830012
NaN	1.98030373911203	-0.777085965749811	-0.85785380358975	-4.31731050792774	1.79447815580587
NaN	-1.29586787590255	0.782411966778644	0.605170149612844	-0.979737884905089	-0.0329488765875365
NaN	0.0383783862707177	-0.144039473887373	0.0179597786611674	-0.99937473487552	1.44187871787268
NaN	-0.926724055385741	0.813953189159268	-1.41099580562695	1.17422325023289	3.53438947226495
NaN	0.776245110420398	0.719342187101837	2.98201884285962	5.74273558114145	0.696979229245417
NaN	1.33026402050709	1.1363496686397	1.64470994160218	2.0657494463923	1.20956962002787
NaN	1.26390780247861	-1.94814232227412	-0.641019307715174	-2.68150759933581	0.967727747743183
NaN	0.777768166214292	-1.02077352237432	-3.38888373125296	-3.60117772288465	2.42536106537222
NaN	-0.875077814344009	0.468226794351579	-2.91472590698542	-3.29720992070346	1.15320985812393
NaN	-1.23055096098699	1.66038509728423	-4.0735666102014	-2.26824097204206	-1.26816905551166
NaN	-1.94348538703214	-1.79478110247182	-4.47121679975919	-1.2782152451985	-4.79031780796886
NaN	-0.642181817098061	-0.560418400982856	-0.495665316240959	2.28103992225823	0.427600007313181
NaN	-0.940317114423567	0.79008494191188	0.625359239205427	3.28200912966312	3.91580644717933
NaN	-1.44689958508342	0.303318762585272	1.35315125729696	0.691564546129121	-0.874287753737287
NaN	0.00973524318425536	0.0686111669636533	0.269127977944914	-2.75292848104094	-3.91559769771402
NaN	0.722406510384391	-0.155080400132927	-3.21428087149914	-4.67466383448903	-2.20017323396874
NaN	0.554183529615389	1.13724942743031	-1.43199147743076	-0.242951705973648	-0.999481604329785
NaN	-1.15520342020666	0.0622271409004939	3.26912718001906	0.668717369737334	0.600375791198127
NaN	-0.179283341424705	1.07978682402885	3.49271153247728	1.03911154772293	-1.04816459197563
NaN	1.14262980605125	-0.625766649388643	-0.347863921030197	0.640139208327058	-1.32305364083482
NaN	-0.167776402757027	-0.164158957501354	-4.56792619540946	-3.48725095883876	-0.337025043277663
NaN	2.47160041940445	0.884327289016283	-3.00525286271485	-2.07757806633471	0.700582563600831
NaN	1.03897626665935	1.22316172103637	-2.8243959968229	-3.0173830436353	-0.485929016288304
NaN	-0.14927245739954	2.07297644356336	1.82443367651719	0.53973959025573	0.317092947682399
NaN	-1.08865438470831	-2.0841899781041	-0.0171005767548052	-1.44118598990881	0.970762994239034
NaN	-0.70381241348173	-1.11470195537795	1.86308259390881	-1.40241065576807	0.380160461805709
NaN	0.21070741799525	-0.0792244891147991	-1.44377887517131	-1.40232590988524	-1.10240123231939
NaN	0.824269494585855	-0.428036890177605	2.82232561123061	3.37933169844718	1.64705328357704
NaN	1.36948187761381	-0.864883544527388	5.50125827430598	3.30079617183306	3.35022672385966
NaN	-0.251186960747995	-0.240775813471727	-0.172273026284775	4.26178859238816	2.14766511343783
NaN	2.03573232579167	4.24424193897445	-1.60775347781267	1.98873687128679	2.40151396293697
NaN	0.889399348283534	0.567777913933567	-2.68661333865858	2.28758850829513	-1.25656553197182
NaN	-0.149171006738132	-1.89185065234889	-0.256604283118944	-2.55236441539651	0.967104911419301
NaN	-2.2783745216984	-1.80581147134356	-1.49597429041652	0.197835896438384	-0.401612363196921
NaN	1.1029136486772	0.449299054677665	-0.571752466327376	0.510241882752645	1.19957856832705
NaN	1.38829208441962	-1.11524257263	1.1722360643032	-2.47778611824311	1.04385234272646
NaN	0.0548573220202085	0.748555149334948	-2.04684501615199	-2.13044961107241	-0.0570829380513065
NaN	2.4169628605143	1.8890562149907	2.82343423268475	0.209022752978249	4.03087586650745
NaN	-0.677455915274158	-0.422553328426705	0.139483200273455	1.0617974545578	-0.764584557360279
NaN	-4.44989582797444	-0.731877539199928	-1.02473650726927	-0.691599595204535	-5.31947553389083
NaN	-0.130405585341502	0.963284155203329	-0.574383024323247	-0.226631323105973	3.06436699732125
NaN	0.0508633411004523	0.517826062440121	0.437200757028961	-0.846093677326429	-1.80398422306437
NaN	-3.55259628443348	2.37587024140235	-0.0409894938987006	0.624719572090439	-5.67287999296832
NaN	-2.04782036430319	-6.09134485404019	1.52742268655072	-0.0125460612300128	-2.41697249152583
NaN	-1.06919362285036	-2.717767851837	-0.0114946822326543	-0.124387647519759	-2.66746176452711
NaN	0.113022153894861	1.50476055420726	-0.107636207904605	2.38034229354483	0.307380667384327
NaN	-0.195357087892305	1.12556987852085	-0.523701218306229	-1.81403816569088	-2.24024762261745
NaN	4.06006676801486	-1.28237822974781	1.06053567532267	4.92513590258912	3.64681493567793
NaN	4.4292333379944	0.300825457212969	0.641785663587933	2.13966012622542	4.43863556657283
NaN	3.00604409997664	1.73009185298015	0.743633169417511	-0.25605657589404	0.338098689686341
NaN	-1.57191452768559	1.5590426644973	0.859378169620246	-0.680989320933977	-1.39811835240697
NaN	-4.15976600666225	-5.14595260744374	1.23369554410039	-0.615513336100985	0.891322984534402
NaN	-0.130338868326259	3.5659407863493	3.90679753754445	-1.23616479424594	-1.02447257332211
NaN	-1.70177668596992	1.6136809397903	1.21054701965403	-1.08937296059151	-3.71969890105828
NaN	-4.46262312136878	-6.67304119928859	-2.46292148340794	-1.17392417786554	-2.23165324005161
NaN	-2.96937748955471	-1.01323004870946	-1.97953068721277	-2.08576810753832	-0.671107045711164
NaN	-1.87462859543183	-0.58898956199622	-1.02349245978359	-1.18748944322331	-1.48238435724278
NaN	-0.655798143573259	1.79970389221889	-0.817803018173401	-0.170451901947934	-2.47681940343145
NaN	3.67694324906519	-0.268851823245378	3.45615782974345	4.148634159104	1.51688706297115
NaN	1.80908121256	-3.0870303935894	4.04128486773516	3.86403180478599	2.49990299868794
NaN	-3.07626592495462	1.97644279124137	2.38098498602207	-0.691028589907393	2.27713426542026
NaN	-1.24114335550643	-1.97309391286216	-0.208768607092145	1.08236328110657	-1.04081256730744
NaN	-2.17715023024228	-0.635743929644414	-1.96700686096625	2.12895147020062	-1.17540219278495
NaN	0.110595765480049	1.85487609931216	-3.63607715903479	0.686126891116214	-1.55183657952165
NaN	0.36445654331356	-1.2190218513235	-2.01304724476542	-5.19335606387715	-0.98654743832907
NaN	-1.68923668017821	-2.53818543184161	-2.6635160236486	-3.43659046391994	-1.00838324220759
NaN	0.849491616331205	1.27744833479644	-0.490400320824524	-2.70069757957201	2.36727841744529
NaN	3.15095817238972	-0.627434843887533	0.373175293308804	-1.73573673610035	-1.47700177478577
NaN	0.46296887031924	0.311660922373485	2.220195785765	0.274382420279572	-2.07098221947839
NaN	-1.01231642672755	3.17556804320566	3.00606916344065	0.38665679325279	0.382520187876543
NaN	-0.543348470359534	5.53891627835538	-0.698340005596386	-0.958199674627096	-0.247780555449674
NaN	1.50378347513039	0.977307199773754	-2.10023037612003	1.77931056752905	1.22383882697172
NaN	1.7370830826861	-0.227365652342627	-4.13344835153129	1.74916105887716	0.875341433395129
NaN	1.53005187065806	4.66646592728978	2.68266103672848	0.444609152198182	0.500295318682246
NaN	3.15049648897301	-0.216992588928731	2.55037211403663	-0.544727320474856	1.26900833523578
NaN	3.45297362723404	-1.64973822565829	-1.96567258815343	0.00595766048351611	0.841428161914671
NaN	0.357411916881052	-2.04930000068215	-1.17364192583411	-2.09093402269433	-1.57055519237798
NaN	-0.721592100387922	3.06491477770192	-0.494059449954729	-0.976922555904474	-0.494486832646119
NaN	0.520986594561191	3.26121090285018	1.18804118774137	2.49495620645155	3.33646361044695
NaN	0.312717809837378	0.943217163954455	-2.17611397533288	-1.0740944667886	0.848274509626498
NaN	1.20024372374705	-0.028541883944689	-1.84133882833519	0.571993885585553	3.11018373073599
NaN	-1.49351050235056	-6.07943775984322	0.263355489695324	-1.12507070613961	1.65095460456866
NaN	-0.208197577742557	-4.67517650886438	0.226792239413551	-0.467567927218584	3.55259121280546
NaN	0.160509755306246	-1.10987499478479	-2.45237551405151	-2.92333933992752	0.396213457598682
NaN	0.547966489802491	-0.749553875427724	-1.31004632067996	-0.0360109068400244	-0.787587335570814
NaN	0.375601006439555	-0.302335899992129	-1.84362823758895	1.11980017174289	2.40281332786518
NaN	0.677817138764826	-1.03267015422854	-2.4375117464042	-2.27744577607241	2.02651280453726
NaN	-0.343547421025824	-0.772091961453889	-0.658411602655405	-2.88636706413254	-2.77654244667415
NaN	-0.948926753312308	0.344500665794477	0.38154009002919	-1.56699590818379	-4.08217906795995
NaN	0.921746434373861	-1.50997430440842	1.01793567162419	-0.82346277081189	-4.94940156809649
NaN	-0.504452039690088	-0.201165971327975	0.161859334468299	-0.248133960714458	-1.18979766865559
NaN	0.21761083861251	3.08215780871721	-2.07120341272166	-1.26692914696236	-0.626257219089622
NaN	0.324973395270901	5.65821521234524	3.06534559550474	3.58171255844923	-2.19327564643564
NaN	1.09552295330207	-3.06315082797773	4.73387313236084	3.06772263350127	0.913976545888407
NaN	0.0561689906599966	-0.963218382805651	0.44482287607033	1.85452827713299	2.82241739100055
NaN	1.99475794179759	2.91935718250157	1.14522328725701	-0.826127922723164	-0.0934915196251646
NaN	1.83620410494176	1.18832718019304	1.98343374397474	1.36673755048923	-0.342050843935239
NaN	-1.78981050326931	0.155651039103316	-1.84183839353464	3.30410713654595	0.51211097927057
NaN	-1.05068254538768	-0.586291186499389	1.30632353437835	-0.236898398151423	-2.6220483387406
NaN	3.61657495079925	7.48807147206178	-0.841864999795572	-2.35725680946946	-2.05693473583571
NaN	-2.13875709123237	-0.161797700730145	-0.70646094499275	1.85697663638051	-0.889797898501958
NaN	-2.05996625124606	-3.26022311601075	0.804013139240577	0.309098043119918	0.301803791174209
NaN	2.05248065963982	2.31166400226093	-0.483628272368525	-1.08800448684115	0.0590239627918657
NaN	4.34151127715486	4.41673623585315	-0.460742917309096	3.06985924324113	3.79754762759255
NaN	3.36907329586791	4.23244703603572	1.01196520683985	4.79247402733116	3.21921734896233
NaN	-2.84874359116551	1.30300963672593	4.91248872684423	2.296858315356	2.90624520344252
NaN	-5.29078076737724	0.482779354932038	5.36044194957602	1.41841289865194	2.83387429896544
NaN	-1.02279992528549	-0.560242371321438	0.731586590978917	2.69207457331555	2.96662039178824
NaN	0.638263597516027	-4.45658752873093	-2.66026713838061	1.86362945775979	1.8202706308792
NaN	-5.47325482387367	2.30392738302377	-1.83253777785873	0.0930530630666227	-1.09044272415434
NaN	-0.515032882603563	-0.253280225462472	-2.17883855894974	-5.79350008198255	-5.18546556492962
NaN	2.56007465693617	-9.04137600818146	-0.774773853590878	-4.53879724421269	-1.51120233365055
NaN	-3.23470281593422	-7.32558974803236	-0.893689397310384	2.49440570863355	1.31807855775509
