NaN	-1.59361458145329	-1.31534577708085	-1.57140202566353	-2.3917594876922	-2.83094575620894	-0.135725555866898	-0.445932499201929	-2.59622422504056	-1.34112359318798	-0.885351191075895
NaN	-1.13685246339675	-0.666147881628658	-1.51401622004814	-1.30728886078013	0.558405355885661	-2.48787067798597	1.80556018986676	-0.877256336758066	2.69102642012056	1.07077069004814
NaN	-0.466369729621676	-1.17074664511122	-0.435195394914307	-0.907401608878669	1.34871743998123	2.43394678218826	3.38702749125091	3.03464524475324	-1.23492547679659	-1.39479641412237
NaN	0.903012778237432	-0.716188792124258	-1.13151520021254	-1.16826176209838	-0.932681596156226	2.64919585555757	1.24639982430295	2.60776222769126	0.47866235444382	1.01847860163925
NaN	1.42501031899588	0.389245570163062	0.547974187784952	-0.589840107537736	-2.65218190619701	1.36339487681113	0.917630234478765	-1.99337463753716	-0.172302252473826	0.675359474371121
NaN	-0.255767606548007	-0.319805909226855	4.72693761174799	1.58791762721847	0.350616370066128	-1.783371032729	-1.9599694280398	-0.671785536483451	-1.12510932910971	-0.603644560869984
NaN	-0.703259116683163	0.718040260353899	1.59928932815113	2.86084530145639	-0.847894720773198	-3.93532658647103	-2.6241022819786	-0.113523007014526	-0.976892340948187	-1.97879466747196
NaN	2.88402541759134	1.18290726257502	-0.149742444957584	1.07241538952345	0.0367241689442904	-0.602932496041827	-2.95480738428533	-0.288165159035423	-1.94089633995183	-0.406071508234996
NaN	3.29421185067699	1.46230659201118	-0.348652253070198	0.0723062976844396	1.05300817406099	0.769834863706972	-0.693611593349407	-0.856326771238329	0.434458175021163	-0.381631118990503
NaN	-1.53692313798112	-0.966260238041011	-0.933067379005229	0.901657297481545	1.47013944112021	-0.461212298590478	-0.736497301938954	0.365005621926999	0.318283641472221	-0.616116921170511
NaN	-3.54606213839159	3.12140143266708	0.114506655708773	3.39512537770455	3.13744703624952	0.0622984277413808	-0.577754032363914	0.255407084678863	3.94446930929916	0.476846446955696
NaN	-0.742323302430052	4.71222431744059	0.0588511335284285	3.3865734111812	4.74899294760417	-0.118625362816564	1.23157506726949	-0.121174517891228	3.42060763720579	1.34725371824803
NaN	3.94054329957535	2.88912866504917	0.997340308995558	0.103300292994858	0.747064225053634	-0.0660408764022368	-0.237215591028076	0.314044889167484	1.8947744334856	1.72234719088646
NaN	2.90369373935911	2.42338922768516	0.0705271322244915	-1.98603348227463	-1.6772608847571	2.66543175509561	-0.0726135136432406	0.407009507541593	1.33879715652713	2.37305670568812
NaN	-2.66654840114261	0.599357923016078	2.79657813519936	1.70267356517075	0.337304935803891	3.08542299271015	-0.162840495237549	3.20007040411939	-0.576994520413971	2.52926420004741
NaN	-2.96929473271906	-1.24063061906921	4.24667708423489	3.03111174982161	1.28193160241671	-1.47147574865948	-0.0604004268143189	3.2668435567723	0.491262050940256	-1.09993480978809
NaN	3.7592197397337	-3.57847767623899	-1.74052242106107	1.01509875436057	1.02904780557947	-0.17807931485555	-0.148385393056013	-2.81667877833542	-1.26570227100512	-0.343042300991299
NaN	0.277599883395852	-2.06312257123774	-0.635234847580302	0.714190458280239	-0.373994890337723	-0.676220531337211	1.23675288750462	1.3652540398291	-3.58531970264004	-1.69052723212293
NaN	-1.60496436638006	-0.800242835853936	0.99662893872934	-0.810287806066343	0.465239350192003	-0.0303564253722363	-0.617202333172217	2.41946394867147	-1.68191961811376	1.49567150896458
NaN	-1.59695238144861	-3.61092741969941	-2.00030452893614	-2.77830267646912	-2.69180939640173	-0.650559796551024	-1.5608815670996	2.48274813175838	0.307113291794728	2.37530575460645
NaN	1.30657675506453	-1.48880135982795	-4.2019616032254	-3.75708187524012	0.263260579779251	-0.0962291734823759	-0.967062835069261	-1.04081621416276	-0.930634275343136	-1.1162051574334
NaN	2.88277047330701	-2.43225887154965	-1.34831098694231	-1.4882043536978	1.90924068520722	0.534370315701761	0.279890891808295	-3.67348153934098	-2.28556287601529	-2.94636125666125
NaN	-4.22395995556095	-2.16319065300988	1.06123053641761	1.06388136443555	-2.56960980672667	0.028497620705398	-0.200089171905761	-3.50202674846833	0.231709912255854	0.368518433459266
NaN	-2.61341980421461	-1.81022052349105	0.949373682317075	-1.02185754596058	-2.00241868187797	2.27710871584022	1.98336569448917	0.859264944224997	3.3534840016506	3.30526965249936
NaN	0.317533001990566	-1.33203092813423	-0.42784435470165	-3.87998743846444	-2.90148657329583	3.43807421214806	1.46265074914759	2.04401615448795	2.12612415825604	1.89292915478699
NaN	2.82469867329914	1.03386091724073	-2.71004519196105	-3.47431613620793	-0.915252160452129	0.0733056545376124	0.369959606144398	-2.10392016350339	0.663850918889735	0.423257434781666
NaN	1.65545689012969	1.33615182647702	-1.22510780531906	-2.49620043572955	-0.516443834757428	-2.19997737786229	2.07342678941982	-4.27457970736597	-0.903837296426434	-1.63681188650806
NaN	-0.642625067921086	5.05104560730126	0.560870470244633	-0.215768066599983	-1.28005006048415	-1.07037358049198	0.345643075850764	-0.96610616048642	-0.28891795143798	-1.07344112768255
NaN	0.361599948317228	3.17776628751045	4.83637441332841	1.13603386451689	2.33908960319308	-0.400711826849104	-0.217418787217091	1.51512504556601	-3.32470397806293	-1.56765195338938
NaN	1.62609765485556	0.713598263836756	-0.302916088648808	1.39190893250238	2.73626913408353	1.49005476740984	1.98399540702184	2.17969814824741	-1.77044608272949	-1.11390372792206
NaN	1.74077728426221	1.51985254492506	-0.667022085307171	-0.0379553410812535	1.07480973050151	1.12896680415009	2.44098769753066	1.45672420520156	-1.9493784923911	-0.723751719230264
NaN	1.31632735798142	1.21864664163885	-2.25526247235131	0.0770952744774843	-1.36441719136363	-3.44711479502628	0.37985723102774	-0.463028006488251	-1.99743084600151	1.11168036654536
NaN	-2.16952960862241	-2.85854234638575	-2.95184140916197	0.793098949651944	-3.16626283404753	-1.17851984012273	-2.52303360295314	-0.255791964246702	0.306896711783278	0.142873553672346
NaN	-4.30796000838471	-3.06180451101393	-0.493970250420457	-1.81152900134556	-1.23677902936447	-1.79648414326569	-2.04364402515403	0.328970091792931	2.04876685224298	-1.68030349013214
NaN	-1.63767436098306	-2.75606226264844	-2.09085097978801	-0.976518593092341	-1.18429068019899	-2.11646027458289	-2.60619987582061	-0.306062867266523	0.924689053513627	-0.288348618619844
NaN	-2.65030417987471	0.817655477607988	-1.74344589341579	0.257673068339356	-2.10271114469825	-0.0229647761142366	-0.793268526902913	-0.752423317899748	-2.36191969382628	-0.232384280658956
NaN	-1.19928297895805	2.40991910331679	-1.04136036962424	0.80773744158118	0.256196194546838	-0.526275027661818	-1.2944652586445	-2.87544972275653	1.49072818721926	-1.22565612300412
NaN	-0.762581017896571	3.94215696268572	1.53093921446789	-0.113271375756699	-0.263782231417147	0.0566177746066791	-0.0718184950318401	-1.5343166301546	-2.07125191330402	-0.86180480706932
NaN	-1.29360637344332	-1.44587403701729	0.965482904504932	-1.26519843344303	-0.853949430529612	0.955058582961925	-0.110013266195006	-1.20874477058422	-0.962444421851698	-0.605801021377803
NaN	0.0144821301714189	-3.73970080753584	0.218476114443318	0.308155676623479	-0.167702601475186	1.89084494450068	-0.723023093025843	-1.13025749213971	2.46208534576085	2.05577910446984
NaN	0.211165235098593	0.142519429554737	1.02853153988327	0.215971750972866	0.503520113900792	2.79422896875188	0.443084393915415	3.16387395512924	1.99306210834446	1.99266732333442
NaN	0.837728618409125	0.710143716542558	4.05168373046627	1.32790280042237	0.702868823813842	0.135184737763542	2.01526579607992	4.19204208921203	2.91333935662326	3.11752365478342
NaN	-0.656174286330845	-2.54454374030997	0.965191625958905	2.30936053690813	-0.462666040619517	-1.59162852759938	3.11105440573565	3.17723342933543	-0.235936989830168	-1.50145585938992
NaN	-0.819399043624647	-3.53867226705812	-1.21484972185239	0.991669668523945	-2.1858614449508	0.193208849566186	1.68849301140136	-3.67314964930272	-2.96158586248399	-3.27906199418606
NaN	-1.22248088977506	-2.54570061877821	-1.47760721499713	-1.16682769541084	-0.100253951834643	-0.51795117689389	0.467517337282586	0.998836762977145	0.0987632298949278	-0.343596376492103
NaN	0.949595354533334	0.320533035684643	-1.95400226113286	-0.854174804458342	0.343417991205759	0.549707032760238	-0.533852291089772	-0.554342579181181	-2.19593659814855	-1.55245194588755
NaN	1.09862725899473	0.782213549464852	-1.17430512677833	0.815364617734166	-0.407769144510342	-0.592286061937046	0.630070980664717	-1.89077750309068	-1.75918433796314	-0.533754053358817
NaN	0.486491452070466	1.13517069453952	1.50757728922326	0.686285198906075	4.05320681557267	-1.36104361991723	0.377557187782585	1.90182916147815	-1.23860811118245	1.87138632409905
NaN	5.06069185606309	0.477022529408994	2.23039878193067	1.87392516596961	0.639610749669188	2.62168518964423	-0.052364950311642	1.43816546335825	1.23987207360061	2.89204846668424
NaN	4.40981488070782	2.46333574233033	0.842869132297618	2.25329167200025	2.61752193360898	0.0714753202897044	1.63433534265093	1.64640599980956	1.83260181333092	-0.696105826687058
NaN	-0.247415780011558	5.27294544371159	0.540449240493029	2.72719441800409	3.31143942664381	0.443534306871132	1.38481824098056	0.432872979535589	0.622015590747473	-2.64454936422953
NaN	2.4337199519429	1.89059528452047	0.17168560178543	2.98325178472641	0.988200840720582	0.705242784486417	0.0715551851441238	-2.23090561732075	-0.731560814108797	-2.31679030815926
NaN	-0.529077997441872	0.727803931691767	-0.397559027072333	-0.036477852779761	-1.08110817642023	1.55267698927655	0.303291867843229	-0.406274617949099	1.01158894757958	-0.610099002253143
NaN	-1.56108274000397	-1.10646624140834	0.0475488365888357	-1.36473304386182	0.0508862396806491	1.42657184490543	0.775527798086788	1.40208375799967	1.62063079606792	-0.675296748828078
NaN	-1.66183417900003	1.81028323296002	2.7903003749387	-0.945925839774728	-2.46480880740205	1.05713864996306	1.76776184901969	0.672139354357756	1.39882177557122	2.41791056521249
NaN	-0.0247113887164343	1.02930350925491	1.69374938124068	0.492284546249884	-0.432145923982615	-1.74170106755637	-0.602943104623057	1.70149221372202	2.56641929647459	2.22092619990911
NaN	-0.182603710022985	-2.19053179484603	-0.230755000304151	-2.22187225819397	0.984821020492659	-1.29320086473064	-0.13705047005914	-1.7986247302368	0.140599728978042	1.2421491481598
NaN	-1.06517215528438	-4.26409377090065	-0.978978761009186	1.88103448472454	1.96725297360972	0.379598187893879	-0.543942905482943	-1.7377820564602	0.166910103977762	2.02825083018706
NaN	0.124022765729035	-0.696357761697374	0.0645072805099179	1.65824622618922	2.27187786823998	-0.574282456010199	3.07850597581436	2.60738620061376	3.03998064324475	1.40075902932919
NaN	-1.03100573770669	0.756206792109119	0.311023175562711	-1.25396518029964	3.18297595545764	-0.708402478005827	0.983768160356925	1.03246862227462	0.482130851537511	-1.0017499681776
NaN	1.44636913530622	1.51616684525942	1.46600638022086	0.434567570605518	1.20442989135854	4.02604755438757	1.6651089689544	2.22489035946761	0.0447965454330191	-0.10898624437732
NaN	0.348184290883987	-0.358675335296245	1.84097092678392	1.1336073298537	-1.77338005413453	0.325344228396329	0.10340010485337	1.49465471212242	2.69434320114535	-0.273708005990982
NaN	0.503249853611262	-1.66217682956783	-0.0601709711179775	-1.61735391077011	-1.70852750638427	-1.46670280574845	-2.53647581137237	-1.08529716455688	3.98239727846324	3.47482385713828
NaN	-0.637690094818344	1.04542233265673	-0.550390097981869	-1.17346179897756	1.51578289682055	-1.98403924083417	-3.41132168362885	-5.11962975850046	-0.342774958570002	-0.519598641288716
NaN	-0.0194778738519636	-1.37477005578165	-1.49220576893653	-2.28624854792742	2.96961735490694	-2.22581345306336	-3.52500765523539	-1.31720488800985	-0.416669731655294	-2.4835850800575
NaN	1.91277449335333	0.279707934431764	-0.88478528040645	-1.72771557401936	0.616392403837885	0.869001980372668	-2.26908903587851	1.6677553616973	2.24457670699774	0.338872425052045
NaN	1.13113346743287	1.10786472306448	-1.07157860567536	1.42027201068155	-0.768962217255723	-0.304280547425172	0.468029572430029	-2.04520779796523	-3.47447184911656	0.688006258172153
NaN	-0.351817114743426	-1.66991690683852	-1.62780076335338	2.20230628181388	-0.484870134866117	1.03710638792204	0.3047376177098	-1.96812629086282	-4.04710306203521	-0.123258893591678
NaN	-1.20766604803172	0.492201353754325	0.18215073948605	-1.77765406872579	-2.7869544414373	-2.57006492065948	-1.98862042797659	-1.21643598814534	-3.68222598721688	-1.94518703525394
NaN	-0.259610641273683	0.748006857261338	-1.56675854848353	-1.3474102334818	-3.15209510759374	-2.60320923614989	1.83869903634323	1.74869533173281	0.996387585386878	-0.427091010716423
NaN	0.205729344586785	0.555011406849513	2.45241031030869	1.3944346007319	-0.177713475460197	-1.49653295188305	-0.427987291763745	3.91166175764136	1.48074568369333	0.643169797491246
NaN	-0.271679249570253	2.79966494568989	3.5536959998999	2.95220553193816	0.288952206854424	2.05564051973762	-0.638707635331576	1.67818157157885	-1.41826028993207	-1.43868065230143
NaN	-1.07229318518259	3.88586857945205	2.09589152823472	0.746043103514478	-0.238226441594078	-0.130564629425673	0.155495826924578	1.08252768966655	-1.39420279109601	0.538014642126112
NaN	-0.973622692375079	0.493511498680421	-0.442632209967006	-3.38962369107842	-3.01770834114326	-0.541663139986492	-1.58811106388318	0.837185974025243	0.817530670496845	-0.220200089391813
NaN	0.310941666643732	-1.19423399911816	-2.51032313937875	-2.35369430170172	-1.18178933931434	-0.542337531071392	-3.46618690865859	-0.123833197508734	0.674839145884448	0.391088179703783
NaN	3.84402405251388	3.50184223838231	-0.406688903755612	-3.37384288342533	-0.00674444970058741	-0.0399630487941813	-3.1540714962025	2.70746241031754	0.281498691324063	2.04849572615923
NaN	3.98982333624576	2.74202738496861	1.40671863496239	0.0319843582345344	3.80825862099669	2.43995664851479	1.10908434041078	-1.5959781159509	-1.84581283540377	0.810672768866789
NaN	0.573016013881697	2.07128617408585	1.12085783986962	0.756898896811459	3.06779238077656	2.33261561124995	0.429481579462027	-2.17915658880371	1.39003925587571	0.536071239506545
NaN	-4.29342099564784	0.508726528575517	0.8435929647602	0.747758704034534	1.49432026996985	-0.838288135474354	-2.0201127991896	-3.9718599308831	1.57441317153663	-2.11357271712867
NaN	-1.27204615778301	-3.78257489380342	-1.70481751327406	0.24941077594016	-0.0758273421797933	0.850251798432151	1.37600651202643	0.0524649105458536	0.341216414180232	-1.97626005915002
NaN	2.73227459763916	-2.56456099967375	0.750526749824997	0.138785037163158	1.10757092191252	0.880960497970116	2.31397841911207	1.20409050401398	-2.32718581269866	0.44513904246385
NaN	-1.26421890856894	-2.71762718860193	-2.15297674573778	-0.885340806957347	-2.50347720618225	-1.27349899772413	3.24216016955257	-0.0639946986739948	-1.22349178149399	1.22520144924384
NaN	-2.09174301707081	-0.195015538236733	-3.23949067855242	-1.29344923514539	-4.37668005404796	-1.77531957506956	1.00891086486836	-3.51867482583079	-0.400775303686548	2.54138440455916
NaN	-1.92592359168796	-1.74685432893872	-2.54827752501046	-0.956032701814106	-4.07203482783328	-1.25165155378053	-0.524900873893941	-0.335093987096938	1.54289329027847	2.11843136757396
NaN	-1.32847129293051	1.05992406368473	-1.79434583757422	-0.828463113167472	-3.67191762881555	-0.23621999293472	0.201078663574287	-0.861354435077469	-0.212841811632662	-0.195237880427635
NaN	1.73191700034465	-0.90772980587701	-0.00878584218041883	2.3940244000662	-2.08704570915309	0.424784511897043	-2.00948894101551	-1.80961875388443	-1.65769793341563	-1.4675588263628
NaN	2.13859621898009	-1.20943412539813	-1.77402850889653	2.79744539466949	-0.0928114161081076	-0.16675245250482	-2.14392304655389	-2.78138640577443	-1.49063435019039	-2.48227413127082
NaN	-1.19387215214504	-1.51424102844659	0.705323633413195	-2.13695712451706	-1.12687342006775	0.901340384596147	-0.826847878164968	1.92999552485415	-0.030236344646578	-3.27498181853606
NaN	-3.99482288100842	2.01699800067882	0.219611476452271	-0.171679317274956	2.49791507354797	0.911931474273764	-0.588043090824193	3.12335180877681	-0.470274775085155	-1.67466162584429
NaN	0.426729137089105	-1.9760881884142	0.37295336796469	-0.52328113300761	-0.5008104746108	-1.00868075944637	-0.420730939796401	0.0843196873486282	-2.64771302824274	-1.32410750435325
NaN	-0.310728801921654	-1.19965462373483	0.182348278139523	-1.64396028010437	-2.18015202777066	2.7213160384001	1.85722861670982	3.33459977484017	3.17127777687512	1.41430460611162
NaN	1.83053905101886	-2.83602270182485	-0.765185112648258	0.544444991503876	-1.12192589554667	3.88827787689725	3.52238823123707	0.628267266443682	1.92241376003808	2.26310950609953
NaN	3.68561276479623	0.188065557947336	0.5596575767462	0.706616721317218	-0.999347240351562	-0.508614902289224	2.50367910066793	-2.04572049511454	-1.21056415188098	-0.462466712601218
NaN	-0.947556248186098	0.211596794744413	1.18103896829472	0.750019124144191	-0.648910126457598	0.0535704366617503	0.125738877063924	0.5938225150311	-1.74117232991388	-2.85099316688676
NaN	-4.17125465640524	-1.46131657222498	0.592367324390802	0.270813346691921	-0.0798301189747005	1.49627180397634	-0.23569736268382	-0.253765665650462	-1.25040338151714	0.180694467294106
NaN	-0.842890346636073	-1.73903215945155	0.958322450914218	-0.249761166040595	1.18134496143202	-1.11604540587877	-1.18652237038196	-0.016153740878377	-2.08107215894502	2.94305489265698
NaN	0.0740062993803881	-1.51029572057326	0.283281333262604	0.784891849855702	0.417929201336022	-1.69467392465045	-0.103070189929225	-2.30720346182844	-2.94445356061683	0.881208241579467
NaN	1.12228610927307	2.99304431739389	0.210310288243317	-0.071965990377354	0.866099053727048	2.2667510504825	-0.580506096678163	-0.347618077967241	-1.42437174227963	-1.9735829056876
NaN	-0.454656721128867	3.16551415998128	2.47707418311986	0.608740928384243	1.34280525307454	1.54629912238572	1.35594291521938	0.346384081280747	0.426204192147736	-0.337543437639695
NaN	-2.69261315635558	-1.64288233261707	0.701942801438713	1.32404565537016	2.86991695731199	-0.820269106235473	-0.558660188809126	3.47535951181269	1.67274179038073	1.39487264501117
NaN	-0.210131621805541	-3.14572526510913	0.397925152758121	1.11527175034696	2.31656436294487	2.52476333053646	0.126444525888194	-0.386533487618973	1.80992968138482	1.12109709402783
NaN	1.48478248166226	-1.52585734177682	1.82974988995285	0.184889037922873	1.94906752771312	4.16380409313539	1.30258747768338	-0.358488625499891	-0.20102328341854	2.38011890958896
NaN	2.58235540346335	1.11123201249408	0.65066189777331	2.15964892016483	1.17170405088295	0.316357555941097	2.94276714651213	1.19286882216224	0.853427596523624	2.1777627635703
NaN	2.88011727206967	3.02326821667111	-0.476783495859641	1.87591250825989	2.86769645248852	-2.64731011545528	1.10606334710635	3.04704649527528	2.84157003034312	0.427174153885881
NaN	-0.687291203389895	3.40366916673944	-0.491339078720724	-0.534711509813947	0.649148286904121	-1.8904391260599	-0.802632739844873	-0.340025810915933	1.47954655224821	-0.617781720662761
NaN	-5.05672488456584	-2.38117791576157	-1.24536341044858	-3.39312486257319	-1.03100687558551	-1.54046018624103	-0.856222105306269	-3.16555697012038	-2.97074099874697	-2.16203523212651
NaN	-1.95780602927419	-0.14637981190359	-1.13816197882137	-1.13263160602459	1.03569148450632	-2.35372257640301	0.103981070712553	-3.18438101234753	-2.07983884252112	-2.35327813856856
NaN	2.31432282112287	3.10474086986728	0.650148306640114	-0.0679003580176716	3.20290127421284	-1.25146907833748	-0.717879314772622	0.333346695974868	1.75338786836881	0.376888919958739
NaN	-0.203672244434703	2.0786006209974	2.77921604991569	-0.141512901003352	-0.478390007569688	-1.90111667757626	-0.340691054551227	-0.286341191045401	0.00601386599126641	-0.886806779376707
NaN	-1.08378613470902	-0.460552511235934	0.0591311839844415	0.713455187966145	-2.31545421031981	0.624170163797941	1.45501022666541	3.78561053860371	-0.888993293003651	0.976514271346802
NaN	-0.514813178383549	1.6508253134623	1.31931170018992	-0.518107857219333	-0.535930701682991	-1.02733251623202	0.889403491282997	1.65029173907905	0.927686650167959	0.371216420167478
NaN	3.13434888413428	1.96667437597111	3.64541989424932	2.0506334947079	1.95923769612759	-0.638477529862853	-0.931777646021384	0.508295108354772	1.45136905629137	0.278828021157663
NaN	0.341797657102455	0.341411882820888	0.0516474255509051	0.422169550778906	-0.930561093591777	0.784918851088576	0.213432278845432	-0.39923633599849	2.06235859569203	2.73873154781074
NaN	-1.12653650513562	-4.26964491735117	-4.16771765513797	-0.880447486129705	-1.27392875236586	0.403383151533872	-1.079563732415	-1.46016556564349	1.99080745842557	1.39142041090434
NaN	2.09055949360726	-2.21559238672884	-1.38704555697014	-2.19564908417737	0.367988350494465	-0.624851874145551	2.02721670266185	0.421372909855834	1.32548071217602	-1.23185333799178
NaN	4.14082171806458	-0.204022626841746	0.392059278984191	0.76078222057409	0.856651533879823	0.269517793514113	-0.570718650331775	0.266174262808563	0.34268671019991	-0.124770673857729
NaN	2.86396646991511	1.18198967364922	-0.0229838383288694	2.16806112358651	2.190391219186	2.40786567497061	0.320553849432786	0.7248174356838	1.48813857450271	1.4877414141928
NaN	0.745260848634993	-0.990826720921244	-1.94503742312854	1.35527773322076	-0.00356524945717168	2.94322547567364	-0.152009824667213	3.71937179450674	2.32934270471829	4.06492605489691
NaN	1.35777973268282	0.80898684287016	0.0921317687007452	-0.46608890757407	-0.682092576863975	-0.267396650108708	2.13120738208417	4.79804142715179	1.57599723516488	3.08530870833232
NaN	0.416304773797708	4.40977570041132	-0.87262977190313	-0.107298285017735	-1.83810892070045	2.36777905165148	2.94558591385197	2.74970563868233	2.9780008209653	1.89620397313394
NaN	-4.95431518569657	-0.215288480596995	-1.98185448283868	-0.411524379008693	-0.962599608524708	0.86275723922853	3.1418277350423	1.27598695461551	3.31116975559583	0.657233110198327
NaN	-4.27309240306763	-3.52199050417576	-1.63266832541094	-1.56314904075443	-2.74409826359212	-2.14013370417226	0.641078061304128	-0.662215996957316	-0.324692003474473	-0.734144915143453
NaN	-1.93805207170419	-1.63079807543025	-1.06340080326223	-1.88472082210448	-0.496592394211853	-2.58644552899421	-1.82695309104275	-2.2235998649647	-2.26595749307146	-1.66628339657537
NaN	-2.29818386011436	-2.04818684754971	-2.41632270196513	1.38812954533145	3.95754841848134	0.301273306757487	-1.15404794734832	-0.459458171567218	-1.07902310750119	-1.79262610340398
NaN	-0.208080740516185	0.158197966617518	-0.503183069706323	2.75875013373878	0.715054835869619	-0.921036833556832	0.410989105933801	-4.65751340163711	-3.46672541287383	0.158749229629532
NaN	-1.52853658646653	1.42759485764875	-0.737464798749732	1.45399959256429	-0.145853008736021	-2.81837013700817	-1.32451000911697	-3.02219370999789	-2.82356500715143	0.843508992201042
NaN	-0.445080090304217	-2.7332591818368	-0.305885223046834	-0.25552305691788	0.681100488071874	-1.13761382721453	0.824639688793774	-0.645446164427928	-0.0665222770906699	0.0783896745811304
NaN	1.36793417433632	-0.74021934516866	-0.141405229392207	-2.29133522771627	-3.96100144112369	-2.9646558596758	-0.451639418941057	-0.747262598218762	-0.120911113215715	-2.77778927974683
NaN	0.160716436103653	0.621843900320161	3.98725751953776	-2.84640499958257	-2.68554231913774	-0.811348875581228	-1.25639419547907	0.690663839624746	-1.01544899960253	-2.72132635023629
NaN	-1.70278563657264	0.522566806858586	2.70463000891178	-1.33741850045989	-0.31229002103609	-1.62663800470698	-1.02929196869382	-0.695668950518793	-1.12449373062932	-0.199135445241324
NaN	0.660123317831468	-0.763242410173318	1.03319618631075	0.456716338018268	-1.60167624296475	0.225231385419397	-1.26057125132931	-2.3177306146734	-1.87386858521016	-0.719796704080888
NaN	4.67890748431594	2.13004428431489	1.71504677105152	-1.17916466907476	0.590561253006572	-0.0635760257719017	-2.85947142522988	-0.971907616813888	-1.66695419538796	-2.33488484478611
NaN	3.77787992314468	6.35775864062431	0.0484788254401596	-1.40811349190076	0.753738042289935	2.88755074358779	-1.00048374212405	0.209643698907852	-0.570149269300894	-0.678200392864624
NaN	3.91395359026312	3.41386766714466	2.6013008047371	0.503162383218177	2.39088045325759	4.15391401532799	-0.876755862811245	4.59998922467626	0.941846862103106	2.12230272398766
NaN	2.47106166112649	2.36962630599932	-0.0780215505239748	0.336689746932255	1.13972591815187	0.809029729718933	0.536769907855646	0.517119335829564	2.16756474686857	2.51930665017086
NaN	1.47885657897486	0.137090415082953	-0.476653243830817	-1.71410770198681	1.91439944489163	-1.05371828921955	-0.500829041626349	-0.55551373694651	0.284688426494308	0.878892899739491
NaN	-4.52794279471785	1.0656490967434	-1.03025772941654	-0.686970473958305	-1.38610748534801	-1.78319126623739	-1.0217963354262	-0.606328837246588	-0.258162073812639	-0.448344180080948
NaN	-2.02960846526792	2.44908226897203	2.06104990593401	-0.489846087746814	1.28437277731385	-1.16195652188159	-1.59875452058239	-2.36710026939666	-1.26570248026366	-0.0792744184559845
NaN	-0.662628873073024	0.636083859749424	0.0223539235720155	1.01627427826787	0.415052293369222	1.23557165455705	0.184398021230176	-0.12510891720413	-0.240439089920858	-4.25815630197542
NaN	0.374972174270464	-4.38927626169171	-2.04688849955679	1.34073358742732	2.16506998162899	3.06740372849522	0.733695463661474	0.844633822293071	-0.290650557135008	0.731286139757751
NaN	0.08633709354977	-5.77384114791542	-1.66795245205816	0.953363613103778	0.344657922072128	3.63583453115623	-0.21208537665202	0.441595250086237	0.846935330121771	1.12085327684079
NaN	-2.17376319959159	-1.94269042817248	-0.314884756719267	0.725909369093026	-0.0511720602620092	0.879948107564362	0.407384172383358	-0.423419353023515	1.36037061500248	-2.70046070673957
NaN	0.0178510116707274	-0.98969422641895	-1.37529764682806	-0.470454704076243	-2.35304349094786	-2.55252797401303	0.463497793560853	-3.24513276932615	-1.10063069544175	-1.80129354015992
NaN	-1.69312695573863	-0.654267345719108	-0.0352492934617218	-1.49129203150174	-1.20465089772947	-1.27875824769214	0.412734782330694	-0.870892517047802	-0.499156754931926	-1.95970387239819
NaN	-0.158744652078029	-1.81431373406116	1.27773194360591	0.295470146397979	-0.131943466323383	-1.0950004854757	0.393837386167114	2.20335775483156	-0.778692292710703	-0.280996637770873
NaN	2.88073646053506	1.26885418848626	-1.83691937629255	0.787438887828243	-0.0476040355203575	-0.596943414664341	-0.429781870184708	-0.644855833946096	-0.0395647879803342	-1.04075807819917
NaN	3.17470840196758	1.59454612029052	-1.1048790677029	0.421190602231998	-2.12820428730929	-1.29159298931266	-1.50708887952156	-2.26053913662982	0.0611167888201751	-2.28061802967923
NaN	1.27620307878599	2.47282256009383	0.692384336124484	0.454404712622272	-1.86889340561729	-0.724863026328325	-0.968915219053332	-0.690174484181528	0.066197564230559	-0.0621835330091648
NaN	-1.21372718732475	1.98032685691114	-0.296829834690396	-0.46979450776181	-1.56253810765532	0.264424044660427	0.576689294869984	2.53409126390035	0.3579244821274	1.55572019754442
NaN	-2.52464559602544	-2.48950702034763	-2.38411711147454	0.874646964521697	-2.95285313703925	2.60114154533174	1.47907857052326	1.27453556541002	0.505131846957187	-0.135995809323451
NaN	-2.35090560182642	-4.28387395937426	-1.17610029760138	1.98468337839206	-0.407818630328145	1.91479518637104	-0.102871954360617	-0.458355696326506	0.387063409161082	-0.33557383225671
NaN	-0.949273548663494	-2.1271415577669	-0.599078789463677	2.48265150716429	0.355719224826463	3.31477497847417	-0.10629612289105	1.71711556793457	1.9446003859119	2.04826304804237
NaN	-1.12002372149942	0.164497307985694	0.933101760538166	3.40204219670049	0.795766131922978	4.18150760826254	0.689259014842417	3.01606891349721	0.437943428528729	2.60767417457736
NaN	-0.447926982177992	-2.3418157959076	2.70124485679149	3.53435060256052	0.924749365623739	0.54583740872492	0.206282478449345	0.400256694449223	2.43044730726152	1.90877789073787
NaN	-1.84796206197181	2.98675765501938	-0.103664846983498	-0.623762500954006	-1.4804504928425	-3.63444608050669	1.80295061632666	1.04667327886155	3.00759418078856	0.546864133601849
NaN	-0.257503974349755	0.353896629867242	-1.66817864102002	-2.98659434055964	-3.31403770221068	-0.582106349537959	0.590763337486628	-1.16741907996486	-2.29810828904929	0.52351075839807
NaN	-0.559011196608906	0.870946104726103	-1.16007968526804	-3.41444954575706	-2.14898236373683	-1.53772948861815	-3.46227540190299	-1.37169476695559	-1.34147342224825	-1.29332152884086
NaN	0.320355025257439	-0.450772416826681	-1.07592888871088	-2.98122907386038	-1.20743590491848	-1.70487625197531	1.66246999986518	-0.90997299637297	-0.983253247064529	0.954951634092635
NaN	0.560007525206447	-0.732894579524384	-0.124252807596474	1.04868184878257	0.336121814194769	1.2762389990235	2.52319286029486	2.82083821031991	1.49902496246579	1.44586285593529
NaN	-0.83384534176935	-0.335579544392315	0.587738315143132	0.0889844211078841	0.384843127542271	-0.855368581427229	4.70845627994775	1.89917017632473	1.72141774110714	1.82258669444419
NaN	0.264051772923604	-0.145540623556911	0.827208982495984	0.826682279098158	2.6421143828236	-0.447941271000309	1.32679374702466	0.957590787878932	-0.317904575670289	-0.44041516709569
NaN	0.838614613122633	2.78396086785943	1.48345723038815	2.2015862388347	5.29369143166385	-0.965948030098958	1.40986442718575	-0.17444430604508	-1.83044579076823	-1.20883360835124
NaN	0.792513156236273	-0.105014267932976	1.63436657558655	1.26711135272734	4.37566534152097	0.164491447829584	-3.39800225992595	-0.491697838733112	-3.46320288263545	1.28079380306299
NaN	0.437587767817264	-0.896884861815308	0.926239916440171	-1.54434420361913	-1.57659627741429	-0.783616276255358	-1.20002477057634	-0.930080938037562	-2.05589323631084	0.38248414957495
NaN	1.41399539492513	-1.6185517582551	4.98343415573768	-2.8862584747341	-1.42334827172807	-1.10492991267157	-0.103249308074176	0.885797283528025	0.847638809773163	-2.28093435328897
NaN	3.0937875723136	3.11434916618961	2.47450901671855	0.236520643514214	3.77634289013331	-0.393949667627438	-1.0344969026634	-0.96633261050714	0.848988969231993	-0.36359118454185
NaN	4.20547156240021	4.04694302126191	2.77210759507071	-0.993335179841889	1.68937850216727	0.594060280297913	0.586880931104707	0.214452572468993	-0.800713642988033	-0.609593357446703
NaN	3.76075612528964	2.10431233623597	0.167239625653925	-0.715140678215433	0.297460102828041	1.92419790277828	-0.66559911468793	1.08860562447064	0.576187442201637	-0.182589647775891
NaN	2.17931808723983	1.41727015755224	-0.0447629169970798	-1.13987910216738	1.27346727568861	1.87787887962758	3.418714525497	3.80734285261532	4.14644742363391	2.50559328433238
NaN	-1.66366716782079	-0.960798824494383	-1.08441765977976	-2.01996510314892	-0.660979415599521	-1.44371779837674	1.85175668952375	0.862208231885877	2.81690486990758	3.55562445476287
NaN	-4.17608188462751	-0.216434984874978	1.58190452121355	3.45993939948585	0.338490322301701	-0.518064973335579	0.686187782005811	-3.18681978523127	-2.19311403946507	-2.03320036941458
NaN	-3.04026985596481	-3.0417647351042	3.75575066048079	2.66650903319124	-0.831503411273291	-1.25710784988167	-0.615005861833419	0.644009568974831	-3.1461216448086	0.310414797512499
NaN	-1.53579187437952	3.16155473755249	1.87279673742696	1.0564306257537	-0.645979002222849	3.48955181918391	1.71336883166801	1.24840311665479	0.0146329242294554	2.60436292299097
NaN	-2.10573884106183	1.55073813161271	-1.57629754285485	0.881765996999496	-0.753655243534785	3.35257183178163	0.845283209930992	-1.9153013164705	-0.253645022235686	1.43878793191417
NaN	2.36591592355007	-1.70095211456024	-3.47698974992307	-0.233433691636652	-0.437922188490441	-0.16983904559389	-0.54114243945489	-3.86552962219767	-2.07610189607174	0.220415903916801
NaN	0.43638615984628	-2.10166924784067	-2.04163339226084	-3.50414827013235	-1.00715700114203	-2.87468389180766	-1.64904837490322	-0.809674761265868	-1.9724624138915	-1.01303667677028
NaN	-0.524743047420002	-1.49707870360816	-2.77122397030547	-2.66670080528124	0.792689673097481	-3.5512379733561	0.960433091138495	1.93736438835665	-0.0469629628062851	-0.361127052478938
NaN	-2.46690717384181	0.395504513278378	-1.63501607000863	2.13219192153799	2.82047193050977	3.60138251439465	2.87364419824001	2.96667501835876	1.68489031216271	2.92008713386207
NaN	2.73224103331028	3.46665395626717	-0.621298591013215	3.48752204453169	3.60939492689473	3.22579565726539	-0.0648788004140586	-0.680065962316043	0.107986349415686	1.98061335125042
NaN	1.53894863700384	-0.533061495418966	-0.194292290059392	0.439560984271758	0.996594882908095	0.146067786429917	-0.27825952143768	-3.26563830838046	1.10506543179977	0.0379474608791481
NaN	-2.61846193534047	-2.77730577319153	-2.47128091335587	-0.0108879084384738	-0.279406742548048	-4.02683538714678	-2.45549364176837	-0.863514029383571	1.86457722515759	3.1691010854235
NaN	0.437622538787237	-0.465799708784731	-0.834520767116023	-1.02744480039448	-2.41707975899237	-2.15406591351184	-2.90779113252536	-3.65889939197281	-0.551200728368716	-2.40511938830302
NaN	-0.25451226666935	-2.2366165733645	-1.58989322167875	-3.35165790078443	-3.94325090039051	-1.90343264194241	-2.85916521733849	-1.63729432081524	-3.06809596607303	-3.74095974806222
NaN	-3.54961521152328	-0.810725918836689	-0.83035437824466	-2.34018231192265	-1.60299060207378	-0.709425665306189	-1.31743073743733	-0.389895555996017	1.83533801983231	-2.79461615717734
NaN	0.630422061727055	1.80859811589799	-1.48259633270936	-0.677641789733316	-2.22404952923022	2.82141186584002	0.415794316603905	-0.392538167438188	-0.752234853383671	-1.06934946029673
NaN	-1.59337128296344	3.68267730319623	0.911508671269213	0.592853949679844	-1.97841231644258	2.11578010941973	0.269493073780261	1.0584525535065	0.82962069526159	-1.06416408609149
NaN	-0.234751344430535	-0.210639561290887	1.74472429041381	1.44069208962959	0.779517766194634	-3.57085055668347	1.76586022696918	2.5541630851028	0.159686237043101	-0.0803433867080877
NaN	-0.393518647894623	-4.48308347902512	-0.791032002280764	1.59801802376133	0.378506417799121	-2.3604280658724	-1.79915945160945	-2.21147446146203	0.289356532697909	-1.33323444085386
NaN	3.43276408541098	-1.82870472354534	0.989406249552486	2.73745922914572	1.65580788540751	4.5975704472796	-1.40656499159115	0.824723146589684	3.51030859734793	0.537262473945613
NaN	2.82896007817485	1.82297867906059	1.18723461108403	0.313956165343409	0.154893219901067	3.70667489798285	0.936046615722021	1.36088079879074	2.37588308140039	0.512661511299034
NaN	-1.294467708963	-2.68507467672871	-1.35516454889573	-1.57420545162348	-0.767217875339049	1.0726970625281	0.806179270784567	-0.270382448489186	-2.53527084698402	-0.693389411273728
NaN	0.0419250095675051	-0.682304718781893	1.52389209858202	-5.31006859789126	-1.32301852089657	-0.187174574529556	0.792820354604915	-0.467612577599357	-2.44790161687705	0.645907416923308
NaN	2.66658690203779	1.77490075702942	0.0793767453585582	-3.62065677213078	0.995867469149812	-0.288181139972333	0.667228924792168	1.47134932112139	0.816013681290167	-0.286731213595212
NaN	0.826568213641447	-1.04421106372394	0.353667988961362	-2.00220788724746	1.95996692266393	-4.29604189374086	0.456104735944989	0.166935149962369	0.391670795350785	-1.3668433528799
NaN	-3.03262946425358	-1.34005782534961	1.53064968129048	1.68901182861133	-1.82259524437547	0.393553813613729	-0.0151413678553609	0.143648484305696	-2.12788516094019	-3.24316494995823
NaN	3.26260968291448	1.07291334031882	1.58888325977541	2.85799927697541	0.217298903654419	-0.990433149697981	-0.362852901835007	-1.29431633540229	-0.735860055417619	-0.804537657900358
NaN	2.34818172043369	3.06509488472177	-1.28308031436495	2.60039535069698	1.0439466873231	-2.69083833765009	-3.6336477240329	-3.98314152965828	-3.06211755095422	-2.31690664612972
NaN	-1.47536555146659	0.19411151996551	-1.42423567487514	1.24240437750602	1.92308371961521	-2.15095717099502	-3.76354914816338	0.652627688206817	0.611414992043083	-1.38932997274503
NaN	-4.61860400585479	-1.50002651859022	-2.32477558765854	0.808903099327362	0.746428617539726	-0.628771451470303	-2.03145340877109	0.654142863296017	0.453622571621549	0.00936077408195068
NaN	-2.12401615314758	-1.25838641552931	-0.435665259871736	-0.245364989934872	-1.04697262921859	-0.944314590519065	-2.21442965543589	-1.97103489756646	-0.469045849676898	0.205204600360126
