NaN	-0.130430910558926	-2.74229885295734	-1.63372770312295	-1.49970146621996	-2.34161049127206	-1.52168538550669	-1.85077240122799	-1.8595055962784	-0.524962711260501	-1.83905079760518
NaN	-0.0762501248474794	-3.22102639132067	-0.693270478258111	-2.22371374836566	-1.8188907760753	-0.428611003501244	0.114955892299126	-1.11655373438117	-2.1072965863578	-1.21691308513594
NaN	-0.782682176716275	-1.31534939393393	-0.702064883510496	-0.29124224238559	0.0624347978136747	-1.71955118098486	0.631152390649942	-1.54337923173611	0.301356646309748	2.11857247775691
NaN	-0.0714958704107468	0.79898089857406	-0.546407590858464	-1.34268759241716	2.04313121484511	0.352211005077386	2.35089912132498	3.41327256568401	2.78277908853479	2.70453007573867
NaN	1.43076136640313	1.35774665458609	0.25665306603721	1.66342914805929	3.6339354031851	0.476304043998602	2.5343702862729	4.53347770959425	2.74504783074075	4.20497024228996
NaN	2.20333702183249	5.18530735828557	4.71831915540861	3.53874962924522	2.23436459807783	-0.764741210378086	1.31444065494586	2.28442155618792	0.706159259671572	1.11403613275017
NaN	1.28849216236239	6.19271527982132	2.24122670216684	0.0933718920589833	-0.782590357475915	0.238533240743796	-2.04441353747657	-1.09714755093368	-1.63445139459397	0.176317269573027
NaN	-1.79919674876086	2.49117759018497	-1.40648784014645	1.87873700140418	-1.3687527849034	1.32974281261159	0.765163762711428	-0.24350739633556	-0.723230973197254	-2.77200236935488
NaN	-0.401863624917752	-1.99844456195593	-3.91532650744867	1.4557467442822	-0.206133209385587	2.04083709477193	-0.31980454343127	-2.63014680403399	-2.30616748860465	-0.915029674918601
NaN	-0.048642064816562	-1.18760649777703	0.604340444166926	-1.77449914382842	-2.40885283349041	2.30199693384264	0.0509261438368485	-3.24832971845119	-2.2472194960881	0.0312931877001221
NaN	-2.28241718572024	2.0107978097468	1.63365163799638	-1.73989399118857	-1.38422407450936	-0.723077693292228	-2.70072776584692	-1.02674499359425	-0.414636749811205	-2.87697882964694
NaN	-1.69324793311848	2.22609006087275	2.62444394988178	0.697917490021291	-2.49176401248974	-1.53815833320138	0.695386133713948	0.123931062389212	-0.41917909087357	-1.43628791192438
NaN	0.330359885996309	-1.77787997950761	-2.92065009275772	0.211517004343901	-0.920197531850257	-0.86306955148456	-0.10615888792127	-0.57749062912615	1.96563497466744	0.732732798554482
NaN	-0.718462275304497	-3.79630516043102	-2.48935508166259	-1.76170710793304	-1.14925551503595	-0.173779795547347	0.457726471840079	0.949869268605785	1.007786225619	1.9635222588224
NaN	-0.631887109176574	-4.18643711515608	-1.03000545691556	-1.49298132978479	-0.614379737496419	0.828998061180418	-0.61236586203645	-0.155758943772867	-0.732399239799205	0.984352971475854
NaN	0.62576303636259	-2.32339132250815	-0.810866767897622	1.96297745358733	1.56626454164227	2.98223299279099	-0.0108757674727339	-1.17438754619911	0.18687929160655	-3.33767475946487
NaN	-0.188951464681805	-0.881541149393056	-1.3251937148846	1.07754807902344	1.6140760772646	2.39383444453076	-1.43146439019708	-0.93773847869511	1.45080332165001	0.343275614076254
NaN	0.810321710678059	0.103260431073266	1.71393800930479	-0.585967024716567	5.16736106038946	2.79386640328826	-0.317457967296091	2.32280302708865	0.584518194394582	-0.116504326809656
NaN	-0.880291015605704	-0.318221291194954	0.936610063162121	0.527184702941664	2.75303423801964	2.10571645923234	1.02643007812681	0.23764001683815	0.0737109041309585	-0.606433672464898
NaN	1.04806994028254	-1.45313718514326	-0.0643260033113225	0.656624962468366	-1.86127325264563	-0.502441318370083	2.52716899422104	-0.670524484524925	0.845746945708532	-1.09644931397087
NaN	-1.08309753008398	-0.151851821998842	-1.06670784125657	2.19292021783011	-0.140230693034452	-3.655062681671	-0.654046642349512	0.0281336003955916	-0.940151812658786	-4.64633440427642
NaN	-0.279810213512354	0.709084688653651	2.7260156111346	1.19624219243293	0.781744110558378	-2.81595933108117	-5.84853419674972	1.48861026932092	0.667715217415023	-1.94993098391025
NaN	0.63847066960378	1.13070650166259	0.115542123169369	-1.95410636425788	-0.477636397612079	-2.12233024272368	-3.21345408368297	1.25290593614976	-1.75926492325197	-2.13796619796447
NaN	1.40369659773302	-0.204137981049862	2.40172599011496	0.873061811451033	0.52541419119082	-2.07833432698619	-0.543921451704515	-1.17660170272948	-1.69077576136021	-1.2612370810212
NaN	-0.0450419888172147	3.66220031648815	4.27062607038149	0.568934140704145	1.37796387613572	-1.31781014453989	-1.49921386148241	4.05526961171858	0.441417089972338	0.0852120997514633
NaN	3.05518761677621	2.51514164547062	3.35727122324917	2.27146314331653	0.35573529373144	-1.40798879499415	-0.432731080194212	2.48503229521103	0.0938282086086481	2.47489120020467
NaN	4.12068965419237	1.25893474633278	2.73544791744302	2.08394598768016	4.05636031953502	2.30591343118406	1.91893577197709	-0.98249496896852	0.167994800395879	3.43699594625014
NaN	1.08400362354726	-0.315250263715734	0.236190926396225	-1.2935609942256	1.3018239482737	1.88918690258629	3.09809011604731	1.00290890715199	2.24366121555491	1.64107171930471
NaN	-1.22083499304912	-3.22138484462937	-6.27368862620377	-4.92830845111813	-0.446339662439651	-2.31529232248188	0.399458793522959	-2.98349193191467	-1.28283875394536	-1.92433128305235
NaN	-1.23284952918603	-2.25644651869105	-4.91107252920935	-2.77627185694234	0.783034384630656	0.985364837766681	0.308511617076593	-2.62489586378536	0.539152820253583	4.17857499316797
NaN	-1.08237584916888	-0.55825928995124	-1.77619312562063	0.488047836691047	1.0627735242023	1.08840378179302	0.963043173163841	-2.00962864244769	-0.163509178326139	-0.587766184530379
NaN	-0.896972507726133	-0.976275304545132	-0.999133564837525	-2.15643715597732	1.04468270921974	-3.34674568707299	-1.16069435352971	-1.07442988676969	-2.34370747186664	-3.48481313110621
NaN	0.0483201022547655	1.03803703205181	-0.275473288381555	-1.13030157577878	-4.59994617063786	-1.22027793885885	-0.582932542186446	0.0944761069894313	-0.076346767365832	-0.374004351708993
NaN	-0.893773040119184	-1.91906307950083	-2.31129566526999	-2.40229083845218	-2.18041189421396	-1.15255412395732	0.785321693777123	1.17361070656505	-0.498533733399963	-0.00324984379425118
NaN	-0.0139307842648715	-1.15558871453956	-0.861711922787319	-1.95252541550702	-0.104484886925981	-1.2073721261192	0.390534768058944	-2.89332439660679	2.43592620868201	0.873331744549021
NaN	-2.16262022604905	-1.70818025841714	0.516650196452201	-0.737778392493256	-1.25468142990287	0.990976332664307	-1.52553998522884	-0.707383401299206	-0.801112576224823	0.630641013209844
NaN	-2.32467140453555	1.71775692548172	-3.20279152272375	2.56735286187578	-4.06629712732724	1.93362547292579	0.389703240845555	3.00295778639781	2.3913766393011	0.642008825555319
NaN	-0.610212496469006	0.559129493986656	-1.81423088292218	3.35096952718409	-0.941986390590278	0.245247939855157	2.02739617454506	4.21399318128483	-0.00170442430163781	0.405973518193741
NaN	-0.702418489616734	0.980649450218956	0.426295756925174	0.0237314225262472	-2.21485667912604	1.17761793849693	2.93468724565768	-1.21480775881949	1.26027911971398	2.17110805400876
NaN	3.09651735266594	1.09887675361979	1.16859117288095	-2.0368235811002	-0.795836182571774	-2.00326857204539	0.72994561853915	-3.49973043308898	-1.01039785064171	0.198722174233084
NaN	1.92955342206407	1.72525183174185	4.45672224966753	1.68748183834595	-1.22482484289987	-1.73163713301112	3.63648183616251	0.691488351491534	-2.07637774537196	1.1772454785753
NaN	0.139422192380471	-0.00888361350604938	5.60643987296782	0.515904281329018	-0.381901095657559	-0.168365785499376	3.2191666612496	4.09003879936067	3.67272428799374	4.822192912431
NaN	-0.962344816709448	2.15302656144073	0.423081221353109	-0.563135780941348	1.49379953510877	-0.903101741727968	0.369865861364444	1.89601272009016	-0.799708176724252	3.05168035158325
NaN	-0.70947226425647	0.853666473915327	-3.1920402047437	-1.08359541459247	2.99095018697538	-0.396089464839529	-2.72876561614455	0.603306774263951	-1.58848922557487	3.6418935731036
NaN	3.81607441847577	0.860796041655139	-0.0913736363217093	-0.537403070965164	2.15263363988801	-0.962424904032327	-2.26421464926158	0.727678814553897	-0.669293126503967	1.88428936012056
NaN	0.981710064864074	1.00481368856379	0.114065249849169	-1.32585933623679	0.00329515182209027	0.357605953777719	0.129073900659164	-1.52529086115709	-0.846089275867283	-0.693844960130081
NaN	-1.85029831820363	2.18936232177147	-0.729886352109215	-0.920920979895893	0.290406320867035	2.79395540323966	-1.17691576725354	-4.1868468633353	0.861056297636711	-2.17057711278589
NaN	-1.81603998110419	0.823965676158868	0.769577415632156	2.1476088091607	-1.09505649774743	3.54762722604979	1.08764333219297	-3.18727955986613	1.82707722820005	0.979627987703491
NaN	0.334664877722765	1.83062736314593	3.29330368592305	1.19096028682279	-1.36409464340364	2.21263169276719	1.67591561995833	1.67996550876659	0.371772907867306	-0.433926642845807
NaN	0.531526400330693	1.17129477952502	2.27963066433559	2.18362915150142	-1.45652490075915	-0.393702702982972	-1.07025316283462	1.55109138369816	-1.35347790583998	2.49898065941274
NaN	-1.8051074856669	-3.26991431630811	-1.13799820121831	0.22205122321089	0.909308096880588	-0.892498757332022	-0.776685745918485	-1.53073344134867	0.27323920545598	-1.07519793596901
NaN	0.413607480374913	-2.6082028794393	-4.25946140809223	-2.73888734630904	-0.434190729743721	0.374667141941449	1.49915199571197	-1.3188518034529	0.00471033728445947	-5.32346576129152
NaN	3.89695035598184	1.50779246248639	0.297868443890813	0.801298029917681	-0.0802791529275046	-0.501305481251089	0.961236664621875	1.44507921648037	-0.735153127693727	-4.22060740789747
NaN	4.012046536158	1.59782753675349	-0.644536061591169	4.30094344971707	2.40912114483684	-1.17579635103409	-0.0289478967168552	2.50038252391113	-0.605915924805681	-0.773938290955217
NaN	0.190273831827035	-2.56285691576965	-0.542808307993826	-0.886401433484732	-1.14859830990609	-0.699069341504738	-2.71454127041894	3.39405618745164	-0.888760563229608	-1.49829117494904
NaN	-3.55964619320447	-1.97812475516391	-2.79567533372237	-1.07130579638532	2.41854032533939	0.619301319225407	-2.13750911824348	-0.344973072313478	-0.574252021178374	-1.96733497620371
NaN	-3.37234791482717	-0.665347722036426	-1.37091982280781	1.06085988017787	1.04788242243741	0.366931573925043	-0.745643147969707	-2.23168794158093	-1.71291115773156	-1.70955629966518
NaN	1.35250258431349	3.38311560334567	0.325774919703666	-0.270562932081795	0.824603186606081	-0.924276429665468	-2.20351769565686	-1.8343961920562	-0.565241852315441	-0.326598885179957
NaN	2.71718914714296	1.90672814602666	3.84793400582855	1.68731050891114	-0.173399050239559	1.47447567438594	-0.355187420405137	0.566088922180251	0.850652921686395	0.656057910241655
NaN	1.53951234192782	-0.00750267852326714	0.0958335346344026	0.190921899649165	-0.120155339323021	1.53037731265949	4.71303534865516	-0.433099806703068	0.536481786351934	-0.960926359997241
NaN	-1.10886420523936	-2.57747064341491	-4.81844378460434	1.26591729638742	-1.55015341244835	-0.825723895722751	0.49889110520136	-1.22720754737723	2.02955309809361	-0.198611529219907
NaN	-3.8356716987831	-2.21910904502415	-3.32084738496681	-1.81788280105015	1.31954816024396	-0.299970149942537	-2.10035454631798	-1.53884573486211	-1.34104392972799	-0.118973684882264
NaN	-0.0824631453516004	-2.69209409652565	1.57693252174133	1.89092454972913	-0.720963448377773	-0.788388268926727	-1.03288771377684	-2.35089649024993	-3.37137871979676	1.34637273695878
NaN	0.0955764199131786	-0.239027388979493	1.23573683258489	-0.565471301126802	-3.18685158800494	-1.26526686200566	-0.803690341310559	-0.463371753953915	-0.620269095251163	1.94659628969594
NaN	-2.49804994266241	0.0822181844869886	-1.40295230559431	-2.14612826560513	0.887646582085407	0.504186745779245	0.179500110791522	-1.17434631811492	3.18918653323426	2.82767513170459
NaN	-3.84455698541883	2.68464287031053	0.793598616668174	-0.616788036353884	-0.467480482278478	-1.08240619615458	-0.580612255060767	-1.46382174667437	-0.783137020787667	0.744446593249957
NaN	-2.49135899569145	2.82909865313905	3.20021707644102	-0.0978357748285955	-2.59213827396372	0.72933822587702	1.82830339100501	2.37654956539594	1.15503697813395	-0.555724625179202
NaN	-2.546256442459	-1.25185610378179	4.0865683737884	0.589972340661542	-2.45334618448146	0.44683243364492	1.86487369268263	2.47766511424961	1.62882388482988	-3.67388286842122
NaN	-0.117941725035139	-6.32935354959738	0.142720160303803	-2.70317231489875	-0.319087963568827	1.60582947279805	1.0375637343098	1.83692652342063	1.00262590562123	-1.08297554261073
NaN	-0.7675926532898	-2.51704267703951	-0.69184803964685	-1.14060769448425	0.165115341951866	1.62783465967946	-0.760097405256174	2.89755702663546	0.0754535619443742	-0.625540219613744
NaN	1.43018526149243	-0.248509544216662	-1.44875384807822	0.0138479614161733	0.318313882287934	2.77868915179014	-2.35983544676154	-1.98173212307476	1.85328675819178	0.574346646565549
NaN	0.303495908889279	-1.54443084877522	-0.179923344932032	0.574478030375701	2.28305746718601	3.95939214456228	0.496306205993319	-0.229550066835175	-0.934670323655347	-0.769108335170413
NaN	2.40482160874129	3.8450092827939	2.09458722801554	3.38183575857236	1.24148445090021	2.00751692737826	2.37901890610914	3.23095700820705	0.618005801307124	0.395409126048599
NaN	0.881072820878997	1.17438985891502	1.94866794351499	1.99775516007082	-1.03573299770048	-0.210300349407538	1.24120313956467	3.7474316628079	0.985781058373399	0.955720107589454
NaN	0.568887278325124	1.14944881941575	-1.16736701135062	0.696175321935485	0.22224708007017	-4.27812879311485	-4.78807212946641	-0.800939707110572	-0.5973476402045	-3.14913628681837
NaN	-0.363927165727362	0.819991313933063	0.911095627497197	0.799074016565327	3.5820236318545	-2.13464665123386	-2.85219637514933	-4.82245702669434	-2.35557041549966	-1.86130975095925
NaN	-0.667561081844607	0.296841819651541	-0.90549362198731	0.543632044384914	0.823449269266433	-0.906880143274052	0.98840876506965	0.125343101566167	-1.21245251900268	0.126131365375524
NaN	0.411445725925495	-2.27093748517466	-0.303300651769584	-2.33094594454689	-2.71276644362087	-1.00374217742076	-0.855688698981175	0.205151917288329	0.331295867010125	0.561336932472634
NaN	0.341331459269094	-0.36654884360872	0.712929133409591	0.108988125371035	-0.925944560080786	-1.48006810529846	0.0938071973195573	-0.97079781071832	0.890401575702753	1.49759994836647
NaN	0.670339851024987	-2.76598132033983	-1.41047522647102	-0.270241454299893	0.641367969891638	-3.10899823987079	-0.0538943120923038	-1.83359531300611	0.027078869341113	-0.519609294671742
NaN	0.471460709459661	-1.77760535244663	-3.88137714096155	-4.0121111290528	2.13488132636911	-0.467705656484733	1.5782347867217	0.940876665129428	-1.77319387707804	-1.18481152993634
NaN	3.90996588117507	0.891397728973557	2.22400785924015	-0.175229491039156	0.0517170641068721	0.99513809228784	3.38738921746596	1.84247711451285	-0.584208000559042	-1.01895451655849
NaN	4.4984725325753	1.03372825286249	2.66171266694291	1.02954314257884	1.85021436199723	-1.6504355350534	-2.40069488735229	1.35977160949989	2.32368654269454	1.49400686697772
NaN	3.41555540528833	2.52179032463294	-0.0166460497316974	-0.869968973144477	-0.447790474719935	-0.513501819512966	-1.95066760500574	-1.46904765505679	2.30925527918423	0.683178506012683
NaN	-0.797076165846583	1.63128624633587	0.113101215540086	1.44291625066955	-0.664340741042012	-1.15581461064915	-1.14017992300211	-1.48832937469271	-0.313828728514489	-0.347483017027426
NaN	-3.40817171121283	0.687847153253475	1.0220336262722	1.74031974310664	2.88199600905789	2.2243991541099	0.674358117322721	-0.116213727923413	-3.2362992576111	0.14978560816127
NaN	-0.763109432875122	-0.029517466156827	-1.79612398609419	-1.72241127628873	0.286895200582612	1.29162537097022	1.35996639304324	-0.759088907464696	-3.1848822054286	0.126584069149224
NaN	0.883201066349354	-1.82619987144632	-6.78203549914842	-4.76791081430143	-1.71328432523946	-0.983813635725795	0.352079349276107	-2.35327160717256	-1.80013595425944	-0.681810530127735
NaN	-1.17618790170722	-1.75435023989773	-3.30275013534624	-2.22590142506309	0.779735078422723	2.38851891456781	0.645636198687337	-2.02044548509012	-1.58070626978306	3.9648721124884
NaN	-0.0698884689586065	-0.987937073827362	-2.31451426584792	1.36986292533542	1.86885724895328	0.85169286578119	2.1147150911214	-1.29355065281317	-1.43909939857697	3.88842774932201
NaN	-2.55546548788461	0.297415902053615	0.19408448543166	1.49209307233626	1.6216653673052	-3.26921923923353	0.580886284943552	0.302004678181842	0.783883980984457	-2.89900645226238
NaN	0.487652329440201	0.504742982561507	2.14244042708272	2.66076853138875	-0.325469161917939	-0.274002779799174	-2.08289322933502	0.058868543364983	0.117384850930402	-2.25226226080172
NaN	1.31495317412751	-0.128742494622276	-1.86748529567269	-0.785311158542854	-1.26204476160172	-1.13161062893863	-0.662668988701681	-2.07196941745219	0.768840669698779	-0.389049148471803
NaN	0.105581807840515	-0.900698528652003	-2.98200665251192	-3.86946817240908	-0.223141968934974	1.03373575879638	0.602326776524804	0.244845206372013	0.11884474346004	0.543030572308671
NaN	-0.437588137845474	0.761839156222125	-0.607766742409908	-0.98667399439721	-1.36866393788312	1.83227465312791	1.67823580927315	-1.35951193468066	1.03293839122207	2.71659380324174
NaN	-0.508889951056771	1.69480340205496	2.42022632513736	2.39333541028811	0.0480639510357608	2.43220366089823	2.03885764653395	1.22973489009505	0.0961175468578622	4.01509457326981
NaN	-0.598971546376016	1.94001845324972	2.44238599809575	0.506837748025363	-0.878393725933066	-2.50138109781465	-0.478065067385165	4.0872913352973	2.46261365745869	0.459753493663362
NaN	0.00771996521045334	0.71508243671861	1.63505155900438	-1.99076040199963	-2.27976406217006	-2.01213281188037	0.428062170120161	2.25421841759872	2.78963625232928	1.80715294487682
NaN	-0.278095233334349	2.13633491580722	1.83308193515028	0.433145205726965	-0.147212548966899	-0.0747374911199999	-0.930201554379437	-1.8677137263625	2.67119756305858	-1.18573741064731
NaN	2.75601764426581	0.954679456040131	1.7804722192018	0.0411968845091039	-0.385723496296367	-0.814907837372276	-0.45389956286352	1.08115117440842	-0.810187705666516	1.44245292222981
NaN	-1.01099046405155	-1.72769868459796	0.767690322629786	-2.10949512320993	-2.7044273417967	-0.676126713726376	2.35590068431539	0.55211140845629	-0.730225733144254	1.43737862299282
NaN	-0.224983244214594	-2.59552166221465	-2.36217152527909	-3.17722756281244	1.36868117205271	-0.907760476397143	-2.00814021743957	-1.8662490059747	-0.318492885035369	0.415189431931319
NaN	-1.85072426731344	2.83781543527072	2.18292311052913	-0.223010730709761	-0.947922952551733	2.14434858148767	-0.262320183923472	0.138425379154786	-1.24327073054254	-1.71294099352364
NaN	0.466544020714672	1.43760059165383	-0.509622465686082	0.251796105743645	-0.696056408162653	0.0316280799803245	2.25233153569247	4.05724262344827	2.4043613723989	-0.233449060843334
NaN	-1.46966589996398	2.81706984155584	0.691221857962693	1.6720950328068	1.57980051768762	0.431432146782433	0.330450986149882	4.20014893576112	3.28346075196708	2.08732729608694
NaN	1.39031061446475	2.12107263285011	2.00200755491178	-0.370370355777412	1.98322892292717	1.8958334864738	0.446550039922132	1.6289565939255	2.4938585369407	-1.43703704361177
NaN	1.00795478354655	0.995237752812478	2.40740611658578	1.56888971439631	0.37188138436726	-0.43329884024117	1.21840357602285	-0.94575002384195	0.850985756955743	-1.67746009385508
NaN	0.230427293064332	3.09953480030322	2.01707888217822	0.430227862397992	-1.97646279648149	-1.73726353482264	-1.18183069239699	-0.0375204787977647	-1.24304068447091	-0.549842745119327
NaN	0.692022694870398	-0.371219088600984	-1.82956295078413	-1.40916828754601	-2.5696390394577	-1.30897924626955	-2.22376584765856	-2.78565225824237	-2.80956743274798	-4.40822308619807
NaN	-0.389231882484142	-0.677447164453003	-2.27328458630278	1.70843941108498	-1.88084568671108	-1.548069138019	-2.13022611401086	-0.787796613881874	-2.46159376969612	-5.38587687303073
NaN	-0.498503786245074	-1.64651105824388	-2.3289902655819	2.12423926330859	-0.241447946618662	-1.52247668757443	1.16393384912615	-2.22774411554158	-2.29325140118354	-1.12086698536719
NaN	-0.0212896229324553	-3.30721941106641	0.597024615826775	3.95753741740537	1.28210571990772	-0.675155484042083	-1.22358981076029	-0.405889053007098	-1.22063120024359	-0.194043851100788
NaN	-0.988674335806383	-4.04247077531906	1.03085715170492	1.40378059845877	1.1998114238153	-0.274317011981105	-0.401527839570698	1.58428533554685	-1.50158585294105	-1.32967755112093
NaN	2.20232066629354	-2.12999325857469	1.48070438155577	0.0149091694762896	3.78071979168492	0.606616005655078	0.1823032599209	1.14585605699135	0.351049154851562	-2.08490352052744
NaN	0.0824339536642476	-2.02570268347852	1.13282297382483	-0.385887052909409	4.86341857304945	0.0420867891593955	-1.81560899965425	1.90018347127106	-0.784365113985122	0.239719159446345
NaN	0.927648975254641	-1.03412717206553	1.99373208759026	0.82960183593694	1.3069785210539	-0.60283202447452	-2.18403848223083	-1.04850893104776	-1.52032132114051	-0.00435163893429646
NaN	1.34685337306683	-1.15892247146871	-0.516852773537936	1.15978435285816	-1.38973319498827	2.8279188865843	0.15924879805291	-0.494582120221771	-1.98490129526845	2.8076409684837
NaN	-1.02435661528532	-1.31185908471445	-3.65869421597539	1.87968788209708	-2.0974594548191	0.33327055508019	1.98546227222484	0.810189631187659	0.0484442954117443	3.51898032286018
NaN	-2.72047766428438	-0.097705562123659	-2.99101282555002	1.70732218727247	-0.0107712218119391	-2.65323694257893	-0.638420201799477	1.88472375896985	1.44565501079709	0.248480775144949
NaN	0.510874413232844	-0.104401515940165	-0.191888557556316	-0.156022755013472	-0.807128225342092	0.0575773108099327	-0.826749943407276	-2.15135339989436	1.75574946339557	-2.80923883274499
NaN	0.694750796616161	-0.587649766907185	-0.806035403006327	1.33965742477418	0.672558119044557	0.147544222914585	-0.598915221579666	-1.35537613439762	3.43536292784735	0.000764271445125975
NaN	1.08545679146216	1.00920150070957	-2.01597577178827	-3.4322861427007	-1.35396481387138	0.81390421689674	-1.07155436290962	-0.399671257546286	3.9243873916633	1.1747840767095
NaN	0.827909714375761	2.15218740741748	0.671591279092674	-3.27328736033101	-0.470068404442287	3.47463909852826	0.565229494593937	-0.615211091733259	0.130627435580225	4.33390538542942
NaN	-0.814616074336883	2.43677291490163	0.136351168789858	-1.63506402432883	-3.79767629679175	3.20690783892808	2.83637880898157	2.7385018138069	0.184004080676449	0.959949269872243
NaN	-0.685019874911911	0.582426231506227	0.968210518904957	-1.58633526598612	-1.1467524559423	-1.70031669095366	1.17770994151206	2.92686089272374	-1.55310021776998	-3.16659277476893
NaN	-2.21082945973968	1.6928332835292	1.04199183488797	-0.841638792440622	0.04551498745665	3.04108922930058	3.04673640737028	1.29281613104788	-1.88290407983292	-0.754353949012996
NaN	0.238904269898369	-1.06755548474576	-0.653715876109545	0.578724696924629	0.948022043683192	2.93967618531943	2.48225698355134	-0.805385228266028	-0.922472624099974	0.783564492839163
NaN	0.832714032392609	3.4563939340842	0.768633141816139	2.40992843790771	0.0146499461361355	2.19433744641808	1.20234231485762	-1.45743713207639	-2.09415588224663	0.749362615975745
NaN	-0.275964391633447	2.68419597436125	4.31096026821358	3.4298701086547	2.82614178286587	-1.10541687047095	2.34115430684654	0.702202753833289	1.03092809090035	-0.0532846475648077
NaN	0.406011510185227	-0.0564623590891137	2.84438738972888	2.26267066881563	2.88159382823983	-2.44787971999304	1.7194073024333	-0.662637028784477	-1.43782950689216	-0.958370409556882
NaN	0.76483382518183	-3.12204166517324	-2.7556679246502	-1.24023505332187	1.42405017339787	-1.20138636774141	0.705067321236719	-1.28688902323153	-1.54159456942553	-1.4463646407489
NaN	3.62285740563116	3.25486048787865	-2.16888632574884	-2.62692809828949	1.80108717488083	-1.60357657186983	-0.666350697051064	0.429607568161821	1.86403168674053	0.913732733647076
NaN	0.589029385035761	-0.262048217011161	-2.25290220402358	-2.72292781215631	0.416280431850019	-0.108850050491932	-5.74654161655519	1.12823023190293	0.388208825300453	-0.40457148053639
NaN	-3.17092354553567	-3.35575206279541	-0.259337718825087	1.00175606450495	-1.00830517635026	-0.914938033465082	-4.99561035727404	-2.51691364654701	-2.29001175285822	-1.02325829393841
NaN	-1.81348747502247	-1.73878222015278	-0.92026814685037	1.83247020411278	1.10253091076564	-1.64249403448524	-1.36651347700812	-1.85985114536394	2.03235799191605	-0.448416544213273
NaN	-1.44159816119325	-2.43547018886229	-1.48326796571085	-1.50593589960295	0.432603755018253	-2.95701878825471	-2.49893062981349	-2.83283336800745	0.775407205769845	0.525768140069745
NaN	-0.460715540092689	1.27631625692523	1.46186627126355	-3.97082848366837	-2.91364084138818	-0.250290798480771	-1.78234735096637	-3.60803439797952	-1.8697362587874	-0.765449056486258
NaN	-0.896306349871604	2.25394168865482	-0.695571159041868	-2.69678879340699	-0.460905964115984	-1.33713030068571	-1.08555062046922	-1.83034180185156	-1.93292860993756	-0.399102000464958
NaN	0.488394174827995	1.07481805553994	0.677050749007959	0.0467387110874403	1.17106374191372	2.06990029030579	0.537664345864829	-0.186572394831159	0.160809368672377	0.559191810282671
NaN	0.110256874477147	-0.572708339212325	0.896438889245623	0.101157786201468	-0.262380073491509	1.16669265448015	-0.325984421915713	-0.76857448848655	-0.469836229631599	2.98220005259009
NaN	1.03841007227495	-0.191127853314508	-0.380334778678801	3.35033931351429	-1.52892791545526	-1.90297216374098	-0.779995448182895	-1.28227203231837	0.080697530461139	-0.175371117157801
NaN	-1.40155553710058	1.17193418792323	0.874214703191984	3.12372442439799	0.836521751534298	-1.20452987664877	2.96813817902308	0.756979344119365	1.65747762860326	-1.0629520857642
NaN	0.205711680723553	-0.564413232662562	-1.94277577473454	-1.21352001111801	-1.06629418570528	1.19060542501841	2.82428007288909	4.14875559026175	1.82161893311143	2.16910194282506
NaN	0.740538904644276	-0.262160090795784	1.66912935110242	-1.04142857063935	1.41442312891292	-0.995397242072158	2.41513767189911	1.63054306066146	2.16914229310307	4.5063342329298
NaN	-1.82463884674937	-0.699941194171578	2.54149411569427	-1.03787374605363	0.19051055066387	1.42557361786214	-3.54710483381422	1.4641066839081	0.980406427088302	2.55089960479887
NaN	-0.419519081728641	3.11137403757215	3.95853733089396	0.639734426006048	-0.999790967717985	0.497238994023159	-1.87800568045138	0.690519157113912	1.87854073251275	0.857385946836432
NaN	-1.68939399589469	1.11781412474095	0.590597588809196	-0.355506328197562	0.906823667461011	0.134115412206177	0.759863558533293	-0.399356008699777	2.55145531946433	0.863857171596302
NaN	0.777526748949704	0.668892742994714	-1.20132573736336	1.54842621849122	-0.0124205996861317	-0.64364902983793	0.403142159744599	1.04348759907665	-1.58794618859904	0.057651632849961
NaN	2.07644148080778	-0.415852956757719	-2.0841853597089	-2.69802249331826	-2.10328101775757	3.29561930037326	-0.315688766672136	-1.03542498818903	-1.99103524440745	-1.02570909548767
NaN	1.05110850846425	-4.15886865436254	-2.39654062191244	-2.66743446353386	-0.124462454469997	0.861543833765969	0.890204545236776	-0.54808958299322	-0.0973395652548253	-0.618401150695289
NaN	-2.56997126686785	-4.22384346635724	1.86770720306276	0.0271820847029261	-0.860775147067235	-0.746063864037655	0.571949952922535	-0.733592405995798	-1.5812921687391	-1.02530169625613
NaN	0.00671623518338124	0.0128594257426734	0.819703178907527	0.0375153908798589	-1.46702535612703	-1.5618680688769	-0.0608872820464626	-2.61470635203159	-1.74690560240409	-1.84069013652043
NaN	1.5997349247543	2.67802909259051	-0.346530521190138	0.0456861662452794	0.134368232550757	-0.18530292221068	0.318650679105479	-3.33798538056198	-2.38351644475224	-0.985446880275756
NaN	0.0127613384905107	-1.50123202377117	-1.78046308126241	-1.20744761227205	-2.00100250998114	0.174039313848215	4.25386906628649	-1.17121605464011	-1.04668678174159	-1.31868371723813
NaN	-2.38845718414979	-3.30605437087926	-3.74524321697706	0.408029628702081	-3.07482089218926	-0.189745632139472	3.54414731988902	0.413666739463907	1.20569961370532	-1.8553249658433
NaN	-0.43989907246071	-3.56119726454001	2.91986559231057	2.68966862525407	-0.895953453608137	0.410414344136225	-0.543093957289741	1.09332575500067	3.15910614086883	3.32195206775081
NaN	0.857945849543948	-0.0410252606079148	1.53085133135754	2.62257525883976	1.2187543537935	1.1895979261912	2.48913694176067	3.98428524924575	3.7480620215519	3.16346199380289
NaN	3.58389283478112	2.07190138759794	2.31115289744591	2.62922319557349	1.48818970095041	3.27620081039362	0.633515999902947	1.21381333769638	0.558997970874402	0.120715471006488
NaN	2.81536232186151	1.8806657237133	0.832031799527824	1.26885851560601	3.16712113326629	-1.15909853313561	-2.97233826713292	-1.88216188690146	-1.59785069346144	-3.59914467815693
NaN	0.21212842238582	1.71559918314959	-2.68269416436477	-1.13602365492423	-0.0549669318996305	0.218585353575086	-1.46937979169702	1.10108485896103	-0.741257457275883	-2.0386241931064
NaN	-2.30565144158733	2.90693717603922	0.0530922967716216	2.10005806271338	0.0124373213709976	0.287162291097695	-1.82685911413511	0.514934046564838	-0.476186541019647	-1.90335535843324
NaN	-2.43051277885158	0.219864350811445	-1.09504491445595	2.38920676655663	0.809812489700589	-1.23419642624927	-0.926422209057951	-0.617926731698754	-0.877877459169601	-0.8838418594927
NaN	0.0718958142742263	-0.977274618838137	-0.555610722312347	0.0993077637337318	1.42083246973638	-1.50915607780216	-1.70021259458781	-2.99333745103429	0.99745776260015	0.288107057583296
NaN	-0.403297155851433	-1.70512201401982	0.0133457520561179	-2.78689290917973	-3.21959597376395	1.07548599282209	-0.482976566555493	-0.496939197306521	1.28608235328125	2.09299458672576
NaN	1.24046033845719	0.744386365157566	-0.62490272089824	-0.629150209179144	0.0405893359357321	2.9080295122289	0.443876608146725	-0.524874783407806	0.227230941240536	2.04537420143589
NaN	2.43028604405021	1.96508388823768	0.515045226068578	1.59462447205497	1.35463350550874	-1.1992199461991	-0.259960031499155	2.11455651374467	-0.101197680973919	-2.15581665895725
NaN	2.65097450686097	0.379304624348966	-2.62984325091997	-0.247172988871204	1.41463637354102	-0.135990433657995	0.660818389901493	-1.72462750938528	-1.99098497440864	-0.927303686626095
NaN	-2.44068639582536	-0.700446261284728	-4.92696018741728	-5.17119342810403	2.83963832134172	1.20907544723764	3.99546560333574	-0.385119017914138	-1.32773108800392	2.23710888281487
NaN	-3.09972199942053	-1.86923225736716	-2.20360350341402	-1.71862021081084	0.772509385545292	-2.55876355904226	1.54620628653468	-0.922623690683395	-2.12223846741288	-0.427304504961491
NaN	-1.79457289593562	-0.198924502848684	-1.05682873380718	-1.16236081815779	0.611453857151256	-0.227816999418365	1.81816886936846	0.92346789479119	-0.746756483065071	1.38988365552987
NaN	0.576373862126333	1.98901459699803	0.237890955194226	-0.129927563637855	-2.01451109316465	0.971384543769342	-0.382967499964528	0.978011638875619	-1.77756923786477	-0.639078001649825
NaN	-0.297934772046287	0.478326085729391	2.103137360465	0.528696245911786	-1.92801301642562	-3.47704458130351	-3.22147139356966	2.48158173375513	-0.850541625919141	-4.28952389775533
NaN	3.85708950442638	3.42883638329847	2.27319653015174	-0.258674711121296	1.42189781930682	-1.44141407799556	-0.527568767887999	2.43471499482987	-0.205554123247596	-2.11565710759266
NaN	0.218765102731119	0.711217956881423	-0.850757150103171	-1.96780449281073	-1.41090925225789	-0.765551150987503	2.1767231755567	2.19902655167439	1.51969390433468	-1.91259866454554
NaN	-2.52755274847208	-3.98720461502872	-6.75435773730267	-0.414501858375153	-3.40362136307748	-1.3117970710157	0.429407116522005	3.81264426746164	2.21946543577735	-2.14609956014747
NaN	-1.88643028772696	-2.3596317571704	-1.55541523513941	-0.911925559736659	-1.41587127435535	1.55478415294573	-1.00563760978911	0.187579444313666	0.13973548488184	0.37722539375378
NaN	0.219899738659485	-1.16497450855523	-0.0492684316005562	2.84200057673212	1.70893692822081	-1.45554999479791	1.48901264633811	-0.211912415766169	-3.46124333408204	0.215424177322749
NaN	-2.2637654533096	-1.84515885711243	-0.804197619225659	0.25445075923749	-0.295645915048666	-1.66639256836913	0.417449243798881	-2.23516729239314	-1.83364521722064	-1.47809280737835
NaN	4.895348999232	2.57529787275422	2.61285052638831	-0.283393580534601	0.603843296133268	-0.761813863691476	-3.43986304489698	-0.787041263099214	-1.06193885787592	1.26346494115487
NaN	4.13662239027846	2.45634530548557	2.39938967815219	2.14887190830034	1.32073243052388	-0.648189044761237	-4.5475346935987	0.194613485511369	-0.544094944446718	0.709893003206075
NaN	-0.814571053552337	1.91275246117672	2.96233721896258	-0.664819519865266	-0.0794955380766004	-0.00844792882468798	0.546443331260872	1.270728462972	0.957367329104922	-1.80159947739361
NaN	0.0672441280490734	0.468708322685307	-0.811651368173352	-0.400852775980159	1.03430228960975	0.762637251334565	0.88957637205889	3.59095222789893	2.02313726810221	-0.291521157732661
NaN	0.344527939039065	-0.0896443557831882	-1.67359922110384	-0.365377197022766	0.587510421290911	-0.419020883075208	-0.666625844376534	0.666762066565531	-1.01464187148003	1.20012492184076
NaN	-1.35570762074105	0.0234014946252087	-1.19418247148769	-1.1423757764218	1.66293217592225	0.648505647572924	-2.29557652783111	-3.04104253061471	0.175333235322162	4.72219208214952
NaN	-2.22391370994426	-1.26073652530198	-0.971852845087113	-0.789700403028066	2.7551465757321	2.43024398169573	-2.2690181661611	-2.36598957479188	0.559773419797587	3.67899625435403
NaN	-1.26105059613964	-2.35315849825858	-0.103061560859381	-0.106403350831098	-0.137807230921522	-0.963463297131674	-1.08024026823932	-0.436590672388735	0.887062729712527	-0.247396367066614
NaN	-0.244376954927939	-0.398565414835088	2.72944358572965	2.37821608755558	1.43162892212644	2.12614770244417	0.283561871648512	-1.03941704719597	0.172049631617484	-2.73786898476232
NaN	1.77600618377474	0.0513923695123258	-0.195289369682187	2.84202959224105	0.60105270128159	2.91816620543113	3.87111412610304	-0.667621762211632	0.0568750573503096	1.21978163867193
NaN	0.917242115038408	-0.785268904540308	1.30164348789617	-1.09384836367276	0.727340573969768	-0.308032153185425	4.58240598562222	0.200750563884713	0.849541535151006	-0.335767687696888
NaN	-1.26903849842962	-1.39155541460154	-0.000485463827074178	-1.69825957398127	-2.25092000946512	-2.59241745761234	2.16352850130446	-0.838433276146918	0.187282101254432	0.291131783287533
NaN	-2.39802525031013	-0.999995797492974	-0.0141887174219717	-0.273248416768628	-2.70937278327679	-0.393341970560684	2.66285506403889	-0.93097484078888	0.714187189355628	-0.808384928036709
NaN	-1.88332215918817	-0.182378070248091	2.26731454787842	0.0851649695040287	-0.022563878868445	-0.147219188759833	0.482350939222219	0.174571034570222	1.03596171127913	0.148954533850252
NaN	1.36312950173011	0.721867700525025	1.64314132650539	-1.93770404661326	0.162667883293308	-0.848495205830516	-3.41381706864857	0.249736797960068	0.548477126660972	0.984752199830511
NaN	1.44263295225663	3.79207246781529	4.85399250593914	1.67153449429819	-1.85077147541661	0.292469973883232	-4.57234135924977	-0.684981965616033	1.23292241068137	-2.23665518040527
NaN	0.237954730080909	2.86883258431596	5.5780482693801	4.22366482235722	0.392780234784121	0.800839359191695	-1.72589643484209	0.218996512123057	0.826256137481669	-0.26548798974224
NaN	-1.27051740361444	1.70657939192849	3.07559371360657	3.01729894566258	2.58460692852214	-0.333658290490803	0.298604430368681	1.33947405542065	0.974416568946977	-0.334265960168004
NaN	-0.30921718916252	0.667937626854422	0.0300818636388794	0.894653873480106	-0.102742180926193	2.18401895058242	1.27477691140316	2.51845703261902	1.65007735937245	1.66597522593361
NaN	-0.746729957743344	-2.70387476880447	-2.65412555150531	-4.62302385910156	-3.7980014982779	2.6360313171883	-2.10679800628292	-0.0358410464290088	-0.0855388009961318	1.15107265185133
NaN	0.922303473308097	-3.02536736396359	-0.298004980213915	0.400997790998132	0.67620903994472	2.39647382137913	1.37960657117386	-1.55894022439756	-1.12275315059261	1.35448671275199
NaN	2.31345511251505	-0.82715385453616	-0.75937853458917	2.15652943200838	-2.41541704149769	0.716811497453447	0.449725297504554	1.29905523775437	0.35041030695822	1.62524259990718
