NaN	1.47763518346346	-1.38174845223926	-2.2497672006043	-0.884944845080424	-1.63070709508645	-1.39486414808741	-2.94054313055282	1.81005410279937	0.904027912862905	-2.22344215935118
NaN	0.769806986819562	-0.541928641557266	-0.998486403528635	-0.668434131498859	-1.4512784598305	0.683953624884114	-2.23695064066823	2.85251792246388	0.888715897399934	2.31454693967042
NaN	-2.33912597329037	-1.06577818025851	1.36526386427319	0.455693459985632	0.602519871461765	2.44754847091942	0.989833565950851	1.44282951010238	0.0921125513751065	1.65418187012393
NaN	-2.01939897528903	0.384918355306576	-0.869444743402539	3.49545445003822	1.53648096906941	-0.605532815429285	4.61738569194605	-1.30514759321031	-2.03570491140826	-1.74738985211043
NaN	-0.170900288835522	1.31994395943244	1.705964827127	-1.02814739711772	3.75350639100205	-2.94044099468769	1.81652217086813	-3.0428524817975	-0.249396978011654	-1.22768798857193
NaN	-0.640829344740474	1.38151633127607	1.99035252835592	-0.0546300919415048	0.641259862525848	0.337676526190276	1.60635784386738	-3.78121008670371	-0.80111729097226	-0.572423915905458
NaN	0.392982420003248	-1.20924061700877	1.42965758154223	0.466452936665727	1.81514188542826	-0.516439359091129	-1.99683352397305	0.335968566611676	0.0660624040187758	-0.739895860489736
NaN	-0.355323800509731	-1.63567732672903	-1.44608474992751	-2.33901708637445	1.13984722751931	-1.11364954212847	0.09311092663849	-0.78375441706798	-0.586937169580017	-1.0649024382613
NaN	-0.0262944771085281	-1.40003565696426	0.638382540392535	-1.31143025908645	-2.81466400110466	0.569475935476021	2.08227455479148	0.352545379554293	2.51546829680288	0.351693735924972
NaN	-1.25994929678263	-1.54209018959215	-0.322113422542558	0.254790839067388	-5.65784310279713	-1.11412373437095	0.0819032583103235	3.1373962322893	3.97807024562829	2.9339076159175
NaN	-0.244459869002936	-0.204681428715897	-1.01699683330762	-0.50856518148312	-1.3496001904704	1.19031973004685	-1.07710062396983	0.628112533359838	2.80253898888977	3.2272546927849
NaN	-0.152398266036758	4.42202739289549	3.79954721288403	1.51983956489879	1.26687026454775	0.679310644758926	2.04537512246941	1.26986030486398	1.1394574343109	3.23271988697201
NaN	2.08559166895616	3.49117236675935	2.65504083205443	0.538238621390712	1.0973073660394	0.827398744994698	-1.56350120223573	-0.0807110724973837	-2.73318658205329	0.0245728310641614
NaN	3.91866862353079	3.64965141843063	0.205789270564498	-1.31576333840169	-0.351952964917313	0.995231409860114	-2.72498254818217	-3.17702330986756	-3.55584305763167	-0.108983534841987
NaN	2.95367057673922	1.78128340814436	0.722747393307598	-0.0762608716127336	0.817279824336105	-0.558715710307238	-0.751078028531747	2.45978083922241	-0.561274397043009	-0.360147040651695
NaN	-0.833136687121058	0.72554449393181	1.58948637890537	1.29176230944529	0.171806163228162	0.0264609062336675	-0.681784823315601	-0.119675265203882	-2.28628763181371	-1.23687741097627
NaN	4.14806739808199	2.35870960652001	-0.157727541064919	0.624959752852562	0.400043118069534	0.241535395576269	-1.40653872121671	-1.07163358777687	0.262267093263827	0.836132724851607
NaN	2.70588431394145	0.303437207128053	-4.07251846271436	-2.46891779872663	1.52649536623797	-0.320826314555155	-0.546188515779041	-2.7074808183043	-1.54131603610294	-3.30519947172038
NaN	-2.10796057226199	-2.9223551712695	-3.58022192444631	2.06635985413735	-1.28315319624701	-0.329702687923866	-0.611006288074	-2.69348953064606	1.26090453858616	-4.39122069163935
NaN	1.87278516692436	-2.75136746097721	-2.50858205802758	-0.524233914006498	0.498965901861975	0.227494430425256	-0.973872062701296	-1.19160966503847	-0.310900334082849	-0.99190022630147
NaN	0.0489610262961533	-0.279454077830596	-2.43893890147845	-2.88479791275616	-1.1718785361082	-0.737247314513892	-0.101736073794578	-0.984919434578756	-3.55340119247773	-1.62151636329403
NaN	-3.95103398094436	-2.22125417350612	-3.16308649129083	-0.578228972344633	-5.1500151414793	4.51178836215524	0.50317276738917	0.582322543183637	-0.436271321949785	2.19379133470887
NaN	-4.28256703915527	-2.88427507233253	-2.71583258980162	-1.87843594441384	-2.15896685486663	2.91770495117308	1.75363747133442	0.179184874201832	4.15425099724297	3.50936550379965
NaN	-2.5739780697568	-2.34462339436051	1.96795005171128	2.65497610828794	0.223604510046701	4.28694208665167	-0.39310549084946	1.80144340607203	1.89493490910212	2.50664297989238
NaN	2.77567901504411	-0.46013598026384	1.50084088851553	-0.584453653010308	2.27213316243733	2.46382436707199	1.06703233386076	2.22541829409481	-0.513738710596882	0.10932115178281
NaN	3.3449119590527	-0.200384674962755	1.68580257265185	2.2590074167094	1.98642245841326	0.599740393436008	0.740783376369346	0.90293662181787	-3.03052164392706	-0.761121471960782
NaN	-0.889633933941562	1.08384220293714	-2.04626377062181	2.57032583630948	0.690237213556387	-2.25860075159431	-0.629437581929081	-3.19903190433633	-2.70305977909347	-3.7292771584542
NaN	-2.60537747585161	-0.681996266359099	-0.507255666596447	2.55061345218834	1.05787622570975	-2.95210210202685	-0.0127949221619449	-1.67464345391778	-1.06367032325806	1.18494124267875
NaN	-2.19555128209443	0.863003587550803	0.172145519886791	-1.46367215840162	-1.32201284886427	1.36336106723488	2.17457167559089	3.74447097618188	0.206436394651792	1.24635137668348
NaN	-0.0986974356477503	-0.577602548077058	-0.648771967123543	-1.67135904380821	-0.41247021799984	-0.470371878885149	2.95904576856696	1.54833745022498	2.12653925738146	1.37633290511704
NaN	0.1985704122025	-2.59262046961597	-2.04218091392023	0.398624907533491	2.2256862351233	-1.4954242895197	0.758339371671329	-2.09814821843835	2.73059416379359	-1.34899115978997
NaN	-1.8086554457661	-1.23315830631006	2.63638624338616	2.09282458741073	5.19398525044399	-1.37906121774587	-2.08503388631405	-0.241071021619138	0.746865031113456	-1.3658395962522
NaN	-2.22000733674761	-0.952508835489793	1.00762945582211	-0.78915355725518	-3.97756110587152	-0.711241822536572	-0.153410131187645	2.76156241494872	-2.15540957241694	-1.33931936456851
NaN	-2.5671256646974	-0.514707306023247	0.247036217841752	-3.441550690826	-3.55406815017429	-2.57403047023179	-0.425891000766013	-0.226014252333401	-0.449989738963665	-3.27491753949552
NaN	-2.18175437768429	0.113436252794616	0.0262971646242055	-0.0152158182800177	-0.414649279863626	-5.37099390148822	-2.08493547319934	-2.86306863292492	-0.710533008506494	-1.85941251988613
NaN	-0.188442416254015	2.29585452742316	3.33762028357421	1.41873277139392	0.45488272106012	-5.93543755924803	-0.489302009992402	1.02291475251885	0.752498987658035	-0.689182022552207
NaN	-0.51709258109552	3.2686631095957	3.56770929519687	-0.533544225724515	1.24831045965268	-2.52494414697472	-1.32473041435004	2.4727306105144	3.69267659042383	2.65157797462788
NaN	-0.242700228928681	1.82072503453896	0.23294507754946	-0.709546456561201	-0.254169160817635	-3.41775285636544	-2.23277448376745	2.03884370829239	0.953337804596062	-1.92887879866596
NaN	0.621080131442105	1.49907947879892	3.29646829161183	2.47461879912617	0.377480014315875	-0.174012664335522	2.12734988848357	2.86090914843955	-1.00862496094665	-4.02031611365285
NaN	0.44037186049908	0.409189586139127	-0.656373074502605	0.478670537318546	0.502898586665781	-0.405686459900883	-0.488121864771074	2.46741695422959	0.550632050921759	-0.425560911106671
NaN	1.66642532774764	-2.01180790617049	-4.08019915228679	0.536711983603481	2.54958021351613	2.6742044846986	-0.222562247026755	3.86677954114025	0.0242728031299417	0.836750426537328
NaN	0.13429920499988	-0.739348791350151	-0.503034672742406	-0.67123463065582	0.942413472796873	0.590907300410731	0.507946610674093	0.984929879319984	3.31970929322844	4.55894499913731
NaN	-0.119908498502294	0.750952392705005	0.50056515905374	-0.334667554987841	-0.575494331640973	-0.271796776558128	0.206511046683245	1.39292311562976	0.537880738144981	0.655897159364297
NaN	3.94212891000355	-1.65861912301371	-0.205515026347656	-0.945752559593964	0.38599261434071	0.645589476660736	0.392579060644316	-1.69988115999375	1.98319758915808	0.543695353287859
NaN	0.954102934155426	-1.07636888998253	-1.63170967664445	-1.37254965555585	1.47984774067996	0.474837058359736	0.180573707622705	-4.19927087294813	0.224036277774164	1.39310395244038
NaN	0.750767388365722	-0.250613744445284	-1.78646512694882	-1.77155700564951	-1.31061955724223	0.0049815085229028	0.968163141073606	-6.67874255411348	-4.18380641730615	-0.320377486284826
NaN	4.00925805298927	-0.711307937986223	2.14798986832063	0.00631818831595676	0.236359867372831	-1.41070854711112	3.00100159030831	-0.304466777139519	-1.9484294956601	-1.29347252141481
NaN	2.47291963711437	0.578613413045421	1.28563244011537	-0.758455577663469	3.83517721253183	0.278079628507386	0.128561894863495	-0.91741434324424	-3.69194792473653	-0.0769234639995154
NaN	3.86231924668762	1.67078396786717	-0.578688857753208	-1.23367002012627	2.06349739184772	0.389379066570275	-1.2013236160606	-0.86661991994092	-1.73579442168912	0.649932731896411
NaN	-0.407553769034974	-0.685003260890178	-1.22119551021397	0.406553229537268	-2.08944910462294	2.26053114553411	-0.318499801827508	-1.30548375520309	0.417331071397152	0.853596259860484
NaN	0.148636857716286	-0.406482536804516	0.876510666796739	2.70823292997536	-0.0470727660215298	2.67975171867859	1.50377237011968	-0.906398878917027	1.48465867997694	3.69645488445761
NaN	-0.0313442057044268	2.24387310530452	3.17687878335738	0.830818534062017	-0.463698659124694	0.97682900261485	0.13371961217053	2.45783942601535	3.07880895489655	1.00928470285918
NaN	-0.26423027339626	3.09457903481286	2.82426130952511	-0.427280462732782	0.841755632241916	0.306971140783873	-0.996248305599925	3.00101497077081	0.801469214530002	0.0862559780487138
NaN	-0.294327092369012	0.278249827201429	0.754213640015053	0.268630150529732	0.496367214065544	-0.657451949086229	1.52777378595848	-0.748827712853374	1.17389971055151	-0.222478672465315
NaN	-1.95329708199491	-1.51465579510739	-1.27874536568114	1.95887373994703	-0.469781773551089	-0.521808921626397	1.35047408659766	-3.70697611966469	0.604297677260886	0.496867648741511
NaN	-2.65303819372409	-2.44139957112818	-2.40790870531282	1.34450741034059	1.54472602994845	0.541902317494373	2.30806846233893	-0.833817368303684	-1.46627289321544	1.21364801863655
NaN	-3.48125878663223	-2.52949801357359	-0.95672936264741	0.253497026703677	-2.15890101598505	0.723568987922831	-0.919163895322594	-3.13931651377135	0.52485940796288	3.70752565886285
NaN	2.25233475915114	-3.00730056618898	-0.851777924455581	-0.40738655115405	-1.55285591617835	0.804452443785911	-3.73232278296135	-2.14868312167996	2.31956588406529	-0.583603423799253
NaN	2.12708148349509	0.270116934522778	-0.781048901071618	-3.51106861731643	-3.57874571194762	0.817376583647419	-2.0328520672247	-2.73473129438848	-2.91372840880504	-2.60461191543644
NaN	-2.39200811743605	0.860208631622599	-1.37214022270514	-0.87292480115625	-4.34037055096407	2.00523779869337	-2.79087727266991	0.109636388006155	-0.609684900425859	0.923582807462362
NaN	-3.3607641156004	-0.784298520713029	-0.947146731603684	-2.14068956592607	-2.95127422520141	3.9256135238183	0.523293774660182	1.15760510583259	-1.06691298243696	1.44835526629207
NaN	0.421727442531721	0.320835366455142	2.11547140443912	0.404107816008125	0.449612018284892	4.28259711704904	0.211838436703208	2.24920994756679	-2.38654006255799	0.654074216229847
NaN	-1.7704489068323	0.374669796784037	0.412288245158723	-0.183393871296986	-2.9924608116718	-0.343317761168835	-0.257029369087996	1.2130714246596	0.148780898779283	-2.10487459087533
NaN	-0.811109985571977	0.223818458548461	-1.71854687948882	1.67813023528051	1.20729486241258	-1.11165147336163	-1.02573056662631	-1.27874817995319	3.41217710167275	2.16850989083942
NaN	-1.40707447198025	-0.566449923779531	-1.8081506821814	-1.05733126456801	-2.06698679660841	-2.64779516413063	-1.96301342529839	-1.18889902124033	-0.705878223535826	-1.87508638772512
NaN	0.271910687218647	2.72893534975169	1.44538942623411	-1.83594489248324	-0.0491556211115448	-2.08794669852742	-0.892532470598247	3.17578713244134	-0.321208691879579	-3.87685501668446
NaN	-0.577735583367495	1.53570610408402	-1.12240314979358	-1.13611039883409	0.326539348416739	0.721340566876035	0.72622660648164	-0.16186913366637	-0.798258127227596	-0.837040866115334
NaN	-1.29137759387	0.205064540464675	0.246825177364415	2.92526297913268	-0.12162319861823	2.25415581655875	2.03867131348481	2.55127702945554	-0.00285200797062368	1.48547814896409
NaN	-0.175607146934203	0.700427468278952	0.138833669674372	-1.51804185677616	-0.545034761952637	2.6230064725703	1.75722586550346	2.7969587192692	-0.0312475855460019	0.645477335619173
NaN	1.18244718997822	2.97660891332664	4.04191805148918	0.508701937038424	-0.642109364043651	2.48110435271487	-1.02635476965171	1.34398106789568	3.08170717370187	1.41973741159193
NaN	2.04335318152243	-0.0427847300719511	1.55453101205498	2.07881203540096	1.03620337793175	1.0120134105119	0.00432085329628723	2.39610253985687	0.535142379586419	-1.23754207693714
NaN	5.39710413754496	0.936645192946089	-0.326926572937951	2.21349475900879	3.1743521327711	-1.95119090932209	-0.121474213325892	0.695421736605793	-2.00536464909846	-2.05789124851485
NaN	4.0217199602957	0.0782999503043086	-1.65761349462154	2.82996915944006	2.0918671687982	-3.5330232743723	-1.94824510180919	2.22357837867882	1.09889580432646	0.392013346814631
NaN	1.84539201717784	2.51994699616286	1.01635216796473	2.30435380067878	1.34179024835246	-1.44251791538442	-1.19042507814717	1.28242846105304	-0.110619509403581	0.491018960348617
NaN	-0.0400408720058291	-0.246500301136896	0.485401705013177	-2.0322313099906	1.32026990757742	2.59320778241895	-0.963744618071639	1.55994851732753	0.995029972649252	0.85084656399394
NaN	0.766607226176617	1.49328173173885	-1.6772067972597	-3.24600226506517	2.03830590700679	-0.0539719963494595	0.0476192171586048	-2.64999109437504	-0.93234295450912	0.896613941051917
NaN	-2.28138736628074	-0.846253808530364	-2.83705779735622	2.09892980397571	0.293493954521644	-0.766593428407453	0.420584351260191	-2.51403733997889	1.59551586182929	-1.51688344062218
NaN	-3.62551510258061	-1.28939794599068	-2.89963660539189	1.62231155013158	-0.0971245946380228	-1.40893218294911	0.187251522347454	-1.4312896146187	-0.383525214511396	-3.47584465569453
NaN	-2.69817572988396	-4.21864601123097	-0.930250079539335	-2.680779766113	-2.07590638444796	-3.00868566219268	1.25857243055056	-1.06124217416769	-0.265370299376672	-2.35982545251856
NaN	-1.80040352468978	-2.29984937627348	0.740557912247211	-1.92369836432365	-0.188597549062479	-3.28964192176138	1.68113456979997	-0.543431601343257	0.360287125176118	-0.353357617598177
NaN	-0.493643451562116	-2.34597627027113	0.624805771955554	0.66320536926178	-1.33390143083609	-1.79217268574695	0.340957643562304	-0.034393253297899	-1.4305067416253	-0.62903157820202
NaN	-0.973757486011963	-1.65632856516074	1.24677037030547	1.29175049554599	1.80771386196584	-1.82534546581951	-0.662764011082437	-0.00584539467165901	1.2262841592584	0.320796565815141
NaN	-1.34183025087662	-1.13541614006022	1.5880021978369	-1.24934622112767	0.980272102549169	-1.20074849711545	0.845735371106565	2.25694330523416	-1.40605240810015	-1.17766347641302
NaN	-0.643238639009408	1.42126185110237	3.00910054570828	0.431362062402247	-1.60888270798626	-0.607255130797577	2.7675158488899	1.68561728947437	2.88073826012657	0.450842754601322
NaN	0.821973371315684	0.989080602443714	1.71763822472863	-1.29776481612487	-1.59107106400515	-0.90971029900796	1.3673160707542	3.13360901097604	3.01182348134744	2.64453053043198
NaN	4.10500499366696	2.06260101669317	-1.35219228798191	-2.78515764182857	-0.145409344088048	0.271113139017273	0.460749128577062	2.31927350560862	0.082411442033504	1.92561386344086
NaN	1.07654780183921	2.04033735391103	2.50208668769986	0.961371283935949	-0.641656659483377	0.0871930718659098	-1.1930704958078	1.70947742912563	1.29302042740416	-0.682811328361059
NaN	-1.98863802173865	0.168713224290074	-2.15728013062656	-2.20713223635235	0.182138463480684	-0.00165454273559418	-1.32456446214752	0.203456549070226	0.314417517103735	1.21337395632931
NaN	2.18162700414311	0.884460312584588	-2.60897275294478	-2.58916432730724	4.35196435033953	1.00610106904373	-0.427072781033247	-1.58067188665516	0.61853126343259	4.50955131496757
NaN	4.39785015405509	2.24833893934192	0.155773377602772	1.34301104587182	4.01011734873852	1.25262905284455	3.02473974195034	-2.27109076948249	3.83116864674632	2.29889856971564
NaN	2.29112332207304	1.88223689800737	1.9248036646958	2.1919242530839	1.04826796892463	0.606839911325189	1.97271831804583	-0.647542254634611	-1.22478219089569	-0.567210261539345
NaN	3.05307557947036	0.645238347906096	-0.119671781016494	-2.50609439980432	0.834457621511991	-0.268463193873771	0.63591597807987	-1.02877943754761	-4.89410174083772	-1.79918775339419
NaN	1.71830808704871	0.0624949171429115	-3.06855420025043	-3.1734655867047	1.42583215753415	-1.35148785841908	2.35990955367038	-2.38470981534479	0.719791104208647	-1.75333302397775
NaN	0.465136130050019	-2.1535345976433	0.714860908579182	0.203361371350259	-1.76564865627446	2.12242252102837	3.86158460627446	-0.523941221608721	2.25976345107273	1.01343905851529
NaN	-2.81805500204728	-3.15698244288195	-2.42550792823661	-0.390324848446086	-3.78691311949042	0.209154456383588	1.26829507233652	-2.21379453408528	1.32415604665019	1.55592489396149
NaN	-0.129837003337622	-0.81640983310629	-2.69124629059	0.733633998036761	0.502538253570235	3.62094584718991	1.30665363506818	-4.22371308412355	0.21475185672108	-1.21368059140795
NaN	-1.95218407920601	-0.581779411128656	-1.52470429430311	0.214738557765519	0.319717220142762	2.45685558001634	-2.23695394736188	-3.59484954063128	-5.15465749956129	-1.53901966064307
NaN	-3.89364389402984	-2.58506725866084	-0.811276059024063	0.719849402303335	-0.733036319172498	1.44365523000801	-1.84408955306392	-2.38815479987446	-5.8515325114588	-1.63520529412671
NaN	-3.44721808703855	-2.85815064175778	-1.17382166836943	0.556461608742923	-4.51530483981513	-0.955114442672265	-3.24680407153167	-2.62048046500922	-1.49183862028809	-3.71113239166129
NaN	-0.985304276426309	-1.23309994159888	-1.56918576609406	2.62343875069158	1.6810880474658	-1.26011195636137	-2.99666021838651	-0.364533958293503	-2.82678897165535	-2.5287513457261
NaN	3.11712894974276	-0.040061080705763	0.332517882595167	2.2683211348575	1.4310618911934	-2.1202295517128	-2.13794055402803	2.35806039395752	-2.28210012029583	-2.13548873120184
NaN	-0.112477615705599	0.374276928172152	1.70468907142663	4.11343177762471	0.915317862726537	0.458025587188924	-1.93243416207691	1.14312157970064	-1.38037086179873	0.35044296889798
NaN	-2.43802545467034	0.244501281425704	-0.519899428578347	-1.79367248219474	-3.66406394546826	-0.650479551752905	-1.94525008243518	-3.01290994874643	-0.478606182519289	2.33343407838716
NaN	-2.43694074605072	-1.15882939876661	2.80470992537667	-0.000315141452666173	-2.83097995394324	-0.514588406529559	-0.465195619382008	1.57767610947497	-0.338324881564374	3.0078239539278
NaN	-2.46805677841725	-1.90817403366521	-0.0583027313525099	-0.0286311834764909	-2.60572655938357	0.313726072128094	-0.523119087122093	0.997022428133438	-0.00552017142862363	-1.86637623921465
NaN	-2.55923482168692	-2.314162287039	-0.970939702724441	3.35361812605381	-0.672227389597186	3.6554146908094	-0.733125533762186	-0.854197701313984	0.528019715839417	-1.42475084449901
NaN	-1.46356204388504	-0.996128438306078	-0.241247654370581	1.998717797548	-0.237123390267825	3.68676508645981	0.700372983787494	-0.862800947403004	0.393562397000388	0.722241632379168
NaN	0.575156458336157	-0.0535493481149876	0.533173592354527	-1.28436622122639	-1.36805070584427	-0.190769432599311	0.184943097107625	0.993099897229706	1.31435117478718	-0.934095510262967
NaN	-0.768595729767637	0.343350700350387	4.1764571769574	0.607237058696224	3.73654439757092	-2.54629074148601	-1.545858200766	2.88707293982489	0.030163841003382	1.88920746058716
NaN	0.43952472704476	1.9354057362198	3.10062033249167	-1.36607418442555	2.77340673860496	-0.777941658794204	-0.163866967931566	4.54688204360049	2.26570689482027	2.10226747064233
NaN	4.32392297872043	2.08882282257498	0.0231083918887269	-4.15502019145284	1.2996146289469	-0.410463987981034	-1.47104714919481	3.21735472543407	0.559330259321591	-1.33285663171683
NaN	3.68617167396337	2.22730668848096	0.28968415548817	-3.13605747631059	-2.37685140091387	-1.91978762243217	2.18637759775117	-1.60509480792454	-0.233392901903328	-1.93386232635931
NaN	0.87090115443531	0.728510213242203	-0.161257537873687	-0.274702753684722	1.53821207816258	-1.54653738656889	2.27305672723923	-1.59835003422346	3.58007415498446	0.431615679293199
NaN	-1.59572333817088	0.533037018277825	-1.07502660322189	-0.103450348641757	-3.21714588853747	-1.49834478235871	0.933398403821106	-0.705093482125092	-2.31886629716678	1.01725741743631
NaN	-0.240612521125457	2.16561567916334	2.31164880736512	0.301262658161395	-1.13474197598261	-0.859246408826898	-0.589994709520231	1.54260311233554	-1.41666972769936	-1.43130730869103
NaN	-0.0564542510720392	1.68301394076791	-0.699388058369318	0.616372810021682	1.21354466118397	-2.61493624205457	0.513035450356176	-0.0294434233128004	-0.761437570734558	-0.564610307547791
NaN	-0.0832511785019311	0.296641312069842	-2.24165409564936	-2.09930389883587	2.71748335042148	3.3460404913383	-0.121166232365618	0.234731456523017	-2.06099149371564	1.75255512446969
NaN	-1.29261274719634	-0.110710678176723	1.27604574451898	-1.32189614680138	2.30006571079781	4.41691962803586	0.245062078062137	1.4057900597955	0.554860271536149	1.99600151360926
NaN	1.87103870772166	2.09295445370474	0.531683617754732	1.62280539541323	1.45453579486791	3.64425521989311	-0.504873962549204	2.13375701612262	2.71534448464933	2.51891258857852
NaN	0.700471315457998	1.26344006830889	0.0276630265000782	-1.70750447958371	-4.65499861341203	-0.534205683860627	1.74920368538552	4.80233953679981	1.1775562669049	-0.536952156452964
NaN	0.415777584856239	-1.59702955699765	0.595158130327175	-1.52471852412571	-1.18772561266127	-2.37933658748405	-0.398194261230929	0.732441360776484	-0.441523687874523	0.314719675652344
NaN	1.78094337625573	2.71238079308764	1.55116861354442	0.00627261648816468	1.4821837135285	-2.31839708008314	-1.28930746927621	-0.867113977104923	-0.163220068995954	-0.382847569528131
NaN	-0.454623437629692	1.30286614467185	-0.692144087355954	1.22399936571749	-2.52761008272315	-2.98932871470691	0.548911524597521	2.24272514375049	2.90987915593676	-0.55066879344291
NaN	-2.91197018221363	-0.697883492753654	1.615595414403	2.49035271012669	-0.99378665925282	-1.04594698567887	-0.217741882656819	1.94059946182664	2.05727216295209	0.820856824366867
NaN	-1.37947859820702	-2.06116071179368	2.19396020999181	0.643404103049223	-1.11137317635722	-2.24176840461058	-1.19178878019058	0.620562236630865	2.52063471309631	-1.31797071507459
NaN	-1.06931532194147	-1.57689243512757	2.6868822018217	1.85149552726287	2.53777841726646	-1.54933356468631	0.141209166058356	0.900927634047824	-0.38554172226453	-2.18400465054978
NaN	1.41783675211991	-0.538448199191246	0.77124288801864	2.0609133849466	2.95294142227731	-1.95222457038807	0.0687618218454789	0.205882241171517	0.852943586921757	-0.145205604969221
NaN	0.827995309343245	0.0571521093878465	-2.11196887531773	1.54618168788504	-1.71289624733061	-0.3396087333194	3.31884528233919	-4.26188874645474	-1.40916022231045	-2.29211048594173
NaN	-0.142066240625619	1.60934611389927	-0.284794184457205	-0.511500462570691	2.05998814097276	-0.343033821634696	0.696071495853645	-5.78512322380381	-1.21166643872885	0.0183728491427488
NaN	-0.634063985935036	0.352222888267058	-1.97956513695387	0.562303916215582	-0.730888672294703	1.52617750570772	-0.484078109206483	-4.90646637249438	-0.615882761622328	-0.0785078622309484
NaN	0.595146310991812	-1.70954413123124	-2.88207192690878	2.77483640821346	-0.637534723169593	-0.435569967297981	-2.28954621194887	-2.402908953315	-1.10556537514363	0.0513034387631988
NaN	1.2027705822705	-1.48298962327425	-1.0901518229854	2.38874512681136	4.24703617846615	1.71946583169423	0.826403538449377	3.50110605356969	0.51756483402162	-0.220010702499178
NaN	-0.0528060425297591	1.76032086429308	-1.20408894399147	1.32612241287518	2.1810467935733	1.46859684812278	-0.321729825855814	-0.701169402956425	3.78451900508363	2.24812477963396
NaN	1.02561042019688	1.5536290579934	1.40903179073187	-1.89826403119819	-3.79122162370137	-0.00167275193041387	-0.278850377790942	-2.30435070551687	4.30009125177434	3.14678919058802
NaN	1.49448943620469	0.450799534361513	2.76170915979787	-1.9309059566666	-1.89490288968503	0.550805500968131	-1.22224368663755	-1.96436087121952	1.05847649888825	0.480179205199704
NaN	3.96518852539836	-0.374652044097375	0.43565494548877	-0.137011682247756	1.46831055633641	0.322250819144824	0.454288427861754	2.21508076468099	-2.90103911653966	1.98638024222844
NaN	-0.466686914289545	0.768874429795359	-3.09153483742029	-1.94053031497099	-1.09590292283298	0.469585889265033	-0.124482103743561	1.60641224802147	-0.960182177193918	1.43733538480237
NaN	-0.888584887367808	-2.07023390518364	-4.63636957797877	-1.53421929215804	-2.92246578573971	-1.0763284276745	1.5774820983865	1.49858438780781	0.698026455714475	-2.43568086185386
NaN	-1.55216567495044	-2.19602962225228	-1.99778327554679	3.25225297777354	0.64559702479172	0.558788523178904	4.41638953216813	-1.89993184092692	-1.12896333009751	-1.41653718834205
NaN	1.58607713503793	-1.36787844922253	1.08505956653041	-0.993631847376749	-1.22637636772493	0.419509118933386	2.79790166716586	0.225317736764741	0.144226052432292	0.297739470160641
NaN	0.660007211215077	-0.479692765871652	-1.10989221392114	0.750720413819261	3.20251862422904	0.732354503776324	0.0095465390193524	0.199453823428074	-1.55639945088007	-1.64622753368483
NaN	-0.165627390924313	0.00950494163867974	-0.325979910590621	2.40435092273099	1.69111600211413	1.15697595866847	1.74842487972318	-0.0875825982655069	2.74714425292638	1.30305488481525
NaN	0.53347007655508	-0.776222020793034	1.02048351416961	1.52079032572645	0.663534569878296	1.24418972077155	2.37002586865967	0.0942484837134218	0.691494273607891	-0.204144163110556
NaN	1.4612468818466	0.169990166241242	1.67793724900783	0.771343932588641	2.37255329197902	1.61794626525646	-0.0261692385704399	-0.163037931812481	-2.23312555511772	1.77218808611343
NaN	1.59797009055567	-1.08646836454113	-1.73460506839524	-0.486315609438955	1.91399424101847	-0.0340152398970221	-0.772494201319478	-2.23917425315053	1.71480235907656	3.47110329717297
NaN	-0.653198327004431	0.226325370221436	-0.279848218509658	-4.22317025861269	-0.620617393690429	-0.540554288140994	-2.37758726900331	0.445567683588419	0.602653224835213	-0.0227481217997803
NaN	-0.11357870761429	0.703786618613607	-1.06186484477296	-5.67571121532258	-3.86031203630551	0.19785216767134	-3.49294251749435	-0.0477987073285615	-1.47714816488235	-3.09933427432636
NaN	-1.4622701104512	-1.06111925373029	-2.7348996378209	-3.20171815158244	-1.84095115415576	1.32116618610719	-3.44056367521912	-3.99217813862632	-4.86130694236266	-2.20249209376281
NaN	-0.557062783368806	-2.61428062549182	1.40678600148741	0.409818933737284	0.89211976736698	1.30031789158716	-4.38069837713168	3.09874538769452	-0.217068952005195	4.39699393291577
NaN	-2.09888140789948	-0.73716994686514	3.52707352864196	0.432028875145781	1.54712234279458	4.59276223800042	0.0674340330810872	3.68852460255587	1.83741296334075	4.324584644826
NaN	-0.574379193316578	2.27292973005207	2.53706408836045	-0.0405370322028257	1.29097273431924	3.85074101639445	2.3262844715829	2.8450881612365	-0.581837397888948	1.88092155843498
NaN	-1.12213268379622	2.77435838895412	0.751135406692647	-1.73174565739139	-0.522411954549037	-1.38479304629709	0.544195350500398	-0.354652178235539	-2.82625724938402	-3.06785356713463
NaN	-2.13227675944084	0.75856849506461	0.780747060332617	2.06251692145092	-1.49516348433449	-3.01641117829887	-0.817702716648534	0.692168259375102	-0.11389838231928	-5.222554023028
NaN	0.479591486958714	-0.969118918718265	-1.84394374670047	0.953214232434091	3.15266880057272	-0.43103622651522	-0.740089001868788	0.0308503964044499	-0.458076360725995	-1.22461360257905
NaN	0.445818250708613	-2.49830045317812	-3.53350859981974	-2.39465050884262	1.60239629094745	-1.59894003738892	-1.36746350852388	-2.7449214515598	-1.67922966827045	-0.0832654155505056
NaN	-0.874581419815585	0.663133664245805	-1.51416004056728	0.823502742790371	-0.782585735455844	-2.35146835955549	-1.85118535659781	-2.2420135198417	-0.882909395897638	-3.14204454017269
NaN	0.452604664965182	0.145024944928506	0.0171063492720358	-1.24244866684018	-0.644751001142462	-3.16220788125676	-3.54369074659299	-1.93091082436705	-0.463083876729808	-0.485000334055847
NaN	-0.656183636869098	1.61919984864245	0.24372184515225	-3.46253265452419	-3.61312412522535	-1.69135465571977	-0.887011851145177	-0.496988094831429	0.278448379373595	-0.0744530043923922
NaN	0.304293649958553	-0.246295111893829	-1.04422678459547	-3.84723807097307	-2.78364395428681	-2.00598543490997	-0.479660253143604	-0.220482503266556	-0.49190671277191	0.902625458222471
NaN	0.0461579655312395	-1.53782688569222	-1.50531509753472	-0.710028038419126	-0.389289930066638	0.552497824806793	0.336890641121618	0.314319419216035	-0.691512700605714	0.431558644204536
NaN	1.56441112868785	-1.27629491778936	1.94678106715092	1.54751094644002	1.87523987292581	-0.766273538184068	-1.64213434589449	2.69257433026552	1.60332182203981	-1.21108313740854
NaN	0.221789674640162	-1.36601330660189	-0.278660536533766	-1.83832655449675	-1.49640070023287	0.349004906034086	0.527478246733713	1.50210190961641	1.51849064550298	0.611894267886198
NaN	1.92604979700683	1.5674813251528	-1.40099886774281	-1.69589206562433	-2.94447436237601	-0.438832571167872	1.7157808450481	0.333042997962305	3.79726205367359	3.7624981500344
NaN	0.0049934795206317	-0.833667452734272	-0.470715904928203	0.130588595115939	-1.35051646001526	-1.31548912693664	1.42699256533433	-0.878570675873012	2.17295732836836	-2.61538638355409
NaN	-1.26862808081886	-0.209737445767483	4.33676690315828	2.39553761881192	4.4856712362837	0.524604186535295	0.85791318017568	3.72078925587672	2.12341444809225	0.67939184750626
NaN	1.2147375853708	0.74837299868642	3.38232487653058	1.83640157869434	4.15535542080759	2.52508542151959	0.634617541189812	2.65512311505706	-0.710717554989095	0.966740364495474
NaN	2.3990059729078	-0.869128034923082	0.957906002260727	0.319691751357105	0.25435416186164	0.245964976407754	1.33384870312667	-0.93250267734278	-2.93652576198876	-0.662584648150117
NaN	2.27229395022841	1.89615405703935	-1.61743393265867	-1.65548297482882	-3.88109449603139	-1.1121696785372	1.15521065551665	-2.54023709013323	0.146826890263078	-0.136571142437809
NaN	-2.61795584792525	0.178173689442377	-1.34812781250075	-0.587804156630901	-2.32629223558628	-2.47187665491945	0.556607929451621	0.479026971981357	0.617266015281123	0.425771885584768
NaN	1.67172774273344	0.302916240250703	-0.657572838018802	0.605120639363784	3.14782440983866	1.41272810223697	2.33155304764694	0.100695283223216	-0.0448313520062718	-1.07341124961162
NaN	1.23870034881891	2.46541041178847	1.69422192579736	1.62270591124649	4.51872614864433	1.05741919013998	1.99225359739991	2.20239565801747	0.296359381843366	0.739128488501972
NaN	-0.649854583287018	3.51098970492109	1.09397343337694	-0.147913452991771	-3.79625709106559	0.798646692693047	1.36678558010004	-1.32042633768679	-1.20011611428907	0.59819067551157
NaN	-3.68507517415702	1.82760759032058	1.13269943891508	3.83747030090965	-1.85848599769152	-1.70923401033229	-1.38481518001612	3.09444789445866	2.89447191834017	-0.136751047857622
NaN	1.22825526038651	-0.264477529130044	-0.359992475148808	4.01814447951872	2.34020429688694	-2.07607671045845	-0.253702341554168	2.61928867506441	0.635640805293946	-0.244202137599946
NaN	2.4088168000778	-0.223754972117375	-0.00371616419805304	2.53185370633623	1.87562844391715	-2.80113882135264	-0.278294763337186	1.72379175717557	0.0617234488711273	-0.615537301500803
NaN	0.672911881592697	0.0168226574724716	0.330366509592633	-0.858816333893299	-0.849756097888065	-0.61065723376187	-0.34324355745533	0.436808412858347	-0.487386588611041	0.0887088267647348
NaN	-2.39122385902109	-0.464634061738251	0.55080521465985	-0.17056451121494	-2.07905520274952	-0.252739461215725	-0.897241334444094	-0.872372424323864	1.26911735033765	-0.786295812925605
NaN	-5.16693771670291	-2.2838269319403	0.874334100929457	1.11600652383053	-3.60143730321531	-1.18015935404396	-2.60213459643689	-2.22635107741657	-1.48450575463223	-2.29550458280096
NaN	-3.30311963588389	-1.40224389681891	0.825388193778787	1.37522356755983	-0.578492777665711	-0.14315098474621	-0.579444163388327	-3.60488570634477	-1.0834769191536	-2.36688006421518
NaN	-2.76956722628855	1.10640206728242	-2.42926959243174	1.39107107762456	-0.120506335536359	0.0727490434274971	-0.437922081689583	-1.73990380619004	-0.546187828814976	-1.75881681250831
NaN	-2.53575380795806	0.816846333722775	-2.68372767048428	-0.972772248118006	0.342834145688206	0.369099323569959	0.382859039479208	-2.0555592822101	-1.69908451101468	0.487678233967704
NaN	-2.63073094507706	-1.32128013592134	-2.23394405122164	-1.35680152116519	-0.917342722155219	0.224039022268575	0.587708074359161	-1.70417326685711	0.421378567814176	-0.244307148086551
NaN	-1.06290150932558	-2.89976293349233	-1.96580713226594	-0.987573141169334	-2.10743952268873	-0.0160866732665775	2.82957350436728	-1.82989026732049	0.65502698339156	2.75515880516238
NaN	-1.22165513142736	-2.36976632036316	0.0761410840069222	-0.0342661404979144	-1.86981697461133	-0.17029765779684	-0.330720896016413	-2.45225155634109	-2.42968903484857	2.08276893242001
NaN	1.3554223596482	-2.73203426373575	0.133121139468984	0.739780485344936	-0.361670754810428	0.958664231388609	2.85676249686004	2.82217758561515	0.947039973709333	1.19074089393305
NaN	-0.642293128632891	-0.36404583039034	-0.157854518317786	2.09902848153038	0.425706955886987	0.0888435759962449	3.9127676258046	4.35880785093687	1.27309458340923	1.18937595109028
NaN	-0.285746892457314	1.55806853352329	-1.74403508203243	2.82167609238198	3.20837899180217	4.55022059177757	0.93180438654373	-1.73111732081476	1.94548597783813	2.72376701294662
NaN	1.32141322663166	1.76018897295652	2.40689337961918	3.05846064641218	2.25415626019678	4.4445422365765	-0.528914123080967	-3.26321867590511	2.79203663743198	2.24996730311681
NaN	3.84873266457701	1.26799401003067	2.74874669254651	-1.30435087217509	0.927689676243027	1.79130502948751	1.85225830102351	1.57622062376298	-2.01567697638517	-0.710090371326517
NaN	4.4330262899635	0.832895495382916	0.909789357825268	-2.93091946478008	0.967522984797624	-0.733937393325822	1.60134317719931	-0.131195354747031	-2.74524264830099	-4.8662226767985
NaN	3.04245688958962	-0.159460411709061	-1.20237386175395	-2.6914457446386	-0.00776547562777655	-2.35649409585444	-0.982783960802672	0.132224996486693	-3.84022461243495	-2.63829551131847
NaN	0.677804339937025	0.766910804204376	1.35594591151457	0.595195244798376	-0.513994455004809	-0.301219849491054	-3.2229286210624	-1.31618455833067	-0.419227816727286	-0.5881294787149
NaN	-0.494185255822487	0.945190326334523	0.279500206504856	-0.661819689354507	-1.2475929145101	2.19993894446212	-3.38076747595598	-2.07616193501895	-2.51307511985562	2.09809140387805
NaN	-0.623958390342271	-2.68044994847306	-0.877767194665402	-2.28693464892035	-1.41917127327766	-0.0820610526402021	-0.957990291183678	-1.24564363883158	-0.646379357887087	-0.0959463546806024
NaN	0.079644918692459	1.29513589712571	0.673451747398437	-0.613269670882433	0.653156573218097	-0.947312184283628	1.14166020796178	-0.331484540497944	3.26574077584403	2.24635379380741
NaN	0.826029908228104	1.65606231489588	4.50729718507602	1.42560861670256	0.50385967209105	-1.77990721417635	2.27072245297108	2.34151913456775	0.738031762521177	0.0452289469655298
NaN	0.291498492783217	0.995051520007887	0.272970123708954	-1.2962215496917	-1.3821290978106	3.61978087118219	-1.02114347143792	-0.682378906669674	-2.56886688812121	-0.544447390558986
NaN	-0.612965775206308	-0.135069061964421	-2.11091326975573	-0.844761488378984	0.616650804896448	3.62316663060853	-1.11776295748045	-0.74237415822853	0.435313198582835	3.19316031399127
NaN	-0.264178408962823	0.807755049188777	-0.33293445764302	1.32925544244844	4.81549773209627	0.486308448898527	1.44349614869789	2.3516780305592	1.80417494814806	1.75516611645969
NaN	-0.432319488987966	1.93535541956452	1.32796511388483	3.22579545592529	2.29849617348843	-1.66100456460343	-3.88211430746549	3.35669272455888	-0.834276118703101	-4.04320803852393
