NaN	-1.61378211112949	-1.14834165676635	-1.13564511725438	-1.81607965007933	-0.7926844338629	-1.41481123104477	-0.996353185059307	-3.24319555464292	-1.38506853181028	-2.83384329905565
NaN	0.254812151447268	-0.295643412760399	-1.5002130552729	-0.43808700818823	0.188746197386502	-0.922540237133725	2.44926906668586	0.143739701369454	-0.0686424088507406	-2.33691144503962
NaN	0.0624434372118653	2.43882349097537	0.589834205847284	-1.19938895967265	-1.61600947596786	-1.74049296641432	0.375393748678849	0.601226478875821	-0.62969930611947	-0.345552894051026
NaN	0.999764037657624	-1.6514608389423	-0.927318921283239	-0.300775601053457	-2.02756922407827	0.456351898783155	-2.0102733699257	-0.0869072599468395	-0.303041398237772	0.429119020479976
NaN	0.0596365520370962	-1.1107361300619	1.75804121695185	0.635965537079979	2.18408085908429	0.787310601190981	-0.894126770661691	0.351613185850306	0.308778851713716	3.02692707007242
NaN	0.475915337523189	0.891361868528987	3.14932304687589	0.824041013318854	1.93880120354115	3.49019079534743	1.61929940248859	1.24519491858573	0.870102145125019	4.51431684419575
NaN	-1.09850261131072	0.441871655704761	0.820444633988068	-0.0544130081034994	1.68334176730702	1.21414445744044	1.33982275528077	2.16724179272537	-0.331922159383433	2.64241517049949
NaN	-0.208810027837631	1.36958836253142	-3.47921922493367	-0.68034417371467	-0.933917713549699	-2.5057727894236	-2.04176167290362	-0.701292906629915	-0.768513988677906	1.40746669176142
NaN	0.552673668784459	1.8992226991423	1.29581555382242	-0.518146363021338	-0.688416713629288	-0.792384565780935	-2.75948162487326	0.320347939054054	0.355232926147051	1.12991313649311
NaN	0.719883558110303	-1.91064563585247	0.0861087937761068	1.66083116476119	0.15808141022988	0.109719376075787	-0.0939583095155822	-1.29248179081017	0.75641184079822	1.1916170863701
NaN	3.28917317384654	2.84909771951369	-0.294708616353889	0.68974345963708	1.64182206957305	-0.865821000874794	-0.741909944232835	-0.641988791350498	-2.10869218519797	-1.20225067900194
NaN	1.03604948964246	1.46359668147946	2.38161874497889	2.8611762020142	-0.182526057106633	0.871726640330632	0.409129165061821	-0.573108205265066	-0.71498151071532	-0.945428305292595
NaN	-2.05278201399569	-2.36136433816636	3.03168540653144	1.57365654449764	-0.409796705619777	4.08292751766962	0.717007104076033	1.22505286444104	1.63588445392687	2.62391825745248
NaN	-3.1177354624795	-6.07912187517035	0.602168216178633	2.44892740406016	1.30417536647729	0.662632382970259	1.73915320037076	2.84123900774738	1.96850337110715	-2.70046985442557
NaN	-1.0111190104453	0.170127226838743	-4.39985293704834	-0.0139626327870092	2.59473996219814	0.237635771117971	1.1461411240316	3.05117415648724	3.18359570652649	-5.19355991435129
NaN	-0.119218038057935	-1.63369158593001	-2.59414427312713	-1.97257734828842	0.213169020108646	1.03544876296771	2.14290671216256	0.295623167499179	0.0530705926136668	2.00199307916192
NaN	0.830699236913953	0.834518439229371	-1.35686791923876	-0.099153660392191	-1.27415149635548	1.05987738661844	-1.71087558848356	-1.48110009858311	1.44245091855199	-0.479420270283122
NaN	0.667462994720918	-0.441342408471449	-1.67044102300981	-0.759183366804208	-2.58750152199873	-1.30834411447183	-0.384991681789302	0.341435550446241	-1.52670593113544	-1.93459581287824
NaN	1.58777203426989	-0.507929875857017	1.14290910851836	1.66776444992592	-1.34191012661899	-2.08006031071882	0.465100339876707	1.45680290225538	4.16009252966884	-1.54813661583329
NaN	-0.215880747328925	2.05650085409319	1.19535048859857	3.36583777942375	1.84534938941679	-0.0295959467238101	2.26095036622315	0.417557016688949	3.52493113021344	-2.36812200670605
NaN	-0.3438471332295	-0.608288779488524	0.306607473825571	-0.288936768417624	-0.243278475736754	1.13916039337047	-0.365358496878522	-0.143154684220312	-1.05066266566857	1.89050674150685
NaN	-1.89712177297683	-0.8606860333601	0.262137541888941	-1.5995148465959	-1.47068114795041	-3.00883577861578	-1.6956828448242	0.748099797978959	0.325706102536586	0.793190083858195
NaN	0.54324988803245	-0.113199012806519	-1.5781626467494	-3.08490869751088	-2.63772948217705	-0.342709242277001	-0.1894308732864	1.78299031454005	-0.313086300562689	-0.781835992396332
NaN	4.06469157245631	4.85015839120716	0.373612849097143	0.0403733261630073	1.08551896751299	1.37574943675978	1.01617053297738	-2.54000659138134	-1.95137139544724	1.61138946843139
NaN	3.41123852189133	3.79361745862349	2.16803917544211	-0.21195657919679	0.034313807536019	-1.68056070763677	-1.17241530862535	-3.09701086511373	-0.0227503453685	0.0920216013768141
NaN	-0.51420495825705	-1.6998018094038	-0.54717995422284	0.00487866254115243	0.809314184063814	2.64630266104258	1.05113184295112	-1.74712114788797	-0.68603782866203	1.01043653834119
NaN	-3.80988326066488	-5.94556154897982	-3.42452578707221	-0.271684329759792	-1.32455293320054	0.899731080456447	1.4687669234093	0.141789247136477	-1.31758866200108	-0.776630619832261
NaN	-3.09000263879539	-0.572012801875514	0.634531812372616	-0.502894697576991	-0.904713428320162	-2.63754372423656	0.00150407229670056	-1.47013927498061	-4.01884045049418	-0.937889441905044
NaN	-0.473123028137184	0.822784918484658	3.52338820333401	-0.750613876391029	0.701482026151255	-1.70375700748275	-1.19753417038356	-2.00240138131474	-1.94232048868013	-0.751556319721852
NaN	0.889192503796869	2.59167942459955	3.35913193333985	-0.833527370606574	1.99395486889318	-1.21928528576573	1.02758703340925	-0.479848062204733	1.21191922865344	1.53605491667534
NaN	-2.33147699509199	5.62276622313946	0.838435983162452	-0.335546983600377	0.826218707454841	0.782195482612145	0.820967505311642	-0.711077757109794	-0.376979194611236	-2.77080211924919
NaN	-0.846550358649983	3.11774852452302	-0.702096092217512	0.345477803918706	-2.20640260121968	-1.29425896510776	-3.14180285005574	-1.59892836383859	-3.25408594610002	-5.44691492510947
NaN	0.000715817583190947	-1.5297167879184	-1.40736487332211	0.343749945121262	-1.72363461981755	2.64467132196562	1.18793574802335	-2.32978030481208	-3.75727798271524	0.608146364550829
NaN	1.25750693458951	1.17998629079102	-1.03197542207747	-2.58468013946988	1.80079202586868	-0.523081162016215	-1.49450948029671	-0.787872586168218	-0.416117606906555	1.42708127676244
NaN	0.194198319967453	-1.48712584394896	-2.30858757287034	2.37169265740423	1.72702803328787	-1.62758097141504	-1.73124121217035	-3.37129994528418	2.08934081520206	1.45939596360727
NaN	-0.726670606022339	-1.37705301515847	-2.17787371143362	1.43176385550223	-0.917052594744873	0.692557783303544	-0.802268491962902	-0.641586077616219	-0.579743945490639	0.484517496507199
NaN	-0.259281644773272	1.33590952485362	1.64983668074103	-2.24178995156045	0.916817006758595	0.201274456353271	-1.61179223117683	2.77201211201296	-2.31519136833343	0.394634572384086
NaN	-0.393287158952745	-2.43959870284503	-1.01017260755177	-0.0102750046447057	0.448818244746626	-0.0414972797238557	-0.770664362934667	-1.73533334324844	-3.04964608794015	-2.07058644605086
NaN	-0.250238170366458	-5.02423216986945	-1.86240736072064	-1.2856572014933	-0.871914719371807	0.985704791515555	-0.705711984757589	-0.540861338070618	-0.397563097404742	-3.32773074750844
NaN	-1.13316810718073	-1.5447227081985	1.68813127992855	-0.480685506717347	-1.4242899188906	1.21029150446141	0.824586786495325	-0.695010482700907	-0.123281166455961	2.83186459991369
NaN	-0.214151236018621	-0.705343325558929	0.734191644632847	1.09481741356928	-0.100935745655864	0.166260442210017	1.69640093610925	3.20990743846174	0.000483816144553673	2.65822537959206
NaN	-0.71539871302076	-2.101636086168	1.05396648000738	-0.937688746635719	1.45488857415259	-0.456273999183105	2.06868190550121	2.79610631358569	0.100689664605489	1.5179609746943
NaN	4.38361612151372	2.13247997456051	2.44906220218451	-0.653484696425253	1.5502840089015	1.96426952721311	-0.946569586463984	3.769560462073	2.47978498408187	-0.805094673234315
NaN	1.57277121177585	-0.712120251991664	-2.39820735990831	-0.982075845983974	-1.48525850804362	-0.0397379928634612	-2.44432658582341	3.12145224315821	2.26492023335697	0.261760367624485
NaN	-1.10076685598516	-1.02943748549938	-2.19661485792099	-2.95463739460498	-0.808086653607529	-1.98209708244942	-1.1737842549122	0.420580697377426	-0.318332122114559	-2.00648687503358
NaN	-1.90047685224154	3.76177843705699	1.94248215659155	-0.420605325471478	2.14784063146519	-0.590074276485771	-0.00444635879880556	-2.59421647662775	-0.973937740861226	-0.413771476975305
NaN	-0.664626181179153	-0.204263043127119	-0.89317200471365	2.44734539323754	-1.52316100348635	-2.22474463838841	1.46404033351884	-1.36207859364021	0.550047191974763	0.0729317095752421
NaN	3.75184804952276	-1.08815269766978	-0.231081428753055	0.994321846963751	1.01880623501498	-0.670666580893977	1.46171286574511	1.24900973997262	0.648537122001813	0.940329064339237
NaN	0.923725645899469	1.52347565544537	-0.0163694299665865	-2.61091847782418	-1.00405490232556	0.184417512661889	-0.663091242702398	-0.708015717802998	1.25880842650524	0.420808288375827
NaN	0.21451571335328	3.69892113778484	3.22348155013525	-0.0599953577317445	2.402156854794	0.631958906954268	2.04547445480541	3.82734184419564	4.21734243210809	1.57904660395572
NaN	-0.664718000621357	2.80495820051134	3.01323321961372	1.60020786500126	2.53135020576403	1.04912714099848	-1.54129725141483	4.00502890473949	1.92237029781966	0.764394537384935
NaN	-1.04854700933447	0.880535168645917	-1.93440790151599	-0.261342805634659	2.44636302396363	0.654858121482789	-1.3800876059446	0.365943162092275	0.280924248018366	0.092057115387485
NaN	-0.773059255367351	-0.785196876845422	-1.38466437665345	0.0650517436912802	-0.613320530581607	1.96058333558238	1.06316148750802	-0.473613300803837	0.0356019433082274	0.88237691335211
NaN	0.521333812677337	-2.53894069777009	-1.35917698681503	-0.209825930978706	-2.49749744925868	2.00187177358084	-0.130357527190509	-0.898841654996091	0.958971172694968	3.31225363493175
NaN	1.45558402200392	-5.75399742527929	1.03734485998302	2.32854214936125	0.702604220664993	-0.100005539675664	0.680773100068865	-1.9761368339813	-0.0573020385619404	1.27294312363571
NaN	0.836438985249911	-3.2199603104676	2.01523623055868	-1.03296455279396	0.217975570293027	1.21102170898174	2.37584521800092	-0.203454927246174	0.0046279059282926	-1.50616527790529
NaN	-1.38717443518889	-2.30603505330512	-0.894472045427022	-1.34061187471528	-1.80274546218273	-0.889681971132507	1.209498596506	-0.92389104825007	-3.00503708899302	-1.34244219962339
NaN	-0.687529159889814	-1.9618906348356	-3.29805869921132	-0.752973601115788	-3.12119882261003	2.73575203384349	4.17598024612896	-0.273033555599629	2.65451626116993	2.56250148728574
NaN	0.440526165491165	-0.515579206562423	-0.812422628583888	-0.743955382226511	-0.913492511210082	0.110195188800819	2.26829708377054	1.08659498545436	3.07794099983028	0.927000450593107
NaN	2.05304664845071	-0.470508801540706	1.50456083755106	0.834425393119403	-0.331993834743311	-2.62063944064522	-0.117758331474131	-0.140929533207536	-1.37338243554436	0.89584414365634
NaN	-0.581128252161152	0.29845943766298	0.00527064948307893	2.43541284014152	-0.753319008619372	0.933673894435989	1.03677266639536	0.629798052573983	-1.9051332406972	1.78169789785438
NaN	0.551286089922668	0.0548652595794688	-2.63800373000159	1.52441293399384	1.28642875442133	2.57592614803085	-1.76535343355782	0.841214266361669	-0.395050535240049	0.0536653470156813
NaN	-1.07385062572591	1.91742532626464	-0.860029613191858	1.91574194854659	-1.29668942639896	1.71642538780215	-2.31088156747089	-0.826296395313284	-1.26020667499643	-0.463016666953556
NaN	-0.487454771850963	0.536658041066039	-1.30029844081924	4.21058229158878	-0.668850984753638	1.65601713586385	0.901042448565909	-0.852996370119249	-1.59230936172894	1.26554621413759
NaN	0.270069680884401	3.14821061882058	1.35643105032569	1.69188060842161	2.33933940365327	-1.6018924074101	-3.43442770104655	-0.863789150200081	-0.523022057688743	-3.46760397154589
NaN	1.34562629329301	3.86630599369871	0.992129156195085	0.569987299214252	2.9758590364938	-4.46976200485407	-1.26741162367592	-0.616829331579087	-0.850294886616209	-2.16933120377081
NaN	-0.433776495887423	0.98586365869704	0.846415135115534	3.242817874652	3.28813354898572	-2.9983415916709	-1.88625226827039	0.451068099934184	3.23162745971206	0.461162124881624
NaN	-0.907727793944663	1.10167482299131	0.212154802591669	-1.859210192922	-1.42847867743622	-0.894546036006795	-1.07295517672502	-0.605224276569889	2.25321501199857	0.891842967622975
NaN	-0.221665184119673	-1.10404745788532	-0.582977159010281	-2.36958751970196	-3.21477469620018	-2.33152599110575	-0.619671343470476	0.352122783828707	0.824354966407904	0.886386236077042
NaN	0.544569728089271	0.906387248380148	1.77530339386008	0.196517902467941	0.437066480684527	0.154882448279134	2.07961875523648	3.50043912434983	0.492849853252347	-0.582906352631819
NaN	-0.111236912600646	-1.38090688759332	2.11888402888559	2.8094846179389	0.366703497677307	1.27659259605517	-1.26271987377692	0.988794644665498	0.00772316439777693	0.574332478184183
NaN	0.706726972511436	-1.67176685336718	1.51983027497326	1.66436422557455	-1.24317414974802	-2.99397998409807	-1.75250584088619	2.21470053404674	1.13724593080627	-0.350508693210494
NaN	-0.240757815084925	-0.934282294598007	-3.54087514914416	-0.59921455240871	-0.964215677458398	-0.545671779158418	-0.636099532970521	0.295213249594912	1.23750000864187	0.717041878674195
NaN	-0.831774475123839	-0.647741560045503	0.296727885810182	0.827574431253084	1.1821156561198	-1.17364491602274	-0.806302091764647	0.234861023816879	1.86718744185424	-1.16056666796956
NaN	0.0452657237616866	0.503463782413518	1.15640060263632	-0.00146588720409113	1.04629405182922	-1.54489242225642	3.58798634601259	1.25121875795683	1.03860137495453	3.44413240865707
NaN	0.358535599756923	3.16767715865629	-0.453131429718999	-2.65570450083685	-1.00072542443422	0.246532060821986	0.972722900729774	-0.541081930250092	-2.39738569015505	1.34651645316672
NaN	0.691184575605318	-0.168536205912904	1.08139045966445	-2.09274579933842	-2.05863299295213	0.0876140706064882	1.80844115161255	-2.4872097757626	-2.02576077655019	-2.5024001717186
NaN	-0.666924408199747	0.128788601239211	-0.0822068244657163	-0.419032593333216	0.766965848816369	-1.39060898499815	1.54792991003262	-2.079092621709	0.596289215590269	1.9365865945309
NaN	2.69259246737069	0.818002997152886	-1.00397781321925	0.341210325305746	1.14446493715711	0.175455768562726	-0.419914853712293	-3.15569355752137	-0.852214154338685	-0.699343957292864
NaN	-0.801188760013054	-0.764563064545836	-1.50628279554033	-0.96719760703741	-1.97348252418207	3.72497196476494	-0.0878319900293387	-1.71667554149549	-2.58729713118364	-0.848280146191248
NaN	-1.52062393821116	2.91484451098524	2.73506566197046	-3.24442672200108	-3.04820123984963	-0.473574768728525	-1.72673042183547	-2.86650226269076	-1.84784560774943	-1.92480614842078
NaN	-1.38428429450898	-0.134840093763749	1.48889811782448	-1.68492662328505	-0.871984488398256	-1.45065864441179	-2.08216938565979	-1.70699615920587	-1.05572713127235	-0.969873049795513
NaN	0.349790336644482	-1.91779021877623	-0.155253148422958	-1.4771072490175	-0.723851484497122	0.20287284481458	-3.02183356847774	0.290897600058379	-0.0593941714062172	-0.820593079706218
NaN	0.0625033289829772	-0.181228108890169	0.296753969430227	-2.35376064494871	-0.812893950583982	2.57177550527922	-1.66424245842512	2.224924592714	0.795062537873678	4.20574552003234
NaN	0.936074742039622	0.54163405343733	1.65837894874754	2.14857685028699	2.26680316799245	2.33097683243681	0.0772039326871015	1.83249990381414	-0.19978493375906	-0.310695233089461
NaN	-0.407837616382441	2.82554164130656	3.12957565169441	1.32797086783461	0.119785666921394	3.34271992953119	0.132833702038606	3.22338918349939	0.262484481268057	-0.00371780725962328
NaN	3.68572835964146	1.86731637977624	-0.0617547568387689	-1.20327474793024	1.5106905381863	1.7431843594241	1.81004354067631	0.991499735406951	0.148072192365812	0.412222853270822
NaN	2.32873419238396	3.96420709191559	0.12022001698706	0.153031725786732	3.91909028868438	-2.60952673913448	-0.670099867390642	-3.87503205122751	-2.55182474585746	-5.2011267064469
NaN	2.72371002778005	2.52764506180964	0.124129710838388	1.50147400626834	5.66748670164366	-1.46171168877507	-0.934467373286268	-1.20134696345122	-1.42851558633476	-1.50916772757897
NaN	0.518826255687552	-3.72803701919047	-0.61014740004839	0.567565812748249	3.73426227840947	0.423980770969298	-0.217299049422145	-1.76188262598743	2.02027573464145	2.64320652931724
NaN	-0.0373428909890127	-1.03842263211352	0.447039402936633	-1.66322129945764	0.547897323915291	2.20011029295237	1.37606064783114	0.160741477218117	0.263733468889269	-1.86339798877664
NaN	-0.156676266336821	0.58328413612222	-3.10422320143318	-0.975368305964949	-0.465786291138512	4.50598731981501	1.5820434775129	-0.605372197069784	0.253828963971065	-0.921864212804306
NaN	-0.434656736735954	0.169076689647061	-1.46042666526362	-0.721458277091205	1.90615901045787	-1.50118470856454	0.241382249492139	-2.13337895796983	-1.35083392033525	-0.763813006571365
NaN	0.303277613886143	-2.65909187696824	-1.99040850209598	-2.82381964955714	0.0962978730709924	-2.56058706614784	0.796921086941982	-1.92328571332831	-3.30279627762047	-0.400399297870645
NaN	-3.55835014942934	-2.38576403092447	-1.32201830187757	-2.14400201108861	-2.94131926903099	-1.80489182803212	-0.0228977444640587	-2.51926253640585	-1.86462076766144	-2.07314265018214
NaN	-3.42365436569769	-3.30609361370225	-0.0341745902761942	-1.62469005735286	-2.61273084181879	0.112695973065699	1.4076103833235	0.612123928489671	0.87101622684598	-1.40601960664124
NaN	-3.31985110640507	-2.18868440895231	0.680954159772307	0.800021579366987	-1.35056868135929	2.15252075408879	0.748638455022745	0.9371276450288	-0.589898446918992	-0.83114049240847
NaN	-4.88482190503963	0.386144646943888	-1.23199138959865	-0.374683706824604	-3.96382942036312	3.26521812429674	1.03547934126739	-0.478429633363391	0.795122509122886	1.59099232458501
NaN	-4.42748539948219	1.72820743424682	-1.08549658690669	1.37470646932832	-2.03467032531202	3.33139033347347	2.68822055654514	1.16188996998415	2.25178438513075	3.83309221269424
NaN	-2.72583177508939	-0.431358021757939	-2.49186703006107	0.364263621943578	-2.87862390620507	1.36371593193804	1.04927432246519	1.93302816798003	-0.0832964145669221	0.131242755094471
NaN	1.29195849204073	-3.47918672661941	-0.95724211372648	1.30063387684167	-0.235974312626164	0.686847432514773	0.369219664205622	-0.958755948649457	-0.656634035110537	-1.19075519291088
NaN	1.37475310891312	1.84672549201648	1.00939550323497	1.77381013892479	3.19181746830213	-3.49545847895944	-3.34315561760757	1.02470752123822	-0.66680060611133	-0.131481426555888
NaN	2.04473483293287	-0.276659760483548	1.71104745763124	0.891426104626015	-0.3602938768378	-4.62452961389297	-0.303921659484001	1.87769565076124	-0.850979029139569	-0.995105216305911
NaN	0.943205034550295	-1.02469608623364	-0.737197505281562	1.00951178189337	-0.159212081471986	-0.676879087558542	1.80573536157517	-0.0202748786576217	-0.747696090835504	-1.10771759910069
NaN	-3.74312825734417	-2.77618173416421	-2.79051450148152	0.657343660161333	-1.73385505918427	1.62629619227542	1.5328034429709	0.804105111498369	0.957555128415048	2.1689892767077
NaN	-1.78642915098925	2.46091650947896	1.89872796560696	0.877046381683535	-1.04624403736124	-0.841915180414819	1.91740437122357	3.19802822463266	2.45234321440922	1.40555168085885
NaN	0.0842730812679457	1.83406749598522	3.72436878226031	1.09379149486589	0.587275035086524	-0.213833093896941	-2.45778633470306	5.78029551201893	3.12087167671997	1.13519411218188
NaN	-0.654484486444104	-2.9926283243946	-0.25049239473222	2.35418713148436	-1.08038596228125	-4.50826637681037	-4.00539615831691	2.18402894784508	1.04321119699845	-2.15004590324447
NaN	-1.95292476472496	-4.61468100691326	-0.803941983893342	0.775274706336443	-1.25844481782886	-3.43193845215655	-0.539827729805378	-0.446750170536251	-0.229392701324284	-1.36269303713163
NaN	-0.601533592586146	-0.929868098028852	-1.9626558753686	-0.642761917574835	1.34192726586659	-0.288202714061439	-0.746346143753237	2.08914024854453	3.28911815563609	1.39309644810593
NaN	-0.123957182788299	-0.227292416280137	-1.03932201589793	-0.653087343676399	0.247407700478059	-1.83289538007547	-1.58528854795649	-1.58240890302032	2.05099250565576	0.0435469450429818
NaN	0.269741949109363	-0.77679666705859	-1.7197552845378	-1.54728408070418	-2.45439112424837	-1.67750136886096	-1.34561651222816	-0.94970460267554	-2.5225411716931	2.80122866023406
NaN	0.37778802788848	0.571842941899717	-2.30629196338396	1.17097037736264	-0.248071165292004	0.0855454020585705	-0.939721308579022	-4.73401377708128	-3.912683645702	2.18635795296711
NaN	1.59468126915114	4.61862216414943	0.402110901414778	1.4639155136215	2.62430935620895	-0.168045459312506	-1.22815340250599	-3.07092481245698	-1.42274291249477	1.56293197989507
NaN	2.76974245926957	1.87469359304992	1.69050333125102	2.12173313937183	1.50954960491154	-0.888176817008838	-0.0340801652220141	-2.35341925586267	-0.120185831053473	-0.15772493797882
NaN	3.17047507711105	-2.37362311967001	1.89806945127791	0.182600896467724	0.0155370707707839	0.686662537151986	1.47006596821403	1.40054617768062	1.82722685268039	-1.83166573367038
NaN	0.508080318990815	-2.90644207809036	1.06751325118903	-0.0381201234707406	-1.11535822922361	0.476635724736069	-1.39817414651503	2.7072431302656	0.880121012503801	-2.79612899887075
NaN	4.37071386244469	2.4623628114662	-0.646711865835431	0.757257537578866	3.28864198779704	0.953321365924904	-0.241279977777335	-1.75954367464769	-0.9432558082387	0.327457341564553
NaN	1.26231753836801	0.0405869122220467	1.14998782752619	1.12158814337023	1.62449714258965	5.81066395783816	5.17281578287805	0.663475171791042	1.20907803957944	1.92107814157395
NaN	-1.96664589083001	-2.31530423745791	0.765319231375636	-1.08831451505603	-1.18522285134993	2.37310546441523	0.906284160792201	-0.157509376169517	1.83670274145079	0.816210424391612
NaN	1.02582523589981	0.400439563188894	1.94243665907823	0.627144960682825	-1.86979189784712	1.88786279584953	0.100105179229683	-0.831118407916574	0.968618817419352	2.08355270440043
NaN	0.247187512024175	0.252150786716677	2.51110363102295	1.34326234658271	0.291853555102251	2.88166733224217	-0.0478970766492564	1.07128045503705	-1.42770647576699	-0.964383023470765
NaN	2.31763498656474	0.453336828668306	-1.41041740840878	0.611445801031783	0.0398423804847923	-2.47375064740325	-1.46406428597883	-1.06978648170137	0.0550229789150235	-2.55740764424703
NaN	1.16260971508528	1.78631359344976	-0.391729756436379	-1.2182104271539	-1.38121522545264	-1.31725156110117	0.567776282077683	-0.505826690570423	-0.873276032159653	0.225647970224254
NaN	2.0307900040962	2.77692153845516	-0.315682647403025	-1.07198386084537	2.79813745190865	-0.988907234760556	3.81054025167278	2.04093846516697	-0.541665800719882	-2.88275019454827
NaN	-0.260590271673604	-0.536287791088299	-1.97168780061243	-2.87408125107154	2.85940834740215	-0.237506661868948	1.67215202694507	-0.294263844748637	-0.691278448029658	-4.51414470561631
NaN	0.589353627715833	-1.3165590282225	-0.9623605384608	-2.15413328299592	1.05657798168379	3.93754963056854	-0.295475275511801	2.60395597948845	-1.01425172320417	-0.627756483289478
NaN	0.750885930357613	1.90642519303002	-2.24114056752808	-0.206435434719361	1.42718950385534e-05	3.15652660831771	0.851105693010658	-0.530105823863551	-0.171564246901655	0.565311658394322
NaN	5.53572452704952	4.33006795548708	-0.742374138791815	-1.01056417996787	2.21409054299924	1.34052001342814	2.53685140323359	-1.20575581151327	0.431726855499424	1.04840725469475
NaN	2.8804424438638	1.40985912197934	-0.179474231248356	-1.01309176060818	-1.00387737109406	-1.26340777621931	-3.36889398863299	-1.26799238828404	0.882184760416641	-1.04540507543484
NaN	-3.15903052986549	2.2203785815387	1.61061070507178	0.23409201705586	-2.26664894922476	-3.53487414621676	-2.86254659464556	-2.13665035505869	-2.37742250928029	-0.0449503433012357
NaN	-0.445467617525345	0.582714366531572	0.200854869453253	-0.782293051434906	-1.76092868845354	-0.624296685055358	-1.89822018702077	-1.98358640168763	-1.82376770975262	1.08178278313838
NaN	2.10649553874028	2.01410171817151	0.60419624971561	1.17745097282396	0.5699034830756	0.20026632635141	-0.485321140083907	-0.977042294349383	-0.468431636557992	-0.663161098240372
NaN	1.27079900307973	1.01899748671788	-1.35261875355933	0.212144271327118	2.82400166191595	-0.391820798756495	-2.82716631721164	1.90183491667756	0.208800525655886	1.13015121728383
NaN	-4.23071646375223	-5.12584209956848	-0.557950106690687	0.210722376486836	1.46921331862218	-0.78387551693195	0.23315640846738	0.333972809695402	-0.605207523467025	-0.228101961681516
NaN	-1.87446449360995	-4.13769367312119	0.011877277395401	1.28508995476429	0.130420559457448	-0.508184579012797	0.0233447588257481	0.841964372829951	0.180232656126084	0.904237396945847
NaN	-0.379392616373992	-0.226766257232163	1.80972123776361	0.633008699383388	1.81038425025758	-0.951268930110928	-1.99404803888096	1.59943295769283	4.05862394062992	4.09513466326231
NaN	-1.57360832273094	-0.871967224921972	-0.579134857872937	-1.75144434250503	-1.10086925700407	-0.956625496153221	-2.54381970540362	3.69363419073612	4.35523413927505	0.558880455937347
NaN	-0.82885782060294	-0.920810960101796	0.551517929957261	-1.03814726783356	-3.76811199759113	-0.303434995026814	2.66576825647244	3.722181234718	0.298070207411312	0.464163535711393
NaN	2.30447290782494	3.02321877960648	1.35115256043211	-0.933678010545103	2.0746707927705	-1.14118869832387	0.945019368194522	-1.76202982991315	-3.35037816268301	-0.146545093740992
NaN	1.26156695037608	5.08356288307772	2.09800119886471	0.68571178457538	1.85562700181342	-0.210777978306637	2.73726361090616	-2.58080221664036	-1.37737782946823	0.307044079935356
NaN	0.266533098684359	2.71738262482496	0.803902324073873	1.1560805273788	-0.00893627269903816	-1.10409405890934	2.05075268973354	-0.232835232460244	-0.0125655555268736	-0.215239282281375
NaN	-4.38628667160858	0.614337676377373	0.765847436358701	0.720405287348584	-2.0869591598117	1.72205554802755	2.17576918993704	2.80195505218059	0.518969667272498	0.231642942878083
NaN	-2.97932167074896	-1.04662209036611	0.543128370959609	1.81070854902341	-0.633594175646568	-1.37140151402455	-1.8959153955573	1.74632806848158	1.1791669290543	-1.19758776809418
NaN	-0.499261163294865	1.03136045614707	1.94786023549005	2.97311026203977	2.01444804808607	-0.842214017659887	-1.1944660946744	-0.012712021157397	2.32413430705152	3.14217415076832
NaN	-1.43182668367424	-4.49640665374252	2.58822551030092	1.71791055291795	1.8125039590636	2.18407708606732	-0.991849576711409	1.19227193234111	2.17614857562563	1.19251826325816
NaN	2.678372858737	-0.642685823694266	1.98788764872042	-1.48678153885176	0.73794097829182	3.04312284816158	1.64063142561991	2.47794732422802	-2.03801269132873	3.39352255755194
NaN	-0.0548607704176783	1.19113526771083	0.085940079937869	-1.40112010681131	0.146575910923125	2.96460561910823	3.58229581417034	-0.0857762061182119	-1.28135013937549	0.277916816850453
NaN	-2.72024953603531	-2.21385203120364	-2.12200401590062	-2.1084640814362	-4.49460019998484	0.952816619076822	0.363482684612419	-2.11602047461803	-1.8148770823066	0.351316176161308
NaN	0.0801132144579718	0.873013788703991	-3.25570107226694	-2.49433324418984	-0.478092471872803	1.32978820027957	0.228011791368535	-3.61849109576715	-1.59066988214074	0.342069251374276
NaN	4.46682567510068	3.60561257692572	-0.723623882857178	-1.90948804191526	0.626100821455398	0.551252796703851	1.25151774293727	0.870234355312867	0.403782637926676	-0.0888883421693885
NaN	-1.10258728023317	-2.83791783926807	1.95453191278209	1.52292891734037	1.51628301756837	-3.51681322832163	-2.81017570725159	1.91630080445444	0.394550509927166	-1.51039927073441
NaN	-3.25442544316372	-8.19615528935981	-2.86346834134806	0.532549978873085	-0.0591582511628889	-3.53765700999362	-2.70663477185457	-1.86104348738	0.254448464713339	0.949665441506884
NaN	-0.801621348278508	-2.1937703326441	-1.70254257644942	1.9313909436129	0.0494607380960499	-2.10813881997242	-1.81353227300947	-4.67712832924803	0.953482492953312	2.70928762645763
NaN	-2.24710499104042	-0.9426803740609	-0.954686276459714	-0.503679025554446	-2.55526788539759	-1.80647026296379	-3.07620672491544	-5.20853250390805	-2.60722437767359	-2.58850539140951
NaN	-0.812325517864792	-1.81893976168133	-1.49516177788509	-2.99922172511393	-2.36417433360201	-0.408385339538404	-1.58312664837677	-2.958351879908	-4.75136570103109	-4.1000670252102
NaN	0.252476302309496	0.524898686534265	0.493219729038566	-2.26055385465792	-1.91484471792817	-1.37019876053254	-1.4476785192928	-2.297566606286	-0.805775717303361	0.951271114624108
NaN	3.06501232841222	0.833322101180981	-0.0278589753007504	-1.32858704693414	-3.05597431003502	-1.81261887335808	2.43827766930778	0.42156807749664	3.77996355174222	0.538635748380924
NaN	-0.132405329001757	0.328891900166276	0.194286462588063	0.682553558295637	-1.73122802453748	0.295474040671611	2.0487323977712	-0.613708453958576	2.04630481439152	0.865103919015587
NaN	1.52252605296107	0.335676081221638	3.194081991784	3.80030761260771	2.44375259533011	1.95038152634032	4.09884866037437	1.79785846013085	-0.141503280756875	-0.0293943148467743
NaN	-1.22620601225323	-2.60045501036061	0.319168149949365	-0.101163392152616	-0.358281730081967	3.63938556158809	2.61378746849368	1.39048463565572	-1.28620569920331	-1.12856024695988
NaN	-3.32351583879885	-0.239124406285497	-2.10581789809957	-3.3657860739796	-3.67941194344041	4.15308088665255	-0.452017305290294	1.94756182038056	-2.17601936820598	0.386383224001401
NaN	-1.32072737293079	0.00083992176509512	1.10512277190603	0.249603038733032	-1.74469874753688	2.78796858364419	-2.19331142326741	1.49293975848924	-0.419365249301208	-0.537746782905904
NaN	0.426625482293728	1.99677288238858	0.558710486359479	2.73370189979967	0.249887819519713	2.51235264468705	0.249053153273684	0.105879870554123	0.0320079121843734	-1.87519894719705
NaN	3.99301522322813	1.04739328199014	-1.81102927987616	2.65059848704322	1.57553780323017	1.979942706825	-1.02564591694855	-0.750772484791012	-2.2990013554374	-0.982914014017956
NaN	1.11970079544329	-0.247745268621902	1.57680996824902	-0.264886314037904	0.699042619797111	-1.02647226754212	-0.855749329564306	-0.717342366138944	-1.45205020375648	-0.47124631926843
NaN	-1.56774263246657	-1.9650481285265	-1.21099510361242	-0.61857214809609	-2.34417309577549	-5.57321507128677	-3.97694845721614	-1.49838362607831	-1.83486810902141	-2.72916043622517
NaN	-1.29297507597111	0.638058651455927	-0.997503998456038	-0.735773324021204	-2.25571143842455	-3.75905780967367	-3.71012921274967	-1.24031592923041	-1.67065374801608	0.796614987589598
NaN	-0.89156350598254	-0.389186611762812	-0.947304486220363	-1.46683920101018	-1.07618836995372	-2.45023695025224	1.91319518276611	0.332850506477723	0.926093623287128	-1.8454883878099
NaN	-0.646190124315417	1.62362549122743	-1.4380830593362	-1.02276755731808	-0.225416867867883	-2.38568566859426	0.130357922809018	-1.37903524698208	-0.0426224020131787	0.335597377493187
NaN	0.0107445242262002	1.87493430964204	0.687493824730182	-0.319648307752913	1.94017084263951	-1.71067099298143	-0.873203194570083	-0.796984129330381	4.54865879562324	-2.14614335816911
NaN	0.229880356209668	0.0159122297006913	-1.71926056628732	0.436793967646179	2.67772742986757	-0.941370552977397	-0.286108975215389	0.304187003225349	2.35736131579156	-0.654077968236612
NaN	-0.0557832244190958	-1.01065701091605	-1.07369077712595	-1.08071079793145	1.39198635830006	1.07984171024263	-0.00951646435336095	5.21238918488109	3.7710326790105	2.30126948205211
NaN	0.639245507096517	0.353705720784919	-0.168462517339404	-2.04729519933989	0.488074507256242	0.322209130676635	-0.336384909380964	3.0912654787531	1.86962625423987	0.874864778188968
NaN	1.85712553481122	0.316927767297488	-0.216816384168903	-0.574518151144352	1.10996676201693	0.310417087036604	0.705063955915994	0.272807433993925	0.581976765810056	4.13305320231642
NaN	0.873766165863127	-0.156617963698778	1.32843388758603	1.54853821052816	0.0547821844375811	1.08179337866598	-0.129793177918931	-0.772660175458372	-4.0717034462942	3.62068517239088
NaN	-0.674222090523416	2.50794609850158	0.629590008310485	0.28119320039513	1.86750016890815	2.77946405611612	-0.0672305096970464	-0.195957706001081	-1.13492827442434	0.940275353330302
NaN	2.88624118773166	2.93891211802437	1.57733904092094	0.211374728494863	5.98267991600563	0.977817212759756	0.287569202203196	0.335746333244253	3.60490288847279	-3.29860452918738
NaN	0.885055500675885	0.725696028071833	0.881959125830379	-0.273195012111423	3.30267471054452	-0.176249290283356	0.690552854918176	0.0429037341180623	-0.771433864714025	-3.31503927531714
NaN	-1.23116706226082	1.60791126559945	0.235483328416643	2.90574602736136	1.66814540290091	0.882193696545774	3.00915490359455	0.733691410256635	-0.967101902781424	-0.518205326110588
NaN	-1.2075431614252	2.14405221950079	0.783811966392781	1.56540108783328	0.325333558120943	3.829138878549	3.39390721693063	2.85690398426908	-0.0287692004247392	0.116230706232618
NaN	-0.388473825635776	-0.42776640580199	1.59453569048612	0.721884200622214	3.3430028107336	2.88501320416285	0.051130111046912	1.55189327069947	-1.25431941121017	1.1229932868825
NaN	0.123144378912389	1.41536562760415	-0.576300202899741	-1.0315462488107	3.88052324511909	2.64928281435798	0.439376747296966	-0.781017643035463	-0.559132252612973	-0.287631705801913
NaN	1.02872356801531	-1.01744078885405	-0.261117684695613	0.417710704623884	-0.740031422275936	1.40240892220171	0.223747611052542	1.19560935053875	-0.583359534424693	0.0381586537127013
NaN	-0.302412219785282	-2.24099769258355	-0.207098637996356	2.98628708603292	-1.8618958164035	-1.54356663767651	-0.679590222901996	-0.764188429845076	-0.323079663176201	0.161840184629948
NaN	-1.04126584298571	-1.4750625323189	1.16122638871923	0.247919416190636	-0.767996687704532	-3.47387483861891	-0.497114034144531	0.179627256397204	0.860851604830248	-0.798557893730912
NaN	0.197258602869838	-0.531546466788608	1.20864013671399	3.09442665328877	0.0961480262791621	-1.0492937838262	-1.93147410995327	0.659660646374809	2.22647574810933	2.25123198827827
NaN	0.796247045275072	0.205351858352527	0.816764702351073	2.6527028046561	-1.70273577575316	-1.19130754527111	-1.89641908743987	1.7216970036276	1.36279908364665	0.164022312496023
NaN	0.571749745102162	-0.840426086115214	3.84648314682036	2.29309163362913	0.689607182604863	-1.35431155226217	3.20940154427506	-0.562204789642195	-0.531511879131081	-3.91361883145695
NaN	1.54400591450545	0.139614382830964	1.63489823557436	1.31730113416277	1.71402044120786	0.300212384369927	0.975351151384534	-0.646798974770573	3.56937242739759	-0.951238794994343
NaN	1.13015557295836	-0.071179599051978	1.62988035693708	-1.273616281387	-1.13194659340571	-0.965077800125766	0.756031921583344	0.736770394349984	2.49638987321349	0.848882779791734
NaN	1.58621988062518	0.605436951467073	0.327193809072998	-3.22440014855517	-1.81715175087873	2.74211490645432	1.34812985796548	0.325518895285406	0.721139303589992	1.04538933760905
NaN	3.0180080999626	6.06079587057742	-0.947956520994594	-2.69234189405061	-0.582472363320069	-0.159301378220596	3.8836996793569	1.13351716786539	-0.852219004498727	3.03565741556789
NaN	-0.0722968901207591	1.52452287035729	-0.829055911337516	-1.30053285704701	-1.12643276050273	-1.75138301439987	0.0134234038306331	-0.724560023822514	-2.13995206479635	0.150094242655159
NaN	-2.30206560674917	-3.78133897526877	0.711864606677741	-2.37218120262503	-2.5643101828517	-1.82312344359799	-1.60757872711767	-0.320761329900404	0.337036849204207	-3.29497949542375
NaN	-2.27781086537481	-0.0735897488254718	-3.11317554469964	-2.44536444217458	-2.17042197696021	-0.65920166359428	0.16015650522263	3.4388724424433	1.78164702391013	-2.55583334254401
NaN	-0.785847820324569	-0.571986263386114	-4.05902425183806	-3.35870007300412	-2.49099236101324	-0.557231241043339	-2.45026101483328	-1.35709950524163	1.70989687957249	1.09363801479083
NaN	-1.46041634423092	-1.51803340674557	-2.52109137653985	0.546771101965478	-1.56860120556116	-0.868074996982925	-0.928366095691349	-3.35262718147964	-1.38212088337473	-0.832581617137712
NaN	-0.490107270412303	-0.668835040838708	0.285691776559094	-0.916446165377049	-1.37473472089615	-0.410252212404336	0.0420330842807085	-3.12543135293095	-2.91726009506269	-1.77211149091952
NaN	-0.0961374981270281	0.182942164965417	0.269283051985987	3.97456048792072	1.08295019488618	0.398777219486482	-0.785212506579561	-1.57925178290359	-1.18624076326487	1.07612111492947
