NaN	0.789794369692959	-0.857291346942332	-1.89160605256411	-1.38559994336141	-0.628239216025742	-0.416015091844566	-1.61157593184473	-1.46665349197027	-1.84986339178085	-2.27575114472639
NaN	0.608418928360556	-0.0988740589459513	-1.61399697235438	0.442378534492658	-1.63543467255735	1.33824569568688	-1.28354457341943	-1.04071167949358	-0.254082635179432	1.15380730898514
NaN	-1.43485670091699	-1.34073036395422	-0.31214553882854	-1.07057187309613	0.00109828127836624	2.31318652527835	0.561002300283537	-0.203740078966159	-0.338401348952164	-0.100407708192173
NaN	-0.0604126534079279	-0.901379702978166	-0.388334927263018	-1.88155664620266	-3.12821616439775	-1.42747736218394	0.234232404887703	-0.466419591447149	-0.0218437486336406	1.20130692424103
NaN	-1.14488485068483	-1.1432285684893	2.2603366364528	0.60889637270112	5.31116197896456	-2.74115855937852	-1.06788863304212	1.20328942638974	2.7718495070011	0.127113513448461
NaN	-0.34184744305989	0.00493857764829247	3.76950129546448	1.18742793055424	0.974005873162536	-0.318621186513547	-1.14661762583078	1.89151706221203	1.98182224911957	-0.167165386608777
NaN	0.647264253426634	0.800689594085907	3.59697189348352	2.705819752512	-0.106360830343162	2.1505350728268	-0.503672087502901	0.785414450727284	-1.79825234176965	0.893119638805739
NaN	0.662163242400472	0.636141602581629	2.25041167362616	0.734845178995906	0.168824685322151	1.56393952835194	3.01470664594962	0.912923760608643	-0.180410157873124	0.516512861810063
NaN	-0.548047069582059	0.866634103528563	-0.218702857851192	1.95950046441186	2.58412740626914	-2.06899776005592	4.25247438732945	0.21579820110553	0.668823911754329	0.965961520288607
NaN	2.70468224290773	1.47512632224845	-0.949544188916882	0.503269572091899	-0.499878997721158	-2.60598496742565	0.275424478803645	2.35851436402991	2.62611441014726	0.300890275207255
NaN	3.71518988358184	2.59866796864401	-0.683748568873865	-2.12693576271637	1.02408310849123	-1.74965052904943	-1.40602798984498	0.832274941835789	-0.904919556895866	-2.24813837053978
NaN	-0.072836447953769	3.26204057473222	0.19173686687912	-1.92169466425319	-0.754103453157616	-0.674813386898564	-2.04088720244525	1.85753865316123	-1.62845702831117	-0.0795890180126716
NaN	-0.32527682873518	1.65306731343547	-3.37833614486973	-2.07640404766219	-2.42418686151834	-0.311052575166153	-1.77976972198675	-1.32828597212565	0.486080672748201	-1.98052269357952
NaN	-2.19402570455991	-2.80603832552836	-2.4482056131955	-0.664084993395141	-1.71513547727144	4.13630902397924	1.77267208555329	-2.85325984274882	-1.98435378603424	-0.154224383930978
NaN	-2.81783061216375	1.64608403337672	-0.287745070679507	0.426702347682478	1.17698858369948	0.00448339628927535	0.773025807815999	-0.0751871986260677	-1.13549258894833	-2.36011844189907
NaN	0.327013590172895	-0.0789070895222567	0.53946048442181	2.89216459976118	0.512853333251486	1.54406305143522	0.128804527269699	0.0851382116213016	1.39532692520435	1.8393996620608
NaN	1.02945122570471	-2.01206866632865	-0.471491732641676	3.45048854437308	0.525347309664341	1.70984297850255	0.784528116283106	1.67625775663137	2.81480190930289	2.24971433715398
NaN	-2.18277123562903	-1.77675327348903	-3.4474156463658	-1.94240806281449	1.11099891632774	0.219825082810755	-0.231327879606611	0.798897477259177	1.78122847079254	1.57644094701667
NaN	-1.08049335726568	-0.648124817201556	-1.52589720894544	-1.89530176813607	-2.13072119318227	-1.40138190630662	0.972831899061463	0.436980016988154	-1.50326776087153	-0.870204383897853
NaN	0.364602719361692	-0.203624827159514	-2.35265922400387	-0.0268132288081444	-2.22785599710514	-0.67487295477909	2.30525248306257	1.21110948504379	-1.95821731118082	0.4935340629068
NaN	-0.310201415947085	-0.728186821671461	-0.436945270311229	-1.17097891527779	-1.0119270460356	-1.50914363553762	-0.300963550192591	-2.89178935030055	-1.31802071350877	-1.64709334119084
NaN	-0.58328597743575	-0.640730137756461	0.127984744254476	-1.26975000430797	-0.709407374847657	0.214684725267331	-0.211977899904429	-4.26287041314881	-1.27051722087349	-1.11158833956928
NaN	-0.318598646663732	0.27747898120288	0.938511367563746	-1.51517884857948	-1.11604658707088	1.90759751059053	0.257861351317291	-1.08552133283142	-0.38229856788542	1.70538401716055
NaN	-1.10569571572193	1.60517039662442	4.13923615172292	2.5803694728858	0.0327912875422232	0.612228569686561	-2.03063479012124	-1.34552118798682	-2.30995549628444	2.36591451235904
NaN	2.09428437047346	1.74277453052441	1.35404691271133	1.53883551109648	2.25765268571069	-0.66514523868072	-2.16818076417133	-0.876402853874417	-0.965587982492966	-1.43287888929853
NaN	0.900434138988495	-1.33862501616644	0.541207483026699	4.29165827768108	1.55415800730275	0.140589055841258	-2.41522422082862	0.308169392574817	0.667344487388899	-2.25507706484571
NaN	2.83154585411832	2.21490458284103	0.415575914517371	0.64862433941981	2.57927931514541	2.48983974984602	0.387152720902231	2.60956979187298	-0.174966580961769	0.92847920865672
NaN	-0.53317510083908	0.611906142795062	3.05151571398777	1.7072187059929	1.29330162637414	2.19070141672929	0.757439427757217	1.9762415626468	3.17263619770044	1.8340424408388
NaN	0.00534988301823379	-2.07423870877285	2.88021247423789	-1.03181367065781	-0.204959695270363	-1.49649122950773	0.978807170586945	0.0825055523188032	2.95097338150388	-0.0330040070869129
NaN	0.69089030250783	1.55299203175136	2.14161612670383	-0.50772789114436	-0.1598518843433	-0.0215139685335904	0.110271053168764	-2.19878041564059	-2.007340765457	-0.836569210397168
NaN	0.653096504509795	-0.870342731856073	1.39837741607368	0.238950536607889	-0.908881830352011	1.95235026548926	0.745707983612199	0.00642836111706852	-0.799732897979211	1.57823152903883
NaN	-0.949702523019991	0.171060251042427	1.79693593345496	-0.0172020221552517	1.79238460693474	-0.146980834307064	-0.636328198484564	-1.20121303617855	-1.22760830491959	1.05089542918063
NaN	-0.505985212653113	1.70783617498869	-0.0882335370960968	1.10290693154151	1.62956702795707	-3.19124643841952	-1.61853635677458	-0.295061125295744	1.11175834515651	-0.226504590745154
NaN	-1.26933135878859	-1.94669807894117	-0.747666704400319	-2.89955216642617	-0.0150711458258613	-4.11856999624844	-2.37392371325159	-4.05200575205047	-0.886145270646977	-0.95777638966013
NaN	-0.266825950646162	-2.29298479550276	-4.50367147345379	-0.843488597354262	-2.0721800328629	-1.11112770651812	-1.79734859917019	-3.0324041125045	-2.27314302410751	-2.56485524964972
NaN	-3.08867525258952	-1.480531100131	-2.55968835888801	-2.11203977923872	-2.35192929576675	-2.42763450693307	0.0695324161042103	-1.8229433277535	-1.51998340198374	-0.784344954511012
NaN	0.389065897044565	-0.718552536708022	-2.77154250135326	-3.9207217325668	-1.33375324376507	-1.14736588728136	2.31893646169123	0.397889993849756	-0.825039306623924	1.02068679087363
NaN	3.52451286529065	0.56698915041493	-0.257869115487991	-1.32260249228356	-0.179907196775187	2.40747638478171	-0.486692368965971	1.82862174993998	0.13948308327707	0.400943288274959
NaN	0.150763209326029	1.86651141939974	1.27360080264237	0.0349576168227283	1.09058886315898	3.97336007037689	0.749426977494781	2.70001112109567	0.856301484964879	0.412102630983098
NaN	-0.954612338109752	2.04777722299044	1.90401266977537	2.87865870624106	-0.632631898302249	2.19239553036209	0.656509489754858	2.8128302620275	2.56415669096369	1.65116696322575
NaN	-1.92751093164974	0.358526234314898	2.5781494723831	1.42664814786912	0.410886071387509	2.13800697900366	1.95632072112002	2.04074989910667	3.86489192756411	1.80744521697999
NaN	-1.38548189125238	1.02992282902331	1.17389909400678	-1.83375190747107	-1.55185166751598	-1.07304477500941	3.0184471399313	1.80820624901968	2.73197906912336	-0.286707277287183
NaN	-0.450048360491735	-1.35990426929264	-4.16032968121927	-0.214274037588741	-0.402894566648544	-2.09544576955234	0.23026285321464	0.538970167617639	-5.22575575700091	-2.88425838185403
NaN	-0.313278935031247	-4.23635357177071	-3.45765911889269	1.48139691423023	1.40901508775793	-1.3243503974585	-0.44665538633728	-0.840383475914538	2.54211461593981	0.281892590101377
NaN	-0.328961401161603	-1.47061443920553	-1.53801786543717	-0.584490963966936	2.02587519798035	-0.202366316180566	-0.55859790980228	-0.345479254300007	2.25708433573414	1.09266004346503
NaN	0.546248667392398	-0.0706557796219961	-1.26736443348161	-2.46839594658961	-2.72975468602477	0.934685996151071	2.46176085967675	1.75134890679235	2.2117030327876	1.73960893598271
NaN	1.877071356741	-1.44136218986695	-3.27338053724745	-2.06494220747571	-1.4348758185093	-1.42629877714867	-0.402157561636312	1.73267100650182	0.555289819331244	1.74599656178191
NaN	0.35484719909398	3.55384620796769	-0.00396332191317288	-2.39584926501663	2.57403551055099	-0.434342548411055	0.0616031942079498	0.602154372310011	-3.29672362711239	-3.07070376521859
NaN	-0.616239484519876	3.33453239141998	0.269575088477829	-0.344742240146793	-1.32457670349338	2.03401914546766	-0.250274445310807	-1.55329264560694	-3.20795398734975	-0.796646233844911
NaN	0.648053658640488	-2.59952396314682	0.485893839913001	2.69114217293562	-0.969334713175898	-1.81143187902697	-1.2471510004587	2.24694373728174	-0.0242239147303729	-1.07877828158503
NaN	0.263482547841165	-5.26082439611897	1.88724234367696	0.402073866765629	-0.703304445329364	-1.26152377951965	-1.46186654581181	0.630169524664332	2.4969085300255	0.72710172076652
NaN	3.48863354294596	0.844212656985531	0.353374487641273	-0.695742614183444	-0.388149587075111	-1.85090857279476	-2.0966817437187	-2.59105193446824	1.72991095594379	-0.101095623002537
NaN	1.98787869464914	1.28868532888716	0.544917580546108	-1.71391632588871	0.669868450567235	0.286821028913032	-2.94764956512408	-2.7943300734209	1.71408669276117	-0.754933235141656
NaN	2.32027765644263	-0.726337270171785	-1.51883565136699	1.28236979878116	-0.374385958875452	1.1998987627495	-1.94115027506422	1.24120547726157	1.43741610177668	1.2924966748676
NaN	4.99067350436359	2.41901590336604	3.61936026146674	1.69776628339971	1.90835905544684	-0.284505784375696	-3.4238068470316	1.72684055394811	-2.53057641270593	-1.14443177056741
NaN	2.16284089245198	3.90414940471655	1.70191813826094	1.52800425338066	0.794593259629017	0.160619187268163	-0.517917938064248	-1.19244060176484	-4.39203828416824	-1.12847072825973
NaN	-1.46420147824203	2.63242727990965	0.185960495297326	-0.0585829935983295	-0.349253266743683	-3.03905217086715	-1.81353095903718	-0.94575261337744	0.96154277955549	-0.452705299806538
NaN	-3.46356181692289	-0.594886154563642	2.07880746377443	-1.0470873360416	1.08186857551986	-1.33005451571967	-1.58782120502606	0.710458597903121	0.166237318013443	-0.151962833432921
NaN	-0.464072748977107	-3.42006540162462	1.19259470214657	0.906176376924874	0.911579530446035	-0.966184205831921	-0.751441745541763	0.922499620495288	-3.17467457509006	0.10632658862102
NaN	-0.976361901124224	1.68163653862679	-1.32237625507206	-0.762721445249347	-1.81417731540931	0.488908208240535	-0.425967972813066	-2.21935896010581	-2.47025727386402	0.970594892061587
NaN	-3.27667505977066	1.90903304468736	-1.85459214550677	0.186473384198092	1.28694555688162	-0.43255740486885	0.508905040529797	-0.731313746693364	1.48222249749275	-0.951179817468697
NaN	-3.14780220833226	2.28668571155925	1.03751240509608	0.689097073725313	0.198625400057453	4.31591615890723	1.99809756381832	0.925769329542559	-1.87566564080496	-1.75786038443686
NaN	-0.981695726998269	0.679046503053371	1.25095978096312	2.02759978461291	1.04958167997123	2.48030692664574	1.88229191847677	1.20208482344642	-4.22204563135359	-0.415354084964393
NaN	2.46501840773996	1.3282619436049	0.674226601542856	3.83694332885525	2.34006216387022	-0.128740003685121	0.34507899593771	0.298666225312814	-2.3220936600781	-1.25269480275094
NaN	1.62943979628607	2.23398638422237	-0.29862185566035	1.01041331298361	-0.251848003764526	-0.537208880597976	2.91271206024207	1.92403212199611	1.24855024486233	-0.11493398074709
NaN	2.58060822962214	-2.4478802401824	-1.24363460709023	-2.66306912173786	-2.05543903568376	-1.89345345045573	1.39951102353547	-2.52465292860087	4.29805440674424	1.27720802450416
NaN	1.51134652764083	-2.36972830959821	-2.05368028533569	0.477946146473988	0.395178847448858	-0.963934434191706	-0.665380948738556	-0.869565663046919	3.02096779470695	-0.150150851190935
NaN	-0.724208635885092	-2.16510643250665	-1.06944324729378	2.86642053240118	2.11954642266029	1.35327123555381	-0.390470059309464	-0.740615180333021	-2.15273795389931	-1.70996875561282
NaN	-3.02962464667727	-4.03641421024261	-2.46071254537665	-2.5966429651844	1.98849486901471	0.987843610014693	2.03719838513271	0.70606585536001	-1.83265937511857	-0.133723769902114
NaN	-2.66536582834691	-2.20988328333833	1.33747260901386	-1.36702627713921	0.370072273220221	-0.495455134880653	4.51082139734969	0.206626813174012	0.562291967527351	0.797737266619037
NaN	-2.65620571905413	1.76974142203571	1.63348814949727	-0.583734724432868	-1.10893201118346	0.375475391264319	1.27979063056414	1.76325637423561	-1.16756571940009	2.48853772049547
NaN	1.19828021849367	3.13933501125297	2.12470118788525	1.58230527496375	-1.49729345047426	-0.0628345643672881	0.708024336621303	4.24863693855281	2.71981221176527	2.35803363460709
NaN	0.164494383097141	-0.392678348181674	0.0591008031503047	-0.0865988033561752	-0.759870005986805	0.162414067462184	0.621657610063722	1.1832346648201	3.32171216840006	2.7263464625461
NaN	0.190688308101296	-0.0941383839864973	1.73775065215213	0.451789629463088	-0.792386013172669	2.82297201958411	0.92729886835378	-0.686157258696379	-0.081899380684456	1.55534706208385
NaN	-1.78397037419103	-1.97562587433723	1.06530411025872	0.428801289923864	-2.06713459768422	-0.607032164102485	-2.77438217509347	-1.46217348668935	-1.66617287747635	0.693862285666037
NaN	-2.82605561416515	-5.47112278677953	1.58845039510952	-0.225570791528949	-0.610551864830123	0.70146373175794	-1.8637338266021	-1.11779243022488	-1.46556298764088	-1.13527995194817
NaN	-1.36181867277093	-1.88030970849659	1.6503370558332	1.62134974215265	-0.337222175040768	0.838935080308958	-1.16845747011711	1.42583352377015	-0.00836816418754927	-2.67289272826779
NaN	0.616035141476267	1.26025475806811	-1.93833661549736	-0.2968309081036	0.281238127867136	0.986572756001434	4.0506224200356	-1.88404860120735	0.871526681428797	0.333270291975314
NaN	-0.446773871193684	0.0853862209188423	-3.60720124588096	2.25340446671609	1.45850856076642	3.93086981131927	1.61587250648283	-1.92459429373485	-0.766306926626393	1.4020379150002
NaN	-0.740145586439124	-0.44475125349836	-1.34011715542482	3.07627609042848	-0.268532896633861	1.90603550778546	-0.527351546678813	-2.3404289805184	-1.97039949892891	-3.8887397430934
NaN	-1.80682540836937	4.2139881014767	-0.78981112551507	-1.65632918637378	-3.74904923726891	-2.529239705307	-0.283316859226525	0.132786904976181	0.249338567253013	-0.978703552036547
NaN	1.08433566025424	4.50639521065602	0.655978293321561	-4.16471612473961	-1.40217672196471	-2.19179308001748	-2.11651688878283	1.58308048365472	0.791779638088625	3.79898102380009
NaN	0.284409734625112	2.7871691846852	0.784000681448132	-1.3557425809232	-1.37677927718664	-0.674616322334546	-1.59681998966598	1.150767742275	1.35839189483383	1.3085695465256
NaN	-0.473450137465715	-2.80912192903169	-0.36277050670288	1.31781202869221	1.0695519571934	0.47026845978392	-3.26091300781705	-0.737039881799314	-0.308205300160433	2.25821243229042
NaN	0.718194155066449	-2.1284953985885	1.57653889875754	-0.76146608891285	-0.0365433316729945	0.766225805333319	-2.34866516424401	-0.330914189308126	-0.344215278103219	1.02597516709029
NaN	0.246207028000006	2.74583497993601	-0.0671845923958211	-0.190093795621587	-0.791263520030059	0.415788822791084	-0.26400345297723	2.07764293402536	0.706384538839407	-2.148848446664
NaN	1.14513403124485	0.572954348124618	1.48706118793448	2.41604722892202	1.67138329714682	-0.434473249397069	-0.674783439099119	-0.541529479689342	1.92320482472217	0.0317366193917814
NaN	1.53443788110537	-3.708319806039	0.479932868581623	-1.66387349575467	-0.250579273489662	-0.832111518679607	-0.0406275833005623	-1.48603118264188	-0.167230450141967	-0.865437870418206
NaN	1.28821250896605	-0.372125582585938	-2.65059538286326	-4.56940191723205	1.82687686862805	-1.59359435827805	-0.292162372983821	-3.01761910210266	1.81311164831528	-3.01242034055642
NaN	1.07327187883291	0.718497773742506	0.0370890857913748	-2.35370718407831	0.679700609935948	0.776056231854592	-0.98985434199573	-1.30897499479907	3.31529071848023	-0.429372809285291
NaN	0.0298803251677459	-0.831628494142773	-2.00486005882245	-0.230501123630611	-0.575427014433078	0.107653720605638	2.1092160513308	-0.166925795074718	-0.976868359441015	-2.1286806996554
NaN	2.20579695424845	0.434891002886676	-0.177466906337132	0.614164162409485	1.60622215816713	0.111094672980057	0.286764734929279	0.757393940492487	-2.66295857570616	-1.86889075902835
NaN	3.43329312615767	2.16183797547151	0.358637920847679	-0.747997288072231	-0.875438426568421	0.229490044663548	-1.18785451055782	1.75082605795771	3.81704186123446	-0.114379013061156
NaN	1.51875164792152	-0.191792636643104	0.699765078541456	-1.95437163145437	-1.98333764565479	0.29777897443407	-0.595249655951391	2.4739582833995	3.46131220022765	0.38807613551349
NaN	-1.37327869283031	-0.62579937458656	3.669864109315	2.50750018903746	-0.417822855417454	1.32604127880548	0.122902619110129	0.377107160102004	-3.26792026131616	0.76090937907081
NaN	0.420623140288593	5.16368798456396	4.27910406238333	1.43519770886829	2.09355121415903	0.68262431620159	0.031184131345341	0.661180743137357	0.30893550346996	1.48928165595339
NaN	0.719031634939507	-0.860476768800886	0.256002024279535	-1.23886004384718	1.31021570420733	0.561570234750641	0.758482598943496	-1.78540304416352	-1.12816093365687	-2.52061592831731
NaN	1.22247450776272	-1.04284889491089	-1.55591776828116	-0.440176583637597	-0.0206958152546469	0.666755379563261	0.482178172793966	-0.30122847404127	-1.70643039523962	1.17017337070249
NaN	0.208379212355285	4.09286439243384	0.563567306045458	-1.58461598702581	-0.467790851172858	3.41441451659642	3.76944112578696	0.987287613108212	0.332405747892092	2.49826051424224
NaN	-0.535508644312144	-0.595299864458496	-0.535811903058516	-2.00621624845671	-0.313195679606603	1.82215642694442	1.63874691781687	-0.930463146186535	-1.37604458370862	2.16378109575232
NaN	-0.822788364948095	-3.76104612726837	-0.22174692520945	1.80203233777447	0.291258131790172	-1.41203808359564	1.08523596352244	0.079184902566217	0.388877715481527	-3.75043208103809
NaN	0.273378023964859	0.173650502477541	-1.00206225159846	2.53839032381713	2.3225768966071	-3.64022453487054	-1.98611741164491	-0.709557930950358	-1.9000115657127	-3.12372236695935
NaN	-0.134604200706001	0.862699941758099	-1.57463774259944	0.414732187783245	1.11800413550587	-2.26067922652448	-0.793587925262847	-0.916206025627409	1.78578398746471	1.21886764964919
NaN	-1.00226501487462	1.01675045151643	-0.1959317927101	-0.432983070991394	-0.617127965578267	-0.901865980832321	-0.783282418686759	0.37088563814216	0.692101865053025	2.82832335012617
NaN	2.46030386595637	-1.33550976246777	0.196433322366114	2.6005402146666	-0.349926838552504	-1.09556196633691	-0.183156008788754	-0.0668823235327292	-1.29710227764097	2.1927984011005
NaN	-1.06645560908454	-0.608137424871214	-0.0826934932808745	1.69258651256645	2.29906258511196	-1.20272070416413	-1.00771183270193	-0.307523716776052	-1.83076937967661	-2.13715632122481
NaN	0.956404449713579	0.666149170706785	0.311900363396062	1.75733449456422	0.58767902263484	-0.123007283822403	0.342600715463131	1.08336830647474	-0.157173176281872	-2.74386187908883
NaN	2.24099947604366	0.439400591337534	-0.420800227806891	3.78004823812756	1.81423416590596	-1.82019893414033	1.38780023025962	1.80076211340252	0.569086543880592	0.445973476404986
NaN	2.96274998042853	3.22071970802039	3.850133738638	2.86999100613031	3.82895180433705	-2.27715679632856	0.345601035709375	3.8207688615966	-0.469385564701147	1.39746319904361
NaN	2.00545466354557	1.78781172794228	2.22662905071778	-1.46447780676122	1.59069445354596	-0.438309283496934	3.08945865053806	3.31701600303301	2.20787064250864	1.27882648168233
NaN	0.950179034217323	-0.300257210534778	-1.56124278247749	-3.71866721259296	-0.0758611020927431	-0.464719776792127	4.77856128209446	3.92017809545579	0.495848243426907	1.14307734882402
NaN	1.03459202574226	0.198524089297284	-1.22456891831181	-2.8583923464055	-3.09160975892878	1.53676745960173	-0.274121799147444	-0.820126080475763	0.70187469786274	2.21752544650264
NaN	-0.888201871858182	-0.374880371183868	-1.39631011473447	-3.76514498460142	-1.62402331866394	-0.650333329946651	-2.79824600672173	-2.49002594676418	0.102753791316711	3.50416331341703
NaN	-4.90864066951618	-0.973111637447282	-2.40115513385077	1.16662282354352	0.919742218667372	0.0862541434917129	-2.73586663036516	-2.1379399480653	2.83865571883217	0.17773619828076
NaN	-4.35519925242394	-2.4495389458841	-0.496650794655449	-0.601078141574492	-0.562870067285012	-0.86677104125276	-2.90871613074766	-1.07185169541084	-4.45904679482338	-1.30297235375774
NaN	-2.66727693255452	-0.817197566413037	-0.473967514700667	1.87551542093213	-2.13063528803231	0.701659261737357	-0.466681295537369	-1.64733913934386	0.32556497100941	-0.450157739201448
NaN	-2.83083140678903	0.689334587156952	-1.39069324866792	0.26508681887857	-1.91273592811581	-0.878242878240147	-0.661564322263883	0.170921660786495	1.13004619691124	0.250761582944729
NaN	-0.748871363386127	4.62707903980364	-1.129641042855	-1.47986726103252	-3.14870251577106	-1.33623051591389	-1.75725435757031	2.20240936646275	0.0360115687571956	0.293493192414644
NaN	-2.5937529094754	-0.334094275746396	2.46710185683648	-0.430833952085215	-0.0149777469283171	-0.326862890717432	0.115391406174373	0.828933325188225	-0.219041183708097	-1.96231403554795
NaN	-1.2876636774297	-4.11844071591635	-0.973435874778304	-0.732307023513229	-0.999403728577415	-0.568246008873978	0.573519904522609	0.189371818770625	-0.825119928148668	0.388100452692336
NaN	-2.10709871609543	0.0389726609871737	-3.71639397823164	-2.05270171070269	-0.569133975582322	3.64548851579728	0.559915093843281	-3.02368713727408	-2.28115462751608	1.68010593165195
NaN	0.242334438979499	-1.32068393343535	-1.95804929195747	-2.6095848166696	-2.82806135754931	3.0908763685622	2.55774215110514	-4.01151835000031	-0.537578437162911	1.82339505036379
NaN	-0.722242636334127	-0.446525374920777	-0.332624725759174	-0.575769444100266	0.336118430340733	2.45931494076932	0.667366327458521	-1.31372770937674	-0.0901723667798404	-1.89514847631854
NaN	0.944624955267698	1.03644852252377	-0.693544203460445	0.133584585557376	1.19253878741147	-1.16989919547754	-2.30345645130056	-1.46545687634352	-1.34460724648204	-3.7392912279473
NaN	0.923487908548906	-2.05532300284653	-1.28548674641273	-0.865837497420318	1.82477024109193	-2.80435398271696	-1.55275019519558	-3.95477412779857	-1.68430133410282	-2.23308901703535
NaN	-0.390925263056175	-3.0009849905724	0.186770867245281	-0.372026721276625	-0.318128199152844	-0.704603264679284	-0.270107504643683	-1.44677686406143	-3.20854857632551	-0.920200688109537
NaN	0.796649403730092	2.64577644608855	3.66306773497493	2.63971218722694	-1.52479303515029	0.778803009987232	0.81140500072197	-0.018225650076129	-0.758560989265772	0.870312969937364
NaN	1.32152978110699	1.73219918520556	3.18040652843458	2.43911022465954	-2.04728833074814	0.310294312220163	0.634939531229634	-0.387565767066694	2.80203316294794	1.68977992222819
NaN	0.699738603690623	-4.30960281499429	1.31442985286862	0.0400029596045213	-1.50354099804908	-0.395511433543182	-1.9287796662079	0.689386399231165	0.275119906943536	4.0802400357306
NaN	-1.67728339295142	-2.55384778555144	-1.87300879449526	-0.258920919833444	0.264761795673171	-2.04675582185683	-1.7307430693078	-1.39133742032123	-1.56787022106705	0.884514416520725
NaN	-0.929684430296632	1.69354913341634	-0.610758999456462	-0.16334040746047	-0.46887296540597	2.7169606275971	0.209712552500943	0.00763145899662682	-2.08075027469858	-1.41594715514009
NaN	-0.110797494310442	0.44548802911426	0.474939925750374	1.05436134383094	0.0696687575678945	0.729956336263226	1.44753175883286	1.78553452711506	2.41155868864783	-1.71565806198035
NaN	0.683264457670955	-0.969005893118327	-1.39632860284521	0.016068129315661	-0.267066489021071	-1.47642351113496	-0.427323372388366	-0.357997601400315	1.41994705196665	-2.96043108216691
NaN	0.917577078053495	1.24202222889328	0.93480034996415	-0.534560035985728	0.029418056374949	-1.61497683644925	-0.0912450975432514	-0.128504780291577	2.51820717176505	-0.166742132767769
NaN	0.65002041335035	-0.200375089230755	1.43129057453319	0.651520309094302	-1.48693808600837	-1.1706982920236	-1.42700169686764	1.48593440832635	1.14364394249328	1.73456339376564
NaN	1.29949214233527	-0.563368123855683	0.652951923410241	1.17625244720075	0.870467033669276	0.417191301259173	0.702188806662053	1.32900826290851	-0.443412089500212	0.743434845016629
NaN	0.760245111562556	-1.80976341587778	2.06721520265018	1.94339377020584	0.980800314231468	2.31067875174375	-1.02951303143814	3.98231257734761	1.68875103731013	0.323109927005583
NaN	1.31146627214011	4.52494481286854	4.66354540929596	2.12096836494096	1.79964290250386	3.35762390793618	0.887717979584727	2.3212817106482	1.12937316033398	1.5845131903194
NaN	1.49026041738576	3.38059691596781	2.97400561364121	1.12769490538079	-1.25324583868634	0.944890144275397	-0.192119274416848	-0.535954341820491	-2.28083543290916	-2.2159484321031
NaN	0.730165178212825	-0.428687572501245	-1.04585489744139	1.23357984417071	0.723644838218474	-1.82914648240404	-0.519609368303758	-1.3505435802214	-3.03110847361225	-2.95065631740826
NaN	3.61114034909267	-1.27253913563352	0.0337151163932733	0.73235512597726	4.76692338850357	-1.88267078424439	1.08922620934803	1.95583670045274	-0.484400094890801	-0.262070614013134
NaN	0.749175829932106	-0.137065709328787	-2.0987362483512	-1.3388411522761	4.34809732534406	-1.11489439199696	1.29100431436196	-1.3390040970963	0.981947515320271	-0.730119097764293
NaN	-0.988704845069835	0.31979758613874	0.373172597909206	-1.22808633728364	1.26954180094472	-0.287881003413498	-1.52001085472109	3.43560393585822	1.07324297644489	-0.379487465120831
NaN	1.49102962774697	-0.149662943133191	2.63724767017958	-0.997125201012118	0.703859963893444	2.78029099661484	-0.983871866638965	2.5664361880139	-1.32686795782916	1.13143489888638
NaN	2.05130068931239	-0.535436423524508	1.46221656746586	1.80861597754062	4.45005298282175	1.41641924381929	-0.00407295222048221	-1.21910008562274	-0.287763253364261	1.53318137968702
NaN	-2.83751992594276	-1.99543665646252	-2.15650132981628	2.57730526256704	2.03656122434201	-0.50628608525142	2.43544447349991	0.479969584023805	-0.45477389537962	-0.0273865262457766
NaN	-2.30054593433774	-0.536083275088782	-1.6967922118752	2.72659166773749	0.595702212839782	-2.09860306285834	0.579204106613948	0.0554599971643259	1.42514157145489	0.169273587236874
NaN	1.61432385652961	3.35765452100283	0.735969234746869	-0.824558790699569	-0.780922358637226	-1.4753713130062	2.7242876725309	2.89945276259637	0.60736579591995	-0.149344379207286
NaN	-0.626052260978156	0.228473982103216	0.767528052475839	-2.63213675026734	-2.69885574798537	0.309135350787411	2.10104295412942	-0.229355715980884	-2.04594078454204	-3.42799835224189
NaN	2.55422282437453	2.64157389857932	-0.741685741845708	-1.78166284952468	-1.29173296942239	-0.0707520497419377	0.683253827298738	0.859527031826892	-0.693071042613821	-1.38061809635888
NaN	0.388947978656634	1.58490876451289	-1.25580883471926	-1.67576377581464	-0.645201374273152	-0.2208187257411	-1.3921859645071	-0.215903221425135	-1.25430736345024	-1.79029466408244
NaN	1.93999405204619	-0.60284610518271	-1.88299965571002	-1.21337213867128	-0.673838405512437	0.419621882265812	-4.51758316094659	-2.98111410334478	-0.474618291194045	-0.0980833125524627
NaN	-0.827734453100946	0.741779031802176	-2.08717128664971	1.86158523327861	-0.969450848929105	-0.533237352565314	0.154422374629223	-1.57159793156645	-0.282909662012347	3.46002792805408
NaN	-3.89216678491589	-0.739861315690777	-2.08916669749686	-2.22902649253483	0.175610150541008	0.266232747384624	0.710819615675713	-0.0731644798361363	0.428948632155427	2.46138629148406
NaN	-3.32050968105587	-1.34431961060468	-2.43330823703542	-3.32704710967002	1.44690486047969	2.60490266385245	0.863910737964428	-2.05963380972294	1.45137233451422	-0.296389917446771
NaN	-0.782427039894569	-2.00410582240341	-2.77471922665217	1.84697818099431	-1.57637333506336	0.0875418115182945	0.0110854493770104	1.53627794254977	3.51034009017429	0.995427465886438
NaN	-0.67162160736306	3.37949494883277	-0.404359818838377	1.68830101651025	-1.37979970507614	-0.138919194182361	-3.99224984836004	-3.18228886670591	2.09289159206767	1.42840562484431
NaN	-0.530693213057257	1.22972878087866	0.790524748250378	0.0944259985851406	-2.5820013840155	-1.23592240314332	-4.63616425299477	-2.2456107676107	-1.98972471756568	0.766187794681599
NaN	-1.28769419190982	-4.56796390180386	-1.8327297564333	-1.67993073621539	-2.34047251813953	0.590704581133155	-2.59377273720716	-1.61040806404285	-2.39277891410076	0.879319895637697
NaN	-1.95476074340242	-0.894909841036986	0.469005921442116	-0.538328449170594	-3.39456622417793	-0.353672025410861	-3.06784248459771	-0.238528173031539	-0.846264707563418	-0.407542570733085
NaN	0.530947187537896	0.895241965687787	1.04706810329057	-1.74435386405362	-1.95415664598968	1.65663457737981	-1.09810113265597	-1.12006154926168	-0.838788856909852	0.543501985443291
NaN	-1.39529283578532	-1.80232209849324	-1.0888024804688	-2.0214629917802	-2.66661644950418	2.74520739538901	0.182921868918335	-0.526930501747952	-0.8322365820447	1.35903999516184
NaN	0.454725146961034	-0.777931451105016	0.345093870251054	-3.0029981120674	-1.40751440633165	3.97772952891643	2.5771765527335	-1.28893519154901	0.392781832909184	-0.217387505765726
NaN	-0.114444951057652	-0.563572400985613	-0.575134259854694	-2.00552214316045	-0.747700135621612	2.29722073955212	1.18688031315899	1.11878602713502	-0.159791876313937	-0.423642757442677
NaN	0.131601320755555	0.58329700428276	0.0883369551614352	2.12580268076956	1.95829896437015	0.989144471839134	1.92331868008114	1.08388739861777	-0.51920330965034	-0.416120601187204
NaN	-0.227139779963884	1.7723034744988	3.20288438554087	1.9533298988878	1.8816879711125	0.588667395899641	1.7117647442555	1.53614335353381	0.749367738271025	-0.982053832503202
NaN	0.853765754699493	1.19590986252341	3.45080966165715	3.72192103725871	1.89831428962955	-3.25712605833086	0.306306239699691	2.75302205883808	-0.0755835853938954	0.878453239230837
NaN	0.926806633434731	2.98830229338646	4.21342983976349	0.692085167672702	1.22552842791995	-1.6617735448148	-0.681086008973734	1.27218933017764	3.50843069339689	-0.524197421131952
NaN	0.961861195470276	-2.70906049797879	2.23618905417084	-2.93069888881987	2.30578905707882	0.896919098907699	2.04235602478485	0.826644832218751	2.93347704762491	1.52261275072982
NaN	-0.433550876295028	-0.994132291154894	0.160516820074326	-2.42015244321157	1.21562446763506	1.99354303401557	2.93294710522656	0.996292577505852	1.07365095291999	0.545512131443331
NaN	-0.178206582044692	0.869694035023468	0.141091766786314	-0.633398727717668	-3.63309831419906	-0.712642024151619	-0.180762653999782	-1.61583780440961	-2.74687754048371	-2.4971048975605
NaN	2.45874194029975	0.865007364094791	-0.859376413633438	-1.79719633630698	-2.06293146826038	-3.86209624497629	-3.27485579988258	-1.29872605982853	3.27312031263335	-0.246182203441028
NaN	0.549118869376416	-2.07152553366684	0.204622201996312	1.09651440044564	0.813375731928532	-2.80748769302246	-1.58492900976963	1.75523566726755	3.41256140772733	2.2285139031798
NaN	3.95570139278649	2.68318633856935	1.56996420559697	1.33506032355901	4.37768333403882	-2.3188851349033	-0.776196392232162	-0.705470653371678	0.337226064042579	-0.294036429972379
NaN	2.09211045711638	1.35137359457114	-1.30265129990946	-0.63775418357065	0.762555994381435	-0.582578859731781	-0.927166851347159	-2.22639838124707	-0.29059873300606	-2.16486014982221
NaN	0.3588650876361	-1.59857486277905	-1.9584462125217	-0.443677311218604	-2.31791829106433	-2.30363891539677	1.10573244138339	-0.502672085922102	-4.5328679950224	-2.46877926631649
NaN	-1.79760489252872	-0.421407950087128	-2.60899658085892	-0.918713886588397	2.15484939970243	-0.702356118084729	1.4912641895339	-0.101489716895672	-0.684703126072472	-1.01510821403106
NaN	-0.765444516512356	2.2476283914528	0.218894960380107	0.718066302465002	0.866317429717933	-0.122346991925648	-2.70147919914197	2.56051255047674	-2.02768968769698	-1.16570042449082
NaN	-0.642588316119732	1.34911437768387	2.65251302562757	2.38555048685447	1.95849075908989	0.776560822851544	0.657270630955985	2.55196317458865	-0.0226872866786092	-0.161014810191892
NaN	3.66592384040811	1.70442374493541	1.63777259480228	2.55118976134824	2.04218177824952	-2.00952485544103	0.36372785728363	3.13547916015817	0.011831376742193	2.01135901091311
NaN	1.32980759372913	1.93222271965968	1.99329245244656	3.09097415723367	3.73176330097942	-1.33669596385516	1.12341534983152	2.68408604481437	0.882297006160286	1.33968823930954
NaN	-1.46338814229986	1.81152838743699	0.488301814677259	-0.260024612539222	0.866147382090632	1.0896867593495	3.61674911286515	1.54509593899807	0.183815383380999	1.80505738335315
NaN	-0.864577770673618	-2.77018504971752	-2.52920930715077	1.02669728386441	-2.70191473242192	1.49027467764642	3.98722472751896	-0.870973240161958	-1.80361118193837	4.68648687204587
NaN	-0.73293197857785	-5.2111771615062	-3.80428298678529	-1.44041262893035	-3.87632361371513	-0.516194615911662	-0.238741004124936	0.750997445553703	1.4893908869112	2.15556062828056
NaN	-0.474513500509644	-2.09830620351303	-2.27937510735602	-1.89724515419978	0.112255766243719	0.854984840323364	-1.07585566646282	-4.55329322890684	0.334462825526075	-5.53516180752373
NaN	2.64477988134386	1.16865305921775	-1.36469386624736	0.290555119473949	-0.83746771976096	-0.00233018099892046	-0.279696240098671	-2.08567340566602	-3.17847649596651	-2.36027435955913
NaN	1.26282234744139	2.52263265992568	1.82831194089746	1.81779719246423	1.3009156257738	1.10495567818754	2.0729920612127	1.19093609237471	-0.704489997676442	-1.41528878272264
NaN	-0.0529508169708252	2.17306916953858	1.905747489617	-0.380170433914202	2.74162664269318	-0.667679057800748	0.995791056803916	0.376334878494009	-1.10493031331965	-1.23778187372431
NaN	-1.65763567554196	-1.38583040043867	-1.38171191138982	-0.154849668122598	-2.21229131672034	0.348471528229373	-1.10328795527904	-2.03860664137298	-0.722353112268682	2.46746959114477
NaN	-1.01807486816118	-4.12350164127956	-0.840462023506645	2.30869920871773	-1.61078157968006	-0.343382326659144	2.07765684851393	-0.738462668648332	-0.759142920498346	2.84156123925561
NaN	0.721267601618261	3.27941144170889	0.165269135397811	-0.620355316362437	0.156219826885533	4.62502183054885	1.87023636954513	3.21293856676533	0.863995915004811	3.51859854258879
NaN	-1.47566492251402	2.32812536488049	2.83841996529065	2.62183368508647	1.31634279547183	0.0435561309956042	0.429103560994799	1.00060488766245	1.34676730647293	-0.834161794119182
NaN	-1.37335805072382	-0.76488292652289	2.95732002354932	0.181313073623679	-0.805295882100548	1.22107184904064	-1.83590663525245	-2.70580809830416	-0.645814641559602	-0.640028815372405
NaN	0.829403442800509	-5.64783984905486	-0.62347099495085	-1.29100532351254	3.33410191632804	0.122470597318646	2.01738993928588	-1.99886037578648	2.17264115436666	1.1338245209843
NaN	3.47857081313475	1.91889381632679	-0.778032892812247	1.3372729978726	1.96123994520811	-0.924356010676094	1.56437283104131	2.37008086335857	1.01982475623955	-2.66428717160909
NaN	-0.171783106140601	-0.158027752020069	-1.15372540609126	-1.55207816241828	-3.95347588611775	-2.11892681303252	-1.04897443241274	-1.35518268777236	-2.33983767992478	-4.73258175931077
NaN	-3.47976494380576	-2.3524446271716	-1.85205767502711	0.396355104764733	-2.88576970006292	0.340400946342865	1.47955766970586	-0.729576540337672	-1.51075622238339	1.73862281808895
NaN	-2.67035084977113	-3.13482330980438	-1.72051369383649	0.117538511593472	-1.38097839628725	-0.760447801691309	1.68022316042443	-0.542625931938674	4.60584262081513	-0.976211774389687
NaN	-2.49489995751973	-0.672419808608114	-1.18696853057581	-1.0926432401446	-0.234105527383858	0.304000560177431	1.54763437155021	-0.914078967416684	3.0769950301249	-0.354557919407417
NaN	-1.42107164354673	-1.43058145300778	-2.15303298018785	-0.441083062414509	-0.37460163665955	-0.735903801643006	-4.24811342681482	-2.36383442779231	1.64698583917984	-0.761471961243446
