NaN	1.1342129382448	-1.78104052142464	-1.97417293162589	0.355063000142256	-1.43986720462142	-1.65971217459717	-1.40993026099893	-1.79691677055513	-0.832134764510999	-1.56255990768864
NaN	-0.828453094188939	0.347460478439549	0.270513798943766	3.93872818941333	1.69517677600049	-0.650387070854123	-0.90399092417717	3.26233294439975	-0.0827449598594852	0.0922556057690024
NaN	0.176695296006757	2.76459585488169	4.85490215113213	0.372312134543995	1.32970734454841	-1.65428150793415	0.352102592215156	3.67900755823221	3.07604596961613	0.442981582367997
NaN	-0.0103553731031928	0.642444140250306	1.54716366520475	-2.56944029597813	-2.77330704508809	-0.860895933435895	-1.50964835740229	-1.69681616416275	-0.625756099604351	-2.01962895903272
NaN	-1.12200154280618	-3.78912964128039	-2.36174593943615	-0.783165131311044	2.1147119333318	0.410514805549519	0.858932111484401	-4.87182744079521	-4.1060306140921	-2.71769897244563
NaN	-1.66876690261151	-0.993143120068748	-4.1364605035799	0.149994918841784	1.15958318710782	0.103199822982506	-0.873570904523788	-2.42870880867538	-1.80790284744109	-0.975252547104739
NaN	0.746675997919009	1.33551010101869	-1.73058428440418	1.56057960617407	0.0805760707610556	0.636948925226979	1.14520329873808	1.99870686107757	0.519749314732273	0.576899022590077
NaN	2.38949893045179	-0.865550680113772	0.633827768418657	-1.06266309347619	-0.2798917152472	4.55466317834084	2.60688915334562	0.267221657163926	-0.636162977514851	3.60522154510333
NaN	-1.91013496061277	0.719579461123234	-0.510157899211199	-0.599536632033228	3.47578001452904	0.94025262855895	0.242693802151257	-2.63932101964101	1.02799710529321	2.23803307033693
NaN	-0.935957207499471	-1.07433711137479	0.245913946833024	-2.80356406898559	0.4121081479478	-2.43238904718258	-0.727071874281567	-0.660042703474135	2.8349236791347	-2.29611815714008
NaN	-0.633336295424489	1.39654251768851	-0.205925569385965	2.04488136122458	-0.798792434903951	-0.497762862726532	2.02490925599656	2.31651702753419	3.24987021774999	2.87216290862011
NaN	1.69397482183957	4.62129216877449	3.01359432489263	0.30725712845757	-3.72631906609617	1.51630285941187	-1.99936369022438	2.04029283684859	2.28191478489375	4.30403051745175
NaN	0.827159685402031	0.849785500749669	1.25385396906439	-1.87947945212261	-4.3544277283897	-0.0467549735164026	-1.91595089007219	-1.64372919341284	1.39820337182339	2.52994757418453
NaN	-1.35916587558137	0.221661763514683	1.361301550275	2.67088774851847	2.58827686136169	-2.07424877795711	0.322384526681271	1.35078844824525	-1.15581082132357	0.397967271681156
NaN	3.16316396264282	-0.239822232120699	0.277173047714231	-0.0764477893744288	0.409493288145988	-0.692524088259682	-0.0558286212509223	2.22538158863164	-2.76783855354569	-0.773361124244361
NaN	1.83637507846409	0.144425838758588	-0.161751164586917	-0.282923659442538	-1.56084769541399	-0.171439769943592	2.33909412370689	1.29393242843597	-3.18768759195471	-1.48080540681853
NaN	0.423379589150528	-2.31111149396443	-0.416486539274221	-2.48841190908089	-2.67638171650388	1.54503099968165	4.86895068883387	-0.608051041069635	-1.07199431947721	1.81169306950158
NaN	-1.12111038611417	0.621474536647627	2.88953008760678	3.13209100269875	2.19567379589607	2.6125912295258	3.37664864081386	0.277941873204199	1.2774027866465	-0.0863143077314196
NaN	-0.455016408254564	0.119660400514867	0.656523339592022	0.921401655825718	1.85130835819196	4.14881041229526	1.07393371561295	1.11110197430843	-0.739808162841719	-2.84998987425113
NaN	1.49323342094035	-1.29182028539215	1.56207060806201	-1.76315725612602	0.420419347860559	2.99856950883442	-1.97226647446785	3.23824428829906	1.51596238883224	-1.63323046958479
NaN	1.77734047153002	-2.14045347257226	-2.0216663039615	-3.56524934940544	-0.307715211174213	-2.74013409659069	-2.36129463014227	1.33619638173711	1.70866807648583	-0.152035841244803
NaN	-0.531024624936347	-3.20231188162961	-3.27041309969258	-2.72258892012082	-0.123482143687028	-3.26552463290244	-3.04010592130361	-0.257041302422177	3.52909560638628	-0.0514341711738073
NaN	-3.18256046538195	-0.71807408505194	-3.340218405616	-1.26651480003422	-1.82775051726787	0.0647390250193625	-0.515215804915139	-5.55008812371488	-0.805701456456731	-0.96081211144751
NaN	-1.6853251391594	2.55728585421532	1.38061574451373	0.100747683144936	-2.60310177429302	-0.52090266179324	-1.37859756618951	0.710439791857173	-1.62688516116287	-1.73560950458619
NaN	-0.574834115823826	0.971405597395935	1.45216983467936	-0.0177177833587608	0.196032382200135	-1.00629699277446	-0.554517872894791	1.3671645570701	-0.963961824600331	-1.28656490624362
NaN	-1.3589211187436	-2.30868454407154	2.71220194817072	-0.240510341590377	2.52189070610265	-0.334881276892114	-1.57337679371246	-1.77581574755103	-3.70707903182654	-1.58557079227274
NaN	1.3333286853301	-0.54990482654836	-1.04735273041955	-1.36601436348714	2.13006784034329	0.411346428223797	-1.47909502620894	-2.31877725631258	-0.490080137093023	-1.21624515137384
NaN	0.206294454389639	2.77095834834958	-1.18338204429839	0.720969480283688	1.68875707403303	0.733023928116791	-1.0913389564132	-1.24117849050231	-0.299725025808418	-0.493514172385269
NaN	-1.80705121646233	3.0400459095051	1.23266951643166	0.32383081954048	-2.67611449967693	1.08006955094283	1.80812263601879	-3.09064068008478	-0.253155150173164	1.03342719606019
NaN	-1.36971124716793	0.669959189227595	-2.25271730339932	0.176717864826443	-2.52777640546319	-1.20525686274856	2.16118144265035	-1.53091098198981	0.154845514894396	-0.483800178921741
NaN	-0.344644988989831	-3.27172529875631	-3.86654430484492	-0.985884374457859	-1.4257436795098	4.00169374089702	1.81762074194986	0.0581627097165514	1.37270262934	2.2635852758642
NaN	-0.0632194693970656	-0.517472175434206	-0.175646346184143	1.68347001985531	-0.0910440474230195	3.31094018776413	0.603399468819263	-0.89595825383443	-1.56663925139594	1.14714577654223
NaN	-1.17204800858442	0.839517452999466	-0.106079364040019	4.09877556682819	2.4133311199835	-0.0185006002382924	0.0027496081199492	-0.777406339376115	-2.34878582708605	-0.707899843746996
NaN	-0.34934539054308	-0.324551245953004	2.0881233517784	4.36610281452705	1.52423580783409	-3.92121090023864	-3.10999101371518	2.40898005866858	1.79235061030681	-1.22614995041607
NaN	0.633857014814279	-2.03717036225265	1.27613442392143	3.30842400847173	1.99331672696887	-2.67912020954139	0.881131475398588	1.95399331449705	1.77036853458562	-0.840155502658829
NaN	0.297603610997797	-1.13442242940549	1.02127226120354	0.170331901030882	0.240580608159043	-0.755171122123016	1.60626694179636	0.941218794366206	-0.766212090922904	-1.74770611136525
NaN	-0.871615578842275	-1.93037873749335	-1.99992594551252	-2.87873107574693	-2.27826281664564	-2.49594447601067	1.01582706415037	-1.20999805707212	-0.30454044012638	-1.30852425057661
NaN	-0.0790852097224084	3.80424576764167	-1.47755028537051	2.02139853432097	-0.185868996996495	1.44545143769454	-0.194595714160137	-0.0325055965058926	-0.263236251093601	-0.307573897277091
NaN	0.12629353415537	1.90945067488022	0.561941169514049	0.354153870271066	-0.248269765909949	2.16145112392322	3.00641105540888	3.42909220169929	1.06752344247601	5.00973231806867
NaN	0.844102040066731	1.30567755962789	-0.749539094080659	-0.399724737506983	1.56133411144343	-1.14872676867004	1.55072347866058	1.60443250178404	2.20871096016674	0.42790080200019
NaN	0.166642567303416	-0.917487828973065	-1.46243534538572	-1.21147251000547	-1.28694041353658	-3.88575795812743	-3.30673755778826	-3.42659784639294	-1.67303296240081	-2.49335305553303
NaN	0.623394319718003	-0.771091308593215	0.826502500608892	-3.41931243817847	-1.88018073653061	-1.85208555480466	-3.29533767575133	1.05751983717146	-0.314914317294866	1.92699781776361
NaN	3.74780482462099	0.974305961524956	2.01174701553774	1.63058426672207	2.01658577648052	0.18565571807462	-1.01461854943915	2.98677355140524	2.33610073249441	2.07236228095572
NaN	0.751645792022451	-0.793613426632425	1.52452796954422	2.59269216959903	1.26643682913278	-0.643827172807928	-0.600925301419352	-1.02062447579145	1.776146188952	0.600950254611649
NaN	-0.60683416357108	-2.2423922239725	-1.44004090413245	-0.838972917070278	0.681357920512584	0.0226736263471147	0.257359975966408	-1.98316520851443	-0.409008423916587	2.71624025204607
NaN	-1.2145114383072	0.230684404375343	-1.96387018329084	-3.55624724004447	0.635614210888676	2.90143788406411	-1.28259369650114	-0.147245657840071	0.961465558051771	2.6742809180831
NaN	-0.302100745213236	2.95336125072235	3.26062860492188	-1.66712400886781	1.31305852348446	2.52239167375156	0.458120253912339	-0.167422039404348	-0.265160888861504	-0.161953444993621
NaN	-1.27085779570371	3.19200090308652	3.04280911943927	1.23322485218041	-1.54805413005004	-2.4754070057329	0.671891524578841	0.650422261098438	-1.83190625588889	-2.77986744653676
NaN	-0.83074429814143	-0.589962943839072	-0.21743165731884	-1.24581827765769	1.20382236192923	-3.07787897016269	-1.70619317881655	-1.16692569149277	-1.29560219288868	-2.8665064712216
NaN	3.75421047222085	-1.01086415099683	-1.9902624363518	-1.43414715056205	4.77141701257732	-1.20775061865118	-0.485446039538432	1.018286535978	-0.232798673536832	-1.49666112896521
NaN	4.10498515795187	-0.169957142515778	0.73075308594091	1.46466469080255	2.13149058721262	-0.714718459654394	0.0811419372483579	2.57598660272368	0.437674309347958	0.405281596120508
NaN	-0.218100061696378	-1.29727125654503	0.90069568445507	1.51653915322446	1.77099956759889	-0.82134855489949	0.622267643063036	2.43958030163542	0.536558852539221	0.122808494570358
NaN	-1.04617720320562	0.935997892211384	0.284136365757768	1.00767238381001	1.25587281070513	-1.20984005600886	0.340798534740414	-0.60431240796724	-0.836403800095365	-0.00748328003103593
NaN	0.505593840435585	0.711959043480207	-2.37289074308877	-0.724031648987779	-2.56229090273814	-0.191257843521451	1.2925413571392	-3.01634751961486	-0.436899343013964	-1.88835943717954
NaN	1.58045787609969	-0.534948711746927	-1.64726860015233	2.77934276035253	-1.59628830575323	-0.254609282373086	0.482127227837382	-1.05309083231197	1.16891769270476	-0.0953629808410015
NaN	-0.873051847332149	-4.22686342463446	-1.80761326507616	1.20010581599412	-0.837034358831039	3.97571974828487	0.200749613088863	1.73816667946207	0.757139562274999	3.38147591104104
NaN	-1.57809467546122	-3.25887829368708	-4.29859994945238	0.96960378125639	-3.48900737478696	0.847851589273544	1.30988095214219	1.68039476497027	0.325248072050501	2.72930650721214
NaN	-0.31663083506959	-1.43567224365365	0.114094766210788	-0.78120166880439	-1.44860609223176	-2.47139919987363	-0.472926090933964	1.22547262105627	1.05002448110636	0.23134451377136
NaN	3.51768888477672	1.26630744271956	2.37063159628359	0.457739666662678	1.08931405060944	-0.574207617711108	2.63783254372266	-0.224528914771719	0.565176981975464	-1.38626950693595
NaN	0.352126772632296	2.85279818791215	3.08667139328841	0.522640048243498	2.1949561678299	1.64028502381526	2.03615731771832	-2.16863301654388	0.534188128543191	-0.240570750358704
NaN	-3.03313534517008	0.123751642319664	-1.07283495614536	-2.70797299472705	-2.58097047696925	3.42714442977824	0.768762806232551	-4.07902531491416	0.344375901553023	-1.14252658599611
NaN	-2.62539986013819	0.57838344261086	-2.20151220187449	-0.297474205858373	-2.08364273697435	-0.723619088004363	1.34594283261755	0.860764307438655	3.53983478003706	1.38091762977889
NaN	-1.73950594848035	-0.682848021302615	1.9593183791995	3.09852795078927	0.182170209670358	-0.0646407846148503	0.666965069277835	-0.720517997513978	-1.13412513955999	-1.03585498363737
NaN	-1.44142291699682	-0.229313831653441	0.840629142425485	0.550277068664515	2.39908417602508	-0.162125378542594	-1.48164855403492	-1.32697981280322	-4.21835595065676	-1.9223534791535
NaN	0.535244505221858	-1.51415795040885	-1.68425192296255	0.530778584048466	1.22346198123604	1.50838184004368	-1.09497232462812	-1.83778301212744	-4.27728363637301	-3.15842869568161
NaN	0.81361633636251	-0.483346037498511	-1.74467334129176	-2.22801818373078	-1.94888098894149	0.0452318606854477	0.347833884214046	-0.873783191578959	-2.38622962670906	-1.69516103640538
NaN	2.25715557654599	0.362874818682146	0.271267341741854	-2.07483614888362	-1.55190979262233	0.378361759690763	-1.88482873795815	0.556466342430484	-0.617228741424565	1.29919604337165
NaN	2.42453853488991	0.646124691118924	0.370968082675212	-0.865994779882154	-1.05943200832457	2.68140233679493	-0.995755090676475	-0.276498000708936	-0.224530730780505	1.53682113293521
NaN	0.855282010331985	1.21449999774946	3.11987363238136	-0.912084142094412	-0.0716726657385981	4.08376405485909	1.06592233846775	3.45892058857471	0.733507205802847	0.934477604336959
NaN	-2.26721790645285	-1.17144902869717	4.01469842219371	-0.0415366145843057	0.106555616871186	2.81300031231025	1.12558776020128	3.96012557585068	2.89670098131421	3.13451822590754
NaN	-0.87077889957302	-0.265454090736731	0.674171527081253	-1.71953859550537	0.419253686751799	2.39286314340164	-0.450372766761024	2.57426308801909	0.0533250508448416	2.5113676295152
NaN	2.14080522293635	1.72608532979183	-0.770007390777279	-2.62731549472099	-2.36287966689557	-1.09416209633503	-1.38908828264059	2.60308165885985	1.74162314910889	2.18350341220923
NaN	-2.98886276634623	-0.159014116875426	-0.994754822933221	-0.739275451845146	-3.47512772139303	-4.50217435346649	-3.34578213435183	-1.95733991324082	-0.480821362276457	-0.750704929744946
NaN	-2.89672975643576	-0.564954667565635	-0.337154419815346	-0.631038588359822	-2.76722245169852	-6.20875342503385	-2.28017915865017	-4.93589766958738	-1.77738048738594	-3.06657668914232
NaN	0.724086797534238	2.14955032910246	2.7694029720354	0.717016173779635	-0.0217744338707118	-1.28575338911309	-0.411706869970486	-0.85574073267269	-3.39140097990763	-2.34390217542899
NaN	-1.57746955640132	-0.0539985669041935	-0.444148027787388	-1.49760914699841	-0.934074653592538	-0.853404393128543	0.845955900672355	-1.68099385003885	-2.11606858155296	2.67756678687411
NaN	-2.15007736943748	-0.999569249195704	-2.24012794605599	-1.6917101826999	-2.41909186043696	-0.829315204663323	-2.77442581981254	-1.74224544850961	-1.81125688659949	1.34194064092391
NaN	-0.61670498506048	-0.000882399051087501	3.12002918481811	0.594127984629655	0.234567264548087	1.84549592402376	-0.511712848603212	0.22291871066265	0.738133600243453	-1.99729705616678
NaN	-1.25116361109464	2.13384477704406	3.38102471046581	0.744606690419092	4.058769821208	3.69094927957637	1.06980738884621	1.83261112839694	0.725977106352384	0.293770416592611
NaN	1.31123759982422	-1.27287142763706	1.59118462712802	0.902079581325489	3.37823036578074	-0.639559428031562	-0.669452096408758	0.220695764224656	3.02005389363412	-0.981962193799653
NaN	1.4028692389419	1.31203027131202	-1.83723027803766	1.77957530185276	2.46702357744437	-5.91503057675642	0.314977712049056	-2.794909287559	3.52463061549644	-1.56266625126157
NaN	2.44197387203396	-1.45075706564324	1.24193385069469	1.83958580026007	0.511238954509336	-2.40445498747844	-0.937672569704975	1.14040103756188	3.87923366894029	0.366342752070813
NaN	1.67461901669607	3.00245300941554	1.73918330810918	0.887760630744956	0.428971303738425	0.170641534508155	-1.11530818439203	0.133567068233313	2.34049875940952	2.56886422678988
NaN	-0.472090437321006	2.87046330550345	1.7070104482846	1.03964547943612	2.47005430623038	3.99993334816068	3.99610515530121	2.92266605250402	1.69670982472255	2.09934444488584
NaN	-0.369527038465252	0.40697339990531	-0.443953110419594	1.79930638049378	1.25527767243354	2.50746713848314	4.19381174843781	3.00740634559612	1.08894641973135	-2.72758382082166
NaN	-1.5298056738126	0.0537909117355211	0.0294606852169952	2.10129436538302	-0.395685305604994	2.77265473158992	0.763090952173086	0.565341946865997	-2.86635745549089	-0.420320911977428
NaN	-1.69635928487785	0.0190386829083727	0.424418540433663	-1.36185692045505	-2.09162034840066	1.8797824556417	-0.764695718617999	0.371824233194924	-1.24492337923182	1.03060865641917
NaN	-0.860375800263025	-2.24960398925216	-3.47872113073984	-1.99570958511604	-1.59777712610682	-3.64863216809148	-1.46413085851297	-1.52876713202085	-3.79275264328977	-5.29854122674361
NaN	-1.01311898272453	-1.99768507846276	-5.8855336606728	-1.67021831184007	2.73908752154576	-3.30392815555189	-0.511597946064656	-3.6674805607507	-3.10829290022425	-8.44983955039593
NaN	-0.263111595108164	-1.83471096270983	-1.76459636888202	2.29930012951067	2.81644761057175	0.42052078275955	1.4894987497131	-0.327076715535916	-2.48535400668873	-3.04814012456029
NaN	-1.44172571852146	-0.43318824072059	2.7442803308965	2.04553120896398	0.701388104484319	-1.31697634667166	-1.51538484839494	1.23027008850784	-0.996856406244575	2.88850530886177
NaN	-0.186960089631778	0.696376289035966	1.52188427887467	1.06980952239214	-0.89182979994562	1.70327879987178	-1.62117830311184	0.0920272069851457	1.52693567036691	0.372596797598199
NaN	1.54875312501484	0.220124311498309	1.37785309999799	1.4397852644639	-1.34452168850126	-1.84267886978372	2.76195248493976	3.10456557433479	0.991195901189436	0.561828534188938
NaN	0.535703825647783	1.55639930835344	-0.476557520875322	-0.147977928129635	2.57946903097557	0.641701729324926	4.25396046251029	0.356517540062183	2.13116449998433	0.375313717924074
NaN	0.403642020145828	-1.29965355004415	-3.55213101387615	0.105352635349254	-1.44330539796656	2.57293259658563	-0.0544212114919458	-3.96190028945799	2.59364132587481	1.98588478613123
NaN	-0.214068803219132	0.0126878293386818	-2.88008655425669	-0.741571444492928	-3.87420897571283	0.0188451264503621	2.88498686849323	-0.173494854991044	2.60540605106507	1.65765425208789
NaN	-0.450158312593492	-1.393425165797	-1.77836582598484	-2.53644185698749	-2.0268460180358	-0.703454838032518	1.40895904506336	1.41259529824788	0.469763486662462	1.21980711957741
NaN	1.38109384533157	0.711332120695562	-2.45031493578912	2.6346585112967	-0.41688289860147	-1.22421400957027	-1.52844079227569	-1.20906944338021	0.0403175353603125	-0.986488287798694
NaN	0.273183226053203	-1.16640877805478	-2.67576807697786	2.62881795084271	1.28272138997107	-0.508350123392945	-3.19700043947873	-2.17942166021654	0.840737145883225	2.24537298574285
NaN	0.497211593531454	-1.02465892710875	-1.26903032460673	-1.9971122434306	3.06226898615133	-1.17329221540547	-2.12995777724187	0.565880315815339	1.59841239097904	0.536576799164056
NaN	-0.318180570811103	-1.67451131480674	-2.9880356186286	-2.63745251311172	2.19728865297397	-0.0626703629833562	-0.400310766918121	-0.407891138721624	0.998206896989084	-0.199084956005643
NaN	0.603500340720028	-3.41410435679569	0.239061189286454	-2.36438074894246	0.0888931960832257	0.00513112391460904	-2.26416003404795	0.0925483053496214	0.116607500808193	-0.984744187027194
NaN	0.886245284386847	-0.254596199358365	-1.95602214042087	-2.37424007563191	-2.66045751047217	-0.721858551577977	-0.819887417699909	-0.626240003680612	-2.28148968125123	-0.454168522592441
NaN	1.23095436368532	0.751972213101095	0.9313852035483	-2.23735739491883	-2.16608768649354	0.970257981336376	0.363702769675809	0.87551582679288	-1.75871632824516	0.151129867345337
NaN	0.863769528419797	2.36548061491383	2.17916875051315	0.0310608337641922	-0.720595410548353	4.81464108850848	2.32649194724088	1.36380840014421	-0.0266201487601938	3.26617317356831
NaN	0.428957015833558	-0.608326065380499	-0.203962261257795	-0.099211535197659	-0.423232427671706	4.40543780633723	2.32432014490761	2.81580272450732	-2.21378042900967	0.926000066456157
NaN	2.24644436041234	-0.759286850337074	2.51138312309779	0.257896892620668	-1.87151082774821	-2.5686202826427	1.44190824159729	-0.208197176178036	-2.08875002008635	-1.47688487567166
NaN	4.23448020117183	2.56171584483566	2.98579544228192	1.66077302129113	1.76664523696132	-3.1232379393212	3.02739289571521	1.933251330458	-1.53445404669434	-0.905361717179172
NaN	3.14397654016926	3.14317296754686	2.63889897994312	2.94797429235671	2.99353399306171	-0.985825161459156	1.94531305804754	2.72680097667925	-0.295592657679473	0.413744568356316
NaN	-0.572142071390604	1.14177687577871	-0.0950252344685379	2.28624247160914	-0.0686397323927432	-0.647509680303348	-0.477433846408831	0.511957309075379	2.23548880264247	2.42207663039803
NaN	-1.55824391552856	-2.4701641630343	2.07296554424199	-0.00852745298362272	-2.69803642568861	-0.168133726806579	-2.85688631169052	-3.89721515654663	-2.59736619498378	-1.70165503117789
NaN	-0.491169216445543	0.15314930161594	-0.443190113592013	-1.61453601419499	3.08576131260686	-0.99723732256431	-3.50305834942335	-2.36443338765105	-2.34076177270706	-1.53786010414417
NaN	-0.909622663891512	0.582711940580598	-1.78703727594201	-0.897573746476352	0.455616080143596	2.25970437529851	-0.972085170520183	-1.87330620099002	0.0178141604758088	3.50622898910192
NaN	-0.682369697210923	-0.1339927819949	1.08324116381325	-1.40422264541718	0.0205468850773501	1.05599735394668	-0.82206307571311	-0.12739508829352	-1.77513126505646	0.458774787829051
NaN	-0.771338175969325	0.0724916754011007	1.94648866202525	-0.820667396333737	-0.940542962110098	-1.21351200018868	-1.53817973843861	-0.318115252529237	-1.59172022469238	-1.91438838695913
NaN	-0.846499616188621	-0.386641597359105	0.130810578537328	-0.572209726613808	-0.991824357795638	-0.0231582102578696	-0.428336916918562	-0.794935818959672	-2.09531072161396	-0.840015114467916
NaN	-1.78661963449243	-0.297812470489632	-1.87884198900373	-1.08749696399071	-1.01170437856496	-0.758212135040681	1.26479865927275	0.850820552961908	-1.20351979733949	1.88605904928103
NaN	-0.103006896045538	-1.21451688233685	1.41341121323824	-0.492287047138116	-0.439401575402418	0.714258791960879	-0.891912988684173	1.50709575077192	1.20335913193987	1.29246205969411
NaN	2.11908882407568	0.690086731547598	2.51214877945807	-1.13369644204334	2.56865478495172	0.241463935529155	-1.46152593585525	2.82995639307511	3.26807355905405	2.19486778181146
NaN	-0.0329637814139227	3.06510421778075	2.95278155950883	0.867459235525406	-0.26879910673902	0.156380843968614	2.46661461215315	-0.779488493598634	4.45420267307146	2.09066930852041
NaN	-2.2324955829947	1.99408135966712	2.58401109521831	5.34036823908215	2.73622596132903	4.49504391244234	2.90881078222888	-0.59327996166714	1.48212761716961	2.44449125307983
NaN	0.645626244607455	0.13437572669031	-0.119928881964697	3.55834244148819	1.05538188486824	2.83409404992114	-1.91921731479504	0.703068987928822	0.0286293826276536	3.50679399505703
NaN	-0.146617293871764	0.705072281150787	0.533871274226438	-2.59412490717945	-1.76205338126807	-1.8109514413742	-2.59819968072733	-0.149946847863911	-1.13800276778643	-1.26935864777641
NaN	-1.88599576157717	-0.920066499360464	0.80466318927693	-1.32631199238665	-3.46063617744801	-0.372263091961849	-0.795565938928591	4.24846783981622	2.96892167733832	0.411428873438277
NaN	-1.12808319936686	0.0967505837808712	2.32197284156126	0.815178892292906	1.96579002729868	-1.40974322309471	-2.05982146915943	0.913397094933647	2.57895556545126	-1.16608374369626
NaN	-1.60536662654475	-1.07208972215518	2.62628308631574	0.369202678895871	0.805336546145663	-1.04261452155423	-0.755389248557682	-0.802015294091918	-0.430028423787971	-5.21337683291269
NaN	0.133554244932409	-2.54166466413088	3.19798400530114	1.25440973626631	2.48219283806477	-0.470950788276065	2.12446243700719	0.243487954426328	-0.77608038665661	-4.22043800191146
NaN	-0.150680155919346	0.780636053609752	0.986942372607399	0.0589369481738133	1.24097561088667	-0.839850617215826	3.22048645746264	0.730108154773464	2.80237507004501	-0.248066363056492
NaN	-1.91238491594762	1.73379750711039	1.46046602330568	0.954154237408106	-0.600592269038496	0.434400028229378	4.31755699280238	0.240853423442796	4.03311761106714	1.37234165250622
NaN	1.89076864595022	1.46182061154357	-0.315877094281332	0.467074621097728	-0.680312063935399	2.82868284093208	2.14971177197309	-0.622603779054388	-1.83643125211323	4.88041289071564
NaN	-0.430280443874919	-2.99121467500603	-2.3212096086261	0.493430424052793	2.48228159057224	2.85757226352327	-2.31743720596173	-2.91030251511175	-1.18343754431567	-0.538466376719
NaN	-0.148663364340739	-1.09561429872984	-4.0628636566824	-2.24523191031523	-0.115980675888087	-2.78803069884748	-1.90396809009869	-1.1978263968105	-1.01868619975397	-0.261375008717065
NaN	0.315833607143818	-0.360204668834436	-7.24132521883631	-1.08486647144446	-0.579156219768021	-3.38381909769434	-2.23345126889802	0.458876132725087	-0.910831260363646	-0.771190787478845
NaN	0.474537614054262	-0.650251386736258	-4.2510288365126	-2.73712255461928	0.28892068340662	0.931600733432392	-2.63282624423771	-3.32529687022536	-3.84574814699041	-4.84618721950589
NaN	1.44664467211573	-0.521132962988982	-2.34118064447006	-1.58748000720127	0.695939447444897	-1.65455273989846	3.16462884415308	0.32712493898	-0.735885740314782	-6.65102007502934
NaN	1.92034745141451	0.0628644510221143	-2.19475494348537	1.3537374546279	-1.74839511094383	0.651489455959472	1.38530347835133	-1.72725902796662	-1.10207045179671	-0.428466656961783
NaN	-0.649295021184712	0.0462400926475868	-4.22264816362495	-0.916732051692466	-0.74541239847742	2.8285072701704	-0.185414866919682	-1.48816177250812	-1.1896625106326	1.63486811981386
NaN	2.43249913509234	0.969318970864456	-0.47192527525188	-0.579246005691665	0.508747346511192	0.608668976023077	-1.47198825060101	0.024573574063619	3.93103423810454	1.95684877640053
NaN	1.81028683365541	3.11901722098237	2.70302938857959	1.47053326868192	-0.56168485353328	-0.747771787548559	-1.32174312217699	1.11753871612374	5.26450722728615	2.85867172203359
NaN	0.696359021667405	-0.534396781318199	3.31114641701728	0.523798092908128	-2.35955477818242	-4.43899026875769	-0.40286296593468	0.262265875047802	1.6009515888183	1.96071975023134
NaN	0.0346952648788772	-0.179438697376043	-0.907934554417202	0.6966394547827	-2.37880752502249	-2.58002946105715	2.22275450654857	-0.630542350814254	-2.4252544832657	-2.65185498943807
NaN	-3.6751921525858	0.471027741322912	-1.19901058376227	0.0288379345970683	-3.69860686021489	-3.08443173166014	-0.968956084809747	-3.62969779287889	-2.11083942508225	-6.48794038792238
NaN	-1.58135590235274	-0.544395611816775	-0.24670279773625	-0.0289765293527311	-2.01404496804071	-0.806780059009209	-1.6986409962118	-0.806390882039226	-3.31774064499248	2.53241153672721
NaN	0.319494943566211	2.42235161537739	2.77916683711733	1.99695293721633	0.457192636050008	-1.31466517750073	-0.914209854458121	1.63720918583996	-0.132543807342039	1.45081836446865
NaN	-0.925584682684544	0.269040043908192	1.32029123937831	-0.661868456427756	0.90956675614642	2.37973144121333	1.34595034982694	0.59642565082421	-1.14624039839786	0.780986394210565
NaN	-1.61227230031859	-0.955287086566481	-1.92587572111268	-2.48905060071719	-2.43098097119182	3.72359841146895	1.25133096048036	-1.89995545692777	-1.90558134330035	-0.654667246895849
NaN	-1.62682991951097	-2.90520815755439	-4.23608030634093	-0.96608777012752	-1.34404944870118	-2.54647894313197	0.820942854043067	-1.50589505991373	-0.551732765152484	-3.26240196380692
NaN	2.36022196429527	-2.67164944141234	-3.09360514394397	-1.70582979166396	-1.1472253906885	0.267603680863652	0.629699650919276	1.2111829567019	-1.72768802865043	-1.29862031908558
NaN	-1.09638709895364	-2.30938157957067	-1.00885837562443	1.50604233884441	0.192736756210936	0.588150553481789	4.83808181207318	1.85312963317802	0.432088808073629	0.237919831061616
NaN	-1.00870150654433	-1.41681922959003	-1.551219175539	-0.284652536291748	2.19103127913806	-0.963849606806713	2.13974989816957	0.883048582996291	-0.284747942281812	-1.59028470178991
NaN	-1.61923061764266	-0.62341015424941	-0.40765778303119	0.882125083060249	3.30380285530572	1.42440361478871	-0.779175468317979	-0.333658775548588	1.14842783808196	4.15310107408758
NaN	-0.155351058890068	1.64093374978266	-0.600546486949638	0.175374998109476	2.87053216323584	0.526651150638302	-1.5611066319903	0.61983060923401	0.662591071903881	0.973540880415476
NaN	-1.51520903534602	-1.76744670042413	-0.846223129768967	-1.05696345366088	0.670197149272005	0.00706504848105879	-2.37750029651813	-1.95457242336116	0.240021134832203	2.21675703013178
NaN	-0.646440625311135	-2.97542662994066	1.26846926080321	2.46491196717809	0.111586416449048	-0.564405972812671	-0.553255556159926	1.36257785771229	2.4917516854457	0.548205998861649
NaN	-1.01946175265673	0.652284982213675	1.18300923719148	1.18853775670886	3.93533595711386	-2.33798727983865	-0.945688113093649	1.94727731032776	0.656639119730805	-5.02994070465934
NaN	0.593628901611589	2.42687486961891	2.37998969608504	0.674723627531908	-0.0412499732786759	0.0223114017035163	-1.07357794297873	2.07211769079897	0.440058447375614	-0.276920852480737
NaN	1.07023786845182	3.24094126306867	5.08850190326337	1.81633925225542	0.748441182673702	0.909051587821276	-1.20333645011739	2.53063235262633	2.48445501299307	0.572322808941513
NaN	1.83681788945979	3.02320914750115	2.32853570938959	1.01981836807107	-0.297754667468481	0.635261177492841	-0.60847433931509	0.508890585595649	3.45311652355556	4.31476059201817
NaN	2.26967420976534	0.323088317056871	1.23870598297064	1.03723228662284	2.56095146443174	1.24619911676044	-1.12278325154638	-0.41220543590735	1.04888998339316	4.62373820939584
NaN	-0.370141271857909	-1.47864307561494	-0.642342535962849	3.07533134050659	2.7059565214233	2.38965565783566	1.0353601029551	0.951212906348547	-3.1657719610286	0.731873434080782
NaN	-0.70721647034179	-0.845509403792736	-0.359853452038077	0.536314939992633	-2.40394784457696	-2.27443523744316	0.991252202921019	0.751020595524169	-2.46954514164475	-5.95113077643863
NaN	0.678403208586527	-0.19709966427741	0.230135864205755	-3.89343428700413	-1.44467938653882	-1.36906374280439	1.82098294527971	-1.30825011612111	-2.00147721703598	-0.497842616683351
NaN	0.158570786886976	-0.563883337399622	3.0699636979844	-3.0362139170358	-2.3682286481691	2.92016479769009	-1.56655872303341	0.576990029431812	-1.75737935781418	4.60168931453127
NaN	1.20968557032559	-0.469344562775075	1.23411372389347	-0.21158679561635	0.525461391704241	2.84448299683959	3.10780339879226	0.707067076329892	2.35380946127869	1.12218032674762
NaN	2.32390186525599	3.11795263016232	4.22442350607384	0.0497005852437994	-0.244136863599611	2.51295353823665	0.909472696779658	0.00546882740446175	1.19764408246722	-1.92867058689224
NaN	1.54284048573847	3.51730166367396	2.99166141385511	1.69230198767319	-0.29290893285213	-1.65163139579262	0.903038409498	0.121099880894479	1.74303069263866	-0.868474994829233
NaN	-1.16463784055949	2.19874877013595	3.58369566567947	0.677401293504559	-0.789766408323113	-3.15295107057264	-0.371027704957497	-2.96406241833759	0.487076977056272	-1.1832847665823
NaN	-1.75538600233187	-0.0539878895531167	-0.148103395393072	-2.05425879753663	-2.11753539878792	3.65051521828914	2.33268392295464	1.42029603745345	3.63559148980317	2.17945398551713
NaN	-0.326898983416071	-0.441313887587564	-0.278303179975343	0.634954588122989	1.47170527310753	3.03335248930906	0.582563795281141	1.08669048224323	-0.511700314329305	1.23275858601597
NaN	0.69125651106307	-2.23393919972212	-1.03805841976506	2.19698104099584	0.724096688192791	0.0806704327724271	-0.173276015396203	-2.6439977155215	-2.76981085311327	-1.95137178210845
NaN	-2.54738780441249	0.446724253686215	-0.0645964347526609	3.39702355996815	0.741216567402429	0.6701017863133	0.064184045238188	1.18976952659921	-1.5862145491788	0.244143535299283
NaN	1.29924349152409	-2.88092064494158	2.57248848313894	-0.377036150831189	-1.57232411106522	0.823855049876637	-0.693612781710161	1.01958030183608	-0.277622702323263	1.43157057512539
NaN	-0.554228432734069	-1.74218019701903	1.14555775361198	-0.961807217576497	0.0148231185893109	-0.23677594281197	0.708132429236518	0.0860815255943316	0.754415127529277	-1.34381431279809
NaN	-0.0744357385501089	-1.90319566918562	-0.100239408015444	-2.17815227313403	0.075989662988994	-3.97299544134483	-2.38823715722605	1.75716407460637	-1.10548888612701	-3.30568572686711
NaN	-0.547271705904414	-1.45167424844254	-1.09157643349311	-3.77475670824208	-1.83531818371939	-5.97556112584555	1.49350851090998	2.84495054092652	-1.41437074819829	-3.48645500124332
NaN	1.61015386459612	-0.28510075632791	-1.36402323876432	-0.374979948574349	0.619764171737073	1.67325138449677	0.663135678131064	0.508299054347945	0.240088670837637	2.01852419228038
NaN	-0.979943820767902	-0.128115946791127	-1.71287991275335	-0.640346417901675	-0.138866603353117	2.87714710971491	-1.4920618708147	-2.38994094071879	0.127746288555813	2.62557103903802
NaN	-0.692970028037969	0.774613758294501	-3.01092497947825	-0.923994973551644	-0.893984788870528	-2.84370035698115	-0.0082616639707907	-2.1948465267458	-0.518504138321509	1.13060785738453
NaN	0.364353185970396	-0.483941404947324	-5.89069661089795	-3.72823238738021	-0.519112773707879	-5.13944184112595	-2.21512801137615	-5.31679834987205	-1.6845697775725	1.60768635975059
NaN	1.34886464967917	-3.01089402488109	-4.3883160955813	-1.05219432685911	-2.12087031286624	-2.4282820310108	-4.30154386650843	-1.37363398284647	0.911826128172623	-2.14608445756863
NaN	0.125181266694062	-0.235588925195219	-2.83529006517908	0.495891592523172	2.14751252817416	1.76471918136822	-3.53759463946991	2.66836971787136	-0.600129073830555	-2.83326517710774
NaN	-0.966376830630765	0.677558619410761	-3.1701348276613	-0.455986844774552	-1.5490301670859	-2.00545701724266	-1.70997965138447	1.38117914234641	-0.879667296076731	-1.76479919288638
NaN	0.195098362321085	1.29158185459456	-2.05323934769088	1.14509666472606	1.10017000530151	-1.6503236870315	-0.95667076430443	-2.45026632599698	-2.03785132607691	0.268985992313924
NaN	-1.33185539187715	0.679056113253499	-1.3857830633764	-2.54579973119181	2.68814201039925	0.904783676891794	1.23785827211934	-2.9913135294723	-1.62612253485635	1.46692549113536
NaN	0.0303304813670207	-2.53132092128846	-1.60838388864892	1.56595913754954	-0.859112975819433	0.85989429684828	0.30400737164343	-1.62222246395479	-0.995612532904007	-0.799021358128766
NaN	1.86706438986651	0.322430672086033	-0.0515822534631499	0.732620527129219	1.12367366912002	-0.0383447582242115	-0.616339145924701	-2.14435763612188	-1.44455883550807	-1.3709304257661
NaN	1.92388487491591	-0.358946446576318	0.290855893221011	0.356353962910999	3.42959141841368	1.10231834673068	1.02773897969095	2.78541284030637	-0.289429472424025	-0.972659760921723
NaN	-1.6799736146274	-0.071990206087141	0.914700135354963	-0.56288293521275	-0.195477345318953	0.184384195697519	3.73150013135732	1.34086779981794	1.12090889705702	0.411167111959446
NaN	-0.790725689130544	0.102013440583434	1.55573455909514	-1.78452981343205	-2.77599010619694	0.634911536974362	1.47183202569983	2.55507749435191	1.40517969672299	-0.461716678021986
NaN	-0.310797458854883	1.2116680282657	1.27092963431837	0.848791303898881	-2.60467093034675	-0.586907605635931	0.862073078463847	-2.07607375749454	0.140698934194041	0.0698361716914405
NaN	1.39429759414576	-0.334838383495665	0.822640513917579	-0.58859794233641	0.762202949972153	0.633656584165778	1.27806554590462	1.31648664199907	1.61146667150354	1.82956096167585
NaN	0.0192992743698827	1.54727930979381	-0.64319491973924	-0.870184840535184	-0.196730235230425	1.8404813374592	-0.848273758135506	2.55067051418944	2.95756727703037	3.10415929276956
NaN	-0.533737951331714	1.08094245353782	0.89824369055302	0.131440115995045	-0.0872327570023943	0.832091895023443	-0.596409781464849	-1.56447856760817	3.77627018245811	1.40785776215753
NaN	-1.13530423187217	-0.280816527132499	1.14079957994581	0.110615510751875	1.99400618458657	-1.60538792123973	1.12733634376997	-0.725931038402253	0.558964989322522	0.487041586968321
NaN	0.578789514457297	1.16670237640483	1.36296613803064	5.22436286967501	-0.742397347143138	1.59228961144896	2.80482660588019	1.45679318044541	-0.983484457835391	0.651509724256513
NaN	0.890691587888305	3.02772461767689	1.87021565594174	1.6581775916115	0.284378941275358	2.57876303330899	-0.100807080327422	-1.43851327923736	-0.589559751179295	1.83214868168147
NaN	-1.48319115857634	3.08404290772111	2.47502404938782	0.385883811682236	-1.90565038622108	2.06314935044223	-1.67929326124986	-0.855273585599173	0.438240116762864	0.410795958138349
NaN	0.974385558000011	0.857750887647283	1.32156943084754	-0.0970884485938307	-3.79005999960099	-0.502318748003911	-0.986924773981941	-0.252875910157961	0.345221039319314	-2.07933171069909
NaN	-1.21412246514068	-1.06713646920979	-1.46839221124825	-2.1628173554921	-0.108243342412765	0.267930805297258	-2.5157469686276	1.71774325833262	0.660211644455484	0.639636347947241
NaN	2.99349860818128	-0.495168331392989	0.3613863503358	1.32455424472084	3.248203079967	0.593542166906145	-0.939113934355031	1.59862002069619	-1.94833434271981	-0.0331675969723337
