NaN	-0.994069256454863	-0.266103096059708	1.57916166890099	-1.87007796795909	-1.38430758425358	-1.17149247865116	-1.79645042732856	-0.708910730091841	-2.17957135898924	-1.45765079164015
NaN	-0.753131993924676	-0.251553861477016	2.47161168430399	1.70597504503982	1.21777354680876	-1.41641607143013	-0.382351386839337	2.11232204911464	1.68312147509799	1.32307731316656
NaN	0.292735847336208	-0.504202584924013	-2.44245058728518	-1.56839386229611	-0.0625508285274355	-0.0909052126748776	-0.542259885833622	-2.12413405867453	2.15815229629636	1.28589321989185
NaN	-0.927974613859563	1.09133389768534	-0.325532535784609	-0.311810813096848	-1.66806086070399	0.24324253377276	-0.246990627589897	-0.737423343980635	2.05057572013314	1.18834041612102
NaN	0.165267272394262	2.5714013907916	2.35652371769199	1.83645345817082	0.547665611982988	1.04819819412731	0.654977003019572	1.04539006025696	2.37739073827517	1.40961005283524
NaN	2.36106447374269	2.99387381353458	1.18646334354078	2.06262897942162	-0.199065533742602	0.466153015229708	-0.810079591287601	1.36401351755198	-0.152957298902555	1.00138376235648
NaN	4.4710180483708	4.51976049943435	0.0590018313260791	-0.091439892954423	1.68057831819202	-0.109366866204229	0.318801737432201	1.57004139164695	-1.63413319034804	-0.53477219064074
NaN	1.3649979119805	-0.688400630739124	-3.63093288881026	-1.3667026905798	-0.35841358331153	-0.359056607475217	0.162607706413527	1.20639282806494	-2.2692610134598	-3.60635655810112
NaN	-2.43535830764693	-3.08112835701304	-3.4172952324393	-1.67204481746445	-1.1821052638309	0.231415619265392	-0.41327638327765	0.268088802514865	1.28118977237619	-1.16365682282511
NaN	-2.64933852703527	-3.29871501804866	-0.0602668381167297	0.471637683183542	0.0307909017579623	3.52501389247255	2.88258219221217	0.905116444035288	-0.746278637085879	0.743450710947236
NaN	-0.861257878588116	-3.57514365346556	1.15769201923298	2.69846345992724	2.80989196630786	2.03834394552722	0.302946603927078	-1.44704273834495	-1.17142697193752	-0.173423322780945
NaN	-1.56939825150922	-4.4155709193866	1.10919338761069	2.07670934610214	1.47519920566207	-2.91629913347067	-0.452548858816963	-0.0358195676889606	-2.50574190015824	-2.13432567090799
NaN	-1.48264117873508	-1.23137184217935	1.99569410794289	-0.120569569414237	-0.457280511214041	-1.86032031690394	0.811034422579514	-0.989379056102889	-1.42645002809067	1.09628011370907
NaN	-0.109810399070594	-1.58017774047698	-0.196147332820796	-1.9012862302772	-1.53928101992545	5.99972433224252	2.19443280508668	-0.946627449603166	-0.288245270592886	2.13601302138912
NaN	1.70149855102392	1.16088807541875	2.71426493484764	1.18016149620135	0.61925166608358	2.62140196883176	1.83018090227898	1.50352468842888	1.59145105234892	-1.07891570593968
NaN	0.361361830102237	-0.263496318576994	-0.750179841642832	0.674100931273061	-1.36551651744139	-1.3778354757441	-0.603462024798182	-2.73812901232246	-0.961278370162528	-4.00080766076347
NaN	-1.53921056533402	0.277117153178625	-4.22040462715047	0.0626432796718551	-0.406445388569548	-2.67705786689447	-2.3005009279076	-3.46701123611209	-1.35937588219514	-2.65139583367205
NaN	0.590288925925183	4.14882773596481	0.858303068410636	-0.943796694846074	1.37912633642171	-0.225912061061481	-0.513086863014442	-0.334965422422826	-2.4952675135192	-1.1971920213058
NaN	3.47996199603295	4.0307324654629	0.317443657781423	-1.23864365575039	-0.0298922348073432	-1.2708610512141	-0.427990865794562	-1.36661406068656	-1.01982325015211	-1.26845139532453
NaN	1.3228000530028	-0.580614617982755	-1.14154990984335	1.54952808318011	1.02624776222687	-1.23941464940523	-1.45810110965175	-2.00977891288553	-1.00072240751567	1.85186809049521
NaN	-0.0982345799818278	-1.29650364988815	0.84906651666118	-0.660999686281914	-0.674019675058878	-2.3790635074752	-0.796258222331247	0.81866755410513	-2.53029588704623	-1.32934636360183
NaN	-2.36031181104792	-1.56445431568156	-3.82637377097488	-2.58023950426963	-2.81329547723008	-0.939951343314476	0.501617348844122	2.37917422305145	0.580766393504485	4.60557695558977
NaN	-0.40292513955726	-0.482923442285475	-0.490263737411259	-1.8923516158132	-2.3292935470017	3.13690357283237	0.916936126335661	-0.118897178767812	0.926993404400594	1.65809149955776
NaN	-1.13221653071881	-1.43357650340078	2.59962696367974	0.892411118582353	1.89395293242268	-1.23843019200317	3.26625610143123	0.0582690290059004	2.53659981740408	2.08967160626606
NaN	-0.389975504606323	-1.68104344919957	-0.0799688897388898	-0.510393405697652	1.39949059453738	-2.90038014410867	3.22209112417492	0.859972220739133	2.08833296925513	2.56425500702391
NaN	0.499646911723668	-1.43739965435867	-3.35209945584381	-1.19547817711921	-1.42406095550809	-0.757632511295871	0.126360668643775	-0.175107113005665	1.60899646565151	0.997750806743242
NaN	0.392038154617528	-0.0627306024830076	-1.8935775264338	-1.74320717399446	-1.67275939662568	-0.183763344086274	-0.522343370856043	0.315949397040628	0.289727787758253	-2.21692257497681
NaN	-0.614297224873707	0.623942969302577	-1.04906181404399	-1.54718245293822	1.25256008999822	-0.925799380270256	1.61132696329855	0.463802776306394	3.05644577932098	1.09933794707139
NaN	-1.07052476163254	-0.86717075314351	2.20046160561496	0.488038783434285	-0.362742275179893	-1.1268934974019	-1.33718885362438	1.95333886494512	1.75467493052825	-0.545676448802204
NaN	-0.658671943434942	1.16256903587573	-1.73548326364225	-0.196361573491235	0.619671840000815	1.44362208375885	-1.48535084642127	-0.767206051536565	-2.54715917289274	-0.974736522186364
NaN	1.20978709609899	2.80009728576569	-1.28834473948486	0.710040196717946	3.03265443144665	-0.888608035199961	-0.746250833512462	-1.40836888058198	-1.81162562392753	-0.749606195854164
NaN	0.508036978647457	1.39925379024971	-0.983111802118378	0.0936782920741875	-0.127659128379186	-0.873510785784063	-2.852230511625	-0.96134736742584	1.4155024531283	-1.25048617169595
NaN	2.90518191179266	-0.627345341657141	1.63317166048429	2.79442596639273	0.0850925647251755	-1.13893094400732	-2.57574078020059	2.55999442314245	1.1896073652997	-1.77077132914372
NaN	2.37264269553096	1.98568472078951	4.50183142586307	4.70517511981734	0.56994018485241	0.665499089943063	-1.29101283611547	0.940708964694578	0.445264593007336	-1.32102078920085
NaN	-0.759108076764364	-0.453847833707278	-0.384739282386445	0.0800970511666134	0.027331870341148	-1.25961621086779	1.15583786919679	0.486139421513954	-1.24079305532596	-0.68054530560085
NaN	-0.0593117307396212	2.30065069734958	-1.26082135075462	2.40215716986143	0.720046936772052	0.911276089231551	1.02254974803366	-0.0970191362614589	-0.645704320539806	1.30539667307843
NaN	-0.218446467528751	-1.27520001324279	1.29566316078797	0.515407517401097	1.27144874786949	0.0797839174290357	-0.996560115616144	1.15460722427087	0.16278225998008	4.07334573432366
NaN	0.656242620420278	0.193960873924542	0.317684667796338	-1.46417267576749	-0.585615949555777	2.1301237395563	1.78025925035856	3.90274810163227	4.2850332318472	1.51013205691787
NaN	0.302341603769724	1.60929632332763	2.14345877008814	-0.563388599306608	-1.35604520330575	1.44845299065681	-0.0590049777715944	0.0385148882306579	2.93606794219437	-3.07278420123071
NaN	0.312059796693251	-0.637739309044969	-0.962791510660605	-1.49390102067072	-0.795030074305706	2.42309933392699	-0.270929301828331	-0.443046675716193	-0.787471498864021	-3.11918626205593
NaN	-0.172966063250879	0.57213272956883	1.98298638141239	0.752375312370373	-2.37870971130094	0.814103095467562	0.816852787105645	-0.244523335205647	-3.65953903578378	-0.0173798603679615
NaN	-1.21291572085278	0.0178715742539479	1.31240406267096	1.10388904583376	-2.17744638073775	1.65301797923948	1.09215041968648	-1.30839941152805	-0.813574512265461	2.67960157445171
NaN	1.39078510030471	1.67428318653301	0.360434248004211	-0.446803101908154	2.58720232303951	0.600811364850538	-1.63413418042768	-0.778993000027137	0.77562273222066	0.00374674635546945
NaN	-0.56026710767676	1.88183874183247	0.150516425823965	-0.959853284783279	-0.298341224060715	1.01499909332602	-0.0785457234160949	-0.728630128688777	-1.25062059698773	-0.646928732668624
NaN	-1.31486464338121	-0.987587567578463	-1.14971506377177	1.23039221343153	1.94466262492268	-0.0180681294539327	-0.955294304974325	1.58874768523435	-1.31639321948718	-0.0742658458100449
NaN	0.808097511928657	-0.31170621765079	1.76761148046803	-1.6864051265235	3.48473615907095	0.116714376768578	-2.17748905882629	1.36735594235202	0.391371373161782	-0.771851820568694
NaN	2.64627141014406	3.11952118126429	1.25552833073955	-1.98096706531289	1.00912639487087	1.0129122005036	2.20068289419861	0.0763667816514666	-1.17314159937295	2.17251865846322
NaN	1.31856264859594	1.36341553784533	1.05750991312341	0.63072360155036	-2.40725660847278	0.0299207603274204	-0.444371767616611	-0.791334431283046	1.46750384805888	4.42162259914874
NaN	1.8287637358379	-0.691548419687032	0.576130813587354	-0.540633535879094	-1.76953790461733	1.78874350553531	0.482472848251622	-0.74647873795252	-0.137569886903841	-0.4618345215852
NaN	-1.42175878152428	-2.00744336526925	0.181850859595466	-0.455985643655843	1.2060657883134	0.601597346856963	1.30195964944527	-2.99453664203911	-0.137849860435428	0.644829469134316
NaN	-2.82780839033779	-1.03678063763454	0.651523673403096	0.974487229125199	-1.65953705952738	-4.2350775772582	-1.2766621139334	-2.76952809351946	3.18199550400628	-0.512421934561322
NaN	-2.6460817469629	-2.78267759765047	-1.29803705902218	2.18004740100465	-1.68818734944989	-0.0732274361832287	0.174545117089696	1.15743435720721	1.5914242120659	-2.27298617212926
NaN	-0.680983589240237	-2.54538370025612	-1.34850088835039	-0.0251751517173475	-1.63112731664109	1.33110318362324	1.66405656608724	3.43337300199409	1.79154677795875	0.725046231547207
NaN	0.0307817008085303	-1.09601392602451	-0.474919830903479	-2.59585564936991	-1.40468263559504	3.3754959114784	-0.061973101154139	-0.0986339304838387	0.605280175201162	1.79358509724114
NaN	-3.03130989992208	-0.90288668156612	0.380593243455714	0.979303647094821	-0.43568726104259	-0.82681121606711	-0.606334296626018	0.256942189696861	-0.185352034142225	-1.1519056583262
NaN	-1.52649018357585	-0.392087767145164	2.78424620483515	2.9521928835156	1.10776060066191	-3.0209843772425	-2.49233396969777	0.60043742729831	2.2812996110539	-0.70071296708048
NaN	-0.246084986301905	-0.363559968198239	-0.713743819288794	3.25958428346572	2.64883826168755	3.01693317416569	1.2611270987659	4.35781002350822	0.279555541406856	0.244631048755155
NaN	-1.43410642779085	-0.899581195614935	1.11757957913741	2.74460612892846	1.52284403991707	1.51614939682358	0.915303986509529	0.684911322361033	-0.64719830058637	0.464345271098516
NaN	-0.354856631050461	-0.0121057414828437	1.96355921257866	1.21765653179662	0.575142409263171	1.74697692882361	-0.938342483626287	-0.246302878636283	-2.09259124396967	-1.0264270834271
NaN	1.88549474912258	-0.234707880539951	-0.75077686836496	-2.02826500673016	-0.114866182090068	0.641451262137009	-0.956720093993093	-2.90413957614343	-1.43341001447212	1.03350729029598
NaN	1.11659204324344	-0.541136791940124	-1.78172612698203	-3.34334355922234	-3.81963902635698	0.376662337983616	-0.266667496337389	-0.841786057111699	1.66842903078027	0.99300494136245
NaN	-1.63126471745104	-0.551587069871965	-2.42613440080175	-2.17942727262257	-0.722662806452726	-0.191278527206641	1.15027933980249	0.240192788002415	1.84174942552736	0.34318813794186
NaN	-0.68088271334132	-0.740724597332925	-0.756867320291557	-0.589843882314127	-2.52173508325702	1.01941170725446	2.06020827939675	-1.02317262800032	-0.444514420594014	0.859897410540634
NaN	0.0577400837526927	1.34206823238333	2.5998260403876	0.311708587671488	-0.286758746509778	-1.8073402038034	0.14365476146543	-1.12788503862555	-0.574132127980204	1.13199993959051
NaN	-2.37845270757388	1.71652342656797	0.327732444416852	-2.00975817539229	-0.599695813510712	-2.83215245281213	-0.776350884455569	2.28274571378836	-1.46194885781474	-1.25694619057067
NaN	-2.70116033562838	3.71253803728317	-2.26748085863424	1.79585667349798	2.94301424173149	-5.8774184449617	-0.94331197273693	-0.542450334749303	-5.10654959984513	-3.42491700263577
NaN	0.836835096789531	1.40884094057236	-2.38935715796586	-1.65064739999903	2.23204909918148	-4.93013590275373	0.475289597778643	-1.17947216960521	-3.78997468705592	-3.74137682679187
NaN	1.6179330996023	0.921862128734705	-0.204876896980363	-1.44059467482201	-1.2562637491053	-3.00952873668769	-1.52931050623216	-2.45178360776865	-4.13001253984282	-3.7495618268605
NaN	2.04321863450942	0.886748279727199	-0.650438831278235	-0.589018100731832	-2.34066149700158	-3.39742853933869	1.00530238654238	0.287077616873393	-1.62498480804583	-1.9526673418792
NaN	0.569953746991538	-2.6003269782445	-2.40557946458186	-0.726818858404968	-0.332182742975809	-2.26560194390483	-0.120746794450234	0.389818349399098	1.45682572523402	0.0833502802701612
NaN	0.551425123527399	-2.72674141477415	-1.40757542217666	-0.586740406665522	-0.758113866462662	0.456661000382934	-2.27050209567636	-3.10373766883288	0.581291702578758	0.0905465189728002
NaN	1.76341540033221	-2.87451563800945	-0.57140936688478	-0.00653508193799412	5.08256424060213	0.122804756335304	-2.40940999097754	-1.92292744110277	-1.40464614207	-2.39320744888178
NaN	3.36142218731797	-0.470084820231993	-0.499663967271519	0.125636500214143	4.07756715546562	-0.229722104816788	-0.786476575347606	-1.14863244645623	-0.345887743767159	2.974812465536
NaN	1.2320531472592	-1.02182449540732	1.35344066060278	-1.0008896404088	-0.174400308732739	1.39105763074308	0.162229087850392	-1.95310831478004	-3.26849551597841	-0.514215528418766
NaN	-0.669631788190726	-0.252382017134688	1.7719457762744	1.24755644034896	0.663732710882662	1.09375018078214	-0.817504713759355	-0.131984690730398	-3.65519820469568	-2.69983335272024
NaN	-0.126758571411862	-0.892695567284304	-0.245261450930786	0.108708527669254	-1.53248603259247	-1.43142161217375	2.91455342488143	1.25486279933791	4.1810908514811	1.24101307970377
NaN	-0.64708475418167	-0.200979031247961	-0.0955883953879655	0.501105234921222	-1.36735509520676	-0.474849647429212	1.50885800986584	0.135906327622117	1.36191493233379	0.550075218212411
NaN	1.44369995536247	-0.771329721980402	-1.56785262226674	1.07420387657673	-0.585352199366768	1.58469643886693	-0.827765435522515	-2.11071834986249	-2.0037565132255	-3.57733083507172
NaN	0.498211532660867	-0.0196215274305918	-0.500863494871899	1.1323297730001	-0.965622733627296	0.751632706158368	-0.56102147660458	-0.0970834696244307	-4.50863448470637	1.58886140192367
NaN	1.28457670883038	-0.0501244920544395	-0.0357636738494963	1.29361182446885	1.86771861793643	4.68578722226762	2.29912178527543	2.495398014716	-0.111294774542304	3.84534634731532
NaN	0.999863632089954	2.27617778373384	0.0340735813391731	1.24796937017272	2.96668247679174	0.901192377696431	2.53898309123739	2.82615527576582	4.90423463840331	0.439497375074132
NaN	-1.63519380187039	1.63975061302588	1.0985699078499	1.87777523833333	1.42969588104837	1.64696697099846	1.56969669549643	1.8677273117892	3.57963006583553	0.283251366205696
NaN	0.109137396636785	0.652780511975365	-1.17003629183215	-0.240378571767788	-1.67076082882569	3.18588450494641	0.379222504371685	3.24365736065129	2.02077809431948	2.54579451800273
NaN	-0.384356627083276	0.29800323700214	0.220674615125726	-2.46589501709217	0.570640447669227	-1.75055835409099	0.893442781284453	4.10429574648795	-1.07941657662873	3.16547394720569
NaN	0.241036205252587	1.85375884845969	0.501703185065439	-1.82016837883546	0.834960649295805	-3.14626755854213	-0.0408236370443986	1.29606578616258	-0.262781109821691	-1.8782252012408
NaN	-0.663415419708735	2.1558179652422	1.30408273891076	-0.273750042456128	-1.46288870268098	1.53560057862046	-0.919855835654992	1.36134470270136	-0.577918477568414	-0.873685517155587
NaN	1.54509848346997	1.94791766345828	2.01623466684012	-0.912352267690201	1.30039381392876	0.601727150961449	0.612541165114558	-1.70966269847266	-0.906894713104294	-1.68215588897528
NaN	4.81027005988965	0.319448579227746	0.634753850694693	-0.210463681802896	3.01910241467021	-3.10328964186506	-2.46687364992783	-4.20537497505868	-0.422713802275773	-1.70043469582902
NaN	-0.114035098904853	-1.19166993780722	1.08750777446283	1.60911059580417	1.49822224346195	-0.632175712547466	-2.56131621771229	-1.10071465965947	0.802844285041287	-0.377055155581399
NaN	-2.69260443862122	-2.32674840867766	0.597371014912284	-1.484354852047	-0.622807719970905	-0.183641588813678	0.714143217784094	-0.374388246978448	-0.691741404545198	-0.375859002567423
NaN	-1.9336260097596	-1.57421361825945	-0.570128076707068	3.92115277203146	0.336141367251537	0.354364558129959	0.384845118098122	-0.28141870570638	4.20972876524978	0.396473571398499
NaN	-1.05653413096604	-0.389817225300884	-1.1072401756172	1.2080318217617	-2.61212023309532	-1.3532229967764	-2.72473024071011	-1.62046695618906	3.84640333125805	2.21674454428873
NaN	0.752808392357184	1.15005123535922	-0.0581198542498304	-0.895204781972782	-4.46717203286559	-0.697014104063036	-1.09830569011186	0.66113107713228	1.95820728911123	0.348266553421368
NaN	-0.386786809023734	-0.14435649092882	2.20362959563761	-1.2952148936836	-4.06179515618329	1.43773186802045	0.88263680278207	1.28898160594502	-0.0299673423381925	0.371963308080231
NaN	-0.255534472497102	0.0201411920893406	-0.474754673946664	0.30212853562923	-2.77999283468411	4.39391411633259	-0.204438350660306	-1.87601798658461	-1.35071997546041	0.113579786546568
NaN	-1.69310640853393	-1.30855192573223	-0.659913435460758	-0.0778059875833303	-1.01475248419438	-0.367371910665742	1.53579331734317	-2.54143460097019	-1.14559203863071	-0.668406846887937
NaN	-0.599467057460805	0.167771086582424	-0.525175522664397	-1.45535062915072	-2.95587518963938	-1.16690820383934	-0.109958918409701	-0.425944460862033	-2.57957108819147	2.51868437544378
NaN	-1.55801099165334	-0.0581466352879125	0.964376863022316	0.801679600176857	-2.6648395580607	2.90340074730195	2.02288262102951	2.16110266655896	0.248062961887667	4.46867151949813
NaN	0.751365035245264	0.687348222771784	1.18058018663891	-0.946202688646468	0.124219872671172	5.02408623424371	3.64946322644183	2.15806242206614	1.54488467435695	1.98122991389508
NaN	3.09766766065679	4.46400105668742	1.93006611367126	2.417040826946	3.4923255932542	-1.35973129059524	-0.626095818070377	2.98613289271112	2.00200684418283	-2.42894851720114
NaN	1.23104628252459	2.98766486361524	2.21322029010769	1.57250216152399	1.30897854714655	0.336150056604436	2.03757392701743	0.315681489113496	3.38427770032317	-0.209997900519366
NaN	-0.288810590058735	1.22251168087886	0.278831172442389	1.77726135975085	2.09572523511951	2.91419562043469	-1.90759339787721	-1.01948118315425	-0.450067124510497	1.04336528829083
NaN	1.23391583179143	1.47281439932204	0.405953349609192	4.29614491223895	3.37291827836016	-1.78829169947012	-2.57121327064251	-0.865131755430001	1.71469104572215	2.84642464451929
NaN	-3.02859123308816	-1.40172519851557	-3.59073519343827	0.288251312122872	1.3243780342382	-0.856472337710246	-0.668540023571648	-3.21042780419653	1.42830414333153	0.244379725074651
NaN	-1.47968987579003	0.242398850633869	-2.17339872547444	-0.457299322699021	-0.511479639005124	-2.19071298960855	-1.5649598992296	-1.54068856760939	-0.973895582235137	-1.66067399290946
NaN	-1.67725439928459	-2.79012251566795	-0.595677824044598	0.310985423088872	2.0198612992364	-0.534759104751595	-1.27004387772546	-0.784137259346368	0.324242851415675	1.13120011302532
NaN	-1.94528102523986	-3.86394317994157	-1.0992348005655	-0.199497519293435	0.596424629087153	-1.05301028382256	-0.968877015294148	3.13559175598599	0.0301328709308742	-2.88270929534974
NaN	-0.889567151411321	-2.60701855977029	0.00319138233603254	-2.93925681714837	0.902001052237029	-1.89342436314983	-1.97710133346356	-1.341501432548	-2.23155760761941	-3.15197254120564
NaN	-1.45901289188289	-2.87215317514493	0.0036074035097827	-2.56079890000843	-2.44226906314539	0.941210494089005	0.344596432551309	0.341337885745089	-1.88231877916917	-4.36009558787041
NaN	0.278801948300074	1.02685652990376	-0.5047625832722	-1.1480487956719	-1.22630795022885	2.348878843203	-0.087788606611861	0.868651443527446	-1.93275465910374	-1.99915988463957
NaN	4.0631962884666	2.02492474645456	0.378124060685268	-1.29129007225193	1.15183524769605	-0.132056079767677	0.214812297402859	-0.855394490219747	-0.560126669748128	0.783581386189231
NaN	2.87192213655619	-0.177927911569206	0.147527150848014	1.09739663588983	1.523599401136	-0.710638317770166	0.593454192724489	0.958838716783939	-0.444190757253739	3.61661837476386
NaN	1.85892154037697	-1.09281482006104	-0.521308055095225	2.66242563025727	0.71243744409355	-1.06760766644645	-0.415681308815642	0.123559314199156	-1.20565994111994	-2.52569632967542
NaN	-0.587731791477192	-1.14501771910089	-1.6602996537446	1.35591071645357	0.84214014892032	-0.683684455810774	1.96864881281245	-0.0519198415796858	0.52154644846827	-4.95937098458052
NaN	-3.98821226518952	-2.5886088158552	-0.210320449902096	1.73380693481642	-0.643795394456016	1.67239294252823	1.13807188251996	1.95030746767577	1.38720949019243	-0.550775628580027
NaN	-1.71533246382367	-3.19952922409861	-2.1478067453906	-1.21893180462642	-2.13161667315858	5.04637564037995	2.8627331865935	0.745678689297308	1.49326596777935	2.18614469479217
NaN	2.21652318282537	1.82994187846871	0.651793627381472	-2.36046528201239	-0.0509853348762758	2.88690453506041	5.50234117743674	0.968824694332737	-0.5248572722661	5.51471312098506
NaN	2.32121626974574	1.73552310179911	1.61290702206116	-3.40067924751095	-0.298326179919605	-0.915981743951906	3.36859454657327	2.11795646586319	0.501628671256819	2.45795596834453
NaN	0.663315952944425	-1.41521035212717	-0.329729499386635	-3.17302028873682	0.243080468080277	-5.83745538718217	-0.69605714323471	0.0628486396130804	-1.08276442061322	-3.07671876273083
NaN	-0.383409739448704	-2.05415640628304	-3.57502192660796	-3.20245497026358	-3.61538454821421	-0.979180494065561	-0.190826382344343	0.0767694286130082	1.86322472096326	2.38108421635052
NaN	-3.77935883909354	-1.64637184466176	0.400598585390717	-0.267361146123246	-2.46761009814482	0.561992130586446	1.73390598639167	1.18918948606756	0.993362137026978	-0.950629284522508
NaN	-1.53306095029295	-1.97375800283681	3.82836486621706	2.00704367534931	-0.484132421553312	-2.34137014989013	-1.47522388215015	0.489489271289619	3.11045016272472	0.153447779593994
NaN	-1.11839641790963	0.144773756515821	1.8778366383481	0.707430966730372	1.35940849558857	0.999945986837358	-1.42002271733604	-0.338126872624263	0.486733692496234	-1.79573902451399
NaN	-0.654211591352706	-0.380324887041882	-2.31438271202767	-0.236301540907866	0.521034743593162	-0.0359680981043002	-1.72090491932834	0.272143624618666	-2.27661757346696	-0.255902210820504
NaN	-0.345034577567515	-0.691043760325057	-2.27782854256693	-1.2100455610159	-0.914084902043727	0.327131547515306	-1.28430332668126	-0.785417630387735	-2.60556397255964	-2.91309446154683
NaN	0.161411613170549	0.991396098230642	-0.0592801115052101	0.0325989236998969	-1.50752902292512	0.054362248457525	2.30619470338665	2.10060548218484	-1.08093482228798	-0.0117567953884594
NaN	-0.106022296817645	2.90947621555165	-0.162520331047298	2.19633172824536	1.00380773501181	1.0022842960537	3.25379617311405	0.975252889113302	0.404526137124004	4.044814695438
NaN	1.34930640200208	4.01998161922536	4.93110256356284	2.90015637697129	1.60882878020275	-0.256625567106197	2.20216512902206	-0.191455519723917	1.301725183538	-0.781864949320105
NaN	1.27194074432001	1.56758328219263	0.0553038857070749	2.18013186098109	1.08598541947929	-1.69263546636381	-1.86100091888666	-1.70790643483518	-0.100039462424323	-3.43645840963614
NaN	-0.0691354753379699	-0.636150058128154	0.0227442023129678	-1.70442845505898	-1.29141014939555	1.23097591581482	-2.95435870388148	-1.15722970435054	-0.930576911318974	2.71807556829487
NaN	1.05999467622036	0.910781788659424	-2.09538559173862	-4.28778597620702	3.30316304187478	3.33842959463387	-1.55894244272781	1.02222510149	-3.28244547338248	3.00471298067854
NaN	4.60755197333839	1.53055168294103	0.62776876141637	-2.06595085186221	0.604165280727544	0.386779979703988	-1.92483525869552	-0.893275192473932	-0.762601342694758	-2.65855421192603
NaN	1.78214764269791	1.68084652552372	0.13255232709297	1.24072027455731	1.18440798347056	-4.4055337750918	-3.29507102331559	-2.2793042737274	-0.926949364277946	-4.8259961366616
NaN	-0.427803549272337	0.373550655554313	0.0534302520715802	-2.08313983990612	-1.64906923742993	-2.12791912204	-2.67468701355187	-3.564749307688	-1.86354189389752	-0.46830303397639
NaN	-1.50401890586481	-0.687644879555817	0.0589396869019149	-2.45015513516135	2.64122344418933	0.304935041355678	-1.56612895493748	-3.56270651655747	-0.970673305420548	0.995534435369233
NaN	-1.64933243302583	0.698760375066923	4.07719843698593	2.49817165578025	-0.114129210310898	0.715574892912107	0.325263413650648	0.49587722613094	0.429189599439286	4.20950203314396
NaN	0.314958065906394	0.414319835698612	3.80357345544637	2.729397064713	0.467316220065531	-2.11593913442101	3.31098188309959	2.03642783182442	1.36952131938245	2.08529748371929
NaN	-0.483934482910863	-2.22454673228589	1.2310137772009	2.61865710643262	-1.76459121628433	0.126782928482763	0.37312886483359	1.74355374247	3.06227147416289	-1.88289926976826
NaN	-1.70666284356837	-0.891417172359045	1.73180982313601	1.21036950790699	-2.52622754006114	-1.76702449995955	-3.40654522559209	-1.44397889137834	-0.100393002074237	0.298789074370019
NaN	1.85524465111125	1.32838622268149	-1.74840417844582	1.13353891285363	0.225896065634954	2.35519450273998	-2.12258428009338	-0.813265360653396	-0.272140659903617	1.15333074914085
NaN	-0.55283228811861	1.12297378589971	-2.74475828791243	-0.409900110841854	-0.422489975889657	3.69007668902944	2.71641728203219	0.340107683828947	-0.736474739499572	1.30849764539239
NaN	1.82823799961743	3.74892387893334	-1.31122704827187	-0.344238521304734	-1.10571593703481	-2.12825258597143	-0.609819556242317	1.51050416647345	3.92733855002511	1.69625099549518
NaN	2.00365907397109	2.40517202853678	-3.03016101833344	-0.153184120772416	-1.13392957505557	-3.53015669232434	-2.24342107167457	-2.3178805630388	0.953474946220806	1.5224673451588
NaN	-1.05479942192549	-1.50865109913633	-0.294886908435115	-0.0769049308337569	3.58677568748174	-0.0537376710129099	-1.5112751550957	-0.960388902799616	0.135346722622499	1.26692281756211
NaN	-2.7765798119912	-0.685046949173378	1.67439247914674	0.246545895239485	2.79477925268068	-0.878538995167746	1.14315436495825	1.59086028522986	2.00571849162816	0.446403818081009
NaN	1.80690125362161	0.0101169391881577	-0.639575443135751	0.585163193466647	1.19206719892623	-1.1352854992088	-0.562311329805007	2.43764203564523	0.397670533590071	-5.30158324621045
NaN	0.117497433128838	-0.276621393005582	-2.0436016941253	3.36103959952165	0.512877519385267	0.284461221633857	0.656357545289142	-0.383983107976089	-1.13109465708743	-3.49477666240787
NaN	-0.609065750032883	0.530347102730608	-0.775116762626122	3.15872608283294	1.3146547994333	-1.53661962170537	-0.926293422777103	-2.1091394058659	-2.75214548446551	-2.06258946028834
NaN	-0.734627452359159	3.22222086917066	0.755384984778434	2.19922365094913	0.933095582832291	1.16011704723109	0.0697900435622474	-0.950661334492344	-2.99097451310594	-2.37258116609547
NaN	-0.0290240281052238	2.00668808588743	-1.08907898804317	-2.38988198353406	-3.48106133758484	1.80806228473205	0.394941072481511	-2.60710929946137	-2.37025471944167	-1.88719133630931
NaN	-0.386818891705562	1.19859905154274	1.85856430438699	1.74240037579093	1.28054638807202	0.207881486870507	0.611138460456276	-0.155111166634	0.604004222295496	2.24426335659201
NaN	0.694446179137762	-2.86817471077481	1.36578990919651	1.60228697501805	0.977046635806026	-0.727274295179178	-0.27907312122926	1.83014687067033	0.465223265917051	4.74931941010905
NaN	0.655731991722517	-2.50715750014558	-2.19164987795547	-1.54561184934256	0.627849073018421	4.45546741249044	2.46532281576869	-0.857211422595346	-1.15259263674766	1.18958828446255
NaN	-1.16447348448508	-1.20248376803022	-2.54004742768433	-4.1270393248397	-0.6160505854475	2.04040080807684	4.81096630746754	1.23529870345042	-1.9185947527101	2.16007364812579
NaN	0.0288683141027936	-1.92602657596239	-1.31333068824662	-2.08845696045493	-0.533460870666397	0.720618658595543	1.2557054479671	1.3770455732919	-1.24291932074746	0.756995383093584
NaN	0.428342152119993	-0.493466074832658	-1.7783099871906	-0.671276811091569	-2.94438273817911	-1.04525636539334	-0.633216780238346	-1.13449455458515	0.787293114259634	-0.135159693772659
NaN	-0.526011929322125	-2.98430140169199	-0.851327190547462	0.590709234683367	-3.5594531825449	-3.45176303014237	-1.60387313963059	-2.47480555302287	2.04136929789811	-0.98165658323935
NaN	0.328920631526029	-2.42943488472811	-0.998620232546498	0.328448298010775	-2.56782962633393	-0.416663949075564	0.399223750793916	1.13425835253511	2.15899429830919	-2.92706673078092
NaN	-0.248962012502227	-0.431862278549714	1.87140345365819	-0.949151349883129	-2.0981143716543	0.0403573920245697	3.56054665716847	3.66865994866903	3.71768573397733	-0.574338308790542
NaN	-1.0132823856556	-1.41116196170783	0.732028094473133	0.0898100323307752	-1.8965197916977	1.14271859687128	2.66561270205343	1.44618964930177	1.70249020034815	-0.091313949053336
NaN	0.450605374972091	-0.904117416234007	1.59245925037275	-0.542555348707534	-2.20184027647974	-0.742794231263664	1.68710416776865	1.68360038714494	0.186208277632175	-2.66020816928639
NaN	-0.232592942791216	1.48358592420835	5.78792060571657	1.12086110481614	-0.564204250621269	0.375287501419361	-1.90112639089477	1.51455551600157	2.41071011703098	-1.14918971409063
NaN	-0.307906046796933	0.54815050633873	-0.17301290567227	0.0809245008395534	1.02059282670698	1.55129674089836	-3.15602795369553	-0.431124633580051	0.692613462230275	1.24914832089191
NaN	1.22435997545671	-1.43325119558815	-3.37156686887483	0.777239117702363	1.97204496410341	1.11794243246594	-1.17555093658336	-4.01463144581247	-0.517815148669362	2.82751712926511
NaN	0.898016526709429	-1.15520493385039	-1.88259757375164	0.660807003148642	-1.01026518563542	-3.33920617397212	-0.535460048148951	-0.284635535337253	-2.91975384170615	0.746564202572332
NaN	-0.972594937448878	1.05497740163976	-0.0260046421609929	-1.39948493146724	-0.923331290829027	-1.08108658253131	-2.16952596870425	-0.519253092247994	-4.85953021900494	-2.61740569378319
NaN	-0.42502056424612	-1.03638113107779	-0.777550301127624	-0.873159601284739	1.50675191829636	0.703312740361914	-1.32193499586114	2.53088011024118	-0.0192619338346924	-2.573152512676
NaN	-0.687265964162063	1.00150288905294	4.12606709506915	2.93632988887652	4.00206885396254	-0.0339961123855126	-0.337852938411638	1.64330321644923	-1.40901342275833	-1.30946968701729
NaN	-0.75634367619123	-0.419359624649658	1.33110913986861	2.53988260874558	1.70982085801016	0.70098834348408	1.62975143001502	0.723359355683757	-1.69236760835095	-0.370097169819631
NaN	0.67013041524856	-0.867156283891313	2.17631080481357	0.0427387458224649	2.40865265534212	-0.702401124450053	2.18788586810826	1.61087230398632	1.48238334280428	-0.0166489190194013
NaN	0.663470348698214	2.87771352073008	0.0665907554976036	-0.887895205200587	2.96734210811532	-0.412267752174739	-2.54392909446969	0.7657214217676	0.545016028882921	-0.0450025497512451
NaN	0.892727441520058	3.73079935805781	-1.08944249470968	-2.37707349696822	1.12071080224546	0.628433254246097	-1.7846663198544	-3.39716915912901	-2.04546107432958	-2.55527961461742
NaN	0.757028180043968	3.05642070524861	0.352337741221046	-1.78431369680566	0.0215804278621393	3.65401723701494	0.726554845920148	0.35428388492423	-2.12541637385831	-1.04026069956958
NaN	0.36350172923308	-0.848000453595819	-0.556954391030538	1.62597585541938	0.722861719796468	2.23928104706944	3.12984758728333	3.53942516526566	1.25394316944074	4.72128025704398
NaN	-0.360637431043802	-2.8946270018888	-0.665074723305126	-0.378698968308017	0.435019820800284	1.7363053643788	1.01401735125805	0.0326362252507804	0.802221830533792	4.31026368761705
NaN	2.51974922725281	-1.2918236271777	-0.999188772340731	-0.0902036347847781	-1.53115948824224	-1.41195542903811	-0.920391268549437	-2.3129878921835	-2.11044993982162	0.262588089286894
NaN	4.84441016650574	0.348559499728009	-0.627146883514128	2.75951027842907	4.05894809415071	-3.30442925684234	0.24150112847206	-0.559279969399383	-2.30424784185913	-3.48352558379399
NaN	2.17152220441757	0.385140554894223	-1.65075750468746	0.833088266826186	-0.0378312434209536	1.00268919516202	-1.64569039797517	-2.51293711529745	-1.18140377157323	0.478991714635528
NaN	-1.09734910771257	-1.75040127159322	2.43415945354355	-1.52295788728367	-2.28410775575456	0.527740138908595	-1.50416272140869	1.33294078867511	-0.269436016397614	1.1611145908344
NaN	-1.08577808088102	-0.706230535805616	-1.2431683740195	-3.14907771157469	-3.75529137343236	-1.77534431892713	-1.87176236607634	1.67677397292172	0.589174983500376	-0.247326938139513
NaN	-1.83028809865787	1.45809444355627	1.38330467206459	-2.71528503785648	-2.59699489012848	-0.735150880211906	-1.66286622847412	0.273363079182373	1.17754342997804	-1.57552075428781
NaN	1.07011723055022	0.522366934795668	3.17508800684981	1.14208544629538	1.95103909787929	-0.749855553852952	-0.160777541831558	2.67567015664004	-0.0488560899525617	0.365540425880389
NaN	1.39590604759734	0.803075380673877	-0.919093778202576	2.84222821745864	2.80957091002717	0.724369999915812	1.24178814641884	0.166915958053429	0.474924050631567	-0.982780189988922
NaN	-1.28147517628761	2.24808277701859	-0.960715589001461	1.2782199092922	2.72751586340929	-0.252117394961718	0.755189515725501	-2.20351586914032	1.35433915664117	-0.0127867741012229
NaN	-1.97304159674712	-2.44933270739446	0.568007743986337	-1.45151353106319	-0.406137482105969	-1.63674372502195	-0.231652411816809	-3.27314320168816	-1.01424587990557	0.262385084694321
NaN	-1.57102717451472	-2.3246924120941	0.0833071892430853	-1.49587023613734	0.23271665563633	-0.833493187957154	-0.709210540031568	-3.20367131406486	0.135850635175402	-1.92765857261025
NaN	0.170285745959891	-2.71971341264849	-4.95335513382311	-3.82166319028555	-2.14971365750987	-0.3458540356478	-0.291863371560622	-2.04602414727091	-2.34747082792779	-0.984502687644226
NaN	-2.78583572797211	1.01525323766979	-1.60628210692101	-0.354521078424035	-4.56560537067272	-0.909927821957657	-2.61798497429928	0.753110813340505	1.81721573813274	0.39563853674005
NaN	-3.48255603514881	-1.52870442569699	0.071902357666335	0.439369897286119	-2.99629632658646	0.703318763416775	-0.0638124551328746	0.2416446174399	2.66849932146542	1.26662945678337
NaN	-2.14726294849504	-1.51633022505756	0.615398396819251	-1.27333220279848	-3.13167123130331	1.47556394933877	2.13753335577832	-2.14141730408463	-0.0605607748048155	-0.533331246822199
NaN	-0.119035045236893	1.08337758238928	-1.06712937605036	0.407310156349526	-2.02242634233481	1.66576305663352	4.31429864996234	1.31082812924762	2.91748222816024	2.23643978175131
NaN	3.5555628079304	3.47735933126682	0.17232434860982	-0.540272887925047	0.210529777208933	-0.0693753576205077	2.93278927253271	-0.915720972530717	3.54208747365087	3.11575850187425
NaN	3.14883253585186	4.10314350082921	3.088181041902	0.198353863474949	2.71607639578627	-0.526451572609491	2.592481959809	0.893236785421863	0.188637447585316	1.55386584332671
NaN	-1.00971537816783	2.59519548455978	0.534595282065223	-0.908636285673766	2.56786498007756	0.0482553644323798	0.169627564585001	1.88633803099199	1.60500955805844	2.20815319832641
NaN	-2.54626576286194	1.74237258985197	-1.00630661399648	-0.748176045865323	-0.883112242550426	-0.178700060647632	-1.54866832556772	-0.910875840441275	1.71196703967529	1.82777662708563
NaN	1.95188096323647	1.37595937029065	3.13208246739237	1.68484693426733	-1.55429669338671	-1.53339731465208	-1.85188470253536	1.30002591550576	2.87778067429051	0.746086211772367
NaN	-0.229271484731631	-0.234819157408575	2.62354830250976	1.84826959533804	3.73892772292275	-1.54886060679816	-1.39939174435235	0.616848249865499	1.65879687200728	-0.221895470836287
NaN	-3.37629053386757	-2.61867192757649	-3.08364594277365	-0.790194441292678	0.276783891504586	0.0922282595541609	-1.40025580482799	-0.675712424041245	-1.4875539532919	-1.73505789647148
NaN	-2.35872817561008	-2.19476074147845	-1.80763548769981	-2.4235723434589	0.697810394026907	4.46086188627141	0.573969477539044	-0.685770440982512	-1.34451676545366	1.69857422761475
NaN	3.23306059010253	1.09629531359071	-0.0816963471835583	0.721934420093359	1.56933195091278	0.47316277934789	0.129784465926982	0.144575313293816	-4.17642386190602	0.13859217290269
