NaN	-1.34433207957023	0.254548366962446	0.112497636916105	-0.93558558953668	-2.61675712646227	-0.563968399791141	-1.00268394362454	-2.16151891375074	0.62377532647732	-0.608387844614544
NaN	-1.6317486599602	-0.0305006674773343	-0.792686332066334	0.890162623520813	-0.0201808757499817	-0.162658867617339	0.284999264119276	-2.61329413263928	0.90464190133733	3.60482423408038
NaN	-0.289398806493265	-1.50536663268622	-1.19503056983896	-1.2323587258148	-2.09378885322013	-0.978607604756895	-2.09045890362699	-0.532826332807584	2.44788683461678	-0.545008423117781
NaN	0.738782455150494	-1.96291409220775	0.426512601398228	-1.69986790616115	0.221578590377781	-1.42340020341025	0.136589825530168	2.76184138033867	0.0331986860306828	-0.567561776324039
NaN	0.378284664962785	-0.750092246967478	0.854733433604104	0.446585237217005	1.66879044335497	-0.192776793504286	0.850485332336709	1.60919466518856	-2.58782649834157	-2.13559144193464
NaN	-1.63485496203598	0.33937208849676	-0.695271160330224	-1.46777504643899	1.7616047475456	0.0430704457272811	3.42978357124529	-0.836539190895489	-2.43118077695353	-1.17387615241242
NaN	0.136444918120787	0.827633262108839	-1.10787286622778	-0.0751036614936584	-0.325940713394513	1.04400683911962	1.12589326409719	1.27970594932411	-0.912372552665621	-1.33173768524592
NaN	4.4525136194334	3.39678266805897	-0.243859313249084	1.64373345501546	-0.504250677200284	3.61366412038282	2.80171966541954	1.15251420310178	-0.724912809387164	0.644355949705091
NaN	4.09961257794023	4.89812480030552	1.75110606282308	-0.0611968571732699	0.249425129054279	3.19831348156472	3.84275341216225	2.04642710725335	-0.0764546363829419	-0.0967850493418242
NaN	-2.7157066416781	0.382257499522226	1.5192997516298	0.850094177271162	-0.927662917677346	3.70534654743361	2.33477052918894	2.5044707660008	0.0676795070983774	0.704237352941602
NaN	-2.36873056018477	-1.48287914775582	0.332392791590337	1.77707717450062	1.81908501063671	-0.558348644448508	-0.0750124034949209	2.18275095526302	0.674464571564809	0.765994979235224
NaN	-0.222016520503429	-1.48050669881133	-0.286893396426736	-1.78523095575081	1.91303508396686	-3.26707733102894	-1.00299127829207	-0.849204036720239	-1.98967917994361	2.02147908557066
NaN	0.110477724139616	-0.712494847556797	-1.04791647458554	-0.714872341800679	3.10579868471721	-1.00905176411101	-3.4971895252064	-3.49090327358414	-0.0519351371026598	-0.372211455495992
NaN	0.129553956924818	-1.80890094676909	1.00997119161155	-1.14351665668752	1.53205646455616	0.334927516661683	-4.45901841851527	-3.24004912483377	0.353225420157695	0.933304669403128
NaN	0.701679064917827	-1.23225309058257	-1.39293893152303	0.112238918297756	-0.19480529088567	0.267520549510762	-0.663328750516436	-2.06864179493078	-0.520926793319804	-1.74654271506231
NaN	0.556417706163722	0.517774231698997	1.02749556715764	2.09109029831135	-0.680341786924238	1.81328155354501	0.741301664205415	0.801637923568819	1.73085822499426	-0.377836831912642
NaN	0.960225010773287	-0.0760684219732462	1.60393335404145	1.00578649595015	0.983795977341521	-1.53634859548511	-2.51728757595731	0.30790224600229	1.06929306632502	-0.0160539953686395
NaN	-0.136592677042498	0.126503329544679	-1.43306777907191	-1.13158960610961	0.602204182415839	-1.83362667803803	-3.70029244527557	0.176522928926506	1.32658218056364	0.695132023904748
NaN	0.0493549088912202	0.0943386254414814	-1.89575853315722	1.11096313732068	-1.91914625028487	0.889557461894717	-1.03816941839294	2.95886830134266	-0.214628746607256	0.567675955716078
NaN	0.420321772517084	-1.46910583660851	2.02162601746643	-1.21569950595048	-2.59166475208288	-0.131162509765174	0.388131134894597	0.146820451439256	-0.495370594283832	0.781216428557253
NaN	-1.23333294147149	-0.568930895997537	-0.251984908348103	-0.436579157071993	1.66250614750338	-2.45104058268062	-2.50408437560952	-2.37146965423285	-1.3858002390217	-0.440876370964335
NaN	-0.646140258585841	1.28850002945772	1.98444409905118	1.59051720947449	1.53768400902338	-4.18918598340645	-4.57609541395459	-2.68294794715328	-0.874056957058315	-1.64204950112294
NaN	2.96581574781905	1.94045928439011	-0.0876878528831558	0.329324049553012	-0.56201687886593	-1.5250741743901	-1.39390429524777	-2.03810497789679	-0.315884960138198	-2.44972849209811
NaN	4.17738008401621	0.613356946379181	-1.81378394890388	0.421244870347872	-3.000329981943	-0.365103902399012	-0.786714341505557	-1.11087082042166	4.1682409362489	0.343378199662072
NaN	2.08953854787454	-0.74917193322106	-2.13288603653892	2.7065668992554	-0.636700789287237	-0.341793635139727	0.655043208682564	-0.798592282067877	2.37996722780629	0.395882832505316
NaN	-2.15010914491834	-0.607317162843513	1.70011651512018	2.90760614128489	-2.87954732571693	-0.92152170206768	0.784042632679902	0.592172280598882	-1.55619922396005	0.355849651912664
NaN	-1.86886672231113	1.26923816733559	4.41057797546991	-1.25187859953921	-2.93883157386108	0.509843844390937	0.118645000792157	0.72887996387052	-1.85442367079805	0.152251396250669
NaN	-1.15175487607184	1.59221823074436	2.35379550604573	1.86918698222023	0.112185593593349	-0.204156356512281	0.67697740725367	3.8189360731028	1.19011905192417	0.681598152961633
NaN	-0.797444527278364	1.39895200065611	-2.57388755969232	-0.336691414150634	0.374558257504997	-1.17137621876513	0.623307172030613	3.09790089723172	0.802860174886574	1.0223581169793
NaN	-2.60032533158818	-0.396129039107269	-1.43678035307276	-1.07457651188309	-1.7431204100313	1.13738578980346	2.43040370400176	2.2732223837639	2.35206279284772	3.74019451765806
NaN	0.949459201421701	-2.62717424713249	-1.89833640412072	-1.59417516665387	-0.982978414601221	3.84667453648787	3.23566179543177	3.10176594883796	0.636369343666814	2.7310229778421
NaN	1.64195288819171	2.8721563669325	0.466414870326108	-0.69013194298053	0.817568351996734	-2.32394472249788	0.905505308790171	3.17655159657795	-0.886884531986189	1.248010147613
NaN	1.72921146239356	-1.00110690494609	0.433164796079181	-2.02616679989849	2.15161437471367	-2.86736019697201	3.83538987861836	-0.459081502570751	-1.55604941566854	-2.0357528101407
NaN	-2.9941787757881	-2.76499050735928	-3.33848054749676	0.0613036394954827	0.219966591184883	0.281506205496519	3.11387264830047	-1.68711067718191	-1.80381246822486	-3.96292025249531
NaN	-2.9160485088978	-2.11687401154094	0.194836206439956	0.126595157509206	3.21475289515024	1.28042027580018	-1.34791385068	-1.3344783056282	-1.41628849222218	-2.48241392471625
NaN	-1.80369435382599	1.34335977018803	2.43763808476497	2.28075822682156	1.81590266631302	5.49639665545261	2.0101417749045	1.78270416477104	1.70943133329144	-0.11597812338299
NaN	-1.41416877632088	0.0377260375665742	-1.64008430817385	-2.05096628676933	0.615742931855239	1.34591474404128	0.384650073764416	-1.3719606147378	-0.699758324453356	-0.309536187038267
NaN	-2.31626222645277	1.2854199402254	-1.10112439251729	-1.32962400466637	-0.933946803264447	-2.44438651833131	0.395129996466985	-4.75438006333329	1.16736423880277	0.582620365785879
NaN	-0.797948236985443	1.53371007762357	2.37733542206131	0.295374944525407	-1.74095103407434	-0.967289980545693	-1.48181526434286	-1.29878219232185	1.74678599505919	0.736208547312419
NaN	0.50454117626613	-0.853868799699688	-0.429233970173885	-1.13605121363999	0.496167107337891	0.60152707473096	-2.07095942535665	-3.02222898631215	1.2753552896074	0.479053483461218
NaN	-0.508604260496488	-3.47833009947701	-1.51918762654204	-0.713373406684451	1.23913229837557	-0.481979062722974	-0.290486904041186	-3.3058275455989	-3.21526228411496	-1.53236158483428
NaN	-1.39547209018904	-1.62221212636727	-0.168449603456025	2.76031575455277	-0.300532382135014	0.0642174686286651	-0.991888227689325	-1.22873691694724	0.181141529846506	-1.01901009256275
NaN	0.267837446368774	-2.01008850564092	-1.23915829619909	0.822718652060546	-0.0547436775259453	1.09429526819769	0.899629671378516	-0.617303957392266	-0.344173835427855	0.178700672255788
NaN	1.51371660732058	-1.16409390709863	0.0431723390530653	2.97041778345016	0.765336416436106	2.90938361424055	2.7914895638794	1.97051363118272	0.941353388314522	2.64517566066617
NaN	-0.380487702639486	-0.336360359012232	0.0884171392993499	0.402793758204136	-0.276100413832348	-0.594178821483244	0.901117722192214	1.2056054429447	-3.20653483482544	-0.0267088025845669
NaN	1.58226603459964	0.960030859581123	0.246657365520925	0.533020524523647	-1.02662900207093	-1.56256253182225	-1.79247381216406	-2.28483042625771	-3.98128697412899	-0.557975420129605
NaN	6.24201213930871	2.21837152580187	0.294774427360927	-3.95926388882665	1.9643802171425	0.820720899867859	0.0840076060674115	-0.155018192667574	-0.931865030091923	0.0783419323366913
NaN	2.16592137231709	2.65221748854606	3.31438707708007	-0.885397186158174	-0.512126247246781	1.63730425217576	-0.170730176205618	1.73299019004678	1.91531610715429	-0.512691813797796
NaN	-2.75552972872828	-1.51992012017627	3.45141906829025	0.370154321522944	-0.598976221909147	-0.221074703767155	-0.246136883519265	0.585301377913303	1.90183024445933	1.06901247146561
NaN	3.09441891415741	-0.5626148406397	3.19248959170666	-1.60612922698482	2.39478949660691	1.89812199175425	-0.361189802923882	3.34636730282389	-0.402924683259762	0.307651877056371
NaN	0.98953307188728	0.167160808853953	-1.99174119792576	-2.30955458071154	0.441321785109431	-1.21407750348771	-0.516773643894113	-0.492182335282629	-0.660676280295984	-0.671733927368531
NaN	-2.38120948415749	-0.206117994640189	0.556855027677322	-1.3292727797303	-1.93677721133506	0.60884326431002	0.670864301638848	-1.08838153757452	-2.50607012370013	-1.87828966546716
NaN	-1.25952843199148	1.23355819327388	1.74923937310807	1.87433565830692	-0.446698790607348	-0.288729103445452	0.0371040782042698	1.05540870949679	-1.83991908036528	3.47167121949696
NaN	1.49140863119225	1.22391434688443	-2.43579946168769	0.48336901924527	-1.50733836811263	-0.176146899101251	1.15240042913557	-0.320764651533246	-0.3006970883249	0.699344506407012
NaN	-1.20265956980673	-1.34338341072893	0.529045027264675	-2.92229442516171	-1.97509508044825	2.0381930416184	1.97177061772472	-1.6900310574667	-1.63999110811018	-0.355462266538192
NaN	1.02576011769393	-1.22740661870729	-3.49109867724813	-2.82546892988527	-1.26538431339182	4.6928385640304	3.57907351786473	0.960599533166415	-0.59467961305692	1.11206883125922
NaN	-0.624757681435655	0.837258700941292	-2.93963436492641	-2.72481790694379	-1.5954572792688	0.869683299618901	0.76891329660594	0.477200681638795	1.29070786356939	0.510680346700309
NaN	-1.72057074410175	-0.972351551471188	-2.35240392107614	0.134601027629644	-2.75718860902199	-4.59642457540828	2.46753065232458	-0.113369850919064	0.572373084080877	-1.9826547276674
NaN	-1.3702068354641	-0.786706591256705	-3.31298888311443	-0.125826303430471	-1.20664180033521	-0.444665332721028	3.58045048761752	2.25022230279275	-0.112628069092505	-1.7787261336386
NaN	-1.01940393992929	-0.580430795077325	-1.1592397371327	-0.0784455669750179	-0.346845926348534	-0.250317324158627	-0.687831640357113	-0.439871502493349	0.178974297416568	-0.3327670976894
NaN	0.777138519432468	-0.533614547441306	2.67062516936653	-1.92071073741827	2.48831207585126	-0.42342294761852	0.0564894714244022	2.93470288811221	3.06068703113957	2.62869020693723
NaN	1.55162884511857	1.75684892604811	2.58055906519036	2.04288250481767	4.27737457088197	-1.48653993550715	-1.16991765509354	1.32563103309566	5.77133839662122	2.4260325129986
NaN	1.34149261233494	-0.094901346432832	-2.22986121071634	2.78266174315129	2.86094405245731	-1.03597187189119	-0.0874423949023593	0.305809415129398	-0.426222956524927	0.359766893010619
NaN	-1.40185274467747	0.688292064596055	-2.39901027689914	-0.793702017730442	-2.82411456126892	-1.39834773648386	-5.48656606030106	-3.37317583560805	-0.660457732638877	-3.04441775541444
NaN	0.731710351717875	0.805221625293747	2.87805354805828	2.21458591368577	0.126494182120387	-0.692966059421163	-5.61827336150476	-1.10894885857728	1.91124634856664	1.66006993688126
NaN	4.73087399097799	1.31687488832481	-0.209358187831066	-2.37187458693049	1.70778265319481	-0.423117758883281	-3.53546147084567	-1.06796242560435	1.26666238082626	0.156009626262755
NaN	4.87418553710312	1.73878337726629	-1.70635590258894	-1.19628912237021	0.833110352139505	2.05201812763428	-1.42821122499816	-0.190018009125821	-0.424854521560334	-0.491468803177002
NaN	-2.17813757751267	2.46740819576697	-0.052080769272957	1.85802579824948	1.89191118723837	1.00333201685363	-0.291262946583916	1.56986726856446	-2.74236184344968	-4.16532201978098
NaN	-5.12122986111701	-0.912852281570604	0.258030514076971	3.23109307428091	-0.122323119347639	0.40150070184509	-0.667876522240104	-2.39987354265807	-3.69712198314103	-1.08417463983365
NaN	-1.87491890336126	-2.39144790805821	-1.11718020691312	2.79638233499254	0.928046536189249	0.845519447849677	-0.145773249718134	-0.889490054481451	-1.61488457031399	-0.242445574680803
NaN	-1.23703044967025	-1.28857442098874	2.01880830084513	1.33153897758371	-1.09652538030054	-1.75943846429742	-0.870506371151271	3.29874113885921	1.17203062760799	1.13561906016557
NaN	-0.547371211465339	-0.608155329234306	3.18330289973269	-1.13561743562702	-1.47785970262499	-2.6195009152232	-1.05464863219307	0.0399583090218934	-0.34654737287695	1.12777468015351
NaN	3.29085253590558	0.660470608400492	1.730520580019	1.85201208568915	3.27130904544472	-1.0827945087417	1.27389036875647	0.291169524999726	1.44840287164495	-0.201487535888723
NaN	2.07424897170383	1.69272771929537	-3.55655707064733	1.36141748896592	1.02784159459225	1.33759574933019	0.423305002188899	-1.17988989345951	-2.77396736441905	-1.38237605257571
NaN	1.38596479606137	0.386740737742747	-1.48767367384555	-3.39794801733252	1.82701835759468	-0.346999623709244	-2.63708506978848	-1.12017021987921	-0.97215964988559	-2.89718388454817
NaN	-0.466735642559975	0.60470118943848	1.54714008992984	-3.81963216021042	-2.24957842700433	0.343628936738951	-0.749445755276269	0.405427487620997	0.0319079774908701	0.0648418912854029
NaN	-2.33583290590829	2.29298991828865	-0.741217692101075	-1.69792931424125	-2.71471967040739	-1.26464976907753	-0.555163388559129	1.58057545642326	5.09609704092259	1.49258981178359
NaN	-3.63367719727246	-1.87316448126301	-1.70091176720376	-0.409094588936296	-0.414435092635172	-0.172045813972275	-1.44326942833363	1.38370333791976	3.48705642908181	2.38561180773752
NaN	1.77644777425791	0.748424705327841	0.541679783128392	2.68916036580146	2.4178009270193	0.664619003489175	0.0743663506275329	0.499021606820816	3.29100148142294	1.86083407751141
NaN	0.105665783854189	0.0545167816883774	2.77029240669175	1.55088752479118	-3.37251146989004	0.180991846445834	2.76625413259569	2.91902471665539	-0.18526604006915	-0.458313319771189
NaN	-3.64339099764609	0.225078739195716	-0.419888171355919	-4.07088437269338	-3.09853326946786	-1.16370430244922	-1.76836761538547	-1.54156363188368	-4.61332429298207	-0.592992609677276
NaN	-2.62999036448386	-0.663149222541981	-0.25310589703606	-0.184029165888765	-0.906040553989161	0.97628550751044	0.228822328277324	-3.93056916238378	-4.17473732521587	1.94563007645049
NaN	0.429494929082142	1.72662241991014	1.56450998817809	2.27082692335944	0.0153630439403921	1.37886143827517	5.42374180950451	0.580926518189872	2.11533613209927	1.72085583030627
NaN	-0.518925206533057	2.06086777502976	3.06663973072265	0.176427234330357	-0.825436643735248	0.316893268954493	1.96581580935235	1.89953580257291	1.37623446725256	1.81415250510307
NaN	2.84124418735614	-1.62392837326574	-0.153300582339893	-1.39756908426497	3.46264720557286	1.74273494867843	-1.11376304754913	-1.8058357204594	2.75064336403833	0.812220187768223
NaN	2.32154068104624	-2.39959657296524	-1.05149396404744	-1.43385340018253	3.07356924822365	0.0575749348597313	0.0746654317754923	-4.31104549162008	-3.29504666070795	0.984056524401289
NaN	-2.35780012529598	-0.950304052562224	-1.23774491599953	0.760914350836116	1.12897243734381	-0.712626416465196	-0.82830861135787	-4.05047892152008	-2.44483198490698	-4.72701651465065
NaN	0.19286883120542	-1.99817049421726	0.845906627929319	3.99052687214923	3.48225493845073	-0.705667382886057	0.173690323181945	-0.875592466413826	-1.44492639472895	-3.68337762229067
NaN	-0.105252445059202	-0.9311058378842	-0.459739665177097	0.016854222523407	1.48192960606528	3.01509157396791	1.60101448326267	-0.0425205736661972	1.49251961534094	-0.586418065800393
NaN	4.41986696529437	1.48511611871155	0.575327326663663	-3.02541386792646	0.67826532849953	3.07055262906195	1.23907332550673	0.929505540796009	1.70146197467342	-0.566310572274443
NaN	1.38722171429442	-0.149339329430521	0.383932056335067	0.600214214570093	-1.73605141606492	-3.88897758330256	-0.384305621899004	1.9988599428966	0.136971063160097	-0.444619979778103
NaN	-1.89187004122466	1.6214866139242	1.93766057478166	2.74773697497602	-1.31796304146752	3.0076981854607	2.79882483776262	5.15391642169314	3.25794171046916	1.72829341638123
NaN	2.77188224132628	0.803073262339701	2.64276220624324	2.1742959282004	-1.33952715938674	0.879870526201942	4.94807447195599	3.5039883887477	2.69410338436702	0.0191320333917773
NaN	0.60626845850398	-0.153742588204932	3.03493751749576	2.49267209780264	-2.53051316187519	1.08613256186772	1.1032819600084	3.38688938873318	1.59486957258634	1.9410006389836
NaN	-2.17713530433172	-0.284525634762819	0.752791454553482	0.491146316042338	-0.755022099710749	-3.24793962551226	-3.21329643187192	1.21861559048197	-0.484476955781342	-0.842662782288086
NaN	2.70330702520151	1.52642426644826	-1.28220050714533	-2.35150182506851	-0.21164363850306	-5.43861317929498	-2.47447178806196	1.86736100767943	-4.04990169341398	-0.735029592009282
NaN	-0.521511554052126	1.72456964840518	-3.18745740343449	-1.78521034427625	-2.59583584275576	1.73453097194258	0.657843645343003	-3.80965927887416	-3.55731516698563	-1.52504606249726
NaN	-4.57015035458253	-0.857738114715367	-1.75546041711122	-1.80073394221023	-2.94734411734399	-0.518057159148187	-1.40727549839475	-4.23329503014498	-3.63168373620382	-1.78464577460111
NaN	-1.37729059043446	-2.51588403864796	1.50369521745772	1.66001237369997	0.502994390090135	-1.92178250569622	-0.0889807213903089	-2.27024648963536	-1.20744657316199	-0.677677994307538
NaN	-0.767094193662565	-1.705645996848	0.560024211265762	2.23726995528887	-1.81104948611342	0.512676512931464	0.706334627797798	-0.72482389860942	2.27755484289862	3.47324183116456
NaN	-0.595439622661957	-2.1766473460391	-3.29434653171441	2.83125878720521	1.36372887189796	-3.74371294605546	-0.478754920958034	-1.61378605810924	-2.41271139581333	2.29761296712421
NaN	-0.784369619726994	0.679451164074248	-2.5800621404816	2.28433412748362	0.6540594460236	-0.493896275122178	0.943628436717959	-1.4185210724058	-0.542036346621426	-0.597074812393337
NaN	-0.705946173718649	-1.36692818886826	0.245531176006723	4.16651180920469	0.303505168601255	2.08310412730069	0.277672845324599	2.03977860920957	0.670382197112256	0.0908087379489521
NaN	1.01793679177962	-0.00788083492422853	2.09848985342327	1.12755766118067	-0.915353776161013	0.877407301459122	-0.656725379863098	2.03702928974827	1.64323012434629	-0.426183571835637
NaN	-0.672242201380201	1.29130271973181	1.85674357570505	-0.14068271831141	0.180636925898505	2.1374470527473	0.55353869416013	-1.19238949281083	2.6681686272865	0.551227426108893
NaN	-0.0354738007574975	1.12985724663199	-2.54774185667547	-1.69606227880939	-1.37065927796922	-2.55919701901089	-3.64475075120972	-4.53711436535713	0.986985356400596	0.978302887662889
NaN	1.98831688175019	0.355518524174646	-1.63523971056554	-4.86188789318437	0.88615014889775	-2.84127627806713	-1.72204863705439	-3.34348222224999	-2.5689980197822	-1.85384250051627
NaN	0.396347960504601	-0.212622979988757	-1.33649404082528	-3.91174700230275	-0.71274870240621	-1.66173018256028	2.02222499302957	0.186849586455738	-1.9398016814227	0.0155221995129999
NaN	0.42025799436017	-0.0950617770851996	-0.578103718931152	1.31526970599346	0.0781555935193975	2.58316622174121	-3.35183183900128	-0.153517332868966	-1.81930643526111	2.47257253244551
NaN	1.17908694791558	0.101425906960074	-2.40053953282241	-2.65426575502629	-3.06409184586675	-1.92963315191561	-3.97403212007694	0.934893516888928	-0.220754111962339	-1.14391932330592
NaN	2.03158621698997	-0.0795147953798474	0.512606588073184	-1.08662082456968	-3.50764956969049	-0.5356266999858	2.60380929504802	2.97797238130522	1.53463127573264	-2.17057621756756
NaN	0.553217432712418	-0.755678247073035	2.16430945637404	-1.7282129608661	0.634830732179142	3.24939648383802	2.87874799842159	4.70214884398143	3.07758572003168	2.08127625528836
NaN	0.691810778656157	-0.391870704505138	1.18942476049875	-0.917006120348871	0.514882891300324	1.48040219920806	0.74491969173018	0.474301772674992	-1.07843555236175	2.04409906661748
NaN	-0.805086478755333	3.6716711597617	-1.60234410227385	-0.844727354066629	2.66969720796146	-1.61731589609267	-2.55018957628708	1.99664438053109	0.844820830509712	1.57232397242057
NaN	0.793887411239562	1.53985420368214	-0.454558663370657	-2.76766038372616	-1.96749856494652	-2.45618096509626	-1.34334830118056	2.33825953353333	2.72055518795542	-1.7738027898025
NaN	-0.0140066680706539	-1.71837961432925	-0.20690549672683	2.02328569381405	2.74184400466065	-0.28070564864158	-1.1985719946796	-1.10493864685707	-0.425923070604651	-2.52465134747918
NaN	-0.280963501978129	-0.792626160199509	0.384589832856454	1.60120103413927	2.95486262883179	0.494760676973697	1.91157187807457	-1.3207789173955	2.06039000512578	-1.3278697831248
NaN	-0.568033397724801	-1.95589788481324	-0.996118287085493	1.12886304979953	1.10886991179249	2.98952971182801	3.52979619904942	2.35894195472594	-0.113547027029117	0.809204929067265
NaN	-0.309690916217837	0.102211513597433	0.457920587999539	-1.0354383488375	-1.92843749244639	1.92300244177795	-0.317994786919252	2.08380689271898	2.36773998783939	-0.182486423640174
NaN	0.489564252257365	1.54971972028489	0.129649355190369	-0.519127089014631	0.658203901591465	-4.18997820871338	-4.09429501672604	0.316343250718238	0.745033012297703	-0.786946004849407
NaN	0.099871417587439	-0.643553145947514	0.160209730158248	-2.11412123423015	0.525533994086166	0.453455871785593	-0.0994003177736531	0.959169338667808	-0.138843655648562	-0.634203725964995
NaN	0.776731441198918	-1.53901291210431	1.48651808758099	-3.86542532763435	-0.910187357267288	-0.408833690899364	1.61552376801328	-2.38818845210236	-4.38175660137857	-1.60238755369935
NaN	-0.536254912549424	0.32356298155649	0.336426114152298	-3.00307288053049	0.95010961798816	-0.179658597571474	-1.00383370415598	-2.68186359824374	-4.04026452496339	-2.22002012599163
NaN	1.2258166908978	-1.16290770283056	-1.74584616223603	0.877194120845484	-0.23971110680725	-0.532315771299639	-1.66692238730147	-4.26552326660534	-3.46762716947165	-1.42097041489486
NaN	-0.672991523153765	0.96807301931331	-0.117811815885291	-1.42535601809314	3.87797176225945	1.19845950016136	0.103180715815968	-2.56311801052129	-1.75530770694322	0.149731323180853
NaN	2.65264306470317	-0.793650858368002	1.43109395555725	1.50186693694355	3.73278695488542	0.392455273665962	0.357048122546318	-1.60204924012791	-0.987676229608736	0.577230080099273
NaN	-0.117896364860355	-1.21054059531806	2.20302946448625	-0.0945543923788698	1.08911765999513	3.94899056199537	3.18239918826107	0.411803757616183	0.466319863407836	0.263543347948657
NaN	-2.20121133221581	-0.0433597109118372	1.71555137259078	-1.28495039152398	2.08066566077155	1.79183312285652	2.86188793374632	-0.110397478562554	0.820327082813392	2.4582275596747
NaN	2.67954630395036	1.10688484824218	0.482873786669592	0.223728059197645	2.07324372239685	0.0478997248623596	-0.230295774883324	-0.0871778650598469	0.32166127605472	3.9176833347477
NaN	-1.20004556985134	0.24916875700103	0.634517069823146	6.58914786765901	1.03267139232793	-2.60011244458055	-1.35319092970198	-0.747435507872066	-0.703443532168418	4.96731066388052
NaN	-1.9329049979312	-0.594142884714975	0.603615377771353	2.33984353109947	-0.207452135049068	0.27112855501967	-0.913333241951751	-0.470337462624226	1.50277282362683	-0.277100758496777
NaN	1.00289602905413	-0.100626433737757	-1.03678222460449	-0.579964795539508	0.750242759374019	2.84996087217026	3.84296899431721	5.34795518402912	4.83170826712441	1.10323074718901
NaN	0.290119247571342	0.95909682404765	-0.917187926843999	-2.11401216016163	0.746309267102102	3.77582563554759	4.35448821261122	2.24984682740941	3.0439948123674	-1.02890912266565
NaN	1.45861736049405	-0.37133707108708	-0.357649276999591	1.12550205576492	-2.76837242020764	0.689117460190881	2.68938812596345	1.77590959516045	-0.0096055752909186	-1.80254544884963
NaN	-2.33845425424414	-1.43426560283258	1.31776118847802	1.90318955907166	-3.05440203682193	-0.820904108915802	-1.42566927727563	3.23648100609368	1.13322608050301	-1.1915190138914
NaN	-2.09628216347904	-1.3664521346253	0.883224764009046	2.55328087041745	-0.865299422321519	0.269475061880131	-1.7013614858539	2.09488356038149	0.475466375900869	1.80010886388962
NaN	-0.529670065628052	0.53574611175378	-1.46965996022556	0.44582698153504	-0.388565875888431	2.77878267013792	-0.292424328759126	0.0956596839628182	0.460212063583052	4.31670713642959
NaN	-1.31781462150382	1.8172395592808	-0.119287918073286	-1.24175738910744	0.818100645477923	2.87304509004022	2.16619079842758	-1.60782399487963	-2.53093290259756	2.43563830652355
NaN	-1.39333136902862	-0.659250052677637	0.553493594807086	-0.394463528592727	-3.45968332717301	-1.65126053491526	-0.115438816725183	-2.87180647385738	-1.34317204818703	-0.0786060450678789
NaN	1.97384051310021	0.367443287714699	-0.262632650554306	-0.773133346413024	-0.320259687902103	-3.12696130651641	-2.0171682044568	0.461760355806712	0.509598826339525	-3.86875116690254
NaN	3.64172812771997	3.01138775275223	1.3665954725905	2.43308894084199	1.0976732435852	0.182209216330053	-2.89289006238753	-2.08212449595547	-1.46168681645781	-3.44348898024709
NaN	3.02847742401353	1.9043883605446	0.563059711730807	0.526423667605666	-1.80954557202764	-2.56629445200792	-0.0173745144809003	-3.28887045841176	1.5020861274637	-2.49728135069764
NaN	-1.93640818412481	-0.632981157344193	-0.353327635983395	0.19412461204635	-1.81005999641062	-1.60423357613529	-0.480198398057947	-2.29050165930614	3.08175484624336	0.375965763110006
NaN	-3.85144323738553	-1.64868631922264	1.04277781333945	3.17097615472989	0.903588893499789	-1.50797948775711	-0.450457544980232	0.66136309385002	1.8021239159897	1.30694589623573
NaN	-1.53600512490709	-1.5788988319892	2.49492277650682	3.21952235408437	2.33121273681909	-0.363136916884974	0.895110689722578	1.64352283276918	2.94685730588331	2.1074236130848
NaN	1.28293081857175	-1.08562904438669	2.51551139801071	-0.973626164599675	3.01033243220725	1.43220720373482	-0.247071595512752	0.483143923805928	-2.41321967115125	-0.0288498651849293
NaN	-0.454562432995918	0.785676587730842	2.24184407834305	-1.29519072007557	-2.80017689297837	-2.03633791328942	-2.18761827667132	1.47979339513852	-1.60819349704795	-2.23746470857566
NaN	-1.6819053796698	3.67901825672238	-0.531981191188125	-0.099161936521251	2.21755846105111	1.85657834510408	2.26268497329183	0.10967497112938	-2.28245903139166	-0.296071234036774
NaN	-2.08786229051688	3.47446668920567	-0.832531869034377	1.44247200885241	0.957037297530433	1.52191079395652	1.79550261496888	1.56977713875421	1.12217712021542	0.186756757683246
NaN	3.25999101943904	-1.16938923107122	-4.10595198041888	0.190888694954079	-1.46668657597906	-2.14727359716757	-2.45575015457719	-1.38562843682492	-1.17728074921322	-1.36715154228528
NaN	-1.45673705394922	-0.45051094190974	-3.20978201280952	-1.00684408247114	0.382973886675502	-0.245300418821177	-2.63292125762626	-2.76855846057747	-3.71566445224102	0.955009401574179
NaN	-2.22294106875683	-0.136983507523932	-4.21505197371767	-4.53973348027101	-2.73395561189711	-0.344127876971235	-1.64283606696394	-2.80280366390993	-1.85474451100973	-1.89543077902027
NaN	2.45021619463024	-1.15578886528438	-2.34408457911963	-3.97197520011443	-3.41181689629306	-0.587805801738038	-0.0889839135266555	-1.15284885775206	-2.03582722929228	0.781062971463005
NaN	-0.251491975087733	-0.898993044567712	-1.89696222145371	-1.07126472831356	-0.55832980610602	-0.844828096986208	-1.98113339362608	1.74378907143068	1.94892978039285	0.0380812717200469
NaN	-0.605387028767423	-1.74659375212598	-0.802464335505121	-1.25582562623878	-0.344796097445056	0.685044616461087	2.26529518541414	1.72252208889485	1.40440570823825	-0.876426208528944
NaN	0.0838251633043528	-0.54267424673556	-0.957753448538056	-1.11130109633035	0.453468180924484	1.31596788236432	0.520319524780622	0.570472398294317	-2.53236551468612	-1.12855656525483
NaN	-1.18594381419246	-2.3026999984266	-0.19992888455118	-1.24123381277672	-1.56329339165751	-0.0086310899014036	-2.02938670978933	-2.27197088808349	-4.59126713106922	0.240664928027782
NaN	1.15883718405075	1.13334960056408	1.60922000843023	0.342403707644597	-2.31085891472495	-2.6731374386022	-0.774080091367013	-0.80981140235894	-2.91212028568552	1.36470041276553
NaN	-1.4062940504836	3.75321362551251	0.785864708085866	0.67982213111905	1.56794491555625	0.101398412037474	0.656017738915385	1.64246183082324	2.1356379139801	4.6042580029887
NaN	-1.06790019646294	2.66918936912116	0.732079270484281	-0.289557832333805	-0.473094695558791	-0.0317239502317619	3.41870035013171	2.79833987041581	-1.1510863469684	1.62064676179534
NaN	-0.410836700228103	1.5234306404708	-2.08490253163965	-1.90575962336413	0.384834646473648	-0.0132898609062333	1.1271087115187	0.122945784181009	-1.27691522972074	-1.61589645245777
NaN	-0.439197289432247	-0.757772238110686	-0.702220046823525	1.33247942517766	-1.42749564500594	0.322829201147283	-0.519453245003002	-0.857869795914904	1.34546510691685	-0.301959045668555
NaN	0.738474822007165	-1.34060210895028	-0.404359040410606	3.36414339348987	-0.816230883925929	-1.67029295012605	-2.23406774237646	-1.54571819001113	2.02847052642131	1.88170842427684
NaN	0.574272661220251	-1.0492147292043	0.138127816427868	-1.59069916864769	-2.24614028729857	2.00458708477958	2.68343749593455	0.785324999790503	3.30425340274805	-1.37967541308636
NaN	-0.09885149087806	-1.2484531608423	0.143740582047485	0.890255014667451	0.00154192786559104	1.93286176793847	0.0880651382006326	3.17214773621356	0.501372069368888	-0.209645090289954
NaN	-0.166698148623637	0.120248723456133	0.95369291034949	3.44373613452985	1.68317138299251	-2.62977687906457	1.40304437030015	3.01744441974633	1.91017618428895	-0.894586979068612
NaN	1.21341059972087	-1.5571173728124	0.775655711370635	2.8486299464046	1.57265682534554	-2.79606821455375	0.744567237215561	1.79660071051658	0.127434627412508	-1.09223067348166
NaN	0.934343682565233	1.46379739047683	0.0314098162340824	0.436388829381844	0.841803534828401	4.27308989672551	-0.0173187295794912	-1.4016849047849	-1.08845519105246	-0.492031460331989
NaN	0.53952000284051	1.89908223950597	1.62341258906758	-2.22113142709101	0.404978337451141	-0.450080973325761	1.12545990960956	1.8489474852662	1.43490582993556	0.302698602731333
NaN	1.21065949118184	-0.775154104023568	3.36104779426579	2.21449866998009	1.31744423614661	-0.529822779127085	1.11181840141467	0.0287321562385619	1.33244877204615	-0.0357841597929398
NaN	1.4301337473798	-2.45716470237213	3.15372011859643	1.89875855255095	1.45850569946877	3.12911032076608	2.636960439618	-1.50418980973297	-0.238490249387419	1.81222538865728
NaN	1.31911037228962	-1.35240159764953	-2.15011095969018	0.488150467133164	0.399051535489136	1.04099813273745	-0.824476547349291	-1.47902081822572	-1.99219309828885	-0.89091813805006
NaN	0.022333807561028	-2.20080770691749	-4.42153510469243	-3.81554759579115	-1.11842078010946	-4.28019975319257	-2.71865993669381	-2.00546854003543	-2.29176267391244	-1.18922100114357
NaN	-0.775603766449307	-0.283914996752591	-1.2792012500432	-3.75735135402077	-1.75000912971968	0.325117407632925	2.19244182312929	-3.8632275003774	0.550597667838585	-1.53045150982399
NaN	0.435963619610835	-1.70938699330669	0.184880942759113	-1.64691442152759	-2.09433350810664	1.17088556782438	2.09258808887274	0.755392920122628	1.47682413965475	1.62153700862645
NaN	-0.314927361836289	-1.15310334238694	0.528490773920427	2.47404188830724	2.46461331156719	-1.02744466654966	-0.41263941741916	2.17494406779902	3.58781530864308	2.04847421888751
NaN	0.377522872334526	-0.63882404349606	0.776275510176901	1.02350613664502	1.72370254206878	-0.225788119950818	-0.596086639393492	0.889254260572812	0.275307869115112	0.18344125268322
NaN	3.49759375919964	1.36530114288646	0.992752252191545	-1.41558426687403	3.75832717050154	-0.206603466055694	-0.950245039048296	-1.3034092786447	-0.729891809469323	0.80250816685772
NaN	0.425383184135364	1.19246345988917	0.39682085725218	-0.691880503985063	3.47320978099109	-1.06988516351736	-1.14905966492878	-0.91296381188538	-1.10541750625209	-0.781213847685788
NaN	-1.13077112021904	-1.2073862866903	0.935283683452946	-1.5712166423461	-1.62576368820646	-0.287101648999126	-0.887490126197398	-0.902340500072734	-1.01106258358151	-3.8075494861946
NaN	0.958177623024788	-0.13555599061028	-0.312136239920167	-3.2726323743739	-2.17995063815105	-0.906179152637658	-5.55269660550604	0.460344381434286	0.631584241049292	-1.59802326192552
NaN	0.116990903872738	1.02542924199912	1.52610880116809	-3.52202398253519	-2.37489626173243	0.867088626619691	-4.77171507051702	-0.845889898682254	-1.39221419452626	-1.7709513863234
NaN	-1.00120533477081	0.849488501430029	-0.301860870115053	-1.10864287101897	-1.2726838443291	3.66138918860606	0.295303127652237	-3.63960763206848	-0.613466326221335	-0.780637772120482
NaN	0.272369384065942	-1.19829958881718	-0.255411071900997	-2.3293876784903	-0.599804008145008	1.3086561203232	1.13792417590778	-2.1951654095515	-0.754188438325078	1.25013113089114
NaN	1.68600481521116	-1.4420731607355	-1.29422962083165	0.0159830271278534	1.0416896192555	-2.51205327690624	-0.745956709297598	-1.27415049719019	-0.027578247711159	0.531680181360468
NaN	3.41527984548425	2.90999371042837	0.496890653714488	1.34201704533367	1.86216762368539	-1.79027135187838	1.90744614967428	-0.184464627449697	0.201676619020746	-2.549636956458
NaN	0.624158797582237	0.558822211603102	1.67678934650197	-0.325530986668034	-0.614866611831435	2.08174729729851	0.052220001613442	0.251321353145631	0.671919805554384	1.49476017057953
NaN	-3.177502661678	-0.0907081516640798	1.99491516980431	0.757756989222301	-0.992956503750062	4.11263344036077	-0.377451722074689	0.167369309007047	-1.58658440684939	3.49452824221578
NaN	2.09569232331271	0.198971725015219	0.507602807944953	-2.46809926204614	2.21945880167089	-1.51883263328583	-2.51506464410756	0.0478417986806613	-2.47218292503128	0.932383213760808
NaN	1.2883247134804	1.18838004258596	-0.417516635295287	2.0604915367758	1.8591047211796	-0.606610024693673	-0.430362185184131	-0.0467043987062944	-0.788237518655183	-1.9985002069699
NaN	-5.49832332244315	-0.378371616577074	-1.82298260902573	2.44674745831764	-0.205857562243357	-0.452226947071916	-0.59883126144517	-0.216127153987822	1.4166325624325	1.87178064829067
NaN	-3.0725165586412	-0.247467943828403	0.408840367269149	2.84273073982244	-0.566350338643753	-0.399761337047049	-2.2302032358102	-1.80931285208004	0.327427636813263	-0.498502216197489
NaN	-0.527046076475788	1.15704175409756	1.52387619749082	0.794678023528578	-0.87270399566223	-0.115843936452663	-1.58619365768098	-0.519862885754231	0.429212136043675	-2.8946974627874
NaN	-0.369906536665631	1.88898296308466	0.899235515603572	-0.181234633328832	1.56018505314737	0.859227692312977	1.2199312847177	0.954399083689208	0.318988894417869	-0.415985620529081
NaN	4.27831260270478	2.27553262268429	-0.732983809106165	0.550565592779948	1.61825087538025	3.52232965341213	3.7862704975377	2.96866377423975	2.56884528069131	1.38532783155384
NaN	0.631064529345257	0.349138328764189	-1.65849815164399	3.65321054144878	0.0617348302126232	-0.52506649718212	2.60912371509281	1.98375689766137	2.19265370764284	-0.0640505529398958
NaN	-5.33974379756425	0.240156830951506	-1.46218651701073	4.33070493632143	0.0474110090320615	-5.08522544801259	-2.59488511576835	-0.246911582036157	2.31675778047775	-1.15566013896809
NaN	-1.55544027141985	-0.314334859103455	-0.00175673043235947	2.42403660281367	-2.16785942169588	-1.91994569720376	-1.19180559532828	3.86274157512196	3.12920897165604	-0.610568870275474
NaN	-0.916075118469508	-1.01011419437822	0.807574419601651	-2.59640731098588	-2.18030177751969	-0.0735087510534578	3.52258511528797	2.08142716904276	-0.158567125036016	1.56100418004739
NaN	0.46537527316234	-1.74459345750447	-0.751258128398896	1.92290862321201	1.24939799994213	1.72698897256463	3.50809901021143	1.01879020872157	0.0972691943193823	-0.220104106754672
