NaN	1.04313377019779	0.357893741847833	-1.52850403745845	-2.65709850362283	-1.31768305007052	-1.07546217114091	-0.345977079017421	0.0496839841432054	-1.1280414452985	-2.63401147979556
NaN	2.42024968281932	0.684682963370457	1.02151917333194	0.290573938705848	1.75524270155487	-0.854988244676588	1.41662686495337	-0.468099553498531	-0.704716384916345	1.24623127338214
NaN	2.73210019576938	1.35398830443364	0.442791484893559	1.4023909177172	0.0844762536562017	0.373882785515598	-0.0931205190953976	-0.200373161460386	-0.698386345853681	-0.00110517682899958
NaN	0.8575027896796	1.67769328923058	0.678495301618295	-0.577247503197316	-0.823749386287905	-0.163198857999097	-1.59906377001912	-0.775467948974975	-1.51077662165011	0.763820168183051
NaN	-1.57893726990537	-1.59064031274979	-1.50134823719032	2.2595970521422	1.13453575939207	0.128664982083691	-0.283261565732099	-1.28768918304168	-0.14703187444167	-1.24689899083463
NaN	-2.32781435081221	-2.55893644956338	-0.813619920477026	2.7425508491345	-0.323751438910308	2.02969250962251	0.587770778599636	-0.302984689258799	0.895152489845561	-0.42417180478561
NaN	-3.25706059288679	-1.50326318907132	0.0630773975182751	-0.902567243623161	-0.0930906444860355	3.40017930650297	0.837873650632169	-0.238966083998641	-0.437842761417416	0.371944872012586
NaN	0.054026611425838	-1.84802171423507	-0.851891323607398	-0.894960623013256	2.24779764458067	2.18215493947689	0.970729764524532	-0.136932809102296	1.0237748677118	1.43565804696859
NaN	-0.735573453226538	-0.979138395032728	0.189439602452225	-1.04923409034591	-1.76796147450963	2.14451697462508	-0.45187679298724	-0.0548549978338193	1.18161139915052	2.1936004869136
NaN	-1.21811568143289	-0.0932500851931329	2.32072651326468	-0.542955819354864	-1.88649828924488	-1.4062391486942	-0.315211515525631	1.03653793890725	-0.515286672174114	1.56433671704225
NaN	-1.1782989658735	0.105796543632141	0.0444275020249011	-1.95687463785505	1.7506445477654	-3.53903249574666	-1.02292795172148	-0.452460078735028	0.264095967488136	2.78445257966397
NaN	-2.55295292296166	0.46346073655952	-1.29631647156283	0.44617732433868	-1.27209860481849	-1.26852353182731	-0.334914293259669	0.888822525956111	-0.693000770770832	-0.154787849857068
NaN	3.21483989229747	1.09099878861578	0.462631039388487	-0.31021643098269	0.254737256113995	-1.00749824099133	-1.47145126368698	-0.0489661050060702	1.33813328863833	-0.207545460418739
NaN	3.24966720134271	3.4696700136725	0.570296102932063	3.71202704945603	1.37672011676143	-0.0963323859710924	0.0121646906625857	3.14287052203808	3.78946683641331	1.62833446009323
NaN	-1.07281906377518	2.98631388788131	2.42713502972305	0.0384808557293784	-2.73369771860298	-1.90197684540951	0.45182676410064	3.22905757707949	2.16583814758783	-2.84088900257221
NaN	1.66035789326282	2.42810163317915	3.4657336037629	0.182252540728197	4.05236842874891	-0.327665910872854	0.518703300066027	-0.468748007931836	-1.34630864760953	-3.34963999296948
NaN	-1.43080013133589	1.14862724275171	0.138383455490236	2.24249633668079	1.37645781671624	0.170648820517267	0.77361157449285	-0.376191948542447	-0.720299285922441	-2.69266112358195
NaN	-1.41449241185392	-4.18759337506464	1.20856211341095	-0.409002841769535	-0.633313034881916	-1.59301515771962	-0.877044037064163	1.65905595060205	0.0419966771048702	-0.692876731721185
NaN	-1.65475787975172	-2.76860915426432	-0.739650990511136	-2.86234455580721	0.0783585553632405	0.231665480598429	-0.0994207763122368	5.08313973909439	2.54482267457397	0.253438896988271
NaN	1.4664805525785	0.014313752674021	-0.584791891747926	-1.32594747990811	0.891459944733867	-0.515819641214588	0.0669190154100909	0.620794554340288	0.695075771370286	3.1251469113769
NaN	0.750098952779671	-0.42846513407966	1.71334032156611	5.03269926123242	1.81907871790999	0.361720550988361	1.46543549450821	1.14267971819528	1.58813619995991	2.89871313753088
NaN	-0.524280821500805	0.363589129798209	-3.97080481883435	1.79409517513601	1.05731723784774	0.932396318623751	-1.34977361126412	1.18970489194691	0.112832512061619	-0.646615539226684
NaN	0.814982842689046	-0.318435186704229	-0.792767224912515	-2.10559724063127	0.613611592618164	-1.02883157600262	-1.3823419050196	-1.97237469956952	-0.556583141080101	-1.49189984378823
NaN	-0.283269642936845	-0.355890659601993	0.0618613771641213	-3.98622722738761	-3.63596137646725	-1.32535898023595	0.473651191428312	-3.50833637874517	-1.56488971303555	-1.81758009874385
NaN	-0.803337803706099	1.4524386183655	-1.09429598527096	-1.56750144169463	-4.41102691041141	0.682023360987321	1.09377310450164	-4.11433536253812	-2.50337607005188	1.10191448503237
NaN	-1.27834524292027	0.191825957893659	-0.880785003723246	0.0660908930072081	-0.158697925545217	0.338736814069393	0.231589323585004	-1.7757422843264	-1.05446435875657	1.35079756266773
NaN	-1.29165731209755	-1.03173361947532	0.749693265769621	0.125115618025994	-0.145350816821988	-0.0393367120635134	-0.951731713576426	-2.41051945125873	1.40471054845817	-1.1236764779722
NaN	0.247109638609429	1.83753646393764	2.80433457093312	-0.113663097615072	-2.97825554124597	-2.66610823358337	-0.884886434064181	-0.217411099127657	1.08016357823497	-2.58184865886531
NaN	0.832732807431293	3.0327742312895	-1.92389376161115	-2.32150629941822	-1.50232005951535	-0.698545870359408	1.67220075360418	-1.03734704931078	-0.981927506119797	-0.30612148549869
NaN	1.32204918623486	-0.238138062024509	-1.79095451005832	-1.53402465859355	-1.70512075910621	1.15085176266982	0.505113787316401	-1.64201668265373	0.571857323778747	-0.31651150184613
NaN	3.04785214886849	1.52309354068925	1.84382856403502	-0.108207501097351	0.767373009332877	1.82840957218285	2.3704940037368	-0.716530211080754	-0.935226933230443	0.920063799656288
NaN	0.369255077056629	1.54624466737654	-0.874386065423474	0.400394467622031	0.381035544927983	0.00543475853483394	-1.20299997058647	1.77910737218308	-1.50114688417411	0.723457029492666
NaN	-0.817741487310984	-0.104558660679074	-2.72831212676103	-0.823769100220004	-2.02606451288084	-0.63201308319845	0.389009898528852	3.67277914893004	0.72146700234804	-0.366891893640894
NaN	-0.391816488471358	-2.13352431399501	1.17191747168602	0.0031221723638733	0.887361508327596	-0.199533806407835	0.218225867491629	1.38242633014323	1.27319896252935	-0.107148917910517
NaN	0.325572296886195	-0.3217289634364	2.22324706141988	4.4734179043612	4.28210403075455	1.4862224185703	0.272409833862595	2.23326846867236	-0.628504071841232	-1.10098775442717
NaN	0.00207891552979453	-1.30108867539763	-0.904521390010314	2.14834154952939	2.359664961702	0.917984875044269	-1.3378105856849	-2.74453094585645	-1.36277765544275	-3.25954570648828
NaN	0.206266819029831	-3.63093148548879	-1.9110258374582	0.0190368189709138	0.373296352997223	1.46315180922918	-0.252706400896838	-4.55980953438002	-3.04631417696445	-0.515395071436946
NaN	0.615830734609013	-2.55150438638217	-3.54358946961159	-0.561784974948125	1.4393817093071	-0.663671739911518	-0.0425409930203964	-3.00924108576099	-2.58658011550121	1.17200999952089
NaN	-0.159936472534756	0.89052410684457	-0.402708360122978	3.26560937050452	-0.547222074341494	0.271391041366443	2.86911481580433	-0.121671587445887	1.27094439868819	-1.7788474103876
NaN	0.474638981277894	-0.8750929434196	-2.64124495199922	-1.43278444136935	-0.893886823936753	3.4702532694668	1.54983693490787	0.218788515350254	2.67873031248841	0.542745906851158
NaN	2.76627633107184	-2.24680732138226	1.28119635209095	-1.2809180859636	2.01125869759267	-1.47222364914319	1.81737732735001	-0.578006171319461	0.664920520173287	1.79224860982872
NaN	1.35008206978999	0.121570394755951	-0.624845408823491	-3.06031096477547	0.237309672640337	-1.52017553097961	1.41629131072244	-2.00060626452329	-1.78680557920515	0.272788836291921
NaN	-1.32230012124173	-0.625915306534589	-1.07593524019555	-2.57580111385343	-3.19040486027071	1.64711702375636	-0.00933657341597226	-0.214549209815192	-1.29735770620577	0.568133290310026
NaN	-0.0341424818254451	1.98605739339497	0.866471816404533	1.31770401547522	-0.857697135035662	0.65372805380199	0.92145276786385	-0.446263211225337	1.86753073770217	4.50395872529694
NaN	1.68705465912116	1.0802873431348	0.788717258907406	2.89599305863188	2.45954937575018	-1.19524182072799	-1.74357681806242	0.99513805187335	-0.881930069953009	3.05490900394818
NaN	1.26706117864909	2.00356748618878	2.06382407067121	-0.172718214284866	2.42964448337954	0.32083523419133	-2.42800363402834	3.59837297842414	1.44872541488505	1.93008200853209
NaN	-1.91567128610792	3.22924479688934	-0.567172356069143	-1.31759974940273	-3.78927613865053	0.573219676874947	0.923249955150423	1.65571799412386	0.776181593310831	1.56540100849784
NaN	1.58747646497747	-2.06804241758408	1.09179316432407	0.763936295457896	-1.62304114029937	3.27830867774048	-0.0251172412850851	0.532107216357133	-1.1863367663291	-0.985749131812724
NaN	4.09485459049869	0.515393654752757	-0.862374553190584	-1.53172498035873	0.388168452323521	0.3738033741813	-1.91078568222997	-3.86915104904124	-1.18885750386754	-0.0747973474645205
NaN	0.717279837912506	0.0352882958698794	-0.367624218867737	-3.08602323854939	1.63393169236612	-1.95699758759197	-2.26985250085424	1.04345548657666	1.87207870439425	-2.69520811219583
NaN	-3.34845605800446	-2.40156009394962	1.27915844778315	2.28264079244045	0.108295538080167	0.0292082624552436	1.65132864009448	2.68456198102075	0.726288578394463	-2.77836481661284
NaN	-2.5461726264222	-2.16710882300128	-0.727595155715303	2.94460281779359	-0.103100549270543	4.00360784387117	0.373378415711638	-0.323382059386159	-2.87411141908179	-0.702782437601635
NaN	-1.91997559376649	-0.732377598342492	-0.481160319093505	2.2820985445156	1.88987192421094	-0.0605925092079235	-1.05356438565178	-2.82814068169383	-2.29621772552941	-0.4785229904234
NaN	-2.45262708473748	-2.06512574164671	-0.214042244197349	-2.04674927297999	-1.31663677192637	-2.25573916708158	-3.09771968026954	0.367122733113115	-0.486940671399562	1.93692850629439
NaN	-0.673190951156979	-0.020213814837491	1.42515194194456	-1.60397530324554	-0.602218097925584	-2.16371068323502	-2.99764186560377	-2.11424814158809	-1.86694314413515	-1.32248375663498
NaN	-1.38134081082195	0.16584674997114	0.750355887993738	1.49549126968459	-0.183682229528376	-0.867901414521771	-0.936094484015513	1.67813177769964	-1.18401887304945	-1.13639297267569
NaN	-1.3502015648995	1.3420731849395	-0.219499357169728	1.13840880774844	2.64071705682651	-0.653601634009892	1.12370507645304	3.81889417147832	1.58794508550894	-3.23415708992958
NaN	-0.760450003619616	-0.0128690236434527	-0.963714464308457	-1.18750626552627	-1.28017043625043	-1.07277210090569	-3.17629143803468	0.255913100412572	0.177667770333434	-1.25147334877872
NaN	0.296011962780149	0.584954940730476	0.983569282875967	-0.131249612951585	1.54863932105806	-0.37377650535501	0.871980197376675	0.314649451432237	2.70410285810525	0.847437716504275
NaN	-0.389541843738231	-0.437924976815793	2.48921647335502	1.34086693678781	2.95084790108391	-0.425157582892528	2.697845234684	2.22098657136902	-0.00390208351252674	0.274538317112935
NaN	-0.115355649807865	-0.817733003977067	2.35358134228096	2.44945453838527	0.882337597716707	0.603348841628295	-0.673719509564852	1.92886866791588	1.1345970088537	-0.876749372513161
NaN	1.58209513938021	-0.0415682885842365	0.191746103907381	-0.858219679553414	-1.1599500365228	0.965812879587487	-0.563524023907361	-1.64230497776279	2.04068763975151	0.138483415259275
NaN	-1.47697282929591	1.91268806781332	-0.881717425816141	-2.97989315176077	-3.20099304812403	-1.5613480313862	-0.616063475925628	-1.08302551740557	-0.528429516787405	0.281428613737973
NaN	2.87926982970363	4.73467085646947	3.98375139038596	-0.258247920307757	0.106735009950257	0.587135129378431	-0.509514951141939	0.346541402934891	-1.31084430307652	0.575249508379335
NaN	0.810519080366614	3.54311618364248	0.801126895428188	-0.197553855414764	-0.428822287849297	-0.439265156189578	1.53591010271468	-0.69636560166208	1.10185023768056	-0.0468519797280335
NaN	2.92436587596842	2.03021649890128	-1.37785618409265	-2.52864565082272	0.354617145316631	-0.924035565259903	0.498077667549368	-0.711388142152729	0.312986838223957	0.744825450068583
NaN	3.6981344343768	0.299641344189864	1.40213862809691	-2.39423919329886	2.89775001669699	-0.684818674520503	-0.931328794147355	-0.347026027478214	1.41875814391503	0.875436107312369
NaN	1.76195263461473	-0.957166531516229	1.38782141388843	2.39891943092352	1.87034537749073	0.355304367695667	0.165131355874336	1.55860569021771	-1.37247173182482	1.39900937379131
NaN	-1.92686792369202	-1.35333509727557	-1.79119055213845	2.06219037583291	-0.446661896980577	0.196487984410435	0.878992649367344	0.339325680488952	-0.571119756981733	2.90652474080635
NaN	-1.28052613990799	-0.698473068506698	-1.58115543240021	-2.4449421430054	-0.44963241286103	-1.26736742496372	-0.0269078980576923	1.67882567079392	-0.52362188763583	1.20092024893886
NaN	-1.02125362630317	-1.0805481635448	-0.787626039747813	-2.63961510040688	1.30167885300729	-2.01650215049166	-0.702006502154855	-1.34518265888602	-0.462681784420528	0.0665984670216043
NaN	2.77364622103213	2.10829542023379	-0.97722136973346	1.68657817660119	3.13535161464416	-1.08234111091692	-0.568276299623735	1.29943008569116	0.680923867631206	-1.34510123715817
NaN	-0.228034622349413	1.34845912575724	1.73872075525908	2.82579275140127	-0.396808588322321	0.582750745500542	0.770696220495376	1.58732319810692	0.68547462163888	-1.39322272025943
NaN	-0.279047936292884	2.23422008876646	-0.306805381309511	-0.60951894210105	-2.62914026472242	-0.604326223922105	1.88488152503349	-1.48552006470796	0.444827439016888	-0.335845777530591
NaN	-3.16536408368411	-1.11671507394092	-1.13035375444206	-1.01297206971815	-3.50770162559225	0.871432440676329	-0.286946979026078	-0.128356185442486	2.19590604688118	-1.17039375604251
NaN	-3.6311915792252	-3.39748262220635	1.02543334560411	1.47812299928097	-1.8014181676765	4.47081351055782	3.6315516586656	0.81884718200675	-0.476814888068381	1.7993089743823
NaN	-0.31623148702527	-2.20881325206278	1.19646777632147	2.71508342607101	0.713418814109917	3.72229140079978	4.38515377787555	0.920031102752197	1.4711652805198	1.9715965268534
NaN	-3.12267457034099	-0.535362341357688	0.515860346696168	-0.9123371311206	-3.40589686316319	-0.703717263316788	-0.527707844342942	-1.16457420640918	1.65358117929712	0.0411629607647033
NaN	-0.370607195189511	3.44943243973103	1.16539535030545	-0.898765569024042	-1.05575141548454	-2.43929516357218	-2.68130246057233	-0.417078324078861	-0.177027009605609	-0.37821028616917
NaN	0.376625329745659	1.46761839404339	1.08500652269536	-0.19032803670687	-1.84813326107846	-1.90298239360555	-2.55772495333752	0.0896999233230451	-0.399431198301226	-0.307497997303413
NaN	-0.15520188013649	-2.42123325568457	-1.10878507000169	-0.551045924909068	-0.183020011885762	2.74012525830914	1.78251063203658	1.43153316081957	-0.732700549211149	2.6418042023116
NaN	0.588818021709474	-0.942482117656753	-0.134139226112729	0.137527944615984	-2.86309106089101	1.98619117725472	2.8549328604567	1.26525552135901	-0.579282133763951	3.8134969742534
NaN	-1.10124656572544	1.26643950663155	-1.21555168180494	1.63056638754114	-0.250173742342904	-0.448975438516875	-1.99584302758492	-0.617008139353529	2.31101801000123	2.81231244192412
NaN	-0.302275704009374	-0.0303076394514306	-0.0636940419363663	0.991420079773551	2.21241931674594	-3.36137076575362	-2.54969075843837	-0.214152431280525	0.752001722874248	-0.7883369011133
NaN	-2.02590344565691	1.94750177289957	-0.518630663955186	-0.638997988512676	1.46372686372765	-2.27880124941937	-0.584809158518334	2.9569774499658	-0.249738210194061	2.78929693494693
NaN	0.702698031146756	0.435458774536828	-2.62780923528891	0.778035609797873	-1.56617895278517	0.0425408115936055	-0.627299082615371	0.681224769848527	2.09509051271389	1.57536757215561
NaN	0.798467399029569	-2.62257016871493	-1.9656628835071	-0.993053449150228	0.601404029974595	2.55711149639613	4.18056846389103	-0.480566512013966	-0.172135813050124	-0.188238074060282
NaN	1.46028330922226	-1.38573129602973	-0.0558554178430935	0.204888615929783	2.01451910227612	-0.386839439709847	2.61403581670064	3.76139141040735	0.147523911685649	-2.51349388692271
NaN	0.0522361891584151	-0.504132625718728	2.71263761358428	5.76835346060049	2.20096437473755	-1.47751079439496	-0.984571425546169	1.63144757317407	1.01136871283059	-2.08037008251956
NaN	0.572234224898892	1.6747635109716	2.21935435015869	3.24597765789361	1.62296930407051	-0.357463789454298	-1.44603171895539	0.461411412212733	2.09846827987567	-1.04379283982368
NaN	0.405496427899879	1.10680626784763	-0.0542661015201354	-1.03444371015067	-0.172126876089869	-0.241969268667697	-2.80448289119682	-3.1895982824848	2.18795386881156	-2.39498620577278
NaN	0.488762562408989	-2.02569634753167	-1.86119112241687	-2.30389055292209	2.80647036581393	0.523949269452294	-1.17185405083649	-4.98420487690267	-0.793684285470639	-1.04749085604353
NaN	4.43933934780316	-0.162088202074425	-1.18457827733436	-0.832990218251391	1.76098207914645	-0.12581661664028	0.327660589743134	-2.01281198386774	-1.76297783325776	-0.0523384659630641
NaN	3.59293749885146	1.36195891029142	0.491309705539136	1.44245824813914	0.608256802946116	-1.56858794158166	0.0972172841169854	-2.35167224880079	0.258870568958428	-1.04303944709971
NaN	-0.287683997604288	-1.23957761328407	2.39032687097408	2.11053428644173	-0.675911789287603	0.147037568520436	-0.00838034489500061	0.358114728569411	0.450912808979286	-3.01376446641512
NaN	-1.49712691715806	-2.89734506873389	-2.81269139512017	-1.20516535048461	-1.85856234366457	-1.27716783099196	0.0801951381896536	-1.97002087116234	-3.7662332698186	-3.72792004888025
NaN	0.0432372205556113	-1.13625417300068	-1.43285244579839	-0.272129318026071	1.63289256949747	-0.333638321676257	-0.808101553487554	1.38901156084722	-3.44443339734325	-2.26785412165149
NaN	0.485430942933969	-1.14860476661146	-0.877555721667153	0.375830576475486	1.89774380561436	-0.527775100731599	1.54164591226296	-0.505527525535889	-0.650017174718534	-0.675288062932929
NaN	-0.0540231932448123	-1.57884638752545	0.922872511269239	-3.11803947501674	1.65728729198435	1.02998804179441	-0.459120458597701	-1.95525619742677	-1.68391741711352	-0.112493811680259
NaN	0.783947408398482	-1.13730315159112	2.68116632962536	0.37757861496369	-2.58701591079607	1.9590600869991	0.816971120767601	-1.20716413480224	-1.89766304103006	0.564709340422299
NaN	1.27456441884899	-1.49307723691604	-0.903588006554729	1.28761844139477	0.960418935696657	0.0586504517402849	0.296574478577489	1.91506028101151	0.264065640287289	-0.751460736225613
NaN	0.77039399781641	1.5362003675038	-1.73715027815648	0.203637934229295	-0.851972375765724	-0.669840760637143	-0.245119591406467	0.953019959709096	-0.982446109279728	-1.77467112673264
NaN	-1.99142692222561	-0.736154653131713	-1.59055551483181	-4.60168849123014	-3.26682466608466	1.1312481510506	-0.507046676197627	-3.55275561366109	-2.03819404886999	-0.291263252234454
NaN	-2.00066085587166	-0.488806260338847	-3.11467756202766	-2.78754664190468	-1.01396596718231	-0.767024743891842	-0.455613423104789	-2.13261056718409	-2.11047780666221	-0.505887986083691
NaN	0.982347249599959	0.896686872516953	-0.493096929210257	2.37117595536299	0.261375210775191	0.970244391433069	0.249953707466977	0.63378077266995	-0.38568424509825	1.91023784032223
NaN	0.546838142508962	1.04481086905124	-1.28558053533321	-0.582295062609667	-0.348504803704265	0.0811787743354963	-0.22207588419043	1.49613157690555	-0.809808252269354	0.598606458007278
NaN	-0.906254056751996	2.79532732085656	1.24236737735111	-3.06908759728355	-0.623389238942665	1.08733885892525	0.399241668115297	-1.23131736628022	-0.818250654810271	-0.91396478169503
NaN	3.41102296838413	2.89767142913874	-0.702001752876785	-1.62239977351911	-1.38684156854366	-0.366875367234096	0.275820337054208	-1.97976774280939	-1.12809068154949	0.053940090832472
NaN	0.480316537370525	-0.0153237161593813	-0.549896436117569	-1.84396350973282	-1.23748788037072	1.6298576399931	-1.98240006508074	-1.24183970728421	0.0469854622576288	1.49335669218228
NaN	1.98475862232233	1.06819551149333	1.15285882587503	0.00806403499324604	0.645882950783707	-0.0928949286011048	0.596985132342375	2.87009106487402	4.52210576950091	2.04490895772059
NaN	0.362761811706195	1.10836026908051	0.474641383493465	-0.113656782064525	-1.03485383847014	2.19850087408639	-0.0334068233467486	2.16924697889712	1.76881550104865	2.60824503266542
NaN	-1.39782365488119	-0.412385357311623	1.91729886211474	-1.24548425580423	-0.82969480524939	0.499895012255636	0.434090993215245	1.97073567066842	1.77598279927723	-0.242007812530262
NaN	1.4878752693749	0.468952468014827	0.163201714920452	0.983533975134977	2.46209071322706	-3.09822290566867	0.855203101010134	3.11893767926755	2.23273982884981	-0.793710112020893
NaN	2.8929445082684	1.82266510092034	0.624240092863508	-0.628784253802129	1.42689565720332	0.836601288278618	1.62898068078621	0.0718571632052012	-0.179426561660514	-0.11480117474073
NaN	-0.65204801207764	0.455016289961346	1.59843224051844	1.42908704906993	-0.984120084339634	2.50635031799009	2.2513330081836	0.104630531194006	1.31346279477096	1.38249693762716
NaN	-0.376521658059607	0.694264237059368	0.275968912108499	-1.63313925355647	-2.34723920361717	-0.960698851172486	-1.24280090605092	-0.00985992990704054	0.440021555886498	-0.0445781736501993
NaN	-2.48264855399253	0.252042934267547	2.49791174763861	0.0970725590127922	-1.87765189027832	0.839431949325753	0.447915991741709	-2.92337823002195	0.804432410861886	2.92644957081556
NaN	0.619476460612706	2.52732720522117	3.67630021426952	0.579955653826458	0.052444522864563	-1.47252350668447	3.77214093723108	3.01368665171636	-0.632334360484244	0.849447244427364
NaN	-2.38683945361319	1.79404916078229	0.349665209368019	0.24381638576401	2.44705447769741	-1.82901767992881	1.782274564461	2.32627522862022	0.309683066095229	0.996184796687355
NaN	-4.51531551287684	0.123473676345927	-0.289785117682704	-0.485393247009136	1.50691816242309	2.42376290222023e-06	-2.0138725957915	1.34130801680828	1.56940777251792	-0.0318838927664027
NaN	-2.88215745860206	0.787733262095245	0.148203022497526	0.406910540491925	-1.25734696791076	3.76755104058784	-2.44565312226864	1.34594821421665	0.0277014323637162	2.10129640687046
NaN	-1.71172039278774	1.13629075146473	1.29419937011001	-0.480604703726696	-3.31091051077238	2.79256741880374	-0.586339130711279	-1.201121043917	0.839706939140975	2.01449137600369
NaN	-2.07676122807757	-3.75259366337806	0.833825545594157	1.99033892342679	1.26605047143974	-1.77370598574159	-0.937750067047012	-1.65715700919476	-0.0428711074297718	-0.737227894118219
NaN	0.477526007715784	-4.32162393298944	-2.66348957062444	1.53224213619912	0.839691215113394	-2.09397617099799	-2.1787403632794	-4.91502994156713	-2.66639308461074	-1.6141751713712
NaN	1.26467837916447	-2.44958511068175	-2.37453886661785	-0.812858261841132	0.576329452287266	-1.03604735012603	-0.592646314618604	-3.87317489351263	2.30982320966303	0.0247518745717983
NaN	2.74220841030451	-0.373127046606249	-1.25314743588908	0.116686276743452	0.40295462407561	-1.98104525784595	2.28285673243384	-1.88862818131823	-1.11868979471848	-1.83342111138804
NaN	-0.0201961711423388	-0.931333866036898	0.315496451433435	2.71920188157225	1.27583379110082	-0.788079070850805	-0.167896255693335	-1.30320822576226	-3.25456537552984	-1.88019160300555
NaN	2.2749637859018	-0.0483028509268893	2.19814041270306	3.13161195227985	2.46815606927069	-1.90179221809805	-2.77839987531851	-0.198787212112707	-1.5770211720785	2.71780267875519
NaN	0.838259484044781	3.44778501169073	0.141935859802762	3.41522317325602	2.09826346236698	-1.36262905886038	-0.264731011536863	1.81710835704023	-0.34123239298883	2.40217981703173
NaN	-1.63988062408708	0.0878079675856468	-1.69797439469312	-1.05686694862253	1.22779590732286	-0.226993371441997	0.443213977774418	-0.657519556803056	-1.33875557397368	0.2713448608077
NaN	-1.98402394791739	-2.44987632379151	-2.60727745021274	2.23560272713839	-1.22932647822376	-1.18025711191585	-0.466298638879759	-0.936688284424942	-1.73303918085826	-0.634290111083462
NaN	-1.0580068184058	-1.26259792369095	-1.83771568871088	-0.0524012943639169	-1.52596691584235	-0.600615396257875	-0.41693876442068	-0.550502220366789	-1.04302683915055	-3.69104277224992
NaN	-1.54129309554042	-0.554875117104656	-3.64783536850084	-1.62938472218237	0.102965311567716	0.518431260896514	-2.53164616167437	0.449350449759937	-1.21507170812139	-2.84079245637089
NaN	-1.27484066146875	-2.03140548977439	-0.481304362549074	2.51305658987512	1.71591854390747	1.55388275718536	-0.878179258176014	0.562754853934282	-1.22834905770804	-1.1186523905561
NaN	-1.08781694367426	-1.0538986149654	1.57794108103357	4.17345406849983	3.68673813863372	4.07877216141139	2.65443999783202	3.34807915323866	0.967689119299272	0.847965803141732
NaN	0.115397852142402	0.632976950338674	3.6178443945116	-1.06454602893019	0.449394162562621	0.965045910883694	-0.704667259111966	2.1787997178968	1.0523085721378	-1.98036203380295
NaN	-0.75973458580679	0.752689929481978	4.02437983936875	-1.585595661024	-0.695421144201677	1.4873872045044	-0.122123646156828	0.713338968938847	3.28471380746268	0.296325986926223
NaN	0.059709462555499	1.36439384298385	0.897553405619957	-3.83748332141799	-2.26618641928256	3.4644892775134	0.0194945520284577	1.85949072608059	6.00478291021347	1.53765683340189
NaN	0.748974646711156	0.926184588991596	-1.22884035920282	-3.53413017945202	-2.07835663677396	-1.25008306763496	0.356257653542459	-1.0202359945791	3.25585501977543	2.69219042776227
NaN	-0.574581239257255	0.234122965895295	-0.94427542140638	-1.55539488121921	4.33662639772515	-0.761097875779807	-1.61199109884929	-1.29255645653906	0.372472898442499	1.06537555209386
NaN	0.711828811181483	-0.0187920107927491	-0.744146278464902	-1.89984780465262	4.51229990055027	2.96712328594012	0.347859580031221	0.618743111040928	-2.53293251846352	0.0918329230073076
NaN	1.60995840309964	-1.14882852698082	-1.70385585917114	-2.13712961442805	-1.22460647455945	0.733914862850051	2.67561518611459	0.596007749761261	-0.433939631745719	-1.19488563687937
NaN	0.11203496032725	-0.157228636105058	-3.30876977615685	-2.92656623503125	-2.34504600550473	-4.14798926546315	-1.14209775592697	0.165312643864426	3.28888355828641	1.88785129217854
NaN	1.91825227243313	-1.13674572462085	-1.5950291482451	0.441495836911653	-3.7736973828383	-3.8678032754586	1.23211063887864	-1.3373493418208	0.379529450328736	-1.76757434002362
NaN	-0.170876818804562	0.0700086010502718	-0.543456406963711	-0.235317851048165	-0.328513582035786	-1.23502862254528	-2.16886388578105	-0.472409010973181	-3.14529576912116	-1.86354070892048
NaN	0.3255250471248	0.05727477940204	-0.425287252356129	4.14345267676787	2.96486077443019	0.359447650220187	1.22671376054485	0.41305218913879	-2.58398715507065	1.58457984819188
NaN	1.67986859576921	-0.20106892973084	2.23171703331605	1.28963324111434	0.656166404281179	1.58728725391019	1.03917606170059	2.03043992069392	-1.32239575422872	1.6229569537981
NaN	1.27665930038555	2.37639697862338	2.01444139128056	0.357800297133213	-2.06467762996067	-2.5760790207704	-0.642620176569433	1.93217313964739	1.42347596428031	0.294998481802398
NaN	0.670293146999378	1.99054161450053	1.53177561822647	3.03989453923513	-2.97624294235284	-0.567764107124208	2.87595940316098	2.16736915564749	1.7703971488886	-2.83153045796765
NaN	2.09701408560377	3.9395796994538	1.06420506693696	0.436335493134257	-1.2267058891012	1.70484476749131	3.44431942256037	0.905842656082124	-0.14412422707071	-2.99074839316227
NaN	0.4751102445857	0.441683195837152	1.59757458313879	4.0548558041063	-0.503431303351481	-2.35906147598784	0.205284295303089	0.547057015371578	-1.19677815563432	-1.91198010233575
NaN	1.21950801802197	-2.67551111989493	-0.738093163177152	-2.2525813793747	-1.59631690694332	-2.6637317933009	-4.75769925535339	-1.12876349743594	0.693925097622632	-1.53764540964005
NaN	0.954130535011083	-3.15229898987566	-0.930673168216459	-5.02039495931225	-2.06974140411378	-1.80182680114471	-1.49079389172567	3.61023647734235	0.384890033073598	-1.44567876943165
NaN	3.04866867172431	0.567292573060989	0.0761440114874292	1.92209770764028	1.08449378077414	-0.759538046332138	-0.337968415367243	0.538679601595993	-1.43208805229872	0.816938843747424
NaN	2.75438760101097	-0.924603466103307	-0.560620713110975	-1.57389033509039	2.11501566074189	-0.638160945833623	-0.64030278132456	-0.69127616122492	-1.19972869329265	-0.184838462868787
NaN	-1.68903331760632	2.07740771519379	-0.193296275904586	-3.42591227631163	-0.9547484942698	-0.600255767402583	0.849881456508188	0.110500124075705	-0.26027395924176	-1.28644691396634
NaN	-0.587871257625938	-0.379430440405638	0.71432254860108	-0.495201581670868	-1.31793972990159	-0.270487578288857	0.793370797653042	-0.897939922637837	-1.49148762593905	2.75302246579507
NaN	0.491007811380034	-1.10729454965773	1.94771063671902	0.903702229581644	-1.16746692370961	4.4913875850625	1.55878056770508	-0.641936208384989	0.411574410735781	2.06132746259527
NaN	-0.716689504243414	-1.0670254869943	0.968080847375987	-1.62226180019689	-2.07309130566573	2.49252691853829	-0.544470287885297	0.772575525061996	0.496747342951235	-0.641658232107153
NaN	1.65987499240321	0.2683544602872	-2.00558696673553	1.70510973083325	1.06585859541867	2.71525558775263	1.32710359705578	-1.61238096573506	1.26172164712234	-0.0482587454908362
NaN	-1.04407336005681	0.273919982049333	0.955951111522264	2.9571179581619	3.42808598078823	-0.822453330032076	3.02313533665727	1.32059413829101	0.462777369916976	0.437747878052839
NaN	-2.18631041198863	1.81591408693967	2.75300296188451	0.0309615428185838	-0.489106567744182	-0.943550100152129	3.65963943346126	1.30467200153189	1.62529122838139	0.950073725643232
NaN	-1.0302239043646	2.10848011972056	0.754400951930681	-1.73660021092531	-2.52796316679057	-0.843225810997937	0.797443653555685	1.43312547133867	0.5694320226889	0.379776517278087
NaN	-1.3243992703036	0.127439283697354	-1.2327890629487	-0.614080863415108	-0.205602802043675	1.69187634023091	-0.885023648249977	-2.88859635413859	2.29442210086575	-0.182056517205197
NaN	1.3689073402532	-2.09664517196638	-1.0733341485831	1.05181592816015	1.38176029938468	2.29250838418713	-1.53935188438594	-2.18276768834647	1.51069525296925	1.50062423159715
NaN	1.96031134425171	-0.100459320713427	0.922132588117239	-1.97673868136215	0.365169153053575	-0.331767090617854	1.95360500568646	0.315458573533983	-1.54940470124391	0.672237834827699
NaN	-2.62363927820549	-2.53853570529192	-0.823234049932992	-1.0692106858576	-2.3490937069773	2.11861477972092	-2.03984580579828	-3.02332733424514	-1.24649433068519	2.01063439442242
NaN	-2.83147481383037	-0.13660865515758	-1.13299854830002	2.08663436112255	-0.19294544446714	2.5711672787018	-1.53022978878767	-0.751237099207329	-0.244329102170063	1.67839125719707
NaN	-0.813904535375523	-2.45314267481839	-1.21101706039182	-1.16476832700656	1.06149000914465	-0.490430713100434	-0.979614029262939	0.222197830553861	3.41796539708642	0.745047416584183
NaN	-1.48562823896152	-0.638151794868269	-0.443269913432558	-0.636082709536992	-1.45214750776731	-2.43908323112227	-3.57199311907974	-3.23414172731395	0.261066462306562	0.934556790374636
NaN	0.125844957161657	-0.0721983822194121	-1.43244793541338	-0.629184194560506	0.878342692693131	-3.30492902979257	0.280833671504734	-0.83917299845534	0.948922953942602	-1.28220993737092
NaN	2.13388742949827	4.35709312136797	0.592330376504871	2.89791066492276	2.96920306852447	-2.73004196881869	1.96077800852496	1.03615507218759	-0.160082395252116	1.30106663834356
NaN	1.90210182451242	1.0388477141443	3.86861605025935	1.86091868528556	1.76177686417422	-0.194455089313936	-0.881220828650851	2.17922601061081	-3.11320180744366	2.01388052250571
NaN	3.1321191348936	0.800904912154732	-0.170097130226379	-1.12968283348408	0.987370414661257	-1.79149873094662	-5.25449987549126	-1.45145412462121	-4.173663720241	1.6354197700261
NaN	-0.460290721077276	1.11525819871768	-1.22173883938046	-1.731002052959	0.63594819281435	-1.22275743591272	-0.20023595998143	-2.17841005009296	-1.65791824268053	0.151478444511794
NaN	-2.61200927342952	2.54566267069713	2.4683305063943	0.675314069712887	0.763293087424738	0.617862869312259	-1.03886160462527	-0.525856061214414	-2.1477541148105	0.45324174730352
NaN	-2.2151774717896	1.94681419187633	2.7452668439153	2.7996457440971	1.67869534290065	0.225324170881377	-2.00528370114838	1.38670980023997	-0.26192711791196	-0.959588989669256
NaN	-1.31911475411457	-0.541168406121721	0.0623196368901391	-0.17904629195277	2.03395247102609	3.07627033733017	0.487040695734079	2.24290433780731	-0.166650658003803	-1.69511337659452
NaN	-0.914163282378815	-1.40764901813143	-3.21672196757285	-2.73679585486264	-0.177978392489044	-0.658361237450067	3.68292025015134	-0.867905949815511	-0.647881931666286	-1.30542480777355
NaN	-1.08817904580943	-0.553908817833578	-2.34742029372088	-1.46563843223404	-1.24081647163055	0.202486172971109	1.87681700098538	-1.34168131622315	-1.73579939452359	-1.25313314297196
NaN	2.00727220760266	-0.870822006779158	1.02053877715093	-0.625407892345012	0.784516048560985	-0.39762643654211	-1.07529877727467	0.0675529055230941	0.488846040719945	-3.5208872593932
NaN	3.06198706250025	1.78024665692115	1.82692432703666	0.81590321428828	2.75877035935014	0.231659793208863	-2.36704878970789	-0.617623970576123	1.16246952581296	-2.78521024153367
NaN	1.41981945541356	2.83521321092028	-0.286049508929131	0.777464840178296	-0.0646262693456601	2.31061004886417	-1.16282349520693	-0.768339484693242	-2.37863870540402	0.0593570668544426
NaN	-2.4458072040576	-0.833623102744208	-1.75326379633816	2.36747306355661	-1.58825437536232	3.35357849451795	-1.35696295174064	-0.599159842744871	0.597045007270677	2.40897796500582
NaN	-2.46584398717686	-3.58257336611892	-3.00429060765851	0.417064247250109	-1.43011268739599	0.391827784969964	-0.743901251173715	-0.595115957912461	1.24093702855597	1.74481628752351
NaN	-2.48500695239955	-1.87278564955617	-2.67508259091836	-1.14667014184294	-1.99807264493677	1.92642266811663	-0.809546285682948	-1.62410962115859	1.16172805371487	-0.844831614737064
NaN	0.61800966930338	-1.32967921195066	2.50115103010071	-0.642376121060237	0.73027731709497	0.259489786494327	0.885671600269699	2.13324084965725	0.377498935233167	3.32461068130879
NaN	1.28452220341764	2.56459068304945	2.94592116284029	2.84272445969363	2.80417981931504	-0.575450716244007	0.671698265918069	2.78660228502438	1.94175213681775	1.18979340472999
NaN	-0.0232447730065498	0.189587466572202	-2.17956617125201	-0.610953307091447	-0.257863634707218	-1.75630009205027	-0.509537194703038	0.26818796814528	3.45836501526911	-0.626965195457476
NaN	-0.351262577336808	-1.32819392630528	-1.60072916948298	2.80600104206555	1.07567994596481	-1.59239613100763	2.94052284764349	-1.73739798599054	-1.74210827290716	0.477690799338542
NaN	0.876774351134908	-0.846229525080316	0.372727486528869	-0.293261465959389	0.0315684374173524	-2.2000485900404	-0.0245327636071068	2.31550718814975	-1.15780211993763	-3.42938508779815
NaN	-0.700852786627271	2.39299477960981	0.759082013380669	-0.21381032307995	0.0739275892100206	-0.933906678546891	-0.853952742570658	2.43204535243792	-0.0986550238483835	-2.43167143389284
NaN	0.804091983297173	0.178869843710322	-0.820663920655226	-1.35229025464008	-0.969618696247506	0.385383212020835	-0.684368165021572	1.22896062106709	-1.63817057807017	-2.56442040127278
NaN	1.40000062793949	-1.66373996483148	-3.25584202896256	-0.403838799276392	-3.45706837182833	0.0922364008621806	-0.0609673675300979	-2.42893764937641	-1.93325028530169	-0.686190625897653
NaN	-1.52950814511138	1.15591210010184	2.08313350596891	-0.237269754032784	2.31624629371395	-0.833239145976791	-0.577821644887055	1.24492549298986	-0.696996505188975	-3.12051530300367
NaN	-1.30339007856843	0.139956189561139	0.389562070997293	0.590185483399007	1.13083854019421	0.231100381119969	3.28050398509166	-1.26583468254833	0.941747569302072	0.0815509740042088
NaN	-0.63824967036796	-1.64722422605161	-1.32906256796452	-0.225699759771759	-1.91035842189279	3.59875418398627	4.33501686858753	-1.46011282496968	3.77644515749994	1.11535132870511
NaN	-1.29399493968997	-3.36887504609796	-0.715788773634812	-0.319772004211568	-3.79688142886714	-1.59342266838087	-1.54578549881069	1.15914679757666	1.9796369680601	1.95807172477534
NaN	-1.38710040662635	-0.555796573425026	1.33425265268094	-0.401681899354324	-2.94567301222997	-1.01951447766347	-0.20702354531518	-1.02962664419892	-1.63275451628861	1.22513271521953
NaN	0.353329078361632	-0.796747098153731	1.29388461023224	-0.228530419785078	-0.151274033593735	2.52098494676517	0.300735727349522	-0.458713674591479	-2.40999105720378	-0.111272759924355
