NaN	-1.77242170074211	-0.521547851526421	0.514147178744958	-1.96206026716695	0.406423176382325
NaN	-0.659721647690197	-0.00905932865546469	-1.85531386165349	-0.610626270892914	0.0772567677676501
NaN	0.350729045905398	-1.85276050554577	-0.0837665957952065	-1.26642125844157	-3.4703292398289
NaN	-2.28974547125251	-1.04333099341271	-1.7766476167353	-0.639797864268212	-2.21991402372363
NaN	0.868120826254836	0.3576589285356	-0.567968537983719	-2.65380161443752	0.0442322511844357
NaN	3.73934271386973	2.34333592311835	1.03013247086972	0.632275725621302	2.50998888032159
NaN	5.96089715508017	2.2212627760746	1.74171710827997	3.71558906075216	3.60982183054851
NaN	2.20270129812655	1.30652361874779	-1.19123851594287	2.02388477032568	1.23283624078909
NaN	0.789046055872045	0.82113120112062	0.563026426693432	0.282696976137379	1.15005459747337
NaN	-2.3479324960086	-0.76480718060772	-0.205228350660501	-0.827390552999503	1.0430565421586
NaN	-3.02156174349896	-2.03441437844995	0.17530803866184	0.570227541544189	1.93710572316419
NaN	-1.75011108283271	-1.40144520078543	0.92752017622013	1.64245137879984	-0.209376085197586
NaN	-2.55396548186144	-1.35707144089442	2.74676569041407	4.71551031626064	-0.574525159025335
NaN	-1.79699596993782	0.765251378574199	1.26145176701663	3.51929322248107	-2.63610888718106
NaN	-2.56928019026573	0.115376109395365	-0.687243004571508	-2.55753615070881	-2.76228622192402
NaN	-2.99414461892201	1.82946814983804	0.562786919571691	-2.44517786079392	-2.85612450316788
NaN	-0.810162534955848	-1.22286339695299	1.546544065458	-2.61177741459948	-1.06013190627791
NaN	0.188997428208002	-2.18841274161415	2.75042451679427	2.75268868386511	-1.63596331495478
NaN	1.91117866887227	1.15438094368374	1.84500302075765	2.91976214373204	4.04100471232873
NaN	1.98792185991157	0.673823938640426	1.49413375314028	2.17979805075199	4.3962038450195
NaN	3.27051875624056	-0.464784603547913	1.51553385937644	-0.0519749703160823	3.22363664172993
NaN	1.92082654032228	-1.22685573177568	-0.93073281241682	-2.234713446223	-1.88769035334709
NaN	-0.126908915459016	-0.00412169953065507	-4.75106598967334	-1.52096553643011	-3.04490658042274
NaN	0.826513353477814	1.06819103406664	-1.23242735331923	-2.95574164148297	2.84683038927745
NaN	2.87529551653467	0.960557160329953	-3.13448969849086	-1.58116431859789	3.33967197677383
NaN	-0.766405880353959	-0.0390262920459527	-4.06691789981838	1.49417725750731	-4.05135039311708
NaN	-1.27715563499982	-0.0452991338464021	-1.57658758142223	-0.0300288797564448	-4.005650739849
NaN	-3.12618516889692	0.186101428041056	-2.23604413771667	-3.9719832734394	0.395657158963097
NaN	-0.355111219080929	-0.81489575889627	-1.00517839692519	-0.294444173189646	-2.40987605807105
NaN	1.84386262683887	-0.787021241015252	0.592463553465709	-0.251265570255998	1.92215523609667
NaN	0.533144233472512	0.805543547544068	4.50448395401848	1.67461796178898	0.287278994357913
NaN	-3.79216846046556	-0.400607037478424	3.4782178117797	1.62244747012028	-4.27382486896957
NaN	-2.29570626574639	0.292085110147013	0.435998267617025	3.30245542869749	0.896825352711189
NaN	-1.42125552090452	-0.853242584178236	0.177896875200065	0.453304737613506	-1.04670981716714
NaN	0.469191808175653	-0.287620794090955	-2.76833501240797	-2.08967724516195	-3.08919338980144
NaN	-0.0326002589577073	1.05426659861749	-5.64663559531392	-4.63247175306682	0.847331978107195
NaN	3.1176966703851	0.704047756829534	-0.216028874971098	-3.38327162840173	1.78063721833936
NaN	0.373926068366658	1.07008136525464	0.433190972536105	1.19287902702744	-1.62550223427806
NaN	1.52753273047776	3.70362660040183	-0.761615439694944	3.51945859636781	1.55980833002764
NaN	0.64193701659181	2.04658171413236	1.78772662579893	3.63158391712699	1.08786237487585
NaN	-0.561411398702221	1.65615544057232	-1.45042248414242	-1.3797634175187	0.438870632470266
NaN	2.22641629166074	0.565712779227067	0.983117193252077	-1.49436751141319	0.393104852800399
NaN	2.22386480413656	2.27415651872711	2.46227855436782	2.49306384574841	3.78080340071459
NaN	1.24651799166244	-1.274740439553	2.84198102422163	-1.8622127769866	2.9693286407346
NaN	0.569304279136213	-1.87808223816092	4.18180083378565	4.53599908570942	3.66055715731505
NaN	1.14706203507534	-0.155544751670794	3.50043887418456	1.12533744327132	1.86098104862955
NaN	2.86200638000573	0.305479140378251	-0.355548920963937	-2.81650293548069	-0.859902000156415
NaN	0.0597174217999893	-3.71447006394065	-4.27563311015627	-3.65816520511083	0.235117996322821
NaN	-2.47774184926204	-5.2318947761487	-1.2941564570678	2.28511184676278	-2.055801305466
NaN	-5.91556834310176	0.303327714105699	3.29795617524582	-0.683783640560394	-3.7912033169279
NaN	2.5406098974206	1.65543635031734	-2.45667942700962	-2.72055427041079	1.30544056996252
NaN	-0.62215990704112	-2.90560813459301	-2.48182421944175	-2.92941615023095	-1.16401285479326
NaN	-1.26269351623005	-0.604992354547917	-1.29356723466998	-2.28431584978519	1.79623755840443
NaN	0.133321946901111	-2.17950957377677	-3.00139534149861	-1.16831786628066	0.868123145541993
NaN	-2.69042913673919	-0.479448912572209	2.20953230177085	-1.6413185028313	-4.2325034151315
NaN	-3.95018029422312	-0.560217501580076	2.65168712452298	2.48228518386551	-4.08864861322215
NaN	-0.644518799231184	-0.353644820374276	-3.28981075346134	0.919778063805047	-2.21556470145027
NaN	-1.23143195859137	-1.0093297531593	0.352222419598288	2.25176309338641	-1.2947406342523
NaN	-1.42068212257866	3.46130685293673	0.924889912077529	0.26180254173236	-1.28578798753501
NaN	1.58819606986676	-1.91771935387385	0.846119003960606	1.35218118483584	1.41296956174445
NaN	-0.119724624428288	-1.28810785989191	-6.0911293268869	2.37567663263616	1.87338736480842
NaN	-1.88513490396043	-0.290322652680921	-1.2662268001304	1.03846280902257	-0.438179958734742
NaN	-1.75594232282278	-2.10453267384448	0.991796886355128	-2.93663498742429	-2.05908642310338
NaN	-0.919967735389419	1.6457773487144	1.18172604957904	-1.13127130695316	-0.2529274749415
NaN	0.443364003098582	1.17289923701138	0.198595708750822	-0.132573076501628	1.41201437820055
NaN	0.310101527769308	-1.41819893890794	0.954279705163604	1.265277212403	0.561824148581047
NaN	2.09781496135068	1.67752797637764	-1.01343962245399	-2.22297976336514	2.57721696997559
NaN	0.0596584022447703	0.49807488583875	0.899739197898289	0.96830186300299	0.707912079470546
NaN	0.553104901221169	0.0140509555961354	0.534042798435329	-0.17237042311975	2.32736196757772
NaN	-0.479183441103122	0.356701786576974	0.0428597927530018	0.105812318954585	-0.355322737842345
NaN	0.728842642112973	0.71263764171216	4.67733556785871	1.7675169510575	-2.64638543372841
NaN	-1.00421227866304	1.3044061627946	1.1527046617745	-0.572498590863629	1.75894792383087
NaN	1.70663774630858	1.35436447124511	0.154661145912682	-0.471962929928987	1.36523293639648
NaN	3.36862417480974	0.361805156877065	0.828741538158186	1.3607891531901	0.803209548469775
NaN	6.90759360465785	4.69519615881746	4.05961322784403	1.51277555647435	7.03314614279253
NaN	3.98168166272883	2.93472308744672	2.40505283769602	0.741624150780528	4.04008669706892
NaN	-1.1361396796293	1.59199960929109	-1.21213254339839	0.176621560068741	-1.84533258805904
NaN	-2.21592154233971	-3.34506542908011	-3.2308667430444	-1.12126688199605	-4.44479487385422
NaN	-1.22385272430962	-2.77408039319258	-0.727571525156626	0.583608224563217	-1.9519450197859
NaN	4.0255535615584	0.422602485009473	1.61308964230878	0.567968369028374	1.58366748699223
NaN	2.5705758962605	1.2328130121992	2.12863258119265	2.86226250149304	3.92560255561676
NaN	1.38916390576735	-0.533704995303752	-0.526265631538152	1.86497743047606	2.71764601989257
NaN	-2.69455564288636	-1.9302459915928	-1.74233587158532	2.37864388300688	-4.23106542939038
NaN	-2.67445110580024	-3.08147146664831	2.86967448069626	-0.611133500966715	-1.50238639714711
NaN	-1.0130501991717	0.667928686927731	2.34588194781032	2.01529223704811	0.370186716240444
NaN	0.82946402291112	3.01348184999543	2.03905680388122	1.11341808371079	2.46836336251004
NaN	2.08326635719588	2.98010191014714	4.35988734936415	1.15774773576548	2.3621797059617
NaN	-3.45333515852211	0.0489358707895452	-0.25738435274376	2.29134363628227	-0.19081914698001
NaN	-4.99013505870532	-2.90618314034612	-0.211985162185258	0.931076277804434	-2.85581704380463
NaN	-0.820760995127046	-1.3593576976251	-4.54918117885362	2.53624417625541	-1.09406412646542
NaN	0.219562537406643	-0.878234501331857	-6.28633492091251	1.19503816341831	-1.69490489781891
NaN	-0.931541955202027	-0.11822700577959	-1.05930867588501	-1.92033913178527	-0.0343759528383842
NaN	1.25877341672725	-1.2556465054003	-4.4423020813076	-0.276344036808931	1.15247352806326
NaN	-3.1836774454945	-1.44820721956421	-1.02456631819381	0.031366171772185	-2.71377939814471
NaN	-1.93249150820577	-0.145214317674166	-3.2856904538662	-4.19289231974318	-4.59240490801317
NaN	-1.0174332709625	-1.66106215904193	4.36385934432041	-5.92681448419871	-3.9984849409478
NaN	-1.84623877917729	-0.916771846883374	0.588182833798289	-1.65247850245072	-2.35336531428137
NaN	2.54444662011571	-0.0868618755142022	-3.54644954238837	-1.97705339748495	2.93045760802325
NaN	0.542324035633976	0.906013952258761	-2.19170302129886	-3.59263207404385	0.943432168931454
NaN	-0.6146011560752	-0.0998768669753927	2.4398355828522	-3.13860323258875	0.198224001769204
NaN	-1.6649217876595	-0.283331833223376	2.13463948959211	0.184689825266834	-1.61893776473819
NaN	0.108084658079552	1.49364077283505	-5.23706125680116	-2.23083352513052	-0.0383009017406282
NaN	-0.682966184337042	-0.389110257254937	-1.19908381260086	-0.392291059211042	0.192611536167586
NaN	1.20662666592662	1.11979370795719	2.40599882141402	-0.712197255355719	2.51314890113261
NaN	2.32355270760563	0.874894898364894	-1.24250960089085	1.22606837867285	-1.65292514107638
NaN	-1.56889610079298	-0.0866367500066766	-0.446446707560976	0.299778506525597	-4.08198643616762
NaN	-0.134066757578816	-0.193746339083971	0.19105070112259	-1.74120585760169	-2.70132107432404
NaN	-0.00158240554304607	1.80187263957732	0.885104418300469	-0.262980961145318	0.839749712176456
NaN	-0.672113038265171	1.87324174963152	3.94198576646232	4.32812012541066	2.00126782608136
NaN	5.58141628017528	3.47838088578128	4.54249785318871	0.314823279621798	4.47581651117502
NaN	1.00328200734932	-1.16403062870551	1.66157971725076	1.54064153330148	0.930171503299526
NaN	-1.99084959878986	0.171742246112016	3.71827585014459	-0.576414528127692	-0.111437462896086
NaN	0.0769290581076775	0.697631499407225	-1.86274340167289	-1.12397875839892	-0.429333646318367
NaN	3.49549126098217	2.62649918216156	2.4301840705764	0.093858925920271	3.09704140258036
NaN	-0.350589011591638	-0.415920453431333	-1.42271350712358	1.33497618420871	-1.06752047537947
NaN	1.42280198793959	-1.32915758780391	0.727475098648903	0.104344901579319	2.82099052087651
NaN	-1.51353316934731	2.93493627485568	1.41688045675052	-0.330668622517339	2.53674712834627
NaN	-2.46277953108808	3.46015101569448	1.58657186028342	1.44766170773349	-1.07259852327434
NaN	-0.485882455813002	-2.77867274913951	0.122557409487972	2.11760511447702	0.871671377355286
NaN	1.87033250428005	-2.27562492049812	-2.05107087879738	2.59889000804061	1.455041264059
NaN	5.1529060764656	-0.657959310254435	1.08267520397549	1.62655243063496	3.41079469707333
NaN	-0.0444305566276455	-3.19058885203335	-2.7504998138582	-1.39791782888814	-1.97692982509475
NaN	-3.65186300683071	-1.81384151376515	-6.89855829086155	-0.260607469378444	-5.6204592760888
NaN	-3.18298969500872	-2.80670399757761	-5.83966355229893	1.5389641869077	-1.57869581123618
NaN	-1.34825755884172	0.226319174179133	1.27399497791629	-1.36057527332392	1.72791320980264
NaN	0.79107357152752	0.0925282461506441	-2.72522958504817	-3.45897381963273	0.5790541717158
NaN	0.901260413569244	-1.73610946053062	-3.83671675365238	-1.9210134132342	0.96580398772947
NaN	3.32476379284879	0.415348502815744	0.826148563138954	0.370726282166686	2.25722344175478
NaN	0.604259571829726	-1.04111193005653	1.00307185773016	-0.137808591442127	0.839095552785418
NaN	-0.633579350915382	0.229368523458103	-1.37101425900381	-1.12518231070001	-2.15094564480461
NaN	-1.76813232672865	-1.74266788607152	-0.703282826313763	-1.65338620261226	-4.21789816428949
NaN	-1.55574844145867	-1.56966917355727	0.378304021195898	0.08994432891992	-3.34578163594206
NaN	0.504032070956986	-1.57726180001553	1.42750055567617	-0.0385446317743241	-1.65328754113926
NaN	2.22295640728983	3.09065395062656	1.58899373525638	1.21143867052	2.74166522692404
NaN	0.673607839359952	0.291381140576509	-1.1630607618891	1.46977192506115	-1.94939637311285
NaN	-1.03152469713756	-0.812747745718688	-0.28721710544092	0.282449579177921	-2.15293288728618
NaN	2.61531371013719	0.950808242203309	2.4417472531886	6.09337163799768	1.64434487562029
NaN	0.0452566260270004	2.8050713784062	0.970414621093016	5.94806570881238	4.33571350256381
NaN	-1.55093433135668	-0.427686771162669	-1.29638343939354	2.26619265694103	4.52277655961977
NaN	3.22796039841285	0.317892950399928	1.9217673141451	-3.24090582648306	-2.0959673491058
NaN	1.08105070517391	-0.240752381388261	0.776338937608116	0.74977172525133	1.12644473719082
NaN	-2.54171595559689	-0.671389793847788	1.25553479670104	3.20663836435549	0.411297051494298
NaN	-3.3341877875683	-0.0716279348950958	-0.0492624602203776	0.502340376299918	-2.64051703760357
NaN	-5.39014347571955	-0.384008455105867	0.932287851819	-4.62610892241466	-5.50822888763277
NaN	1.29948229182917	0.0152441913096968	1.06402687251267	-1.42717475615823	1.75299906321216
NaN	3.26620785440289	0.982109318167971	1.95524352994809	-3.03435371935936	4.79830827184083
NaN	0.261629117891003	1.20153645914655	1.99991658346656	-2.8503425815421	2.28744659043057
NaN	-3.23539188667263	0.573666008852673	1.3280699967149	1.12665622956964	-0.521536702028715
NaN	-0.329806983759441	4.59860264708672	3.65327108413319	-0.273216977514468	0.888085331696218
NaN	-0.967464855194062	0.191465376970971	-1.37309069562374	-0.830710182830222	-3.82251590610354
NaN	-4.49073668158471	-3.43977523210514	-1.16362232593877	-1.34653709556249	-5.86677194660219
NaN	-3.31707806096243	-1.44385671868078	2.23547284233181	-0.713511895847899	-2.51007558321303
NaN	-1.03988629869395	0.26698754080244	0.0580287549092891	-0.213422479869171	-1.6919606145271
NaN	-1.62750321315715	-2.41370109083961	-1.7460961218346	-0.952255552486514	0.340361459952421
NaN	-0.631162355572559	-1.62614619742848	0.462321801370038	0.124907659666353	-0.576000981675339
NaN	-0.557858472057971	-0.591711428439148	-0.105685860414502	-0.0915485298706191	1.06351869453562
NaN	2.82026158559936	0.732442005740649	0.198750134461414	-0.91910653117704	1.68566479665992
NaN	1.65600186289983	-0.235451390298493	-0.167578627296485	-0.845335626882077	0.692858224774881
NaN	2.113304320413	-0.331342486198285	1.18608908432629	1.12016309466935	2.40668850857808
NaN	0.689143752988164	3.69991217380587	2.76080580113772	-0.396469470610743	3.12761042880367
NaN	-1.04392730095275	4.20206127039337	3.47220304893864	1.91954405168241	3.73176109567922
NaN	0.0633458168402784	2.80461099713498	4.27997405902485	1.00680792832969	0.719676179752846
NaN	1.34750965377304	-1.68233183765302	-4.63521737642409	4.35719165967514	0.445841675905072
NaN	4.60561435104728	-1.63541865020423	-0.238481025899279	4.16746073956681	3.58805362569372
NaN	1.03173877412909	1.16256316720925	1.30835052906139	-0.161608151838247	-1.16457280478407
NaN	4.94656906088159	-1.51886364201544	-3.37970574490166	-3.66911558052245	2.6717754958254
NaN	4.31190697815294	-1.51701341232746	0.499893643945891	0.979761466455024	1.36884529819644
NaN	1.70845362569824	-0.493693330098069	-0.0445401500572745	2.41144113243809	2.01913016085717
NaN	-0.355330118179885	-1.18633641930206	-2.72726942567836	2.3767887964221	-1.34608081899203
NaN	-4.94332440624907	-2.40709459281125	-2.60847622649175	0.310119080298425	-1.6036452855617
NaN	-3.36723560075565	4.10205032738215	-0.0189397312564853	2.27372650675028	0.722574458262009
NaN	-1.58308265283207	-0.083134386294441	-1.76664901394124	-2.12299598895322	-0.970076500461528
NaN	0.12176875527107	-3.16301047463254	-4.24433288887134	-5.96528756841014	0.069356454015665
NaN	-1.03982730922935	-0.811579934109698	-1.90216121582256	-4.53008048989443	-1.69381712209394
NaN	0.634813010120138	-1.606829065997	-1.53368556011046	-2.73773001653243	-0.0998508200922506
NaN	-2.07475824644523	-2.2497861517105	1.7675930495571	-1.44422161282142	-1.46436600318524
NaN	1.01866355672251	-0.799544806175005	0.775877551462209	0.0233379634568047	-3.36163646633995
NaN	-2.89207558131565	2.05778231084127	0.707944040713965	1.11761857133694	-2.79908002245183
NaN	-2.6968150075577	4.88898802215399	0.762899359727076	0.461412636076668	-1.49413021488299
NaN	-1.5278032442503	0.180536916793621	1.24698313325952	0.507580381685276	-1.68447500450288
NaN	-1.25213062337234	-1.11603974488757	-4.24194110306591	-0.312944573056288	-3.16892915003314
NaN	3.99675942774553	-1.50709875379971	-2.40067780716711	-1.790694724601	1.26279833690824
NaN	5.87451851325071	0.761041269386333	1.17970425095298	-0.700635552554862	4.32869605971786
NaN	2.63121656803119	-0.509989079293242	-1.68591000040816	3.05792256030265	2.29218010384218
NaN	3.24943248338927	0.7122603007547	1.3414947723179	2.83655638507704	-0.758113803737504
NaN	2.62756398792532	-0.396447075685803	-1.10412271023416	2.88577975266889	0.884525033121287
NaN	0.225998614952811	-0.905110000909996	0.831371023658825	-0.504582249542025	0.888388353621274
NaN	-4.10636852804955	-1.49005032530895	0.489627970437262	1.25782452677132	-2.18818222230966
NaN	-4.11656702725101	1.68522140982592	0.720686820479413	1.67633057554594	-2.53456737365965
NaN	-1.30434883293763	-0.289295354810425	3.32763288356627	-2.49199603351205	-4.22363216294405
NaN	-2.9723944705582	-0.960386431740162	0.307503183318072	-3.62576712878765	-2.38575561017673
NaN	-1.66849217016691	-1.93492689351995	-0.655092139972825	-2.50026293288374	0.295732055895406
NaN	-1.67240579777423	0.591748287474863	-2.15888606130265	-2.16515183421724	-0.981868755694351
NaN	-0.0433951547238954	0.259676563921998	-3.4907962912879	-1.42176298872931	-0.366739814146991
NaN	0.167696520396689	2.58278808641854	-0.317137730656909	-0.884106854898316	0.966811298055576
NaN	4.36826669441392	3.08876877184617	1.9986150305761	3.67246305393883	4.04301426680048
NaN	2.05176041977624	-0.261497803806284	0.33812092055182	3.01935885112095	3.00435770563309
NaN	0.47314250363924	-1.98286634248115	-1.40129945878537	-1.60841427002615	1.52316417905383
NaN	1.52592532019024	1.67646961978223	0.0211192579694158	-2.18475518339494	1.13983536519663
NaN	1.92896201441819	2.21284933539105	3.66237193132193	0.535842828560094	-1.72937714368208
