NaN	-1.980219941758	-2.01190632826943	-1.82035182683908	-1.53669412524738	-3.58367374817381
NaN	-2.20139758539388	0.941243431027637	0.823187066096573	-3.25459748249343	-1.55639451902393
NaN	0.385261768779453	0.538459595764213	-0.940401762607755	-1.79148944669435	-0.335117789188479
NaN	-0.0661583827800666	-2.69263632072596	0.797134177376829	0.542166278000017	-2.45211426123032
NaN	2.60712256525557	-0.564371305945158	3.31046117730587	5.54256387450573	3.77553720992349
NaN	0.729041528249096	0.965825199686401	0.932557764666788	1.62345277571182	4.966474268554
NaN	-2.73017348591139	0.468690299524332	-2.51397671035663	-1.25853294278358	1.00139462768527
NaN	-1.61419367955774	2.32834615558223	0.528084849647755	-1.05378052549575	-2.79881808818519
NaN	0.495410312637569	0.653819360138913	-1.57898554826288	-0.547981074949511	0.804567740061457
NaN	5.45912483565201	1.25012106001313	-1.20812121919888	2.17610972253827	1.9899615561714
NaN	2.13149480924833	3.53108532895911	3.86675498573543	1.50477899588128	1.47131897165491
NaN	0.4334923506644	3.01417867270902	3.28546858024544	1.50131941486395	-1.26520638317347
NaN	1.24152920271277	-2.94177284430912	0.653680959924467	1.97577033945825	3.17808769466398
NaN	-1.19637491976235	-3.83296313435349	-2.57701434498033	0.726104065163831	3.43370726803252
NaN	-2.15502746599822	-1.77795814326865	-4.02877343345575	-3.7790994775885	-0.976000844362302
NaN	-1.0936721810994	-2.25263123710448	-1.77252176518139	-2.49481704624947	-3.34370943964764
NaN	-1.07331276400081	-0.0950048318663998	-0.717539819657038	-0.962009046565129	-5.17555888255128
NaN	1.19397235847849	-1.09888944525349	0.479236339960656	4.21519409544827	-0.346756459334849
NaN	2.27332787993756	2.827603709455	0.295083133659921	3.07261482251531	1.03115535411679
NaN	-0.398680131319545	1.82079209703099	-1.24474829639306	-0.0146822914353553	-0.373421167777277
NaN	-1.13914414519795	-1.07167525313525	1.60812675224158	-3.17397260741189	-1.84146091996978
NaN	-1.36222960516495	-1.35939742760303	-1.28360401163963	-2.84049534949533	-1.66229119826249
NaN	2.98244521690468	1.97622715332948	1.71415098846335	0.648347621195622	1.45598921023198
NaN	3.82756492170794	5.78414319823194	2.51632952884506	-0.954002879118261	5.23223734515088
NaN	0.784604836152454	0.611845465628407	-0.37884107784533	2.38244481496116	1.84465752632048
NaN	-1.34099504820859	-2.02188586778702	-1.62397549480289	-2.37264648752219	-2.12569332010859
NaN	-3.11777541471141	-2.73861994278283	0.429942386744708	1.73942319831273	-1.60149811970659
NaN	1.36737047115943	-2.53329592973459	2.79709113586949	2.14213615729196	1.3222140066421
NaN	3.44977284913052	0.752879600410155	3.58820925465208	-0.219169537762445	1.58956265575011
NaN	-1.53933410833845	1.00253784365946	1.30525919440305	0.652600522169266	1.82540512487169
NaN	-3.56551234122558	2.87965438970055	0.462276664000906	-0.690093801838362	-1.20094806569057
NaN	-1.53567869852386	0.778574104309449	-2.77134003660764	-3.4954799917865	-3.03578802479421
NaN	-0.328912594219703	1.07207573346007	-0.100871273355341	-0.263664369748553	-0.482281904808346
NaN	0.487586515623686	-1.24349859817996	-1.24943766247334	2.39626234231083	0.509513221120675
NaN	-1.42338256461825	-2.31399451882774	-1.28884572057657	-0.67621017346234	0.310950397707934
NaN	-3.19818457575717	-0.759919382089578	-1.30150049869281	-2.03373754709849	-1.62998778454467
NaN	0.123912502397507	1.06075949985273	-1.40978974897921	1.41998864488917	1.55527564660308
NaN	-0.903032015373519	-4.33679583254563	-3.93549576537457	-3.03165076021676	-2.89696053031589
NaN	0.674683709616071	-2.8801220584097	-0.562272220480219	0.337303694796032	-1.86223579675722
NaN	1.94712569323455	-0.463771080789255	-1.10436321727509	2.62286184942927	-0.54717308040624
NaN	0.290888446758208	-1.03346393498158	0.454177370355885	0.437805652048869	1.74289713874574
NaN	3.46049686635958	2.05376204869143	4.46566463615138	0.80554694015526	4.02101148699014
NaN	-0.568106150608133	-0.0424429634978897	-0.552664749369479	-4.55347044922321	1.88008760375864
NaN	-5.40492895911656	-0.508552011307576	-2.94455225979434	-2.63247494489055	-3.46844952283953
NaN	-0.807749865359804	1.27719561386797	1.52005658994419	0.632999416560974	-0.650129340980492
NaN	2.03511734765108	3.17679799063576	0.726152923933722	2.59140991187474	0.467895892094662
NaN	1.01984267348409	-1.71888138292175	-2.14169074758497	-3.41579301390187	1.95611501102513
NaN	0.0436086882207614	-0.268812737593582	-0.560779796816353	-2.15485343428725	-0.241704993758994
NaN	-0.54226926191694	1.06901895187218	4.66514889325464	4.72739214807342	1.49921452639572
NaN	-0.801060744629055	3.9206165365411	3.95330419872147	2.43570277013576	2.41625286291129
NaN	-1.9706896540471	0.997719744468299	-0.396464101707194	0.00116699046120769	0.119372321163861
NaN	-0.133487342375428	1.27664929249666	0.732854186393835	-3.38721020490878	-1.13314585698273
NaN	-0.0406230435034884	-0.846190292094676	-0.214162191425094	0.832061317352519	-4.23745965674844
NaN	1.71570948225658	-1.48738322431079	-1.54363643577634	3.61201520260751	0.640025017662346
NaN	0.996033955083024	-2.80865361528218	2.00690031530327	-0.653988183010815	-0.107757773133022
NaN	-3.30222223368487	-1.67397815503491	-1.02944653453237	-5.01114324305625	-4.22489200972876
NaN	1.22980088840963	-2.26510562954151	-2.94296688208553	-1.03998973328297	-3.57937127134579
NaN	-0.759934571873544	-3.73089024351584	-2.63393550113239	-0.509595409329749	-0.826447691185065
NaN	0.335497040729862	0.0865239802385648	1.41648408197877	1.54456038703049	-2.23545109755964
NaN	1.40446347409794	-2.3222886310976	0.724719138269865	0.187131528648947	-0.235269864193064
NaN	0.379465492974821	0.779111603160031	-2.06800711833614	-0.53633432287592	0.114093650673096
NaN	-1.73887985227329	0.649132163960548	-2.56740968527349	1.14199739287016	0.616729078408683
NaN	1.51945042908726	1.12344192899762	0.0142446882514186	2.11409138113184	0.892209359498125
NaN	0.743663774941323	1.76158924870373	0.810382343521205	0.876153267433313	1.48726101400869
NaN	0.434945722477327	3.04785127142216	2.19257945182306	3.99474828535179	5.67519674370856
NaN	2.88999586952222	2.9075441357879	0.709261419444419	3.82969336412017	5.39018427468604
NaN	-0.447862488631511	3.23714157316396	1.91564149960875	-3.91253556935598	-1.28454057636596
NaN	-0.175053969986878	-1.23372531001744	-1.88297870304176	-3.02575024507726	-1.64339269182993
NaN	2.90583078563882	0.396207931230378	3.44613693261709	2.81350584111195	-0.774995539463972
NaN	4.54792279207042	1.25098100513517	4.63787426032673	6.23279619415524	2.72552956968838
NaN	0.296799520594812	0.589285901808529	3.48114200184523	1.17979891582732	0.414805647222395
NaN	-3.67314227083782	-1.87144532716531	-1.43571704150808	-4.98479112235494	-2.67172492141208
NaN	1.94207220409735	-1.197427264391	-4.11832481819413	3.26652537678693	0.840405280380239
NaN	0.750274456688005	1.31434477819379	-2.23797399225117	2.58928528944709	4.59446396141479
NaN	-0.864453699769698	0.077345247382087	0.7768349095352	-4.04463804540049	-0.239373511819875
NaN	0.0495678502489754	0.243856342279484	-1.5644023300492	-2.03091999321694	-1.67777117822426
NaN	1.58777445722389	0.334247465367151	0.651595805817506	2.50574266812806	0.946190680665444
NaN	2.23158742382721	1.14118359825057	0.176069546534897	3.40525387712595	3.55803885678277
NaN	-1.79934396091193	0.025130394817474	0.315734398074325	-6.21770054600397	-1.74923247701548
NaN	-2.71863963799709	-0.323501622557637	1.13037830276515	-2.52640836980881	-3.93126034859647
NaN	-0.485213970133807	-0.135987678689095	-0.399850735844961	-1.33135243469375	-3.47823159121542
NaN	-0.889770294138021	-2.22463016869076	-3.00692919281498	-2.32966393010215	-1.69878199246986
NaN	-1.01310231665911	-1.15586051945998	-1.08736802589034	-2.11428722477818	-1.49107414982384
NaN	2.75559823417825	0.862472040102443	2.99571929790643	4.59783367742583	2.21824240257514
NaN	2.55609367534267	1.07154473573493	6.10583482502704	0.0419663950532478	3.57504448347103
NaN	0.582970609536062	2.00671313016163	-1.26490028651866	-3.22865851189126	1.79567746409523
NaN	3.4057865579188	1.89894111333863	0.0942593495819528	1.61553527627543	0.90046595924558
NaN	3.72042406020454	3.62547619161253	3.78269327258673	3.901107892382	5.28530274256148
NaN	-0.147324730463494	1.42628460443221	0.470505776589441	1.78498341820563	3.79745513227794
NaN	-0.0781417754590445	-0.928780090151232	1.40998445335916	0.286518808855255	2.3620411123691
NaN	-1.40047071305863	0.599484116625595	-2.68015947166271	-2.30282055687061	-1.14587062973011
NaN	-1.30727752842152	-2.1283945579059	-5.90397312799505	-1.28402507851462	-0.399251260436297
NaN	-1.73831372558616	-1.86788123777317	-2.4828545113399	0.998815401667996	0.349714131140145
NaN	-5.12535688835368	-1.92021954159916	-1.22960067002123	-3.29321743657564	-3.56514311148945
NaN	-5.70510022236819	-0.0613064891825573	-3.23464285229947	-2.32147869868865	-5.52802386609186
NaN	-0.0108631925608575	-0.696224723939906	-0.0730624952563563	-0.310774869922348	-2.60158971316769
NaN	-3.76632034692848	-2.57006287475851	-1.01225165907705	-1.47264745100009	-4.32759090663487
NaN	-6.66325230093381	1.46054721640733	0.725350318799741	0.476161659248382	-5.14562091958987
NaN	-2.92076525369976	-1.07146019331538	-0.856288875163831	-2.8117089202562	-3.4901214923801
NaN	2.65095484374437	-3.56570003283588	-2.06347851771837	-0.417457267566634	-0.0849262472008377
NaN	1.59871145989129	-1.42450032918254	0.154625783004836	3.42026528879845	1.76386760082531
NaN	2.33974870512934	1.36666280535193	1.60166681342636	0.284078932757244	2.13559940855873
NaN	3.26448529188248	-1.7054913657799	0.0259477988337369	0.100869242606359	0.262188160208396
NaN	-5.05105799292688	-2.94411230039551	-2.48105710945154	-1.62024203454532	-1.29132593226138
NaN	-1.92594295689106	1.30765102322142	1.82144567444612	0.948549902936891	-5.08060719934986
NaN	2.80631149699345	3.31746479109813	3.67405543354324	3.39442978460434	1.94449546911525
NaN	-0.154205745085691	1.72245124032331	0.653211846649661	2.12146877489627	1.11648222586971
NaN	-3.34654432202876	-1.35956965209187	-0.794315841304064	0.171354911105265	-1.45071937102727
NaN	-0.35858100864144	-1.55268831572508	0.816860985208377	0.376373594550415	-0.207202095502604
NaN	-1.46824329928727	-1.10835649904143	-0.875642153212269	1.29016432753497	3.21128810907526
NaN	-0.385069206382703	-2.95963249694361	0.991311360523232	-1.83247664645139	-0.591455271263427
NaN	-1.14846523309543	-1.49515236447172	0.101765425027577	-1.03335559894341	-3.03384011611658
NaN	-1.49985215748395	1.60383074036307	1.85285982962003	0.282288237959579	4.25785114015957
NaN	2.15760185085562	3.42517603707614	0.759674824457798	2.09566231352663	0.126235631631552
NaN	3.91781029972247	0.0579218571745702	0.0776203485476897	-1.32431951380559	0.665330266873263
NaN	0.356978027974367	-3.11674157326867	-0.642454589354684	0.302093197651113	0.231497300032202
NaN	2.69548788838311	1.65378652752982	-2.70750405660239	2.06919338724041	3.40361927036158
NaN	2.53370649718233	2.36320374584937	2.18725415931308	1.36860540974942	3.60584346106426
NaN	0.900845309660611	-1.62414272793684	1.33455303423827	-0.442605299696158	-1.32978872449331
NaN	1.66659700945955	-1.32570903088289	2.53823291243561	1.57739214328475	0.625808424443548
NaN	3.07270743897218	-0.504136665546821	1.06188785973514	0.803233591461262	1.63367730578917
NaN	2.76908303993901	-0.909363988056528	-1.84125046011452	-1.73602384371411	-0.959394520782727
NaN	-1.42375974340274	2.0512861898152	-1.76709974489886	0.0733986569551306	0.683828831084619
NaN	-1.05758889138939	3.13956324029096	-1.9828534292681	0.586608603413335	-0.510648798659472
NaN	-3.59526885155599	-1.4573208538923	-3.05397104965351	-1.90347789856668	3.38350301535916
NaN	0.0669291584584953	-2.58092594930379	-3.07320757486962	-1.02915948302364	-0.503909759783905
NaN	1.34328663390408	-0.0246241393359549	-0.438667707156767	-0.282595975392201	2.13765032695521
NaN	4.01512598983835	0.926272184896482	0.111569593534883	-0.919407490963752	2.85997333069001
NaN	2.0207747308259	3.06547854287061	0.404779700338159	-2.53833697050073	-0.0483589860741243
NaN	-3.07283693619494	3.5575350055903	1.44447955888627	-1.43851495850769	-1.7217073100349
NaN	-1.68484430612793	0.932407408926431	0.0746022654140512	-0.511831299884489	-3.01006869522865
NaN	2.6816350915949	2.77946593478588	1.12270397557727	0.37077657748251	1.3348485548211
NaN	3.15510762818832	2.29775170153762	0.625623247916435	0.589516265990545	2.04964495932737
NaN	-2.50344286828134	-2.33240538721964	-2.69397054201056	-0.224434671478297	2.6409652234238
NaN	0.233222162555584	-3.86189535038751	-1.1284831605434	0.763114513497139	-1.24038292734058
NaN	0.310851670279127	-1.05973267552178	2.97603939428566	4.32446851760333	0.530288550000485
NaN	0.968236819636192	-0.199610365766912	2.51995849348474	-1.840546398951	0.878073523847967
NaN	-2.29463383518192	-0.0323185544547481	-1.50326679080513	-1.67236328296167	-3.79219354957768
NaN	2.80422726524004	0.761602956426991	1.47010613691158	1.10041854085031	-1.22757591944297
NaN	5.77801352742649	4.44837822451106	3.67941359615976	0.0417294454074772	1.61991220842618
NaN	2.1571331132481	4.17366902409711	2.3741881475413	0.0835180946835905	0.255990771240387
NaN	-2.07751373574944	2.71377257516794	1.35527504510512	-0.764061364152296	-1.71817698754448
NaN	-1.58608458760819	-0.749953071402336	-1.79524914038293	4.5604206742986	-3.17388916827982
NaN	2.35127785043192	0.999114995157227	1.42363854121005	5.82176620904414	2.97838416429389
NaN	-0.582111137584198	-1.21768151189854	0.27551814171887	0.939525467272312	3.21759139262547
NaN	-0.284651501367574	-1.47266640545037	1.49934853133936	-2.51947093600758	0.362461779932419
NaN	1.89686689177661	0.244285657136582	3.58666003589534	-0.145823645364476	-0.125226596969364
NaN	-4.01036707864382	-0.544162068447258	-1.22917051342451	-2.13203263480577	-2.92547458282757
NaN	0.563081626915309	-2.99342471304499	-3.33458673467184	-2.29748176215096	-4.56421701076165
NaN	0.10125913425556	1.24840783527892	2.38581536097285	-0.615687595689876	-1.08889149994581
NaN	-1.66037626466125	-1.5702440926721	-1.31575110398119	4.01217322221695	-0.260987619193755
NaN	-4.19595760073497	-3.91740407917925	-3.15738352773095	0.670717992021868	2.04862062471474
NaN	-2.39896388606078	-2.4257770084647	-0.126100279268024	0.696058949510514	-0.372525701568697
NaN	-1.49746437847896	-2.40790769901252	-2.49382405675698	-2.13574839570173	-1.33899333361744
NaN	-3.91435975906743	-2.48090870835169	-1.55741699743348	-4.26981979744661	-2.79356965170995
NaN	-1.51669067916706	-0.760679624162224	0.982557473898218	-1.97549086013633	-0.169809536766098
NaN	3.99332544260142	1.90350286343833	1.30715519643955	-0.522957725055268	-0.046496140727347
NaN	1.0911767860713	-0.851590131391531	0.236493268592433	-0.397195174970342	-1.88593233170539
NaN	4.83117731041846	0.930024429945716	2.74136448510038	2.78675651773952	3.79662857654051
NaN	-2.58344772904984	0.740114398807138	-1.44760961349685	-2.09535901348139	0.841869587140146
NaN	-4.44609548689205	0.0439917278137997	-4.20231183254074	-4.94122719149497	-4.68187752524936
NaN	-0.69620983344152	-2.26628141218023	1.27555011142123	0.81077484135021	-4.46065513748194
NaN	2.20641838217097	2.59924686454079	2.21054332294599	3.50557407698052	-0.211714975216669
NaN	3.42680150325756	1.92320505609419	-0.845804017619458	3.04740088983501	3.21979162429937
NaN	-0.211016871945604	0.455047972749617	-0.531183820157073	-3.68800086765621	3.00626754650737
NaN	-6.16515687247147	-0.965377655042325	-1.99169697920331	-4.84407858638132	-3.63907136301902
NaN	-3.95687655974131	-1.54854784861183	-2.77370004596123	-0.335448392678168	-4.51226546102536
NaN	-0.66027271913851	1.05692655390457	-1.64551797418618	-0.890374757464042	-1.08790813101729
NaN	0.38693252450429	0.748643099618641	0.852562262862645	-1.37266359046204	-1.41810077543057
NaN	-0.921785164306665	1.31504669526627	0.602645707771051	0.760344703077226	0.910681173303857
NaN	0.192169058638593	-0.199914257031892	-1.27982581850474	1.49897627018327	2.12962416558306
NaN	-0.634595780345904	-0.345773891608822	-0.241119131801566	-1.06543118039796	-1.18658456813038
NaN	0.603172085378335	-1.20119634812621	-0.0695306001851478	-0.0152659255868832	0.245210696656317
NaN	0.194592231606119	-1.88010194643165	-0.321197643324924	1.12216139677273	0.804872084351927
NaN	0.915963830381109	-0.0442360872568427	0.510177253582039	-0.79800086256787	0.302223782623014
NaN	-0.596304382154642	-1.362483033583	1.57568134604247	0.402482857429743	0.760665906174918
NaN	3.72732888130972	2.25134242253929	1.79407470640606	1.2819861107907	7.76025297798825
NaN	2.51308106011237	1.16196439709729	-0.258462581733661	3.54291105883493	4.84773175800105
NaN	3.72250428072297	1.78973756399343	2.17801378870082	3.1898369212724	2.24330894769282
NaN	0.533060290203476	2.70789385500327	1.78445843936208	1.8749683142958	1.88577972327025
NaN	1.06792467601639	0.123460066151282	1.96953005490532	3.50658334195859	3.35374254701623
NaN	0.247437842005128	2.55201907185051	1.19184574148769	-0.22841764801285	3.05448659203705
NaN	0.68186526921106	-0.9233024380528	0.639180980210856	0.535897609590857	0.608112911224539
NaN	1.19069823835488	0.423165099663145	0.834084715441712	2.16098577613239	3.88785617899598
NaN	-1.17494820522748	0.0995971640937629	-1.91163566115558	0.0556038071185116	-3.21051786134406
NaN	0.573415536063311	-0.440180958467768	0.276934216228092	2.18598300436978	-0.772889245214196
NaN	1.95416948668482	0.0172468864671288	-0.167245640883217	2.83543095526695	0.510790718339838
NaN	1.83869819235339	1.78129334700009	3.15040662223361	-0.116850536593619	0.278545533343754
NaN	1.07795757980829	0.390920182757222	3.32109131446831	2.0816665068528	1.99707181304511
NaN	0.417073317294674	1.89555334327266	2.40377804697273	-0.643737002995725	0.941780869789198
NaN	-1.10513273652437	0.575438436072557	2.6735965869397	-2.68507222315883	-2.95535772912191
NaN	2.83023992599035	0.940707731443799	0.512445093239606	-3.6992992181573	-1.59254987183105
NaN	-0.776514940466763	1.16784795969355	-1.80932129172879	-2.74539092541075	-1.19274267561732
NaN	-3.91697858990156	-2.11470184612622	0.393121417153703	-1.0415645307034	-3.79430513551331
NaN	-3.0145375609623	-0.450486786657971	-4.19142073756039	-4.76186756138852	-5.11523234946549
NaN	-2.27108684486664	-2.37079590384886	-7.40631551421938	-3.80918896910188	-3.96441370753363
NaN	-1.95858571941836	-3.5840759917053	-4.27008500015924	-1.85869247222379	-3.68775187337003
NaN	-1.03595604401711	-2.21084108827825	-0.467234278059931	0.886059671605517	-0.503575835228963
NaN	-0.863130666715852	-0.462534449781646	1.51959717601117	2.71890235842392	0.77918745142294
NaN	0.82485399318785	-1.70605965104745	-2.45261380098927	1.3486172528058	3.700632663813
