NaN	-1.15339567648084	-1.7620520795082	-3.28521023369688	-2.18866758836799	-1.68731822990675
NaN	-0.704288160909473	-1.68633289266345	-0.362209996976832	-1.36058314376016	-0.371284454697117
NaN	-0.198242089310237	4.07775605250408	1.63069674848598	2.15374327706856	-1.37354755791901
NaN	3.67499224913451	-0.00993937441897307	0.993349850606557	5.70999934309492	0.671013562279683
NaN	4.68774860385065	2.35093737664613	5.68429130022247	4.15223558167031	2.74964009118665
NaN	-1.52097952817527	2.64787495575111	4.24106151911713	3.08422526884375	1.73053984037542
NaN	-3.79573039482363	-5.12289753720586	-5.13168025561602	-7.80124725773482	-1.97873978133703
NaN	0.876203879843109	1.59778471321611	-1.95572654178115	-4.81715124939729	2.79682291778229
NaN	-4.16877857254184	3.39532420083946	2.40802855876649	3.25103117143455	2.08602155839048
NaN	-1.58130281831636	-3.66647496260798	0.860837541685747	0.624059418091026	-1.65873320272885
NaN	0.162070635093056	-0.171007646128127	0.535560007102297	2.28433661570569	-1.15971746492428
NaN	0.711358495739819	-0.377985973669503	2.37840992213916	2.39016942919513	-0.543640641235262
NaN	2.45614849462872	-2.94874937663256	-2.87453559696478	-1.7007450765952	3.49870837129063
NaN	0.908191815143492	-2.09991227939689	-4.11323068402491	-8.14798047201063	-1.47534133677637
NaN	-2.36533016726979	0.0314736760677244	-0.447433249944157	0.122551757493941	-1.14813876432949
NaN	-0.122788654332139	-0.637259569288337	-3.19462692622701	0.958404462039515	-2.75367434561308
NaN	0.910253221565592	-1.80876211046805	-4.25588497382211	-3.22477452790164	-1.85603646128239
NaN	-0.602856947068977	-0.533276295075276	1.91366476604951	-0.434039332428075	-2.84755118084189
NaN	0.100799969477477	0.835861761883515	0.446539828759367	0.114365930810395	-1.73441703231194
NaN	0.577893332154233	1.60112270751909	-4.0784336374105	-2.83526621278301	-0.121145100838195
NaN	-0.60728948666617	4.24532932619703	-0.688060855784923	0.673461361599294	1.05486485363838
NaN	-0.903370719173014	-0.367048330595775	-1.40007405310274	3.53190463099639	-0.460590864318544
NaN	3.00903359450973	-1.05531875232361	-1.34312238655155	-0.120975499418185	3.42119091083696
NaN	-1.7738829985532	-0.678268255445372	0.90857360040962	-5.11261932691524	4.64001524280936
NaN	0.825988895713924	2.22030702049896	4.78030954755121	5.79916426848014	-1.01807659772435
NaN	-2.13578941963457	-0.972306938045724	3.97185653142846	3.73074685520219	0.191837592220427
NaN	0.532689726084925	-2.68492622383185	3.09094457057062	-0.387214671920163	0.409368861823105
NaN	5.16719562612323	3.08464862292655	-0.0587986534002917	0.380959087472656	-1.42483958774745
NaN	-2.41002421979148	0.893590827516884	-3.62297310369192	-2.68953722130802	3.13553689321434
NaN	-0.570772430567554	-2.25929877309355	3.27675245399429	0.159954336397182	2.91456670423235
NaN	0.563975031579846	-1.00783922372509	-0.278967776013279	-0.556120983067554	0.774693925111104
NaN	-2.03654387186285	2.47847210256344	0.0513713297677367	1.04934524077851	-2.51401561692137
NaN	-2.55388525707036	0.664753839883393	-0.71038232147673	-0.243375914324875	-4.42064365885569
NaN	-0.840753892482092	-3.18793306841721	-1.33520542999704	-1.14348383804146	-2.42962094678151
NaN	-0.336965941141332	-1.32842870209477	2.68550875027468	3.58866648833483	-0.314338151199927
NaN	0.503731525227438	0.542488583259414	-0.212619521609065	2.38350390278584	-1.69140480595199
NaN	0.018682999479535	2.93983926341684	-0.155678544005906	-1.38192689209342	-2.62562287434644
NaN	0.0698461823460812	4.32298630887185	1.80208803302022	2.62352147591729	-0.94599472325075
NaN	2.62557989078141	-0.588711008353591	-0.735330165191115	4.93704519574035	5.0776052741463
NaN	3.17728776598156	-1.94682388271213	-3.89103047430091	-3.89839606884223	4.45699087759138
NaN	2.30588897924551	2.65247771318909	0.810442828713464	-4.61182294513842	-0.25903661401621
NaN	4.39915569029004	3.06718146582927	2.79829552977244	4.67554960821815	0.499954391564647
NaN	2.27347631711385	-0.0207808248865869	2.70591652804722	-0.126431171338467	1.28597440356523
NaN	1.47689957293262	-0.701664983593334	0.250472741579348	-4.25398504557779	0.622253347173999
NaN	0.874063622800163	2.56393427746331	2.4431832158413	3.07385002436955	0.294124839090188
NaN	-2.05450346954534	0.458576954084628	2.43389828054956	4.23739960666118	0.928976655891603
NaN	-6.38041324503026	-6.32205656318436	-7.62798027632221	-6.40707684423401	-2.8511189166385
NaN	1.76387860080384	-2.26691169729336	2.07128496199338	0.894439934422712	1.3546997784721
NaN	-3.28245723289571	-2.08896302146946	2.80437517061403	2.73663261023963	-0.796916200147513
NaN	2.06790676670211	-0.188311536593469	-4.28871291398581	0.0577279989074179	-1.5163656571117
NaN	-4.59919710880089	1.4661433642643	-1.48949222954552	-1.00580051475083	-2.29441803901814
NaN	-4.48561961416534	1.08708660095895	0.448747910908668	1.30576018986621	-1.40947023866726
NaN	2.56922956806319	-2.77289806606849	-1.77610512220527	1.28965472631678	-1.0094579623599
NaN	2.49908646723846	-1.47443716740719	-1.09209289175173	4.61175806908158	1.16524742931576
NaN	-2.95864642669434	-1.03597039248377	-2.63677210685026	0.482919738517242	1.82897683323721
NaN	-2.17834507333535	-2.35041358862291	-1.80463698884048	-3.82483257021237	-1.55756570149697
NaN	3.0185716319766	-1.29444395439069	1.71013797983499	-2.84601365134513	0.592185614577792
NaN	0.102414263167499	1.19829319540113	0.451183861811646	-1.33208582258096	0.0619159514489063
NaN	-6.57028407814547	-3.20503074839239	4.61137180688399	0.425738182711839	-1.46623605610014
NaN	-0.237258414246537	0.283645726404483	0.311021082448917	-1.37522142697479	-1.20675499723353
NaN	1.0776162792458	-0.528859214070581	-3.39948835982395	-1.17998041463337	1.32386428974176
NaN	1.86442373398918	0.485701521223003	-1.04186909037805	4.21074841493116	0.887171501251399
NaN	2.32044295810957	3.20975215896272	-0.0615888131134928	1.57171627690113	1.19171550529229
NaN	-2.22955760615715	-1.67976336501681	-0.938135603514602	-4.83687807856481	0.608212700359762
NaN	-1.28045633643893	0.242654923683282	4.94274008319676	-4.42989913675449	0.572264449635173
NaN	-2.99228454370779	-1.40102309415225	1.28012158354779	-0.634323270486871	-2.5776371459807
NaN	0.370113373349055	0.185225148916651	-4.44280423151939	-1.92615373525594	-2.50513259403345
NaN	3.20653825623267	3.63733562499918	3.35133224592912	0.799725250002806	0.0735431564480911
NaN	0.427895155670818	2.00150196833413	3.64500884644391	1.44336933967434	1.52370084398459
NaN	-3.00640848811255	-1.59164331908892	3.08344810525059	3.14986722403179	1.59487552355055
NaN	1.69966349879394	0.263249714230369	0.535928299230322	2.06741521968505	0.26845683851107
NaN	3.92929531779907	2.76936722622448	-5.40322091156785	3.52048736023029	1.24603055660144
NaN	-0.507406589315225	1.08469715758249	-1.87451343491773	-1.45068572047107	0.729548405582932
NaN	-0.684376249222757	-0.681885692700065	1.47468546959395	-7.29331447207651	-1.27200363122056
NaN	1.91871755517069	4.52429854904114	2.07249975537409	1.48839981573412	0.542343111914822
NaN	-2.41534801337012	4.02884441240442	0.376540930221296	2.11011638215757	0.899936119762854
NaN	-0.00445959749702586	-1.02689784185919	-6.39128534255388	-2.3628212828814	0.439607750898207
NaN	1.86017996815146	-4.74318452811445	0.280873382349605	-3.31467936782343	-3.20736088764386
NaN	-1.32275780085742	-0.745630641209024	-2.57729971482588	3.37261685557609	-2.49048380755832
NaN	-0.178520568736442	-1.28810837896602	-2.26810343307319	3.62902759558883	-1.34708918990279
NaN	-1.15560680082464	0.768536530493133	-1.12407190390273	-4.47455327622786	-1.05483556033657
NaN	-0.358537664641493	-2.37682625090089	-0.99176109374787	0.00385130194216945	0.301348457525722
NaN	-0.0504646389073444	-0.59434992103247	0.849617907813155	-1.03414870523301	-0.725331461285052
NaN	1.41654751273223	0.133508708681742	2.59403937673895	3.29879051873532	-1.23673158155019
NaN	0.994572660487886	2.85356095053906	1.51721520599429	5.75960517617668	1.297797193229
NaN	0.427905593132385	4.98569225875381	1.48031600618857	2.57615515159934	3.6530114528627
NaN	-0.159424928342554	3.21199629820126	1.5257042007722	0.931550291645561	1.65909010310857
NaN	-0.524239086889751	1.40724611290759	0.866809607704771	1.38616587207854	-1.67702823359533
NaN	-1.63320897182315	-1.16906919067641	-1.70181918793883	-0.934888878534106	-0.104906093113803
NaN	1.0591143205083	-0.192175228727526	0.832742116997062	-3.91183460908171	0.150042582785103
NaN	1.21900810869586	1.9223694540415	0.789475124321324	-0.740709805213481	4.17068899494862
NaN	-1.52162570612496	-3.37100264102023	-3.43324470219109	-4.10856910578327	0.196662161512349
NaN	-0.246857230521292	-9.5155121304037	-1.23108905015245	-2.91774627351157	-1.62222630014786
NaN	-0.0111312051308326	-1.22513951052975	-2.115984940885	-3.62102104657274	-2.63634500553957
NaN	1.42690250142776	-1.02748127540669	1.13489575256296	-1.62426729546258	-0.0991843849827536
NaN	4.64990259560975	-1.78605464117736	4.00086602905561	2.62659989727998	0.673722835583928
NaN	-0.0887481938523887	-1.81479105740945	2.69106422324051	2.5296346959318	1.72194359355372
NaN	-0.87242160678687	-2.64382189953697	-7.01902254817588	-2.53452619132756	0.429977322455182
NaN	0.690489371133603	0.67717069778093	0.466857496397818	-2.41133246656563	-1.62039387494318
NaN	1.05529265781112	2.49251463557114	4.54532687052317	3.74155523293261	1.28056312902949
NaN	-0.568215807253512	2.04626815275399	-0.756836314118459	3.47765399886332	1.45226812015922
NaN	2.17693782612019	-0.258825592942303	-3.60813111866872	-2.56354695037823	4.02742186732268
NaN	-0.137470069432391	0.21588360077882	-0.663155383488532	0.0249886034112746	2.36986173721336
NaN	-0.201248551261283	-2.01894926947604	1.63394433491655	1.41357708562287	-2.07405054808321
NaN	-2.72865345566273	-1.40509275390487	-2.7066811626325	-1.59894014411123	-2.84808864110827
NaN	2.44976251808318	0.83547694114619	0.212857181662708	-0.191524111971175	-2.58253579307638
NaN	2.65421549850576	2.04104711390251	1.26319672756951	1.76055535052718	-1.02056162835077
NaN	3.60352320107065	3.10147412674882	2.7149912364372	4.77039268701189	1.46514769013427
NaN	1.84286239905906	0.851043301268462	0.282915104992403	1.04620625987094	2.15588592160083
NaN	-3.93433595849257	-1.0696671938079	-0.531260100627879	1.72139273765296	-1.44183815801038
NaN	-4.20284715100051	-1.02703708963995	1.88503358674036	3.66806085596606	-1.23598392510388
NaN	-2.15991123678964	2.25162194408716	3.34923028884359	2.69682163880732	-1.29639859946425
NaN	-0.390570093345885	0.243977895150692	-3.31494045071876	0.490296722994085	-0.547793416230408
NaN	-0.503850903038998	-2.15957072717672	-2.38269823294043	2.25428834226956	2.24140545228009
NaN	-3.41497698429081	-0.840240061397249	2.57102550789253	-1.39767608105992	-1.54296101480704
NaN	-1.23861114509596	-0.610118582739713	0.0922430415737316	-6.71893415657969	-2.25709960192925
NaN	3.40883656372692	3.0307879245012	-0.241957133240444	-2.02546685704729	-0.803624426072195
NaN	-0.454232106425726	-0.562169647659486	0.894502112246813	5.12135615906362	1.49929450534811
NaN	1.43306510500914	1.65659280520445	6.31312311964247	5.08580280736008	2.418198481855
NaN	-0.206273984493065	4.09978345805978	3.147351301388	2.88981719019264	2.94275811349779
NaN	-0.971986666415998	-0.383791505970338	-1.70054165034795	-3.56953842109358	2.3376065805457
NaN	1.39570707163208	-2.46981884336305	-5.41195457391902	-5.56432085153851	0.264181066202969
NaN	-0.0403363065865856	1.9613896996141	-1.77866908977389	3.81321246631963	1.28941420748684
NaN	-0.603311785652852	-1.10779127702154	-0.559769388259499	3.25631780824329	1.53044881222394
NaN	-2.15780349796862	-1.22754444138302	-1.68375894757496	-4.48494820382723	-0.604327490591024
NaN	-2.09169262605429	-1.01505387070281	0.0280106357158425	-7.60705487749189	-2.09934592974471
NaN	-0.754311953804428	-2.58147629158748	0.162456176751228	-0.692341787742051	-3.49981599311562
NaN	-4.42567963633146	1.38148934586484	3.05208337475036	2.00133156026296	-2.75252304550373
NaN	-0.129084448451908	-1.38130415122432	-1.80390426610175	-2.76917945888864	-2.79652734547673
NaN	-0.53448119123366	-2.12203432746805	-4.72196189292053	-7.41822809667861	-2.64800782406735
NaN	2.00055189187526	-1.82447772694162	-2.12048385374961	-2.70479047421792	1.31234529096343
NaN	-0.596173545263399	0.84640815808816	3.51383606879098	1.6986550999426	1.05832825645885
NaN	-1.37072688719375	1.09108779254453	-0.529425355501264	0.620849011236382	-1.01103943198585
NaN	2.40121201848308	4.46395384796743	1.3362040928512	1.77096897376745	-0.691335329513563
NaN	-1.295124356215	-0.405501454742162	0.0614209199561157	0.459850056579715	-2.08795202544681
NaN	-2.17758163708205	-5.58432373163992	-1.88033826232259	-3.06835382897365	-2.23308531872192
NaN	-0.759141197566993	-1.03244696096445	-1.68175699814393	-2.16779108868342	-1.65837036973549
NaN	1.81660090399401	2.76866201033511	1.97553877150568	3.31078771656458	-1.07905615751921
NaN	6.22789875163687	2.91817742299243	1.08538533108277	6.13132216318525	2.07175548894428
NaN	2.58096677790191	3.12038337304348	0.876036510290625	3.73327747762569	1.80187811328584
NaN	-6.89171472059337	0.33589884651428	0.986822445267333	-3.79814853270867	-0.608000276341931
NaN	0.300408101625886	-0.293803512982817	-2.16728078887926	4.98157662074398	-2.16895890854587
NaN	1.54950255899797	-1.66165046005064	1.98022843624821	4.58216536906798	0.0734248107527946
NaN	0.8574619303947	0.0872866936604337	-0.247436311882509	0.444110168121129	5.22395798858653
NaN	4.5541890607291	3.01786119791664	0.355315509734244	2.04571486450042	3.17466390893255
NaN	-2.88411965971709	-1.47309535202553	-1.06836518751756	-2.38120630957065	-0.0859742769791938
NaN	-2.65986598656706	-3.60437679667937	-0.341272834035969	-7.63181590523109	-1.77538287052143
NaN	2.07255672531125	1.18489754438529	3.09629341363897	-0.147833884652858	2.18534958387443
NaN	3.48332613287881	1.65461446828736	1.98418171166166	0.980550424943702	1.51276905289982
NaN	-0.220787214251881	4.28511670717568	0.00247406374126502	5.29301672221237	2.82888464471132
NaN	-2.68538237390796	-0.272696617022561	-1.30865058988352	2.21052147146875	-2.45454785741559
NaN	-1.30055366087653	1.25716778580401	0.112881990728789	-1.55628469331365	-1.97434599438652
NaN	3.13411614430966	1.17230452591371	3.07734608684218	3.23775475190143	1.43856904546467
NaN	1.30819098256732	-4.84860623885747	-0.610683645626607	-2.06212198263104	-0.506949486325091
NaN	-2.3520941530146	-4.77659775318637	-5.78730060112941	-6.11750817487187	-1.16988963749064
NaN	-1.36514578370728	-0.0871176479697474	0.22331820149839	-0.551315413079344	0.722005761057702
NaN	-2.36020229687389	-0.34549616870834	0.449364792375338	0.00259396476573168	-1.44966843689137
NaN	-0.226513557674043	-4.01246783945714	-2.58516154545556	-4.61157151716255	-0.427389233705372
NaN	-1.50127227310229	-3.91961685188542	-2.55337779762253	-2.40103707058642	-3.49177238551543
NaN	-1.07746906701607	-2.19980050938679	-0.51896208198969	-0.253876421958012	1.14991371926112
NaN	0.231141543033688	-1.29448640431608	0.669983448437195	0.169645923504393	0.524611029540782
NaN	1.49085326388874	-0.075693314469799	-0.354130449655695	0.131064215013661	-0.0824369651303054
NaN	1.13624997957166	-0.082913450327721	0.116088596832421	0.570675462502622	0.422367593927744
NaN	-0.0547707440083394	-1.53872278185983	0.505303884335936	-0.599484156328376	-1.43970685419285
NaN	1.54785808337263	5.89250576042534	5.97321868519141	7.01054656790298	-0.801851833596919
NaN	1.63023680069792	5.02580588813211	5.02504559523037	5.84487410632766	2.94942574899283
NaN	1.49294243664887	1.31955205937841	3.45197672905191	3.5576774487128	5.18579234309781
NaN	-0.161498217740995	-2.07538876034269	-6.37820917023463	-1.04917503081922	4.394087867372
NaN	-1.16594714397037	-1.30977528349631	-6.25877844918871	-6.1141133674918	-2.03237769868717
NaN	0.501945383613408	-1.45179887436875	-1.4400092985935	-1.19893185230008	-1.16428829543315
NaN	2.14477095658055	1.92053303113725	-0.853857017059733	2.35057789664881	2.25591293733776
NaN	-0.105182427986289	-2.57582450775682	0.366062030298346	-1.06870168016486	0.832858135906567
NaN	1.39988772367222	1.2099364109405	3.40358101220398	1.0265751324195	-3.1380193101347
NaN	0.929605203963946	5.44668862120138	1.95682924385271	2.13532371489452	-1.76177044849886
NaN	-1.9416523937479	3.16350270485303	3.58549135760252	2.79159690347367	1.6726884998247
NaN	0.0739490817930224	2.89221792348687	2.7208717434086	3.25893637030581	0.0940575123910108
NaN	0.493924553661239	-0.242430379713414	-8.96863576400055	-3.07251298475663	-0.273368373633694
NaN	-0.12283304908555	-4.84597306483215	-3.42668190493049	-5.0714449820403	-1.77796773702841
NaN	2.03199647628137	-2.12368958805191	-0.619004860755469	-5.03536325640293	-0.323505639508928
NaN	1.31985610689679	-0.504200288176357	-1.3534412574023	3.03765883149512	0.562219824236405
NaN	-0.358152254297986	1.93803929058219	-1.71311037595215	3.19286707627339	1.72778308723425
NaN	-2.2660203015747	4.28433025237249	4.04876789130617	0.114412774093555	-1.46026886593713
NaN	3.22454057805219	2.04258772625055	3.21497507107561	2.27710510817344	-0.127759197937542
NaN	4.74152405408667	-0.922526325256413	0.585484693091647	0.100879667634281	2.32442571800166
NaN	1.08999715685243	-0.351738872953089	-2.08739318029329	1.95036957971602	-0.32525527305832
NaN	-2.81179151795114	-2.23211322786331	1.45367081733903	0.934799018816532	-0.759792077198768
NaN	-4.27452795838507	-4.37033295546303	3.29521138110817	-2.39913213172674	-0.563981683427867
NaN	-1.54789389313235	-0.518460614535531	-1.51534350706571	-2.08720089489907	-0.400854800030967
NaN	-3.67755255066197	-1.1332689564241	-8.40272909871013	-4.9142382420012	-2.95496653460219
NaN	-0.686566958299449	-0.776042668290127	0.401706697222695	-3.97410675468688	-2.0211858927647
NaN	-0.556885674114758	1.03421420036171	0.837743751107012	2.99435170808152	-1.09753032097408
NaN	2.02847486940837	-0.874319045337501	-0.495508003703888	2.83117691582908	0.364276454478252
NaN	-0.974148683486151	1.54546465632812	-1.379751708828	2.71369182423837	0.599647341950986
NaN	-0.699988521952333	0.806779313002785	2.19484155031354	-1.42588863285738	1.31179662193022
NaN	-2.00298164739445	-0.758638014064427	5.36041795110277	-4.70045237618146	-2.49949192581494
NaN	-0.802608713311744	0.00588267487081741	0.594651417160709	-4.60798718112946	0.233204397479269
NaN	-2.35645543749652	0.0159064845500464	-0.996098925253683	-2.32812250992271	-1.3009897664411
NaN	3.2710350814252	3.73260848626838	0.54091384738286	3.08451174760011	1.10644627762836
NaN	4.97229695307593	2.07286587726704	1.94293977437577	1.40593407375704	4.38756097485843
NaN	0.984906471262273	0.804361515103826	1.55803417930749	-2.92134312849923	3.15428849962379
