NaN	-1.05416401923935	1.00711781889957	-1.45328142764212	1.24029445693643	-1.37536633794597
NaN	1.66298093344035	3.3494535183655	3.59043917369011	2.86575748004957	2.00998868845248
NaN	3.03681109684577	3.88352016896038	1.13421589111316	0.0151979836353568	3.84769192923808
NaN	-0.0613316900928867	-2.22665009983651	-1.99960749253325	-1.45888762285639	-1.67221725256997
NaN	-3.8240760105783	-5.81411387706215	-0.883572143736889	-2.83181589151559	-3.3502258014055
NaN	2.30732140981816	1.66903098822828	1.21413112521628	0.573951497170213	0.779220614540601
NaN	0.995478874703282	-0.070744310177734	-2.80565666138668	-0.674847056013486	1.23156939143809
NaN	0.656973784281496	-1.30967053154539	-0.0204983507643338	2.6308841424287	0.61541844087279
NaN	2.31245637866981	2.74942628508804	1.82688150092224	-0.278541806356687	-0.72498777951943
NaN	-2.40126397442016	-3.35095420377213	-0.998019235643475	-1.83460451682804	-2.46140923126284
NaN	-3.95467113914232	-5.49493250059193	-3.22689867083986	-5.23271179436526	-4.5077688979381
NaN	0.509069582378914	-0.299098896250859	-2.02077826722856	-1.618255488793	-1.53212471658289
NaN	2.91311151932002	1.80416220110549	2.865830209072	2.40987257830213	2.58400598050078
NaN	-0.535643821181244	-0.287246347851893	2.08725407384823	1.75056129855516	0.682930049660737
NaN	-6.15576355617487	-1.53897806245404	-1.62258514598333	-2.30980114065246	-2.29815984134224
NaN	0.0640836925921912	-3.00609576012071	0.564079159364245	0.849635942315216	-1.15506561019046
NaN	-0.477597619109083	-2.24290469489657	0.181875505021744	4.88346819110299	3.16624100943587
NaN	4.0794428756234	3.37854569653117	3.86630582237553	2.59098316969591	4.66274197872652
NaN	2.4615005035455	3.44684522704441	1.10991906620839	3.29193283915083	2.16206662398864
NaN	-2.29796875215048	2.23813454890693	0.244451673621724	1.50178608264204	3.17259123508284
NaN	-3.33927649556627	0.62585994069851	0.900060182708301	-0.402276784587935	0.782633128059996
NaN	-2.83678750895779	1.23148254208165	2.67336379755448	-1.31905252019981	-2.97337788068894
NaN	-0.832914810711834	1.41668243872291	-3.51683785666898	-3.91055565961383	-2.91243822416668
NaN	-0.728956587514874	0.359140225335894	-1.36705345880918	0.737163347973307	-1.02787125840744
NaN	4.81678413885001	0.31524066398722	-1.10258656111376	1.72961594869805	4.9647526721987
NaN	-0.0772823013771621	0.322223960189539	-0.499409971215776	-1.83486360719512	1.06155978820941
NaN	-2.87820510099757	-3.32177808411297	-2.09971432005388	-3.01504713395696	-2.62774745678142
NaN	2.83146418587319	1.09226095262411	-0.925109622225709	-4.06151227371249	-2.03187800811775
NaN	-1.41153006855462	2.63940713715925	-1.31032414585938	1.68631901331383	-1.1975390409683
NaN	-1.42253409709607	3.09089731152458	1.39724837746288	1.28022897462379	-2.95197810932903
NaN	-0.303954432372907	-0.634151863631688	1.30408511771801	0.487117269933471	-0.603446839954208
NaN	-1.38132632337212	-6.16349582916057	-1.91643787929458	-0.100118362492034	-2.36717916038089
NaN	1.72285489835982	-2.02618941552783	-2.52444503642572	-3.00392373507258	-1.96445958527704
NaN	1.03027298851115	-2.54191870686481	-1.76388202068852	-1.84457759183012	-0.924455860703513
NaN	2.1860109121786	-2.02864916967912	-0.308756212196358	-5.19388604256356	-0.875747558086252
NaN	1.98901807588729	-0.846228172265173	-0.420769940361391	-2.85736142582793	1.04905563112073
NaN	1.50448682058623	2.83236746701156	-0.600840391718997	-1.55215813069217	2.55628142376949
NaN	-1.38000827236133	-3.27651542011916	3.19241874422323	0.707085167233681	0.129585727626728
NaN	-2.0712950560171	-0.521656013606762	1.38681428667302	3.67415781741687	-0.349409186332355
NaN	0.544506322480167	-0.489185997979268	2.56591741071804	2.20791538520322	0.0519026115471154
NaN	2.23155543779036	-1.3237736755309	1.13384243431771	-0.870397996133146	-1.81676171220585
NaN	0.548025559079586	0.497250298072597	-0.0202975050456136	0.518809499201287	0.823272043612255
NaN	3.23182165447413	1.54349406977587	-0.2389308127433	-0.12408737660273	0.454678563747965
NaN	3.30837883240904	3.43005007122446	2.26836993878732	4.79267526213084	3.8703620701647
NaN	3.81052144089377	4.35072281079972	3.3159929448762	4.53079701358026	5.26731667001482
NaN	0.711737019570489	1.83546958834647	0.385019657365355	2.34795366899248	2.06987357087562
NaN	-3.66592705487077	-3.14100764174001	-2.46450155566043	-4.07411209002452	-4.2963350493551
NaN	-3.54382167761073	-0.110526002906253	-1.61688826939096	-3.29154208844581	-2.43269037047397
NaN	-2.43566732865023	0.73162657727052	0.782438159877555	4.94762660698066	3.15336933858569
NaN	-0.648462577428934	2.75655453449557	2.02736206595264	4.99370640549044	2.62447494826159
NaN	-1.60134818725027	0.269644356113356	1.45990908040996	-1.18672652140168	-1.1839221515627
NaN	2.35888603646305	1.87335323793691	-1.08526547486936	-0.930271441521619	1.60429783075133
NaN	-1.17289792469666	2.30068255381905	-2.56497831144942	-1.47028715247678	0.335122738861184
NaN	-3.29073579313535	-1.33227652815579	-1.01603997716213	-0.499583419409993	-2.0762640725331
NaN	-2.03668978043014	-1.47677051183478	-1.9673281501073	2.99039975324846	-1.16608818738087
NaN	-1.32987915624164	0.918696971790682	-2.54192243892311	0.693735388493163	-0.950219840181158
NaN	1.35804504256985	1.74494855369137	-0.723204785449562	-3.77617693484271	-1.97758922859521
NaN	1.75266121857506	1.69746978869709	0.960818742463467	0.294389184741886	1.57054761544769
NaN	0.0641196040489613	5.04655034772369	1.63583180110895	-1.47327259061636	-0.772048685248341
NaN	0.0530256538289736	2.02837180300619	1.08857509243508	2.1092635392876	1.96864390143899
NaN	-0.675584971265361	-2.13993593768673	1.56414269676487	-0.343789764627307	1.13124533891707
NaN	3.85568906689841	-1.28179297051336	0.505046766459411	1.695730793354	0.464642762617968
NaN	-0.9850705589146	-5.32130880519192	-2.58105787786414	3.03338226568802	-0.403879731934775
NaN	-0.801466573925247	-4.86190028514334	-2.22878606861485	2.07023477563249	-2.1727139819233
NaN	3.06497347551215	3.06146098918079	3.06479605012349	1.48020881848533	0.446545196634108
NaN	0.773929057694636	1.66173574000498	1.33700927753825	-1.44802439070548	-2.78064691179899
NaN	-4.7230227396886	-0.23624839406613	1.07174927903475	-0.571060117644339	-2.50538081819534
NaN	-0.37734555787265	-6.04264211598286	-0.900901963812928	-0.638991921402901	-2.61985022286578
NaN	-0.104686315134653	-0.645729730206621	-2.12448844957091	-2.02875392597075	3.07629026857446
NaN	0.516190343613145	-2.0768636621057	-0.727562186493439	-2.86455763615912	1.28987536949011
NaN	-0.0489809580779011	0.973802518740084	0.909270947645652	-2.37154741441329	-4.20861013436414
NaN	-0.109095660415547	1.5732560897785	-1.77536349146882	-0.340536077688795	-2.05600789639605
NaN	0.177356087380034	0.118174530116702	1.15902139385958	0.7175579503428	-0.921234764790474
NaN	-0.684026806981849	-4.04112987328919	0.861297658989377	0.595155387884616	0.560428890191561
NaN	-0.838040695901921	-0.360338148432121	-2.1556570328894	-2.31471100842316	1.06388578754954
NaN	0.485430258718875	2.10998101942231	-2.48481466890698	-2.01626151515281	-2.25665359770345
NaN	1.71000431381602	-1.80559227671564	1.68262204983949	-1.06089339586259	1.92473817000164
NaN	-0.161513788626543	-4.50101711385171	3.12562499492496	3.05610233345551	1.14130536056556
NaN	-0.952608207319083	-4.33282818005608	3.22479193505448	3.95868456479889	1.31360499671541
NaN	-0.851070996905746	-0.0388042700738541	-1.67625568031364	0.812984209022774	2.42029216827108
NaN	1.4854166825793	1.64062359093423	-2.28823822120855	-3.88468218124703	0.790220514791692
NaN	1.11731650755025	-0.147114434856802	2.68298750413735	5.11559582384391	-0.832730933559261
NaN	3.74739507112899	0.636643867362245	3.53237986542447	3.92847820706755	3.40699838725754
NaN	3.37765042086251	1.2918790995449	-0.872579022116606	1.184893885185	1.01964081175019
NaN	0.416370892563454	-0.912568026352886	0.146922270829074	-3.24850797852736	-0.257966917738512
NaN	-4.35689301670631	0.538589635668137	0.858848775435951	-0.525968284616336	0.285630526202071
NaN	-1.58626950412474	0.904843843741034	-4.0661544410569	-1.00697078575633	-0.271809469475873
NaN	-1.77555419115422	-2.33621692941972	-5.20115186452653	-4.41214593873896	-3.05322383611812
NaN	2.77785030859573	0.588609447716648	-2.41156606549925	-3.86747120708713	0.0819617771803482
NaN	-2.02851648836563	-1.72390600820802	-1.29185748198006	-2.6277039567609	0.346218209311005
NaN	-3.7822538819362	-0.647953554364138	-2.37521280223675	-3.18529134206894	-0.983056401246823
NaN	2.13988301852757	1.04427331227082	2.61602750742747	0.788252527926313	1.23792483904313
NaN	0.77663187632618	-0.279779025546726	1.05207843602931	-1.0611830864031	-2.38698713251495
NaN	-1.38986139145886	0.927583870906403	-1.33904467959386	1.2935024888916	-1.48144483348925
NaN	-1.63243108251964	2.2323814502072	0.367308367335774	0.843660812593932	1.07115082650512
NaN	-0.704935052892965	-0.522584273852259	-1.90237761130651	-3.30234976079489	-2.88413446615652
NaN	-0.520446272852629	2.25838746375588	-0.216971261630809	-3.09398400496758	-1.04401951532649
NaN	-1.72809538591144	1.76799132883752	0.770690950757788	1.28190082618875	-1.72058194975414
NaN	-0.262572554503921	3.35312288617953	2.0694811753184	3.38155643452369	2.39497008952352
NaN	-1.20749839911903	2.94058759780725	1.73176851096692	3.0273211594154	3.48137021956923
NaN	1.6232500559125	3.71252797547693	0.63397854905561	4.63474516450483	1.26981610127106
NaN	3.05919326723441	0.684082769654012	1.34534806112361	0.873851282529389	-2.09047537397112
NaN	3.8746835627219	2.10381490889339	1.61498586336862	-0.591753834497732	1.42984594896409
NaN	0.522106611794289	2.66538511585613	0.344611330035833	0.482290829082405	1.04324997132644
NaN	-2.65032459935647	0.440799005325703	0.834851502924368	-1.63816057602308	0.387295053657064
NaN	0.375345389566441	-3.11666430557924	1.46436410881318	-1.55412461036692	-1.06903507990619
NaN	-0.198571530891923	-0.562852134334009	-1.12606607373111	-3.69708533896571	-2.2123493439589
NaN	-0.198393981043134	0.505421939711136	2.28986929248951	0.0716446893117723	0.401373808494921
NaN	-0.736566254852578	-3.13653045516485	-0.0105218900009747	1.46870527395607	3.03647563637916
NaN	-1.01253830491748	-2.86586690101575	-1.21742459129341	-1.9212631941182	-0.0964464178665208
NaN	-0.21752411717633	-3.07283856509852	-2.51523459023759	-0.022243888577112	-0.593814372372817
NaN	-1.46277692137591	-1.95174336964122	-0.713232168163312	0.209006239471	2.48276525576438
NaN	0.0912754731742816	1.81000937652182	3.25834230461484	2.3360517313264	-1.48728007183534
NaN	2.34900759925292	0.954334522098234	3.72839147463115	3.82229213230785	-2.01687271182077
NaN	0.0822201853130525	-1.61029738451727	-2.39144503278252	2.50532473093205	-1.44300544043197
NaN	0.25154040934598	-4.60762071646451	-4.12529592239001	-0.992536079552291	-1.77700200203619
NaN	1.27603014858928	-2.59644905154537	-1.00361868704391	-0.327876204209489	1.60353179945078
NaN	0.897031489287894	0.767666786173836	0.317790033488779	1.16091623159878	1.32325601749792
NaN	0.456628473199391	1.9485227535992	1.86356753101756	-1.9864342564191	3.53133706942462
NaN	0.406799891178655	1.12494682579742	2.18257067865072	5.83103672333229	2.37237008795594
NaN	0.916843542617276	-2.01056227721029	0.855143083878288	1.26424049421042	-3.76273859932151
NaN	1.66731490616129	-0.348510731383492	-1.1243463108369	-0.89818317401201	-3.28939302256759
NaN	-0.500778338764173	-1.46372781529033	0.239800398478399	-0.268376807553222	-2.04768842162098
NaN	-1.67448389661196	-0.523861562208497	1.64222319334818	0.673637629978907	3.2171794923303
NaN	0.371364681668978	2.22764079108163	2.17543904665862	1.44944606163119	3.26585154107198
NaN	2.18413112326605	1.39303083416315	1.49496276021408	1.43319624042276	1.36646567333943
NaN	-1.13660298364622	-1.03185268946188	-3.62213647246567	1.12875777097895	-1.09731799931904
NaN	-0.585740720635908	-0.132689408382619	-2.11721107386403	-1.43592192971115	-4.25603628286293
NaN	-1.46227850955687	0.0345741627930493	-3.71646306072297	-3.24244047822999	-1.52193139564301
NaN	0.567245039026235	-3.10270518349646	-3.06841243242983	0.559345690882484	-2.91328895580586
NaN	-0.319082953818038	-1.60126330484439	-2.18774716742957	2.44921892859453	0.595466165800461
NaN	1.403616400095	0.199083474576824	-1.32616940659069	-2.64286109754957	0.0433995305363544
NaN	-0.79163115333683	1.87304899515147	-1.81959277533342	-1.41228217982869	-3.4777710342866
NaN	-0.53736948375635	0.774525418703278	-0.967378717554425	0.00344653030821854	0.866514575717233
NaN	-0.258146028612811	0.102258119531092	1.10487651891229	1.12438452785132	4.0222473829448
NaN	-1.5286793667666	-0.49591929563257	2.27141567547386	1.05851259713151	1.30647715313753
NaN	0.565327686904837	0.162359559305236	3.99419230875905	-1.8493692380784	-0.390049098638873
NaN	1.06195024238982	1.30078517465018	4.63265761470799	-1.86891823928206	-1.48337771880513
NaN	0.503217606941111	5.87988751863905	2.22013917483242	-1.42151572348549	-0.754736583097665
NaN	1.92989138984053	6.29321062099178	0.84113884672596	-0.594825979085951	-0.496245734531858
NaN	2.41442063398909	3.8507368784853	1.44608214199592	-0.120673627184863	2.16471992129201
NaN	-1.42710679925584	-2.29819019945279	-1.37383770402261	-1.35544330517613	-0.855464308785812
NaN	-5.82920877999616	-2.74210174258895	2.10592404806568	-1.98851039783863	-2.72846429205974
NaN	1.33262994902329	-1.47405826100564	-1.17683195744122	-0.682821204241915	-0.00938639904553793
NaN	-1.84619386568671	-0.359835874598324	0.124373146625539	-0.522673841327279	0.0533547099400805
NaN	-0.607554566413997	-0.15949632566419	-2.98628136563493	-1.17378987168617	0.114699911611065
NaN	0.17452881870993	-1.59467170920257	-3.5604929845023	-3.11752843017921	1.02078978030097
NaN	-1.37771449609533	-1.00204608454033	-0.266776849192192	-1.55655157924004	0.688860936411798
NaN	-0.696616460308776	-0.318862500947003	-0.836736212321942	-0.296349902492157	0.474197575296118
NaN	0.76916889103025	5.06009385760963	2.29802494102481	1.85501698024309	0.0908062712254717
NaN	-1.67043773232021	3.86323958128014	0.455051389624556	0.261043214495368	-1.18356705441276
NaN	-0.416233689549578	-1.16445369951788	1.69829272345379	0.295390617635507	0.045138816999286
NaN	5.44734836435093	0.117934855168169	-0.094694692704166	2.82028713552222	3.67215369827562
NaN	2.59698951130091	2.15567424101869	-0.832038511592849	3.07607813506084	4.80643164595114
NaN	2.35503013910095	3.64572039565237	2.07886312077034	3.33792620436731	3.49836248587724
NaN	3.90394454299583	1.73327724481195	1.34099910004013	0.622684565226468	2.62184022204929
NaN	-1.24815045248334	-2.16815241190901	0.305966139019923	0.0274590674906677	2.76322574542499
NaN	-6.56796822913109	-6.00905555353121	-4.32393567581833	-3.36963364954772	0.413883124177913
NaN	-4.57643106654455	-3.59467130718582	-4.52616113124654	-3.60127707840397	-3.17336461649369
NaN	-2.42001056200137	-4.29874088350855	-3.55434820845459	1.76432718691475	-3.01267680579723
NaN	-0.688166645004861	-0.566904686504131	1.63610243057338	4.06519851982148	-2.45851129381032
NaN	-0.579215802858273	-3.26469755245693	2.4698695027547	0.550410205138472	2.63619730017399
NaN	-0.835484509116237	-5.48708885830588	-1.77222916000542	-3.13277438486711	-4.87781297924445
NaN	4.39324173278652	1.47125786039178	3.90498181767218	1.5342021714447	-0.285277740209046
NaN	5.38896825664697	0.0590617831790355	0.75154633715661	2.01709195073138	0.822059803331505
NaN	0.678273163074849	-0.630343400598605	-2.53154242872113	1.98162505106931	-2.29245158770257
NaN	-3.69499871547	0.0194894397918793	-4.17488239671421	-0.0855237335998141	-3.6813462219563
NaN	-2.80218730896657	-1.88604441836776	-4.04505699292118	0.428786828796015	-1.09163033376547
NaN	0.839932248637154	-3.30635304672302	-2.91471397724251	-2.54598343767141	-1.77914348167024
NaN	-1.45882674669999	-3.22854895164933	-1.39708274228925	-5.12715590041263	0.679874036855024
NaN	-1.30440549541815	-1.81596234200335	-0.735263867881098	0.590279415729615	-2.77871326889199
NaN	1.76664322027795	3.01733470273954	1.51222115532792	2.21328713564782	0.428569649856344
NaN	2.89107712979175	2.06063940338095	5.11421817843534	2.32563243513945	2.69102836806439
NaN	0.528864318139716	0.163562811983852	2.92942765509667	-1.1216521152528	0.18775809510561
NaN	-4.52455609529028	-3.06429354559207	3.45714627844619	1.8869006303306	-3.28029415646639
NaN	-1.28466205482585	0.870941660349544	1.4303072711067	-3.97862978401437	-0.949484964887233
NaN	-2.24468486415151	-1.96986426594849	-1.91549486685682	-4.00663395231364	-2.65116946715694
NaN	0.433598386127587	-0.708859255360095	1.99654778764882	0.786297080253715	-2.95212936917734
NaN	-0.0128507645983961	-0.442473219874711	-2.05283427292024	-1.65451172156067	-1.7278611758852
NaN	0.7425205713917	2.89172986168282	-0.660892758355531	-4.26999354813301	-3.13465193372118
NaN	-1.9525403888854	1.77178854921934	-0.0757430200569813	-2.23545242701442	0.35624473508162
NaN	-0.48604891026095	1.66149947296053	-0.879966755821819	0.22582233647749	-1.06949129361152
NaN	0.481088659755213	-0.53583899388854	-0.124302387028057	1.60798992246612	3.51723942208674
NaN	0.780355655474058	1.00581145781872	4.62070820401352	1.03543787784039	5.07357486047649
NaN	5.83851127222516	2.90653280855312	4.22763505335939	7.37380868546718	2.68578411202425
NaN	4.70272228650464	4.91096414730037	2.9166450892747	2.4023229899943	3.85973001762746
NaN	-2.83960863352353	-0.499917882513324	-2.49634779903101	-1.53350796988057	-0.908358757865928
NaN	3.17668495241053	1.96227789654797	-0.52793604152595	0.896146055454908	1.26153284947942
NaN	1.52830060849882	0.615641862804006	-1.27552075013936	3.9597223078066	2.1430759418573
NaN	-2.85961559422645	-2.04659621366292	-3.01548200135097	-0.712955667848215	-2.42797090859536
NaN	-1.15516803757761	-0.660460172585389	-0.750677116849518	2.04163848939291	-1.22164123758282
NaN	3.26135186405329	3.21940579606316	2.85805586866214	2.57699350831567	2.95305864945174
NaN	4.08112258126726	3.29065576809372	2.61545535311466	4.08591206192391	4.28677185232705
NaN	2.75172575130417	6.32824575826723	1.34056849172037	-1.40300408675724	0.936097265107443
NaN	0.490557840472214	2.86821235266084	1.54296712924448	-2.61388984307927	2.43756571564596
NaN	-2.73642579294261	-3.69975448204353	-1.28011474509638	-3.76121730223125	1.28658965852865
NaN	-3.81221618928542	-2.16372144728857	-3.54108707620217	-5.20568160894948	-4.51879020376244
NaN	-4.04497885480405	-1.80290050844769	-3.16439351895984	2.37492967304656	-0.0576427939135836
NaN	-2.06776440070479	-1.51605185446569	-0.565125499551816	1.43899553580255	3.14160571288632
NaN	3.1182334191571	3.26447310288148	2.70162765017209	-1.81154855614883	1.20298087525313
