NaN	-0.232657590359232	-0.734468895737297	-2.5013219769548	-1.98453128511652	-3.22552291501566
NaN	-0.583680283236546	-0.551323500606606	-1.74837629116979	-3.06928608619653	-2.09906137945967
NaN	-0.759940469143802	0.933089881485456	0.583396668749827	-0.581177617509172	-0.759062646339761
NaN	1.99027429529022	-1.78659654553298	-0.425481714050017	-2.46833218101201	0.254325415583819
NaN	2.7898503139151	1.16985109105706	1.45206722180248	1.34268454196043	3.84394754327986
NaN	2.4714118106306	2.15111082102657	2.39829181193092	1.17520720441437	1.87909682024774
NaN	-1.65666196182166	0.127129987036404	3.55938233387278	6.653122991764	3.38177259557029
NaN	-2.49824421476836	-2.95886519832476	-0.0816431502501747	2.77767430526143	1.62545468402416
NaN	-2.69881450287549	-1.77761688719032	-3.57314331445416	2.07352663828804	-0.383610566392945
NaN	-0.488112090396004	-0.402982274618923	0.0776801085125924	1.15741657474285	-0.702708430921004
NaN	-0.262616914040426	-0.296672169081048	-1.30593527753473	-3.15776559602495	-1.60125578126193
NaN	-1.81915850396277	3.26682732867471	-0.252794913246403	-0.698683431518373	1.53510452506598
NaN	-1.04300020810972	3.57110580625821	3.15461758842661	-0.0704222093128084	0.0659229532205329
NaN	0.537553894015286	0.525422875589695	-1.38359235899708	-0.84717464881056	-2.72485730899961
NaN	2.69398617585158	-0.622616169650313	-1.96452051103616	-0.986508728042129	-4.11206369221228
NaN	-1.09981563838423	-0.687755364895242	-0.664970567541521	-1.28315040137629	-1.22266922333134
NaN	1.84014566601973	0.391614797116633	1.37789179343441	-1.11476328434026	1.26043909564061
NaN	4.98332554844628	-0.79065174980899	4.6664928953652	0.287447523227541	1.55156574993883
NaN	0.374173525448448	3.82344035807099	2.06620514988265	1.03692211250348	0.265981044803505
NaN	-1.20120134518933	0.396015600497456	1.98827185224483	0.537540841072312	2.24727947255798
NaN	-1.87375441770939	-4.0630498726158	2.3953706614146	0.229811657917507	0.49042692552729
NaN	-1.35418083596765	-1.8673057202654	1.32006473706278	0.498990106259748	-0.882738557267826
NaN	-0.48546809859089	-0.456607318281222	0.990674001634346	0.453542702963115	-0.103215930229555
NaN	-0.47657963950113	0.488692278109839	-3.04165150648414	-1.98228107334116	-2.21959958400433
NaN	-1.11557336068484	0.77356610024645	-5.98501782689484	-1.29828065753309	-3.63979721275146
NaN	-0.182615710564373	-1.16758214804564	-2.54550772459404	-0.872881879314947	-0.688863009367059
NaN	-1.16716486648542	-2.47175656334693	-1.89472079034078	-3.6955574666256	1.31469273768271
NaN	2.8531580039199	0.139059404506123	-3.46877365035797	-1.45066145809549	-0.738947776328415
NaN	0.695943929927352	-1.46259448975553	-1.17589432393543	1.80006882613844	-0.578674862837069
NaN	-0.0483005703226334	0.927430888062977	-1.76103402610932	-0.457970952337119	-1.54295518554144
NaN	-2.01809202369717	0.430941494990172	-0.882390815419943	0.779525243277833	0.15292974872044
NaN	-0.127382185656316	0.0560011939764053	0.248720843035858	4.07622083987601	3.64657781781483
NaN	-0.463713028349689	2.68673101069376	4.32562218214435	0.984532454848337	1.45987245446249
NaN	-0.2910939041829	2.40025844496763	0.00918792562193127	0.102297739309591	0.361785782670936
NaN	-1.47346383279285	2.34578409692497	2.19847473909729	1.33818856287832	0.443937357421144
NaN	1.96528342029721	1.55286916446198	3.0503785498666	3.78200298066679	4.10667519738895
NaN	3.55258046202021	1.12491720093458	5.01090744444816	0.619174750851809	2.54988925851704
NaN	1.67643073687704	-1.64769984081055	-1.68141238340645	-3.45783197246781	-1.9397259524875
NaN	-1.84168350236772	1.13167214007033	-2.22845763013348	-1.01755475021095	-2.17820033902912
NaN	-0.787985934397576	-1.43656185763295	-0.66799712605236	-1.72745149001505	-2.58941446771506
NaN	-1.82983217196689	-3.7139239275702	-0.165131651662281	-3.94081129499492	0.909246737931135
NaN	0.103555878911027	-4.34370051051715	3.20945391149318	1.62051835890571	-0.255967018269123
NaN	-0.0362590138739374	-2.93564617307843	-3.17171626819338	-1.6104065068204	1.74305252884187
NaN	-0.448041805436088	-3.23192368721362	-5.3628837224798	-1.46409488537605	-1.97270430617736
NaN	1.70309824449407	-2.09116763216258	-2.08723000517666	0.639423882536695	-1.43288676921582
NaN	0.699710305834563	0.152035757311491	3.47633756248168	3.79168263536645	1.32091634077054
NaN	-0.436481434433106	0.331075751179105	0.388871001031383	0.736870112886706	0.247665929704989
NaN	-0.233727746533446	-1.42759558702041	-5.12606496611321	-0.974662714704696	-0.0941249972238054
NaN	0.667992280357373	0.110538654365036	-2.08885536103665	-2.283136241819	-0.563399776113367
NaN	-1.50927705887127	-0.0327247993403777	-2.32370409533659	-3.69608794097309	-4.1044919536136
NaN	-2.32388345809797	-0.14002307658353	0.161021016671887	1.69605076805021	-0.0746974009963361
NaN	-0.656600632743525	0.153934427711786	3.62974479453013	2.88377138723199	1.67774193969844
NaN	2.53272242259665	0.672695346975289	1.9194425903828	1.84379207898819	3.03170683743511
NaN	3.32596459957394	2.93012512293767	3.52340553804923	1.32622217752759	1.10721483906999
NaN	-1.17009365664382	2.69723167730612	2.61556433993919	0.499399889986842	0.956110720110426
NaN	-1.60337765106937	2.70007392316359	-1.36606079158679	1.11438375007803	-2.05908323506123
NaN	-0.346776587675661	0.432681028304658	-2.02491425813049	1.60581094441193	-1.82670817140516
NaN	-1.34445737905528	3.44851842788687	-0.790451487313825	-1.74494877413718	0.721034422972203
NaN	1.54941508676663	3.88872747035744	3.01274967717573	0.729613801458285	1.76438337036794
NaN	0.320020376962902	1.91609903176201	2.0292579273961	-3.55167584385655	-1.5881944480048
NaN	-0.698908157536668	-2.49342140703347	-0.2624968918953	-0.0131221876282052	-1.32914170027423
NaN	-1.45934500083414	-1.42796243485138	2.19381187910172	0.272606795837086	0.265350284947552
NaN	-0.90410647078661	-1.5500636860229	5.4619353763616	-0.550181458016397	1.12303134209649
NaN	0.185956111629085	1.0529768379291	-0.219790960006655	-3.82929526034761	0.307778387920175
NaN	0.842254540520947	0.849385249202349	-4.43175253259099	-4.78087997802462	-1.84919693577184
NaN	3.45506642073677	-2.30418466877762	-2.75184580385839	-4.47318765980264	-4.14925391437193
NaN	2.3703778244389	-1.52708183128964	-2.66945777537761	-1.45426750540828	-1.67482492172849
NaN	0.0170611664700758	-0.129844527319736	0.422806457876799	-3.65199444488473	2.01756543201382
NaN	0.329217101242286	-1.86832763125232	-1.26555393999442	1.03877872442224	0.328157109441227
NaN	1.38728562205088	0.391291858074204	-0.897994475347743	-0.745953600336354	1.42325138070504
NaN	-2.20045565231051	-1.26756581916849	-2.68442955195524	-1.97450898874455	-6.36134817049603
NaN	-0.179108763716917	-0.169725736927062	-1.35154550483198	0.117261436502437	-2.9080539305744
NaN	-0.449795473516991	-0.171477919872982	1.442087292833	1.31496643037769	1.30273567904658
NaN	-0.0839483220752453	5.09907718626838	0.311484879619326	4.32888777289192	4.30242963970171
NaN	-1.41664357316227	3.63422638868076	1.86195257746732	2.4690701808227	1.75062502493641
NaN	-1.51554461297636	0.787070383125953	-1.48337708551257	1.93948557109935	-3.93211117763672
NaN	-1.64931987945844	0.35057156028438	-0.162152686630813	5.7926335487079	-1.57556497109506
NaN	-0.0809580322504951	-1.0203947975454	-0.193417832121871	5.43684932473377	2.23072316105629
NaN	0.760048231979769	-2.68037471124772	0.488590718997204	-0.0909036462403065	-1.57722977607475
NaN	-1.59307560957354	-0.628735369085348	1.43913888332318	0.192668834903734	-2.41735212577559
NaN	-0.347666911546077	-3.36880978490973	1.04081666774589	0.818422565369506	1.59138570607677
NaN	0.117309405730533	-2.19645461108521	-1.42505518672582	0.220086252419744	2.79689177278723
NaN	1.11063251595919	1.0994817060943	0.60854705093655	1.24113364176232	1.26990844105464
NaN	0.662311790079112	0.0772490692468703	0.369697140776845	-0.0560585715793982	-0.591346688738767
NaN	0.476833222361695	-2.51256725142919	3.83644344660533	2.26554062921923	1.45096682089088
NaN	0.0473239528529536	-0.540959615306343	4.87331204518018	-2.08685597344515	2.2946106614372
NaN	1.96997842733374	0.7518880050132	1.9096438599216	-0.0519002675736758	-0.077119508225643
NaN	0.687999574867334	0.0636604204361018	-2.58731072195883	-2.76017530666973	0.0176687032307008
NaN	-1.22841891228362	-1.5202510074467	1.8554164787115	-0.370981924311293	-0.227816441816627
NaN	-0.851639765289955	0.389043755661931	-0.420694809319488	-2.67782848335638	1.7787556912981
NaN	0.606240192032492	1.47331513707901	-1.57381982915959	2.96333055440883	2.16821309180446
NaN	-0.883675734904702	0.751634048201508	1.16597868182937	4.99635203521089	3.20709047818539
NaN	-0.0874096009112515	1.56582358150111	2.10888011692214	0.0379167848009247	0.806958732174269
NaN	0.540025352359921	-0.973379379901424	0.124443462087907	-2.69109972057374	0.0286859327575613
NaN	1.18639990802185	-1.51813117328493	-3.9199150646562	-2.16294759910654	1.13347759173437
NaN	-0.0436512104015403	1.59851333078907	-1.04289890449156	-2.10283581791595	0.255418351603846
NaN	0.600025197752412	1.44974959555349	-1.95565952231497	-1.88446460192341	-4.26048865794173
NaN	-0.891068210437673	3.05932902480178	-1.85585024380952	-1.66682426580913	-4.45632087253371
NaN	-0.202879429288893	-1.80599751543459	0.805708029894786	3.50617425793603	-0.303910330343188
NaN	-2.39788112399023	-0.343541486468668	3.50245034123681	3.65411300753386	3.93258836620581
NaN	-0.175851564738021	0.661342759024493	0.769616164863507	1.29190851021688	-0.247170233659495
NaN	0.0860595039407565	-0.763745304479538	-2.9195864798887	-6.14615707471446	-4.638749964595
NaN	-2.21066046203573	-2.44248340905844	-4.63344936702069	-2.19286723508214	-3.36425783986407
NaN	-0.613633871387088	0.21804135031534	0.195638950940388	0.277093241169604	-0.179678356592694
NaN	0.576093873679037	-1.37743299001635	2.97931463404628	0.67119063892562	0.416508683508865
NaN	0.0678502097681543	0.243245557189055	1.21682311627117	0.113758208657574	0.78628360122411
NaN	-0.84822927398572	-0.711020532130281	-0.121037391219138	-1.33890596976234	0.204706945543903
NaN	-0.916547755179991	0.707367010366695	-5.05708208676543	-2.68532030085529	-1.9559004249837
NaN	0.876718747776167	-1.13272687748751	-2.59083318878902	-1.63106266783652	-0.958795393257788
NaN	1.12819351990271	1.38815300802512	-3.51443319551298	-1.1875741554688	-0.950019704076236
NaN	0.890083322031197	4.00797554526898	1.7832577002296	2.28414555902	1.47053687859756
NaN	0.83099861459617	0.546715381189136	-0.871512984694466	-1.27375870503758	0.71001117663708
NaN	-0.0190068359390833	-2.85757399295365	-3.15061155726596	-0.631746992880525	-0.558287335675115
NaN	0.492330889637569	-0.436546527847476	1.9415841411579	1.5282933754697	-0.432010331239332
NaN	0.491849867325637	-0.214371240602061	4.84581240209777	2.2283764699076	2.88628434571813
NaN	0.680317559894761	-0.0770099312673787	3.62728705936504	2.01673310239437	5.56013611850021
NaN	0.141091616543747	-0.542383430713395	-1.20921362670172	2.10099710800178	2.57762879339805
NaN	2.81231803990114	1.60839609401034	-1.21953656499851	4.84278837535938	3.17936690188747
NaN	-0.80821298421326	1.58197692242321	1.1794324592669	-0.116854788585849	1.26829779899132
NaN	-0.874978011870023	-0.72707161141707	-0.894084142212216	-3.27319661299424	-1.66968522464199
NaN	-0.680670720002827	-2.51398360130822	-2.26337709704567	1.27645124221631	0.712909227743808
NaN	0.305515490782009	-0.284868758450794	1.09617333748034	-0.27137916728258	-2.51244925598781
NaN	0.732144513421328	2.05511035466459	-0.136067237331973	-2.78378642364518	0.621415469228914
NaN	0.279039602613678	-0.762568573076326	-1.91884272329294	-3.78317965057133	-1.46526880425247
NaN	2.13597007464876	0.220803650825457	3.08787592681315	0.676937914381917	3.28618314479071
NaN	-0.708189904271613	0.743893266545808	1.65820158968625	-0.716803296390468	-0.312841949414512
NaN	-0.765467973503359	-2.37689142380632	-2.2729047287345	-3.14765627247411	-6.11130684974642
NaN	-0.781679874354454	-0.659876803467899	-0.693598625803459	-0.46640888628899	2.96308800603924
NaN	-0.815205328072419	0.247778416743451	-1.77592869843997	-1.01776388688397	-0.671309132877983
NaN	-1.21691074646008	3.73776573772458	2.00060284627496	2.1347732641807	-4.5068133450928
NaN	-0.24685490118902	-0.229949589011989	1.8095664541116	-1.22477248538131	-1.74814457654432
NaN	-0.979675733165692	-1.85186050604418	-0.591467775462784	-0.354074820458853	-0.0679112775377285
NaN	-0.67352611848513	0.190242540749706	-1.23860334387719	-0.591407314257506	-1.46192211566617
NaN	0.185983989720779	1.04034150968971	0.704195717194967	0.81886070672658	-0.758431215595394
NaN	2.21481819851953	1.02137410123983	-0.0268267884083445	5.88675226498327	3.98997347869434
NaN	3.91933014118283	-0.447671033870537	1.63727058315339	2.04570201259775	1.02983942039923
NaN	4.76260280460546	2.76679828812241	-0.0341649887921281	-3.50145493435332	-1.86897907565361
NaN	-3.02504401376928	2.03474473195254	1.59965626199596	1.74880089293981	-1.11222348270552
NaN	-2.39403328006187	-0.485208550429344	1.85163023298424	-2.33598366019861	0.776891611562249
NaN	-0.301391917218157	0.492848474442818	3.91764053702564	1.45318230799199	-0.432272902286726
NaN	-2.49484237179687	0.446411102838174	1.25057691246437	1.65641177892814	-1.43360118197882
NaN	-2.37506258674603	-2.73451889331973	-4.51766775970047	-3.88743104543566	-4.95829682066416
NaN	-3.00330007699814	-3.5826787036821	-0.13756037887621	-4.08527809700994	-0.841442333573639
NaN	-0.993301428288447	-2.42962701740818	0.797690271340509	-0.430350960521332	-0.661577151780331
NaN	-0.862496896060822	2.14656819995736	0.451557098730314	3.22734316261624	-0.0603893183038574
NaN	3.29013475096893	-0.315732065721271	1.42619958074361	4.47594514490877	2.72612197570165
NaN	-1.81358759577982	-1.74703296010251	3.87175160866497	2.85360327817705	2.16821099683874
NaN	-1.20188102521432	-2.74806263739032	0.815173467744386	-3.38420891145822	0.191898201153458
NaN	-0.284774789877594	-3.10902154952359	-2.89120105963018	-0.41343391942864	-1.51867634242755
NaN	-1.34342500507359	-3.47473178016575	-3.28043359779634	3.53601027260349	-1.05659330962079
NaN	1.48319424059546	0.780032955823719	-3.21337123547135	-0.438226189453359	-2.76211548840824
NaN	-0.980765081790099	-0.235967570480881	-1.57024598659176	-5.86191459861958	-3.41072499321713
NaN	1.4886764160051	-1.69211570990857	-0.500566724123746	-4.15533637182869	-0.0906936796634961
NaN	0.116825757938829	1.33795772235441	-0.584214950836519	-0.471111407620073	3.25430926682431
NaN	2.14224305152166	0.496809887676227	0.813140008931135	-1.68731469162451	-1.85287221159453
NaN	-0.082245566639956	-1.38964542593672	5.32813124902185	0.621199945062667	0.863666385459548
NaN	1.04280623884784	1.1723269134255	3.83050422380041	1.20998231162797	1.78362190040509
NaN	0.346036436685468	4.34039563848419	-1.79778648284387	0.648165440197573	0.264914462856348
NaN	-1.55475369211612	1.55661634477423	-0.960051345741438	2.63169666332334	1.24518553557932
NaN	-0.47461402846762	0.994979139016465	-0.89124587756594	1.45691019898022	-0.632720686951606
NaN	-0.380704680693888	1.08984836225771	2.21338503015706	0.613920261797932	1.54341000536202
NaN	2.67529183011753	1.28128652382271	0.712565150831103	2.33434002619135	3.42987520740473
NaN	3.13328053252437	0.620678130890005	-2.08859241614425	-0.95996658254903	-0.453185587855293
NaN	1.66144799318633	-0.144164642124074	-4.11553495982137	-3.5523756842106	-4.39053882264605
NaN	0.904740422173906	0.252976770972225	-1.59021322902836	2.40406345078943	-0.562846756957677
NaN	0.192038531216293	3.07973121189925	3.35361755519253	3.8850358090023	4.67580716648725
NaN	-0.287831866295865	1.36647242548116	-1.40956323725859	-2.40723322243141	0.179701848593514
NaN	-0.951892360903567	-0.248316258307906	-3.30141943509183	1.25953404582211	2.72062430105256
NaN	0.0808712149556676	-2.83731572638558	-1.0003766537684	-0.405677701357422	-0.243262126077634
NaN	-1.34041652630978	-4.31904519972948	-0.166220911783562	-3.47601586296385	1.79151711048492
NaN	-0.888636032456669	-2.51602676057967	-3.47944475589336	-2.65753966625869	-3.90878739217253
NaN	-1.25443040606955	0.864019113958992	-3.98675850144842	-1.02858485671819	1.94537249824141
NaN	0.969216449449148	-2.04920580520405	-1.31134602055413	-0.586366437788988	1.7125931803394
NaN	-0.258329442502813	-1.41832735327787	-2.09680335473518	-3.15083378530813	0.224892933772803
NaN	0.763136718506264	-1.40013170411037	-2.20334705223152	-4.65568672588237	-4.83106598437327
NaN	-1.49121038935537	-0.574238382046007	0.880853949400964	-1.02675859852576	-5.15800586940983
NaN	-0.89898556798313	0.741785433232457	-0.0203185803067501	-1.70929810529849	-2.11357792383133
NaN	0.22763321530838	0.438844721862809	-0.430851959219413	-1.59394642807195	-1.96403329050463
NaN	0.364717403448211	0.027460253705952	1.39193968468362	0.919902755681772	-1.3320608837749
NaN	-1.79727381390515	2.75954890785544	3.70653677671163	4.71174554080899	3.14717600488346
NaN	1.52128565944286	0.506487301949831	4.19225172993748	2.70280846565387	0.404375456146852
NaN	-1.73820854579423	-0.270599722171409	1.47281247658281	1.56124968649517	3.31025783064939
NaN	1.71211778789083	1.55401262186628	2.08196214764382	0.166065638510012	-0.490888120636943
NaN	0.504919354674811	0.447035296029602	0.908820021658693	1.96127324147793	-0.877061983106378
NaN	0.586292899630267	0.120780077764555	-0.872621432182262	2.21082806366371	-0.496892599253443
NaN	0.359004474134764	0.0977680743396331	1.29476025292853	0.894437346585905	-1.03764915125236
NaN	0.622941951419852	3.5243323346893	0.721533706940403	0.621957013800724	1.17711347460242
NaN	1.50165718366094	1.14163530235897	-0.956175722655313	2.98187139687154	1.43901363344727
NaN	0.171981436477065	-0.660680286576078	-2.0051501840964	-1.23732842842887	-0.13457003012099
NaN	-1.09366918919081	-0.260775773000525	0.463807658048017	-4.21505244022411	1.15124951932927
NaN	4.64931231983139	2.66387989945455	1.38892302177804	2.55410176599201	3.62310389983173
NaN	3.54936524699742	4.70343138249173	4.74675827282277	6.94746421481228	6.76617846880187
NaN	-2.00547387371146	3.29429261917333	3.26593161528151	4.17589485016554	3.97557651282539
NaN	-2.53663099765234	3.13191637914409	1.98071282565609	1.3802662968615	3.38544886108408
NaN	-0.656944007204872	-1.12600831381496	1.97317897811284	1.59494385987268	1.52131066488401
NaN	0.239996727806582	-1.72598221264167	-3.34014505915788	0.388832615676882	-0.457512399403062
NaN	-2.26508195620879	-1.43420484282908	-2.30256336169734	0.387377470949465	0.320133277871996
NaN	-1.0524683263296	0.587536413725072	0.960125528473172	-2.6658936105815	-3.11039178209977
NaN	2.07974096853002	-1.75538005593047	-2.52265330437079	-2.76513135151521	-3.06033569249849
NaN	-2.09488725648291	-5.16088152059693	-1.28519524293668	-0.026874327560846	0.399340913549629
