NaN	-1.40280890349394	-0.026495235197359	-0.0455423568073822	-4.74369422487436	-2.93565515701132
NaN	-0.911031131825045	-2.90307810632233	-1.27213617992471	-1.55539275418431	1.73882988432477
NaN	1.9814297274354	2.72568670230587	1.77368048005785	0.951751991113625	1.05655653069131
NaN	-1.40554678357516	-0.381862357812221	1.29602953719212	0.76418714858529	-1.86543575531026
NaN	-0.479828498862968	-2.42827708821529	-4.20546440565891	-4.01213503998705	-1.38319203688125
NaN	-0.303571034035622	-1.27121292211656	-0.557257069550784	0.994198039860748	1.1541757099
NaN	2.15439022045417	1.85373365910644	-0.171004013226499	5.88456743773209	2.54634926898932
NaN	-0.651954089120157	-0.843964435955867	0.401402494378569	0.476506029192426	-0.964033496711428
NaN	-0.347464900448594	-0.606692629636726	0.24191691842237	-0.93524100227313	-3.05449211229572
NaN	-2.68087902650885	1.32112733800597	5.11414826109718	1.03607853045239	1.43594923445144
NaN	0.646156432975666	5.26978037923929	2.64360495351841	5.26406013614799	3.16280114525858
NaN	-0.0114977855087924	0.857587938576911	-1.02175193938289	0.905099760682964	1.16049088186431
NaN	-0.86762947121905	-1.47478296300387	0.983819799201953	-1.14695076866691	0.485412328282027
NaN	0.440266546840262	0.498940794696089	2.79481856140404	2.31743382819561	0.128875314577256
NaN	1.25388117279057	1.58522865664525	-2.78697250143056	1.19444410046492	-1.05028069350681
NaN	1.12950489875155	-2.39643163235276	-4.09989586128894	-2.59470248924407	-3.852735553914
NaN	0.469916833120226	-3.10762143788604	-3.85678935967895	-4.00286257960569	-3.19467720397935
NaN	0.980913553199644	-1.7196008881456	-1.89750820281755	1.65084268904157	-0.288213814131423
NaN	5.75464447343894	-1.37660412597634	-0.801302230134504	-0.562591923035361	2.64328809427096
NaN	5.43783053167114	0.818094324147853	3.97488154941062	1.19867122267144	3.18569592887003
NaN	2.62585410831959	3.05938562453067	1.7488618654697	0.0126657160766892	1.87788559489218
NaN	-1.51173110300465	1.18630502365942	-2.75934255425546	1.47462675424858	0.940066255815686
NaN	-4.61649936207786	-1.21668328951595	-0.960257329969766	-0.0188351004852525	0.434810106814256
NaN	-4.56231304314187	3.08502819351697	0.288301583174456	0.161646662482251	-1.11923878778624
NaN	1.03938890248532	2.75169649385566	0.352621433950821	-1.7893391306465	-1.26129448834142
NaN	-0.121527543513783	-0.988428055101763	2.51705247222327	-1.43190539309904	0.126006046284132
NaN	-3.96176254065511	-3.27368733333053	1.64991508033378	-1.7819211466428	0.666488867772999
NaN	3.49448465192091	0.546966519487673	1.9337056196875	-0.602266951236819	1.42777085751906
NaN	-0.217210430110476	-0.725388453028929	0.521074409257227	3.74989391021394	1.36757836783952
NaN	-2.76769306163851	2.12856427081557	-0.542769017043377	2.40331821230595	0.582784807701541
NaN	-1.75568003048942	3.957320323247	-1.97771235052731	0.258378505084294	-0.91579468923631
NaN	0.424921217066855	2.84001557658044	-0.051716430894372	-2.48770190560189	-1.0609894080327
NaN	-0.481459354257473	1.12596493207673	0.29506562423172	-1.15216230376733	1.59808468368701
NaN	-1.99470997450565	-0.878688580671905	-0.755108651074437	-0.47509407699121	-1.69001967858849
NaN	-1.90768602392734	-4.71517404972043	-3.57811711929004	-4.31269294081361	-4.30209209537357
NaN	-2.12911461588032	-4.49044932993026	-2.42245404655773	-4.04179902984769	-5.09534258705417
NaN	-1.16586090828144	-4.11857016439651	-0.940926662872443	-3.04279727815235	-0.424327463182059
NaN	-0.171802923297834	-4.89013078259945	-0.0370871707900649	-2.27628597133858	1.73784410419372
NaN	-0.0707665167848349	-1.65590406599235	0.208455656703836	-0.76878125509717	-1.26575541451514
NaN	1.03124513147442	-2.23928549412681	-1.33436276049449	3.38975593593553	1.89081337403714
NaN	0.511992666579819	1.89249980337762	3.76418210981704	3.53460228387478	1.40307017963149
NaN	-0.870302482484875	-0.141692409707268	0.129978675545171	-1.81631851197403	-1.35810140315182
NaN	-0.503008154218501	1.60426926932462	-4.20827232412663	-2.86243239289192	-3.67625544702825
NaN	-0.350531270896199	-1.47617323757761	1.77441743801113	-0.0478466524250598	-0.27570277741118
NaN	-0.089789030599615	1.62560704734012	2.63388985429079	1.84168085549333	1.02805410043201
NaN	2.59320248975692	3.35687321308783	-1.1729470046472	1.11132231296095	-0.871385909435956
NaN	-0.866259538032953	-0.228087521506585	-2.15531480391171	-1.43468993790563	-1.42566907293398
NaN	1.04408248313187	-2.96501393984453	-0.148791572985727	-1.37071689541553	-1.08894053615622
NaN	0.684680558797482	-1.50374077317558	3.58366525004146	-0.094981556376118	1.6683180444499
NaN	3.04382679068647	-1.64730356954177	3.17767365440744	2.05972437929634	2.86950453114566
NaN	0.827001320952058	1.01925590911199	1.31710164782548	0.961624910526259	0.809121099077697
NaN	-1.64770388488162	-0.190868459891057	-2.32301399697671	-0.0772917442237266	0.200217071315007
NaN	2.12577757839011	1.13506471553589	-2.73214081030404	0.986475551209982	-2.03654117409945
NaN	5.03430758646368	0.674256723393794	-1.51625163137914	1.08784835111231	2.35321012101704
NaN	4.19420407728678	2.01875764684093	0.103941557993367	5.4938658272501	4.38367495560521
NaN	-1.04236540996957	1.2103665030242	0.560846174614672	2.76626315467133	3.01603741022059
NaN	-1.77070495415647	0.390494330196052	-1.31899833243696	-4.3426842871751	1.74269161140487
NaN	-1.9497268484076	0.371210361759619	-0.257277672301421	-1.88101919346425	0.844356595758847
NaN	-2.30821568767237	-0.422685175228945	-0.718371802148162	-1.19170150193438	-1.51153286369497
NaN	0.197741433949327	0.873625873815658	-0.489347817755797	-2.77701085040467	-2.33059739899558
NaN	-0.672279162564431	1.74219906371949	2.84477389734341	2.72558329574633	-2.72799578306036
NaN	0.431605678254705	4.88170274517899	5.10707455425303	3.51990822847945	1.74478001361843
NaN	-1.09280825293745	2.8061556691589	1.31843817147357	1.65731478207376	-0.552888119957122
NaN	3.91156513383579	0.0649924156746848	0.100385233132395	0.180390837696906	2.67171648987511
NaN	0.380325466868007	-0.775347489845264	-0.0507565503224777	4.50767153103028	1.05929673487209
NaN	-0.993047473927919	2.69309024325454	3.53809795997143	5.26277736813035	1.70208483947119
NaN	0.135011545403515	2.08586492551552	2.81158452211094	-0.248389467881067	4.32665803833482
NaN	-0.589171081466729	-0.596898403495258	-1.97002838251516	1.41063483411108	-0.445285549719706
NaN	1.1660915242964	3.75684867871471	-0.0149903282870924	-1.14374257510077	-3.18503513610977
NaN	-0.426028828619253	-3.08991429631833	-1.11782467038673	0.200101631304764	-1.13190838659352
NaN	-1.95202928156279	-1.92205259154941	-1.13903846243395	-2.10592963662478	-2.23353898737906
NaN	-3.49323762769344	-3.38122384445241	-0.53191039879646	-3.95433584955621	-3.35516691883686
NaN	0.189335614508795	-2.77573629767607	-3.48168045376843	-5.87079357136275	-4.52764531870091
NaN	-1.21299312783682	-2.49362890708524	-1.73849079420543	-4.22756810914416	-5.07500403556251
NaN	0.0211221300800794	-1.61700218353892	1.86631860301181	-1.3813119447967	-0.133183555032607
NaN	-0.600250683777881	1.92494414453651	1.50192013610607	2.81339737890129	1.90919920281924
NaN	0.00648253547140658	4.14596477670667	-0.704467308527599	2.01080447374266	3.40364365080602
NaN	-0.746150929889661	1.94408836198912	-0.11013121088607	1.0451580370459	2.7029479059122
NaN	0.548266315466632	-2.18484154789962	-4.11832743852901	-3.73021826513425	-3.69501614276473
NaN	-0.48189860980056	-0.497692275927309	0.716540882358678	0.633694180161914	0.322255154598467
NaN	3.11633675174391	0.315813122642928	0.498634823969633	0.884389926225705	2.34455641772634
NaN	0.482654771464565	-2.03374529776282	-1.8582062404112	0.0893199494422908	-2.01134569432977
NaN	-3.13794045258182	-1.87351033711079	0.101266413333935	-2.52100442625463	1.9183446352082
NaN	-1.21990044842347	-3.95005014680271	-1.93549585139123	-2.92874945431492	-2.66048584388395
NaN	0.567209326709872	-4.2929991287738	-1.02724958727143	-3.55111354021558	-2.42281055601988
NaN	-0.790334374865795	-1.78234117229256	-0.26942890479564	0.417941881318758	-1.82909541302606
NaN	0.099136358120621	-1.08146800712585	0.211996671250425	-1.86785112108555	-0.303502921112614
NaN	-1.91451403049238	-1.36886874411619	-0.0996409639176151	-2.4313902779731	-2.07640795712204
NaN	-1.4157056962946	-0.724268376139517	-0.3072212129051	-0.433566457160015	1.68998821619034
NaN	1.43387411063956	0.101097072942097	-1.55073543405665	2.43588507843267	-0.110083457837658
NaN	0.624608979606561	-0.415551223982262	-1.10212748054646	3.40334611148151	0.70260825109464
NaN	0.16408828082158	-1.08199969922577	0.118673291149958	-0.253892571538413	-1.05236883388634
NaN	0.629568552045945	0.0487467293848781	1.55104909572859	-0.523914653805496	1.55372145778303
NaN	-0.448054996129038	2.2054025316716	3.45577458035323	0.450067454551212	2.26545478511225
NaN	1.10183550186323	1.69442720608893	3.50752104910638	1.38774220493315	1.12465029562777
NaN	0.310814964476485	-0.754222205356266	-0.953848124182755	-0.000230569232945538	-0.960419871425868
NaN	0.419082237343426	2.15849184141326	-2.79618591866502	-0.0712678553618068	-0.908604098658687
NaN	3.02688818763136	-0.0913256258166981	-0.0997356412834349	0.729786415771282	1.26124630972026
NaN	5.7262594859372	3.79902747731805	3.27811806022786	2.82097458205922	5.21142612801425
NaN	3.32099854000594	3.03767551069434	4.50879797585251	5.01705496438886	4.97261832799082
NaN	3.04811031496279	2.11395798187318	2.25307374545381	2.46039728015623	2.76992296347595
NaN	1.44912650640074	2.92869110422341	-2.78874887625607	-1.01738256182829	1.60148301175025
NaN	1.7939111126178	0.449820461727063	-0.482518981363951	-0.209675586603733	-0.827387640610942
NaN	-1.56806818738572	1.15863797083655	-1.62811158331702	3.78707394359749	2.08123604268577
NaN	-2.41850280363085	3.14303315602937	-1.49543362105062	-0.958667616324595	-1.02019533221375
NaN	-5.41420710603182	-2.12916919711634	-1.93494393504927	-2.2424469435194	-0.51508449696929
NaN	-5.64251191790874	-1.94502097757201	-1.42114348592512	-3.34233608865717	-2.95420018844496
NaN	-4.78554429229815	0.311888927559016	2.4347394626602	3.30372478372945	-0.958128931708889
NaN	2.235470662014	0.217530569023567	3.51446998812028	4.73099801082754	2.29736530472944
NaN	-2.01354127718391	-1.64761452924414	0.920832342088883	0.298480880704902	-1.61029946597723
NaN	-3.70763366189256	-2.01724157727329	-5.50044267658382	-5.94789333573907	-5.41199865434629
NaN	-3.90426435376583	0.450212449167252	-1.023247733843	-3.08281112769505	-1.24669212588684
NaN	-1.64192080770736	-1.84523755450548	-0.268940710988464	-2.6499563652189	-2.33371865591176
NaN	0.0540804309471504	4.14919664024457	0.0454176940456535	-0.40497399244132	-0.481645082033925
NaN	-1.3764320365762	-1.02968894378944	-0.548885729939701	-1.44710553937741	-1.29770662097561
NaN	-1.8537816852867	-0.873896020806366	-0.807113204193101	0.853343331675123	2.02565394117251
NaN	0.12379927308623	-2.98333591498736	-2.32271644918675	2.48835276222297	0.830452348013335
NaN	-0.640537974611232	-0.405005254506398	0.295905834168187	-1.85591203705855	-1.82458830045844
NaN	3.03267893867324	0.647854666321171	-0.0116225113894932	0.325648845638329	-0.226167932156109
NaN	5.25199989283945	2.39006726421256	6.03392910916408	4.69774601661594	4.68972408037881
NaN	-0.354398524446783	-1.92498175405304	1.2652706310332	0.272488226683409	0.524656661983387
NaN	2.50192458071003	-0.488784282963224	-3.55324364673901	-3.46101577365111	-3.12201902877811
NaN	5.96170054161161	1.18853830874657	2.91295648155433	-1.94437575784026	-0.608343315009791
NaN	-1.15060286394102	-1.52310838923486	-0.525584690630147	-0.397326084298708	-0.929235645597076
NaN	-3.0168826549981	-2.13795085802239	-4.00795345516599	0.348878990515328	-2.56832316775452
NaN	6.30951424632303	-0.203047904422559	-1.47299411436933	-1.33984826444874	-0.63937489604157
NaN	2.36826993199371	-1.28075378590459	1.80832780553106	2.48823243152532	1.18704839029137
NaN	-1.93946765815554	-3.25336849646991	-2.00954012280226	3.35467858640824	0.637105210424475
NaN	-4.9378479939996	1.18392925659551	2.39191318313168	-1.54864089911599	-0.715382967229533
NaN	0.933952757269836	0.49412429553837	-0.572604342438951	-4.19628577822938	-3.09904637761219
NaN	1.29084744598839	-0.116796601083487	0.528697492501478	-2.05624541325229	-1.53998734749911
NaN	-0.335070879261031	0.00533035114247959	-2.08080475263734	-2.57335492850859	-2.37320594350491
NaN	-2.23940775123915	3.29147704194745	2.02606149272939	1.52244976820024	-0.176950812557864
NaN	-2.21329115840102	-0.357752375589621	-1.71541525474308	-1.59368604672545	-2.16101747128091
NaN	-1.12996819960855	-2.57231899001088	-1.88846407616956	-3.96278906618508	0.399874284257211
NaN	-0.102057118502673	-2.25980308093878	0.0209231663338787	-1.71185750547702	0.60965991355933
NaN	0.0190748855797438	-1.54611412146959	0.13709938116567	-0.39089124284835	0.323185407930182
NaN	1.09193190309088	-1.80486060996436	1.42248797336787	1.80895830686397	-0.723391315706524
NaN	-0.35281176519305	-1.25630063947224	-0.540468014687619	4.42022638752862	4.42728430982533
NaN	-0.542755885032603	1.51806945837027	1.86540847845008	1.44113338196157	3.53269936904759
NaN	0.347845712421902	5.3351120056825	4.22727051140938	1.27203804055729	0.872690650778288
NaN	-0.285261498358304	0.671084744448308	2.37982083688379	1.68760598498808	1.95939523626685
NaN	1.34267480107512	-1.2672287171745	-3.86886963001405	-2.4617793315381	-0.419350199999388
NaN	5.32686021033487	-0.460893875062028	0.401823837825734	-0.485691247402173	0.41386710070373
NaN	5.60136366469021	3.47906329772046	0.97700260409367	4.98118619042074	4.00063866700692
NaN	2.13455545538864	3.562617667649	1.22655290570588	4.76796150459324	3.12493206860302
NaN	1.3444249237757	-0.069264179074136	0.905720781356598	1.1410280796324	1.64103036506462
NaN	-1.38077010288545	-1.96936650219287	-0.911964660151594	1.9315857435356	-0.514769351068148
NaN	-2.99213242199166	-2.55813198706789	-0.601322248545811	0.348841454195607	1.6155999552007
NaN	-3.41288001355637	-0.718817531093189	2.47990493821022	0.789249761009547	0.641377732704729
NaN	3.08509900221532	1.18291253331363	1.80447285231481	-1.2099167836157	1.72174499046817
NaN	4.03333869451057	2.60540665051219	-2.89207394051737	-4.25833909845453	1.22100099073818
NaN	1.4836503967187	0.429706267998749	-0.407642052333176	-2.57851398928528	-3.36649901004826
NaN	-2.41918445910904	-0.834149955840971	2.25119604159381	-1.03092695222567	-1.56083497984813
NaN	1.37135040620375	-0.236037875525423	-0.336802250057746	-1.74022293663187	0.19538760760617
NaN	0.493984809049114	2.17071254464522	-3.60020173405027	1.69550613886396	1.3865125822017
NaN	0.290159186944657	0.941471418005933	-2.52646919967303	-0.613324545985929	-1.35712475594056
NaN	-0.984712020695313	-0.158985896818825	1.54807654809359	-3.45973181615468	-1.20654557422005
NaN	0.410434594258227	2.94873574508187	4.03696755339924	2.29691937980604	-1.02568902946507
NaN	-4.4622877205518	1.41343220684761	-0.235191918287458	0.627122554149128	-1.03326996860511
NaN	-2.77523939545033	0.375191249730228	-4.09774518184921	-3.21926136458878	0.142080792622421
NaN	-5.18840345722889	-0.458892529923073	0.209336474386619	0.0881686135610168	-2.57061025581074
NaN	-6.43104137516129	0.138674327373696	-0.393037860056995	-2.35789766442226	-4.13961796225773
NaN	-3.40506537801079	-4.33600699233542	-4.04036460284731	-0.847015387200844	-6.64564882649333
NaN	-2.02104308082394	-2.91680313873881	-1.37930501695845	1.86915446062702	-1.21154589667563
NaN	0.160070000327796	-2.53420434715585	1.57595313656305	0.911547091950011	0.505455958355055
NaN	2.64516533337871	-1.56763746710511	0.591716222832912	2.75111523126992	3.31396336612451
NaN	-0.339923062122189	-0.641795529526378	0.0284045118854626	-0.577943170918417	-0.220444641726832
NaN	-3.01197590934176	-1.58243489151017	-7.52426073296609	-4.90018461482351	-5.34409892215856
NaN	-1.37785864856081	2.92525650705636	-1.0693383633086	-2.00399366237888	-2.45997628575758
NaN	0.211955799364186	-0.700754457946018	4.08350692367963	1.45377622476781	-0.455255010522521
NaN	0.115702004867594	0.767243549167649	3.58536076450825	1.8761496855837	2.89895770491249
NaN	-2.32844286029017	0.376700804295492	-3.20212484600845	-1.33178204005238	-1.02574901394005
NaN	-0.834052371061255	-1.48890832714248	-3.6138345658219	-4.55009421929546	-2.36777906797636
NaN	1.37833371173431	1.73979054454434	0.0297223179378011	0.677818405354405	-0.110406797835807
NaN	2.05492822534969	1.02695385652219	2.78258652806374	2.79452034624549	1.26060661760595
NaN	1.43117576676824	-2.10222544117922	-0.993488437790525	-1.47895842653537	-1.91280295713717
NaN	0.878380601516373	-4.56359315825855	1.63994204827164	1.11406014408443	4.1676827819206
NaN	1.90201070632551	-3.30867625959684	1.75836655047951	2.19742122089345	4.93649975318855
NaN	2.18982367531381	-3.65553854115863	-4.73404263346359	-2.83294698752311	3.44652319530793
NaN	1.42419109987767	2.90052782599472	0.897333444617694	-0.982992872413828	3.12202594764563
NaN	-0.294506840014616	-0.796423511929125	1.7955937418501	0.805415627495324	-1.23654575348534
NaN	1.22739736850295	0.335189348133435	1.14460966818628	2.51106846369493	-1.30546695797852
NaN	3.09602057697282	-1.34665321630727	-3.03577322056031	4.24390380469979	-0.220388140862143
NaN	3.14502258665378	0.774777619355251	-0.708951696628069	-0.175897974807754	-2.20957497948028
NaN	0.478591370406731	0.893833043208226	4.00822572947926	-0.841129618013589	3.1443027692798
NaN	0.591019104874625	0.0778780105736819	-1.7247106204299	-1.56359287223042	-0.952007181275672
NaN	3.41359285358641	0.647204390543226	0.410563008387071	0.671396760587524	-1.11680015630832
NaN	-0.157078446329458	3.05934950418373	0.814290442080958	3.23925264392235	-1.33436097384792
NaN	3.55625860708667	4.67463091818085	3.02132192285835	1.1839881197343	2.63490166216614
NaN	6.49876569214115	1.98057835006267	-0.635559586844055	0.554181269997573	2.9969230625818
NaN	1.03343059568796	-1.0934015845169	1.32658767558483	-1.00891526745096	1.31978263437517
NaN	-6.00580869775581	-1.53034036654178	-0.987270490795534	-1.28204638887676	-2.2419261227458
NaN	-2.2951726453157	1.60637534442246	2.75159225230013	0.175729941095405	-1.13150620801583
NaN	0.680006663007593	-1.08742118557662	5.59024113909571	1.65621235050621	0.320313148373535
NaN	3.6508065482175	-0.0122424901185291	4.80356695079697	1.93301274721803	6.29242957251422
NaN	-2.19196519560349	2.18056994631525	1.37088358571926	2.89498658979595	3.12336296653942
NaN	-2.83987080315087	4.84112126059838	-1.43290838333072	4.27273569945226	2.4221091508992
NaN	-1.77213311130521	3.26829865869432	-2.24275435674134	0.930303162657833	-1.37504355854138
NaN	-1.85829210611092	-1.47475258270818	-3.26736975471667	-3.47756043151865	-4.20164037807802
