NaN	-0.222817836349408	-0.953184848341817	-1.64237730813716	1.72323819622696	-0.444187014794301
NaN	0.683228554319484	3.26439337217564	1.40536406222555	2.03430345161782	1.46693845616767
NaN	-0.655169099042698	2.04224247984925	1.6400013310476	0.0303439943462774	1.78335217458333
NaN	5.21647156994859	3.54896201653519	1.24266831190103	2.05947402536143	2.18294638252208
NaN	3.71952688983644	1.00072887201315	-1.39280659634401	-2.25653965454683	1.04304969790892
NaN	-0.840514653206795	-2.47531028213688	-2.9537396323493	-4.46468473721327	-2.46940992759275
NaN	-4.79963945907406	-4.82256242990408	-0.989010268624019	-3.38934087625198	-4.89704923580484
NaN	-2.13313795570794	-2.72142506503521	-1.14687683691409	-0.274035662737923	-4.33049802530054
NaN	-2.21672016477775	-3.1143553675141	-1.36781273892121	-3.07602276976887	-3.44356341537546
NaN	-1.43809269282069	-0.253442428135575	0.794228182513074	2.44611614449439	-2.24508009265633
NaN	-0.0455361435009215	-1.41341597419554	0.776584614884137	6.84409202633481	2.75624950823904
NaN	0.95144476313832	0.500516293910932	0.100440899130418	3.01638062131396	3.7369762497451
NaN	-1.25593578770945	2.08623628114957	1.44590928559442	1.31791113710423	2.9425979963082
NaN	1.41813378200078	-0.650189900343963	-0.840011286901522	1.03579779824451	3.86860035819213
NaN	1.6999929703088	0.395117997366702	6.41987141714989	0.27415077735126	4.84914695856622
NaN	-0.715442668549792	1.67367395243994	-0.696567770873917	-0.912584367478383	0.196414111953097
NaN	-0.714955094529527	0.520794031790151	-3.58117214022021	-2.34537808334786	0.402779609765916
NaN	-2.15052326156987	-1.73145254284785	-2.88539510242753	-6.25120247891283	-1.62884786060764
NaN	-0.609078970288976	0.0667935755077694	5.01547219491002	-0.505122721943611	0.606612736232006
NaN	-1.44386882505659	0.435501862794331	6.88504656612367	0.493413180687257	2.26460912004572
NaN	1.49023375857316	-1.04907571913569	1.28206884630799	-1.09167882435483	1.13722838146365
NaN	-0.784662351239643	1.84515188813067	-4.51646501108952	-0.596933183750964	-2.38432575726947
NaN	-0.319149774478344	0.207260444349134	-5.17114646647942	2.21144496414997	-3.0816072869966
NaN	5.3558437854145	1.01175663924989	1.77550108152215	4.37236540487652	3.17742028809056
NaN	4.24985751813071	1.97636082420745	4.9008992901867	0.89189532312606	1.49950159742484
NaN	2.79437084765955	1.45801379917968	-4.15897174245333	0.676619801236292	-0.57407531114073
NaN	0.608086460129022	0.432561576485475	-4.58440432216399	-0.503351582611216	-2.68437506150175
NaN	-4.73246425090706	-1.71880371292687	0.378305609671144	0.27960377880835	-2.77705589970428
NaN	-3.10333017851462	-0.280887113110714	0.11787606384717	-4.02429400275419	-4.87611660198569
NaN	3.25901359647557	3.17232589779451	2.25329795669908	-1.15719479800506	-0.649901599667322
NaN	1.91624539681198	3.72780763150733	2.44702830073004	0.364202893716892	0.939324054569461
NaN	-0.542830352863602	-1.31116603368988	-2.53314167654665	-3.74048951373031	0.972806019365269
NaN	-3.42630688367971	-2.46114839409969	1.58760863707802	-0.338911911317005	-1.06055737298523
NaN	-0.219860322983002	-1.58394474461201	2.21273546064673	6.58125617388334	-0.770415217440974
NaN	-0.284541067759366	-1.88985855037624	3.88224989879927	2.46510657296415	1.1764473173008
NaN	1.64343020916075	-0.769449922571866	-2.90858659366054	-3.65701745062334	-1.11567887896906
NaN	-1.70046176162646	-1.55171258091678	-5.71820062378077	-0.318274898586427	-2.06860660037331
NaN	1.12151774031592	-0.821613963990727	-0.0538884884549641	-2.74980423995923	-2.66057887810464
NaN	0.786828068161261	1.39262103057338	1.01342052542802	2.30969207514453	-0.0466750998908943
NaN	1.26817566536501	1.3755945513801	-1.23564403891785	4.32037396046301	1.68532874854623
NaN	0.544723538985435	1.20359411551661	1.0686560804	2.5830712577726	3.66268088200301
NaN	1.42189118333579	3.02207139551089	4.90341505100852	0.061621267942963	6.41647422059072
NaN	-0.284325528509995	-0.194495313878183	0.200652494510894	-3.29631805597652	2.13419441223207
NaN	-0.694093666398315	0.6840438198868	-5.9222532827138	-5.86269786713727	0.30020879406116
NaN	-1.89678193384673	0.649598980680128	4.59850016023534	1.86853623823131	0.245219028179722
NaN	0.104925716587921	-0.199986084288492	-0.0454276309166871	-3.08650069406792	-1.65300927802843
NaN	-1.52664117307487	-1.92462431553389	-5.43060325568164	-5.23290370395174	0.454039226212255
NaN	-0.767775386851124	-1.01617730629461	2.2378946337681	0.0911580796980173	1.0350674042772
NaN	-0.619946162082283	-0.379915663996667	-2.08915489309066	-0.675479936834056	0.404339818809629
NaN	-1.11226527304526	2.64845600399795	1.33624866267944	1.15654313576974	0.294528298168077
NaN	0.630486666325611	1.96172951390254	-1.41107852436782	1.0592175132561	-2.69422071598057
NaN	1.24056346852651	1.05045177803144	-3.79787045645707	-1.66290937309462	-2.08562911375343
NaN	1.04027755134281	-0.562380211510079	1.88910010111264	1.86401118297208	-2.7937413907607
NaN	1.43430949963873	-0.0180394263022622	0.25621298873311	2.39632869920111	0.0131531315120075
NaN	1.97649424411926	-1.59343884136108	2.49322711490818	2.60018595982419	2.83311496281393
NaN	-0.352122704038096	2.41236294006337	4.4797770926484	3.426646412168	2.82718197497345
NaN	-1.72363129610071	-0.338739097788014	-6.15065569357754	0.726754463274595	3.24309931678009
NaN	-0.04922490368009	1.42511218167583	-1.16883470138931	0.798898306256469	1.71469354621441
NaN	-0.504927272863132	3.96479013624761	2.17644389329684	6.55785377067704	1.56459306815764
NaN	-0.708024690132257	0.480821765989502	2.2923102570017	3.09710751673713	0.986014784417533
NaN	4.10253738189017	2.42974430410602	-0.341286941319657	2.40353453738083	-0.0535937830587627
NaN	2.64758324884428	-1.9301914260342	4.75032857509092	1.83577981520113	-0.144921808100446
NaN	2.09772372864793	-3.92141236874698	-0.91493007654167	1.69201938103545	-0.168289304914039
NaN	-2.56770127315137	-5.51578485775815	-6.54509260280671	-4.03051463139071	-4.08935079448736
NaN	-2.96908158313918	-3.94736806689048	0.864616289492353	-0.75491145156936	-5.25867899178965
NaN	0.43296843196923	-0.832361963073492	3.39436246553919	1.64322248420303	-0.540629820700118
NaN	0.148276370427438	0.000118440670523967	-2.16965746078491	-3.41677678409281	-0.956784039519769
NaN	1.1490002714986	-1.761667800297	-5.65093249107504	-6.46956290596036	1.50419931954751
NaN	0.766322092216141	-2.89206534216594	1.65504076562837	-0.516180456683323	0.230192127809694
NaN	-2.4448833675524	0.956080587012626	2.68071488524911	3.82682269336788	-0.695495594168568
NaN	-1.07946039620701	1.24705782631041	1.79685493276248	0.381399645420471	-1.84587129710484
NaN	-0.377420409476138	-1.95654969075953	-1.20942761969715	-4.294974719478	-1.78103741139884
NaN	1.37412563889289	1.23655553778244	3.76048751179304	-0.232814966021316	2.25408336838007
NaN	-2.14223188266267	-0.790230437318587	3.1357600333638	0.716607651174463	2.7856314349423
NaN	-1.86830386409329	-1.33524315979116	2.52181055675974	0.828017581042109	-0.204290478285376
NaN	-1.03612826899803	-0.520178153248998	1.44693693184714	3.31871629605019	-1.04497394734708
NaN	2.27481828713503	-0.362466662625036	-0.60699731540612	-1.35512460606294	-0.890551215214858
NaN	-1.20756527919542	2.31804129329654	-4.34101963732138	0.957148593996523	-0.561682599710276
NaN	-1.27777190325374	0.0126008128912066	-5.91047693358268	1.07139685391565	-1.46455093133636
NaN	-1.219403227956	4.72582536289107	0.803274045374832	-1.94933219013619	0.260062450027827
NaN	0.196334288226473	4.58902156080722	1.09420077128301	-0.919410466246598	0.260686859183391
NaN	-0.0974036651966575	2.37303841798636	0.455252737728496	-0.653064288010183	1.09827353846615
NaN	-1.25534287126649	-0.746802887546106	-0.96011103817173	1.45182442130156	1.33494986271452
NaN	-1.44958102526017	-3.39901391297909	3.27216264088499	1.81680532201125	3.13994260110886
NaN	-0.545216994622507	-2.50145960340447	0.447787389087973	-0.842610865724401	-0.0151740738090847
NaN	1.88136705808057	-1.47291338207747	-4.02540958487929	-5.60338484565721	-2.40569161456031
NaN	1.85842148868479	-2.51091710914182	-3.9145706349724	-0.601729497800762	-4.52486115683879
NaN	0.0670993445343669	-1.15665754796881	2.16328447916692	0.500312810839017	1.06302610319521
NaN	1.46269303747542	0.864970564931452	3.04136385123772	-3.7120309208366	1.1513360229129
NaN	1.40092378359191	1.58002829681386	-3.04915081172989	-4.7081601808369	-0.663646595675064
NaN	2.07103174039403	4.52849357783069	3.08130749134371	4.06208094467248	1.92112684199294
NaN	4.74825159656685	4.39640382039237	2.84014644804716	2.54179962147386	3.29341453772024
NaN	1.92471198698551	3.91091122186564	-4.23867267251258	-3.37194694278586	-0.0586563712820275
NaN	0.400851319631653	-1.57631680093731	-1.1580755695455	-4.58554091146361	-1.62906961532295
NaN	0.73838316252649	-1.76681844759171	0.326068495607586	-1.44757116263271	-0.163344084984639
NaN	-1.55804179476655	-2.19420546365727	0.152903149564093	-2.23978149626468	3.4295676762941
NaN	-2.09922411739732	-1.09040782601082	-4.3224977479158	-3.87116857875404	-0.391545989582365
NaN	-0.174673349115001	-1.13422132397063	-2.17413095989161	0.195620619449061	-0.244571231236382
NaN	-0.124999479346878	0.283788982586936	1.38849920855513	1.03476337123356	-1.0294150284569
NaN	-0.0599948256082166	0.507926240721347	1.67752684170155	1.6444461231208	1.13120442301816
NaN	2.63895087472261	1.88188602246896	-2.73024391629662	-0.307415102241173	0.314069329981157
NaN	1.20756957208153	2.34351060768413	-3.53915784335598	3.05962602289552	2.44698613983912
NaN	3.06076546075283	4.94442354684534	5.08601991228379	3.09356213081254	0.126431286156266
NaN	-2.59060848173141	-0.376571891106822	5.46024548939095	5.61970991743277	0.575535104511258
NaN	-4.9694024652426	-3.04607807702502	-2.42768307404292	0.513684954649995	-1.38391949573688
NaN	-2.3625342244256	-4.30057727624023	-7.48728449885601	-5.72927177672539	-4.22548521849956
NaN	-2.25317044139662	-2.41116994253768	0.0815205245253822	0.566275447215298	-3.88833315487987
NaN	-0.575081457591327	-1.47520392366711	2.90906013602881	2.76029006680128	-0.593201153050288
NaN	0.885310658261384	1.79869350607893	0.910659305670263	3.64821814119255	-0.218068141420846
NaN	-0.945329800759955	3.50114033440328	2.43638589814626	2.71440021136674	0.593435204445566
NaN	-0.358786994717773	-1.09508303089519	-0.823738232871226	0.107654475447942	-0.133503699360524
NaN	-0.214833177045389	-0.346627441623813	-1.56837509170502	0.174157156770578	0.290944919884335
NaN	0.393177623989203	-1.32131107679386	1.294648418419	0.79185272429786	5.17137036748909
NaN	0.538360735756717	0.268997446919468	2.0557422183368	0.967427802796111	4.13537927502711
NaN	0.774667754498678	-1.46284927013053	1.75965583769285	-0.861907464227069	-1.57993537870791
NaN	0.00780385121036796	-1.36033683925639	3.13947797563402	2.10514616220232	-3.07062943152062
NaN	3.91524883061516	0.989680098518791	0.685297452522024	1.97852570327399	1.80273250924135
NaN	4.05168330003881	4.1075033931629	8.73050377170802	3.19835405362486	6.68022742210925
NaN	1.64231457413082	1.35723161249031	5.14389341304756	4.52117400785202	5.55907169381952
NaN	-0.610869413572857	1.28664126413069	2.56662300474586	5.57397374188668	4.98191641467655
NaN	1.6744851431926	3.28322911058458	1.41783589864372	4.2857235774181	3.20057031986292
NaN	-0.801871795559126	-0.804486487199116	-1.87176048838596	-4.59635353521083	-0.312108990740567
NaN	-3.90074759678512	-0.39360926125803	-5.36231989339881	-3.12668852651259	-3.03887780192486
NaN	-2.70558245768238	2.34628272887131	-1.54277443398279	1.99669743642374	-1.37920563583335
NaN	-0.155520861825784	-2.31988540633261	-1.83592482578938	-3.53776683705125	-1.25598737086605
NaN	-2.46311910995552	-1.83673929936201	-2.12893780845065	-1.71894313256277	0.960785559207255
NaN	-1.20265366038494	3.43817588644014	-0.168655714225263	-0.0702430995732675	0.651196877933309
NaN	-0.599433533808118	0.449657109926125	-1.30175629085061	-0.68528964463908	-2.13257845387607
NaN	-0.587659832842264	-1.10438516055475	-2.47477569544474	-4.19305739371456	-3.43727261833411
NaN	-2.03449932016335	-1.70767854694657	0.0979729521398648	-0.266187885033133	-2.15878395300293
NaN	1.25913107771361	-3.56551702170916	-2.16122138574628	-5.18318763384531	-4.05201430112894
NaN	-0.586544643428918	-3.4815991188551	-1.85573562351745	-3.25518038637169	-4.21434191785958
NaN	1.75766629069778	-3.03575678808103	-0.330824140313809	0.181593942367218	-0.645153105927085
NaN	3.93939212825809	0.307956214054186	0.398267466494208	1.2803620757152	1.77455124724258
NaN	1.63316412795951	-1.68296343737691	-3.49044464461278	1.34408444399815	3.18816621411325
NaN	1.33227869896644	-1.08742535405928	2.10703049348419	-2.77041406596423	0.636198532649225
NaN	-1.26957070966794	-2.1077967364743	0.968102300443125	0.0832251513313172	-1.98249240695302
NaN	-1.30450611509723	-1.14770908209938	-3.92141930839158	-2.65004053135649	1.63531799147879
NaN	0.468578903703133	-0.721232040597529	-1.9819540233482	-3.46662028354161	-2.24331516518209
NaN	1.78252489483169	-0.186608474603565	0.970664704485823	0.530156067877258	2.00418728562661
NaN	3.04759998293105	1.4460197879182	1.11034419713694	2.07136899366412	1.49110469411407
NaN	0.0654434553601978	3.83782532331741	-0.0432518882719247	2.44520740178575	-1.74945390759543
NaN	-3.46360905279031	2.27268118755905	0.61110778172882	-1.42421783075359	-6.04256660146407
NaN	-2.5537995128306	0.251299345871253	-1.42211102686807	-0.676135020840685	-7.12780047759307
NaN	-2.32449227663426	-0.596811468124155	-0.201809884798783	1.57592030783072	-2.8969171567628
NaN	0.770540862725056	-0.829601925601143	0.189074310617656	-1.02419169208754	-0.850594447021387
NaN	-0.480608218753152	1.02125234002683	0.193819654660558	0.114421875368452	-1.59347949089949
NaN	-1.61678637476529	1.32909289161779	0.564126439415098	-0.370427459952424	0.429625218211659
NaN	1.79313996936425	4.06585360936533	3.35538712283867	3.63813350751202	3.21752459518809
NaN	-0.703936937388092	3.43215144131295	1.7621443750306	1.84012158666045	1.71588478699192
NaN	1.13006599371848	0.561932577083757	0.559619421747687	-0.187483037971539	1.01977155095838
NaN	1.17631880023755	-0.0809011657451591	4.6209808621005	0.951281877483961	3.36438458863515
NaN	5.64220922970393	2.2169284665716	1.18618592236837	2.02155245512937	6.70742681002573
NaN	1.76583615857071	1.07163878978847	-1.6501516422712	3.13707534588349	2.27355818425622
NaN	-0.407731674476966	1.64124473292448	2.19359197644498	2.50705202891357	2.21895501722173
NaN	-2.8605879562089	-3.13872490652368	-0.203382961241501	-4.40868300935376	-2.54603239256129
NaN	-0.727416108977802	-2.34718218165669	-4.71248898119283	-3.56511896948909	-3.66810763906683
NaN	-1.91868754066858	-1.56358186196148	0.0188229456235658	1.66579933537932	-0.606626561459052
NaN	0.57657780636848	3.78315284778974	4.98419552479334	3.63505041631171	2.53760273652097
NaN	0.841765241652356	2.27838163480001	0.762295949338018	0.254743494475043	3.00512443119075
NaN	1.27055384089084	1.80571686857767	-0.434441949894242	-1.72816284963139	1.35672386184703
NaN	-0.823407452521689	-1.50980334016026	-1.31221325253365	-1.31198809958708	-2.10774583566876
NaN	-1.75396633501484	-3.52412650847532	-3.62331242919556	0.483952081659486	3.31272960504402
NaN	0.250856945754836	-1.78370829137913	-3.74903478834465	-1.27523249030292	0.56362793129401
NaN	-0.530258931662224	-1.41930880273593	-1.01828535400067	-1.66872347027773	-1.5968943868476
NaN	0.98068448470038	-1.71791452352498	-0.0529074144558895	-0.18585097424216	-0.233706309039954
NaN	-0.605373697405573	1.42401394508381	-1.42093865506019	-1.2804793459262	0.339056484249357
NaN	-0.0905446950775915	1.3614681906131	3.59578651242401	0.811237411057858	-0.143537512663028
NaN	1.99638413113624	2.91245801455904	6.37690838429438	4.52673221485048	3.59843112641614
NaN	0.102071751797073	3.84230052482231	3.0850374928299	3.48601440745347	2.9127182329671
NaN	-1.73253346746909	-2.00262012740892	-5.86357318033672	-4.13327791794423	0.0745403212030422
NaN	0.18786351745251	-1.29603035107803	-3.62816942394907	-4.85839769556106	-3.83968031149488
NaN	1.54139489477426	1.90707548905507	1.96777591771625	1.64914625245528	0.565967541218835
NaN	5.15285564341081	0.953010160708517	0.83993005444534	1.69345854408386	0.247765220638657
NaN	2.18904000650307	-3.00209572096347	-3.3051819898642	-2.61458434813715	0.682808759671586
NaN	-3.36756820440575	-2.38728571411091	1.29551153721948	-1.6014211022277	-1.65404649947073
NaN	-1.720345979003	3.47183833042737	2.09740760499053	2.23400655372638	0.0727750018039196
NaN	4.02261013960297	2.19601434499856	3.98387270268759	4.08992180617467	4.28866004124351
NaN	2.59337578087377	-1.59129465226991	-4.02258992994632	-1.39925148041326	1.93085248342967
NaN	0.780845276862565	-1.36406217048938	-2.75314855968487	2.91903385983874	-0.401641035416418
NaN	-1.94523987808926	-4.66303258309578	3.19262905016163	2.45146532870724	-0.114321683187742
NaN	-3.70184961423591	-3.23670466754538	-2.18999102458942	-3.87019757856509	-2.97006039223712
NaN	-3.5476746153196	-2.27814453814124	-6.08819742556691	-7.00807771999422	-4.80701592636587
NaN	-1.99324186361525	-0.527549756885454	-1.21855500822394	2.48484454910004	-2.67476239949632
NaN	2.08117392301811	2.42756905623765	0.712400193227635	-0.0952351296640777	0.75880487739593
NaN	2.97827429116325	2.57792739877471	3.44927958172165	2.68125219360159	4.02503703852832
NaN	-0.822261938335312	1.41783499585692	4.45853710650952	1.22669489551692	0.717752442585101
NaN	-2.15706346948813	-2.68909471515656	-4.3587288265311	-3.6888658629655	-5.88109617634902
NaN	2.07916258259841	-1.00429577092388	0.0919989447907388	4.52060825043532	0.932940758830188
NaN	0.935233924130997	-0.20297507538833	4.47344170067936	2.89119109249222	2.14490805413131
NaN	3.11509109432711	0.500655874805108	-0.387099231046545	-1.59674246033265	1.42748975043045
NaN	1.24527323264088	1.81109270376131	-2.8544573893906	-0.744740910227123	1.44761527631787
NaN	-0.414107840515395	2.30461867935086	2.26113655259922	2.94726609674112	1.66098711542932
NaN	-4.87584073290184	0.541532268849227	2.06106084486609	0.770069501490798	-3.38646504602846
NaN	-1.84390853541056	-0.325466303692079	-1.4061634102991	-3.82204601753367	-2.95706872496255
NaN	-0.631526982669064	-2.84019946001648	-1.50797171760488	-4.52144597865904	-2.4432252738742
NaN	-4.09994325726232	-2.36562926678852	-2.45146537721302	-3.90654841253321	-5.1607574221485
NaN	-2.96876638593007	-3.59734686738323	2.12493722096279	-1.56636005577841	-4.38131805643937
NaN	-0.498371900695417	-0.942525764496995	0.19156319773353	0.253377939996856	-0.74002353968022
NaN	-1.77180851715255	-0.244375668454541	-2.04107898378498	-1.03319341666525	-0.664822020822446
