NaN	-2.03466209734063	-1.89764752982973	-0.766641732377569	-2.17336585500734	-2.69785452553431
NaN	3.18454281163472	-0.713820419564767	-2.24533115822677	-1.97926147191237	0.180258147296344
NaN	1.73966903954939	2.64420931564357	0.874669543995595	2.47506435715579	2.02856777008523
NaN	-1.59538644791115	4.94603281985436	2.83641562263957	2.8386763968987	2.67574481396299
NaN	-2.12666293912542	2.44955162595098	1.7516010596606	1.70872990170784	-1.40810028204123
NaN	-2.30182652795277	-3.32169218292379	0.579995455072515	-2.66374770900796	-2.66246354367064
NaN	0.0296657593765446	-4.2063702810158	-0.235954015750026	-2.00943114637273	-4.09820957933418
NaN	0.014971551025273	-0.745578872585719	-3.25750787141381	-2.278406973061	-1.6408411869859
NaN	0.982448558456961	0.211321113474389	-3.57538425312348	-0.892461605661926	0.156345579474799
NaN	0.871240152105454	3.32937194570229	-0.881742022479762	2.40286765964806	5.57127805859008
NaN	1.85639398478901	0.285259966197824	0.644077120472032	3.21597792612728	3.3716487692171
NaN	5.09485683762822	-1.06630104912648	0.785909063153945	-0.121546865263306	0.633489798615486
NaN	4.30487817579159	-2.27385755059308	0.341502191280032	-2.97246047736751	-1.22768962373619
NaN	-1.69074246938069	-2.42185542559405	-0.817173763568876	-2.9604664930043	-3.26254713479514
NaN	-5.69616817049715	-2.75477978431854	-0.779635663049298	-1.78988541639933	-3.4832905299459
NaN	0.231308827196286	-0.689926033485696	-1.50506768315385	2.39591216714633	1.47548767567611
NaN	-0.226693173122918	1.34800504325531	0.431557182233913	3.49210432546849	5.29372573901091
NaN	1.8567067151886	1.80838686485681	-0.211311421184959	6.16357694806292	5.63394453430322
NaN	3.90525456376861	1.93890619565381	3.13193552344335	0.0229293139712086	3.19970603670297
NaN	-0.153831068150482	-1.45224147358081	1.74262899674089	2.90540508276839	-1.01770351607145
NaN	-3.26176987650862	0.256305073632657	2.00691852213947	1.86350874707091	-0.900044053563831
NaN	-2.88228197652264	2.03257924781677	3.0109697710499	2.01358743169018	1.19721038148455
NaN	-2.45461418904543	-1.84463367571862	2.21285225212389	-0.905235753494125	-0.870985532347798
NaN	-3.85074426117108	0.607851311229064	0.441412904916996	0.036849677140579	-3.66060065207526
NaN	1.58021445913166	2.40769516970548	0.0821613061919817	-2.41662122020555	-1.69266542767713
NaN	4.02025856528422	-1.36747756119594	-2.36715998003184	-4.38026877170496	-0.719688084182917
NaN	3.30432706347476	-0.850458794708474	-0.445690799684941	-4.48579643890497	0.135694685970194
NaN	-2.55386540356562	-0.119702160582877	0.027646930632226	-2.9098998297829	0.770355659098621
NaN	-5.76732097221565	-2.4162380991712	3.71051874087957	-0.48905963494454	2.04784033771029
NaN	-3.60399808924828	2.43115860267135	-0.305791913727198	-0.0612754265892624	-2.45533000402754
NaN	0.0766766663506379	1.49638518954876	2.75506417031788	2.55929249939908	1.19835986595804
NaN	-0.0794972365536734	-1.38904533465459	0.346382279205707	-2.46340721218614	-3.07493649294427
NaN	0.178837038718484	-2.91911820326053	-1.96579146896887	-4.10845658078646	-7.1044609233218
NaN	1.03848747342802	-1.16484393272474	-3.0651228441035	-0.671214488275289	-0.80644744782448
NaN	-1.13637123350317	0.805301104452121	0.052367179488979	1.96497525698417	-3.81561260649384
NaN	-0.363243429054612	2.95048495819932	1.65374746686934	1.35096461572618	2.30780624817362
NaN	0.810773792029893	3.49321719612881	1.1294388091148	2.27770775980251	3.32026704193942
NaN	0.274021008305047	1.12266569530648	0.506622184450745	-0.407426711649175	2.66749717745143
NaN	0.337780830649715	-2.03157540680429	1.58224501121982	0.394695619082285	2.06693589191981
NaN	4.94278964626899	-0.358393617628801	-0.283846462992006	1.58781483548428	0.495077719352476
NaN	5.30278416126802	2.75892181143956	-2.21832848093275	2.81135405639038	1.82910970334136
NaN	-1.32424061629478	1.76146901017517	-0.353697792712644	2.07924861035682	1.30525671349114
NaN	-1.1789542332786	2.80660724172954	-2.40111591318095	1.21410037121971	-1.0215801386714
NaN	3.79617470563659	-1.52514061356776	-1.33970883790675	-3.27505959011755	-0.773681697445868
NaN	2.97325637012159	-2.60035928606272	-2.44535632267681	-4.89163250737618	0.758781708767264
NaN	-0.0762875666479859	1.06910650699347	-2.58430965632346	0.404323302702602	-0.620286771704518
NaN	-2.76202850643208	-2.85795524893391	-2.37511635973824	-4.26115198436135	-5.58505119159082
NaN	-2.31661264285548	-5.01389713435221	-1.37598657476553	-2.08388605727488	-6.39264026441556
NaN	1.25120528264038	-1.99972480246112	-2.27639352678243	-0.902141430391526	-1.86193408144326
NaN	4.17160538336242	2.39948926199553	-0.914129173616894	3.01162036088968	3.76666813435075
NaN	2.73211400901978	2.61654426364051	4.92954450490339	4.878276764182	6.10701937884774
NaN	-2.44405030546751	-0.747175173646181	2.30090286611986	2.67544866770135	1.10889072429934
NaN	-4.36794325456599	-4.98278801722508	3.28938999936705	-3.06915111162895	-2.08619457726486
NaN	-2.90043130357795	-3.86504894956566	-1.29182355182356	-7.08852563411189	-3.6304667334206
NaN	-2.09189489920356	-2.47735485847225	-4.4580004943183	-3.72922881101081	-3.23845933532058
NaN	-0.262195332748545	-0.776099983739738	-4.21313105871559	-0.974414118770841	0.114288602022874
NaN	-0.170712702239175	0.636997303408913	0.171973501777443	0.149460841525662	5.54920417163242
NaN	4.49051449324431	0.766070374311001	-1.08776896308111	6.09054195491002	2.93175843691021
NaN	4.37485957198995	2.54423385235311	-0.116880816186953	2.40780162220539	2.3864107825814
NaN	-1.39375649372914	4.70077871648838	0.586336480178461	1.01315003628818	-0.0593862453980111
NaN	-0.720078859607969	0.977356073061464	1.8516382684795	1.38871289182541	-1.03832754438278
NaN	2.80399842567141	0.663495474840169	2.45430660645333	1.80696857823514	3.48804099796756
NaN	-1.45166878914681	1.64943316761854	1.57185255173029	1.38168748525523	1.67193575831196
NaN	-3.89758688125133	1.75758426760115	-0.816063934376163	0.443642503647018	-2.32729785264415
NaN	1.62831378093186	1.24523944219484	2.10168544176608	3.84336657970991	2.47327169067146
NaN	1.37032881720824	0.9230014930183	2.82066955200101	2.49673068619382	1.78158689413164
NaN	-3.63517474352345	-1.05646715053088	0.570743244807657	1.08456630390815	-1.43485951160468
NaN	-3.4213766546371	0.880279569352439	3.51694860228713	0.416564443832439	-1.62010135501714
NaN	-0.558982334945091	-3.44117472177883	0.47039273028187	-3.00524643438821	-1.89858704881785
NaN	-0.675313484781529	2.05917490394543	-0.88115730816458	-1.51707226509137	-1.13733038860419
NaN	-0.831326870488129	0.476984983548307	-2.25275781694419	1.84447601849765	-0.730220619585659
NaN	-0.56729313018583	-1.99795733029221	-2.77381104421786	-3.79470914636711	0.663965683507638
NaN	-2.27926256397786	-1.56740784079275	-1.95342056590285	-4.71997846888089	-0.525658397642638
NaN	0.0256550793899062	-1.40630827971057	-1.04745767580374	-0.962249479645002	-1.34055596519844
NaN	1.2212780273909	-1.47987347575557	2.78078297585228	2.92215449523746	1.72292182974042
NaN	2.21329711609625	0.668149986861531	2.56078346572595	-2.10860921371959	0.725880413788077
NaN	3.47070301290401	-0.28087245754786	-0.61808398707508	-3.18503130551889	-1.35199677778051
NaN	3.63451121207502	-2.21035160040202	-2.10544193059926	-1.35098685449635	-4.1546567797894
NaN	-0.58744058154302	-0.846819149489888	-1.85609982036306	-0.68964588635503	1.69491107438038
NaN	1.9698083415209	0.832649020642801	-1.41190963390347	0.84580451311013	1.06220690571202
NaN	3.21830548522356	2.99844554399822	-2.32245806108693	0.978589115210644	-0.986477800535091
NaN	-2.47590468173011	2.87071198829016	-0.205317118483609	-0.113163291878668	-0.726864850334707
NaN	-3.512821433267	0.13882073138248	2.06490856638658	3.33307196377102	-1.38819214150935
NaN	-1.25550969827075	0.179869343909025	2.09596166327222	0.0235165389283842	-0.934376962301194
NaN	1.38455255521392	2.18663994618032	1.49264634241002	3.62958905250576	2.99572133719288
NaN	-1.36388853470514	-0.256291514341301	1.93975194015226	2.49322750601781	2.77958858727863
NaN	0.999778098928132	-1.8847191710658	-0.755828293041379	-2.54038555204088	0.497556709420944
NaN	2.97382003938841	-1.25573613938129	0.234397114140203	0.280053042241438	-1.1645242504728
NaN	0.918592084958546	-0.889354399444453	3.15521095002087	-1.20869689656177	1.43762627722491
NaN	3.25551107120622	-0.0970496192714405	-0.104787588740664	-2.11376443557539	-0.0747983483073879
NaN	1.07831690073261	1.24840263935991	-0.440207433443772	0.206578841100154	-1.07991228283817
NaN	-2.73769731268732	-2.43323900150267	0.768906043375097	-0.502052297026334	-1.96333845221197
NaN	-4.02655675228232	4.09127038188807	-0.676375740820866	-1.24170981838151	0.561348235261122
NaN	-2.87232971358575	1.38375190335721	0.774358930441696	-0.0700402928137185	-2.94193960360154
NaN	-0.317051745070233	-4.29078734085295	-0.110817395513534	4.97592919016304	0.224212107884885
NaN	-1.44560629534154	-2.21641513507659	1.45040323768403	3.08884000746946	3.57855058053091
NaN	-1.29022565093092	0.0310690156464913	-0.513897500575305	-4.19633194387526	-1.30716477579071
NaN	4.17305603592159	1.14271609397156	-2.18398512259119	-4.18582943212535	-4.67318353693279
NaN	5.4724797967124	0.741232969159708	-2.9930828291153	0.25807117008039	2.23791897113987
NaN	0.36143551649769	-0.952630952810632	0.468392852552404	-0.486793533859901	0.110778893117581
NaN	-1.54619416991013	3.88654841770103	-0.279880668590564	1.3168234343523	-1.26707980855879
NaN	0.24807677385988	0.439660899125941	0.274106691040898	-2.60186311645909	-0.530283176962029
NaN	1.22276898196311	-1.29911745944657	0.704341382047227	1.07855565883159	-1.01667001932828
NaN	-1.14772759056197	-0.672366545854327	2.72134677580281	2.74122470937052	0.988977150264174
NaN	-5.03581864240701	0.936187949735913	1.44752309794585	1.6951186062186	0.707609527621926
NaN	-2.05799543020791	-3.74623218890805	2.0093934757898	-1.0152340683013	-0.559745684223419
NaN	-1.21395763969623	1.64312819886534	3.70725013519601	1.78309686194983	1.52228316720243
NaN	-0.41274810972142	0.135854748319671	2.0636516040947	-0.241663270142778	3.07533018879109
NaN	-2.32510503254417	-1.41096545451538	0.176973601078142	-1.12629816893189	1.68736348259308
NaN	0.747187177679025	1.94070818402199	-0.976868900409606	-0.314511545321714	-0.195664674443467
NaN	-1.97745876965919	-0.973868941184635	-1.20972965449934	-2.7227251254369	-1.33084794674046
NaN	-0.568466246434151	-2.90054455912632	-1.12800590722872	-0.311938283572317	-2.20620425122765
NaN	1.1831788698172	-1.27786553020235	-0.458033744747354	1.7839349405433	4.41901374591534
NaN	0.650535615869644	-0.3104324383687	-0.924117201871372	-1.13577367807723	2.95987420949476
NaN	1.656442730548	-0.409994000008358	-0.824861591142019	-2.16443667487075	-0.449652989157139
NaN	1.25763076294067	1.57048694398821	-1.05747559345341	-0.852162825741246	-0.746693432511374
NaN	2.81114595756146	-0.221483342201301	-3.01881128563359	-1.21944977589485	-1.76775557343687
NaN	0.545622259101277	-1.0606145934328	-4.8175316566172	3.09307569390413	-1.26336920864498
NaN	-0.104909330728104	-0.762382096476836	-1.98842505021786	-0.502787791832978	-0.433419230293449
NaN	1.09492715677781	0.377947554784274	-0.764130025292254	-2.73187704048078	-2.04489403091795
NaN	-0.718299964409464	0.393947107109005	-2.08082238820327	-2.28472029603493	2.22428423287313
NaN	-0.57912561119916	0.408888444511684	0.748791068030216	1.78222855913575	1.35331049719022
NaN	-0.516125887257151	2.67124782857505	2.42831195616486	0.759348938917467	2.41862245713077
NaN	2.18391711574338	1.32715747225344	3.81311582378591	-0.613302138034079	-2.92790409959974
NaN	2.4570013651469	0.0702992022448478	-1.10629357218429	-0.65609716614455	-4.11279474349813
NaN	2.25001488142733	-1.43038179323275	-0.727748757397073	-2.1329611565608	-2.69961442077947
NaN	0.561038896004107	-0.47055698027987	-2.27345904824746	0.58506776434933	-0.338151993635231
NaN	-0.391409562267529	-0.0422175469904027	-0.259482969138636	-1.2580301308244	1.51383412119653
NaN	-0.0530476796683811	-0.215822473423923	-0.533227792173478	-0.698956662478629	-0.534768529504257
NaN	-0.369551810920757	1.63761766949421	-0.463574005473247	-0.0278291766002672	-1.75665478466746
NaN	2.26698700925199	0.980732257455739	-1.19376629466377	3.69546811227313	1.11180361809691
NaN	3.02747332733555	2.2326802482467	1.36242451852733	3.29542147085804	4.27916173432761
NaN	-0.403427227537417	-0.501400547829376	0.411546370176811	1.0623633849928	0.329762509770039
NaN	-3.05090205865095	3.14420519065879	1.16767407530296	3.54148832779112	0.240463629757928
NaN	-1.0746677074591	3.79064220966218	1.57711557923036	4.43768827101344	2.83767117068565
NaN	3.54066708552536	0.7210424081702	3.69231428587102	2.07949498039573	1.32977188650012
NaN	2.4124856802119	-1.04128691665317	2.72143182142271	0.00500262929674225	2.20463301916026
NaN	-0.500570799627072	-3.39888413246163	3.96753722747646	1.12450649387779	0.357862942724375
NaN	-4.40480104255984	-2.0333333089709	1.59682635949009	0.470865914834461	0.19894318165058
NaN	-2.66302064324324	-1.32446906272155	0.305064925177603	-1.63180189176148	-1.52739612698679
NaN	0.204684567978215	-1.62628077359848	-0.883184452474989	3.2305472104334	-0.451204709406658
NaN	-1.98937400899965	-1.86884230907879	1.20590629519092	1.96104992726578	1.67676753231909
NaN	-1.4292877999356	-3.12021310431187	0.325620006489673	0.444442907482379	1.07893082031933
NaN	0.682548747114159	-0.0851534359264877	0.745244652187499	-3.37009412310551	-0.198608430115584
NaN	1.32610200061972	0.849013697396259	-1.88520844794586	-5.6453944025277	-2.45224434788035
NaN	-0.631965063450243	0.277951932636038	-3.73703139990822	-1.9412891447826	1.91290648141257
NaN	-1.42150627591383	4.37047533197782	-1.48868877489012	1.50897721138855	2.86296073392141
NaN	-0.894653028819854	3.17111830736674	0.305567327965404	1.72098061725043	-1.21008765800092
NaN	-0.9481119022204	3.38842797749269	0.520242296294629	1.01523811454845	-3.14560994913827
NaN	-1.09663410296639	-5.38696588045752	0.666366275057428	-2.49861296352356	-1.04685676196539
NaN	-0.365588095753579	-4.37008103077061	-1.37638149671941	-6.03764946995445	-3.07378363997939
NaN	3.11221572216257	-2.76520967229214	-2.66157738290595	-6.11177865361428	-2.68245541147415
NaN	2.82599029823982	-1.08550856562243	-3.88565097423639	-5.12638378503335	0.0760743252177715
NaN	-0.537956207062474	-1.54649659778682	-1.00184802890878	1.27733315775908	2.71071836657314
NaN	-1.24487785343013	-2.49416593681331	-2.18796195774061	-0.565899755864388	-0.132330351833213
NaN	-0.691033072177558	-0.412383809034833	-0.668499197348967	-3.19728404087735	-5.79415656104666
NaN	-1.44239705890293	-0.358386125807406	-2.08307375056874	-0.297294613770989	-4.71986696356969
NaN	-0.319733701278243	-0.80689470420456	-1.45066433264437	0.865651220173054	2.56232710993508
NaN	1.60513275711887	1.58537135204476	-0.116776817004785	-1.90696113736175	-1.55104519265472
NaN	-0.397208248979474	1.782672333445	-0.72737830660722	2.02023221865467	-3.52761255521603
NaN	-0.292955968602011	2.26932852866669	0.470094296444734	1.024861156654	0.530354576547507
NaN	-0.432639304666123	-1.72606318891086	0.757522272747795	3.07923970648889	4.44205782353843
NaN	-1.71000573790119	2.48608128621456	-0.623651120214146	0.494327302626437	4.90615759517496
NaN	0.868766294016639	-0.247511389672927	0.254061922399454	-2.38751639027222	1.80349531535358
NaN	-2.45800372045207	3.40345239817221	0.770252486899694	1.30574877232983	-3.23697002400639
NaN	0.272316584442395	2.17727439263964	3.2468846056974	4.8060832937796	-1.31532591862417
NaN	0.949493289730307	0.932065834882256	2.92374238302528	1.81950696440431	1.2401613680207
NaN	-0.682258103486437	2.52916027348026	2.31003827658269	3.52011312549272	-0.676955915069233
NaN	-0.0259633000753423	-0.571107609457799	2.07704247009478	1.50771155864869	-0.824850003284998
NaN	2.59689648099167	-2.03647875726393	4.15845190096798	-3.39898362103146	-1.93193633041479
NaN	1.15242677468795	-0.564266396764302	0.773508652883694	-4.02529381505334	0.252759789322012
NaN	2.82753106159796	-3.99988247920766	1.15521717349325	3.89075016929891	3.51205237654528
NaN	0.310855055332078	0.242872905190091	3.92290098345702	2.93229717136815	1.83460046344831
NaN	-0.41274310216538	3.2762834182599	1.79840992584616	1.18611912755042	-1.93435033031037
NaN	1.10518499388151	1.41196129130449	-2.95348351034029	-3.12190695933988	-4.83094081007988
NaN	2.14493898099581	1.36591943066197	0.815245474966122	3.43784662336363	1.26313546489374
NaN	3.54091842074607	-0.900673613762987	-1.67831894307034	-1.84135304758557	2.1139797127226
NaN	3.68909807369278	-0.792452546670845	0.530500762349391	1.51210644785032	2.72473583463825
NaN	3.21033722410045	1.12231838295455	-0.911523238488652	0.723314380007235	2.38669976312359
NaN	-1.24080831427886	1.19888532905786	-0.838412609686676	0.366348787993779	2.34643504866462
NaN	0.697472920246927	-2.26668315225562	-0.365971111602072	-4.07997526014255	0.344118887666333
NaN	-3.50287454073783	-5.43759953324214	-1.38918082646659	-5.21849334067448	-0.357372517886268
NaN	0.831604853882751	0.208991674361196	-1.22552254716706	2.9588413212595	1.16986411635393
NaN	2.45160056919156	2.250983664962	2.65863521148202	2.67636611221045	1.40009475833526
NaN	-2.29173162920275	-0.278654087725109	1.97502951017366	0.830629206129325	-0.340872547542639
NaN	-6.54142909068115	-1.35145934791454	0.0562254873197112	1.04344524271974	-0.521621162920887
NaN	-4.18644209391463	-2.06334958659583	-0.00473405517903028	-4.80288744069065	-3.61959124246754
NaN	-3.11447025590518	-2.39641851368269	-1.32730577824202	-4.53080870819239	-4.19145080226926
NaN	-2.62489810699818	0.728031549823358	-3.41051876922471	-1.74016041278453	-2.28017145547783
NaN	-2.72972612771215	-2.10614113997603	-0.481935914819111	-0.748596996094135	-1.0237209014354
NaN	-0.309408700572912	-0.313655222184495	-1.8287393097528	-3.90480959791439	-2.57481781404443
NaN	-0.204655172683794	-1.22389337141589	-4.307335706171	-1.47867230942183	-3.00576245252967
NaN	2.83707399810866	1.90343547970284	-3.98182465995199	0.286823672820552	0.668395164110951
NaN	4.52323733582532	5.82552431005219	-1.29643625294034	4.54403839164896	3.93503407584041
NaN	2.33872868527966	3.32884022866811	-0.0640258237366251	4.78703096577895	2.86742458418012
NaN	-1.64393886173431	-2.25021188152995	0.690867922094199	-0.927370856327848	-1.19968713097196
NaN	-3.53885110706584	-0.759153643555291	-1.25166297006786	0.500015848579707	-3.3702711552211
NaN	-2.47557694940343	1.85519425396563	-0.175803240935156	3.98300244514232	2.95085729738535
NaN	-0.449135157451684	4.50229684643255	3.31574276874656	5.40474358207488	5.06730459981848
NaN	0.261440619966777	-0.393087011453133	2.15282935853757	1.41242795393985	3.20797950727641
