NaN	-1.79297766130233	3.19974494981334	-0.133726117402659	-1.49193106323672	-3.65444850689967
NaN	3.0678743824332	1.76892506386793	0.826769196025063	2.26782691089478	0.937195088627979
NaN	3.49153326677137	1.53635500635028	-0.133610963544645	1.86213336138898	4.44189670367353
NaN	-1.05827289119441	3.16571540774591	2.66290305629818	-0.606191347702595	3.42830131836294
NaN	-2.8878734630832	-1.71189733401744	-0.950181429615699	-0.986157135969189	0.216044646808681
NaN	2.0670234702981	-1.99108937090541	-0.052031585758872	-1.65915375807273	-1.10840816533247
NaN	2.78921794980452	-2.38232129342035	-2.0882333904034	-0.496059715123189	0.0597558149072203
NaN	1.63132078124461	-2.72029750389225	1.56349650784193	3.03380561261477	0.404840403870464
NaN	-2.74310535457691	-1.58495701068725	2.97500691296208	2.56441038126991	3.07954560263334
NaN	-3.45958082364127	-2.88549768913071	-4.43337677980984	1.21406610962306	-0.0199708998450811
NaN	-1.65144873581793	2.37297448726305	-3.26223433692621	-4.95257274158	-1.9311630473505
NaN	1.54049011852261	-0.42655625456729	1.80995041683648	-3.31937620065202	-3.0272926196865
NaN	2.19478254334806	0.564191373976964	0.291020039179179	2.31557529133752	-1.89176546835082
NaN	1.3966975017028	2.9654473239015	1.74259397002673	2.06160416952785	0.502211606596403
NaN	-0.751957199828661	-0.71398191288964	3.88219873839286	-1.16495293717613	0.308830563654513
NaN	-3.4318384169993	-5.97549683721212	-5.11649491971292	-3.3372627731388	-3.43899383369371
NaN	1.55752972436479	-0.286541373263514	-0.264427427446912	0.541947709165748	-2.75601075846651
NaN	0.00340271998097509	0.915676451805867	0.238514066526258	-1.82797067512204	0.195334925930825
NaN	-4.08229391971143	-2.74747152495902	-4.10902702685628	-1.51046217574904	0.682873786782841
NaN	-4.86509357141264	3.33476627603333	1.27199012431153	2.10487197163884	-0.293197018568634
NaN	-2.57305744318103	4.93821870746677	1.05165021076038	1.44873382271735	-0.283697827654364
NaN	-1.04865352783301	1.3176108113693	0.791550808985077	0.363469286560023	0.266568594211721
NaN	0.234957019117817	-5.0587461445776	-2.80705186298913	-1.01647148249158	-2.36224197648329
NaN	0.313182376455345	-6.33664523180436	-1.54429008288663	4.61149120705383	0.516367466282843
NaN	0.705627711281782	-2.1354503345562	-1.91183511558278	-1.78506213321545	-0.824163951677936
NaN	2.64751819649158	1.89962875986414	2.17950403511892	-3.2969801602011	-2.00977690489964
NaN	4.05293270974577	1.67619373323605	0.0326312168038841	-0.375197781856513	0.154207265666898
NaN	0.971015175264169	-0.530510989482397	0.364385311575911	-2.11075722289516	-1.096989966633
NaN	-1.70267180254594	-0.544138417057052	-0.321710181890716	-1.1522168451548	-2.11974520603794
NaN	-1.77114704480205	-1.00379523317641	0.874912399548277	-1.29625795789947	0.0732730899204349
NaN	-2.18773706349243	0.59491890430918	0.570752763423154	-0.122147059256524	0.459735846174273
NaN	-0.543141411580512	1.33899386086216	0.505948997092396	-0.103452184459609	-0.972597160350117
NaN	-0.218846968514043	0.695052483990536	3.74226956320083	3.16973376298782	4.87437093147121
NaN	-0.109970916389924	0.453705832703209	1.2707245037611	0.352805433941535	2.04483216889693
NaN	2.30659181561541	2.8065422641919	-0.177740832391202	-0.995678115430145	1.70826765633044
NaN	-1.78632269995742	7.57351887177953	2.07592263914487	4.19299455376114	1.35722362121336
NaN	-0.549721199540786	1.52675109230529	1.16754250561398	1.11121034228105	2.68911415690377
NaN	0.894223231419828	-4.95965522019691	3.59280474740619	1.58229210248777	5.0792917764684
NaN	2.1308936605418	-0.942923188540197	3.95567025836854	2.26374915462821	-0.0600499972389871
NaN	-0.0397089882157645	2.77903131358463	-4.14035922967437	-0.0299594325698847	-1.04689839897543
NaN	2.34166405760932	4.2752615047634	-3.94406256076549	1.81895210694367	-3.25677254174911
NaN	4.07806488385162	1.6008812454104	0.525429750391485	1.0786726254644	0.422653796801038
NaN	2.34890395585563	0.765971233782087	-2.77917010361307	-1.80724845538271	2.87554273689559
NaN	-1.01268371585545	3.38862058160638	-2.03597624986222	2.32215756287072	1.24355694984821
NaN	2.81530926146363	-0.642461738388377	1.28180147951485	1.55016804687257	0.614669578250365
NaN	1.5154047487213	-3.36165657469313	0.479930334931701	-6.03728125888364	1.00361766746996
NaN	0.59400176944063	-2.60926939308089	-2.80122031293755	-4.30986862994215	-3.05097289416846
NaN	-0.813758151058972	-1.87610970735405	-0.389279768776348	0.506037355371718	-2.61435827579509
NaN	-0.551031622121323	1.3658259552261	-1.19224831455158	-2.51719289422861	-0.430639310053244
NaN	-0.415192046851541	4.17855532649811	1.77283454863417	2.75566920263088	1.19670717195092
NaN	-0.379051741561041	1.54557136166799	1.91098817929817	0.620217355322766	4.12655155633384
NaN	0.436547459492022	-1.91120105632333	2.51664605780718	-0.913887723861498	0.979384136990839
NaN	-0.723788380864901	-0.208564081703845	-0.659830594145869	0.817220109660223	-0.916410706677257
NaN	0.439471793457361	0.298496746467277	-1.15088624462575	-1.05603335836008	-1.45499521827941
NaN	2.03822042260006	-1.15039244337537	-0.50425414578672	-0.233525590157281	-1.4725587339302
NaN	-0.557944844730061	-1.4609407223876	0.444489100608763	-0.230529316022421	2.3009946932847
NaN	1.31991062148242	3.58971937363447	2.26806422308718	1.40405523541646	3.27825554130345
NaN	2.77858601579466	1.61085093102122	-0.936196723239387	3.11211555706342	1.75200645631462
NaN	2.7829900170325	-0.700610574680831	2.10515908248169	-1.09296275034047	-1.29236505037043
NaN	-2.93988078104488	-6.77806296314585	-2.16378548352444	-3.57103396135325	-0.016794381646179
NaN	-4.00310150396812	-5.59790693933381	-0.940922727608887	0.533594547389119	-0.703089592934891
NaN	-0.436132644681997	4.58992171025874	1.81158474954479	-0.312341032268318	0.193463604346637
NaN	-0.660652847177861	-0.680559194511897	2.37420986417792	3.08105199908396	-2.81859461595222
NaN	-0.576716703129442	-3.89635830579259	1.83931044124893	-0.705227308579824	-0.596992003023946
NaN	-1.0682924406825	1.97344550644833	-2.59904287390836	-0.378888061570998	-1.9365137854452
NaN	-1.10474048637744	1.74663297183028	1.2418871906811	0.829106221378112	-0.103594935154691
NaN	-3.83721684354512	-6.07224675586565	1.73788787162585	-3.13184561060611	-1.04150775263454
NaN	-2.37119527145196	-0.347317379010333	-1.23644466001811	-1.61491627232153	-1.6974036483669
NaN	-0.192677090921854	-1.26110079789343	0.559684478561401	-0.28781025115603	-0.883286525842866
NaN	-1.86808571962109	-3.78597411420471	-0.677188156365471	1.13566650638191	-1.02957508259444
NaN	-0.217374496924175	-1.65854513036534	-7.42567663470738	-3.82265598116472	-0.933171425246575
NaN	2.74620909808804	2.79744464116652	-0.97463655928681	1.20466592438753	-2.2683562033978
NaN	2.87210602865854	3.48783406261684	-0.0646248621822444	0.976146997379084	-1.8984769566618
NaN	1.28124119893516	0.48349240614314	-2.93810467957416	-3.05602411105002	-1.37353329219361
NaN	-1.32105921051138	-1.9056196670848	-3.08700958000849	-0.715019856869503	0.289292837048376
NaN	-4.24197398861487	1.92988795755362	-1.09537306491304	1.39631633275353	1.95017298994587
NaN	-4.55120544381978	2.16960741254083	0.340086712046165	0.825278985727677	-2.81639681880728
NaN	-3.43860428198013	-4.38821927342842	-1.11688340340995	-1.98159553111612	-3.84269351555195
NaN	2.89342723952088	0.36957014246382	0.222975162780706	0.543276388824105	2.18117734928981
NaN	0.299695221264803	-0.629155779835926	-0.817086637519977	-1.685534622873	1.21792651707352
NaN	-2.40345578296934	-2.6608658349436	0.261526826960484	-2.27089486934557	-3.46299944417418
NaN	-1.2265266554678	-1.30120637609737	0.159465075540686	0.561009371179205	-0.292565458842655
NaN	-0.441663375788127	1.48587419658687	0.475811536964886	4.43533352888208	1.80288042676751
NaN	-1.30649629164078	-0.905587794673996	-0.707806131945269	4.54910893421353	2.83642161621867
NaN	-1.43804833579895	0.181190833463071	1.06346439938539	-0.708194039321606	2.45441476441018
NaN	1.15731227594938	-0.201164438964394	0.159912363562673	-1.10415699972589	1.57632802206963
NaN	0.970288109949936	0.798650292121721	0.0587836902687894	-0.0913311252297997	3.74193679867342
NaN	-0.557629371502319	1.89675988562907	0.47674738136084	-0.85603169270346	1.73465582258494
NaN	6.03244641803128	3.68608199861961	1.66613143976326	1.65286120500494	-0.515240445795577
NaN	2.89163868446666	2.37479280334486	1.20206252005427	2.61170602442043	0.273950399523846
NaN	0.429094610348217	3.14287697607504	2.23575065780541	-0.772716868319816	1.73449264688014
NaN	-1.93438838127085	2.08774385288409	3.57863608939966	-0.468657542107105	-0.477700791693007
NaN	-0.307128000228667	-1.17988780668759	4.68105888283221	2.37470850963185	-1.82569002858832
NaN	-0.844180323964883	0.897472841987137	-2.53619083566577	2.92672517726939	-1.370908928578
NaN	0.542350863129462	0.719429778344524	1.6596798402911	2.99881738110388	2.59190003810693
NaN	1.0598735280946	0.769375947256613	2.45335708342392	-0.076346408840974	0.685452068701682
NaN	0.612162493312668	-0.0137568567926965	-2.93000721611252	-1.69059133936838	0.947516841783301
NaN	0.294012124737498	-0.510663547022391	1.32161215944329	4.17765435462261	-2.48876881049328
NaN	0.471837835096962	0.956079216979652	-0.904136681696367	-0.0637818914896589	-2.14815875560737
NaN	2.22269465782789	2.16135407075543	-1.15743901233998	-3.68567080441145	-1.43606431671377
NaN	4.15847310419146	3.72497936571266	-0.953169565512722	-1.63518187384279	-2.06602425161329
NaN	5.42648069713558	2.06517686067824	2.23851966236651	-1.31884309502658	-0.313599780912898
NaN	3.66452077249699	3.94056517719538	1.05978691657546	0.330588124280755	2.30808748629185
NaN	3.58603812541366	1.58889570388135	3.91597959378438	0.546064477716688	2.38702771676587
NaN	-0.364948426223647	-1.70039806692205	-2.43704012737621	-1.49337763359187	-2.2628729241128
NaN	-2.9852802479476	-6.98552530656209	-4.24017885999747	-4.57266275984644	-0.989254325655886
NaN	-1.25612047936945	-2.4942245995288	-1.05574697323899	-1.23262653498878	-3.25936062727844
NaN	-1.24268107301754	-1.26440795328597	0.656557489018746	-1.34736753593224	-2.84463384857535
NaN	-2.35436140268956	0.134153460102493	-1.23767971954844	-2.93452044169185	-1.20663694205391
NaN	-0.3781397813896	-1.30096594099048	0.352625999984997	1.73738139724336	1.64773998606082
NaN	-2.47435098825648	-1.20456534054443	1.93240102149146	0.288285873532009	4.19620487365262
NaN	-1.04570911632638	-2.84503821771191	3.7137606962339	1.14072701208678	6.42276794643555
NaN	1.09795514591105	1.19415902399995	-2.03435321481035	-0.183439020191466	3.77279603619695
NaN	2.57001143561993	2.6079951835717	2.60011850794506	-0.516559506123249	3.2897015799009
NaN	-2.35390142137839	-2.08212037469926	3.14642681726709	0.529405755710073	2.09995004473519
NaN	-2.73706652707604	-2.63535085782075	-1.53580594698601	-2.23075384776475	-2.12056265612281
NaN	2.18626212686145	0.578355655834272	-4.36556042028063	-0.89982377768548	-2.40772144775876
NaN	0.137284994818054	0.663553203199666	-1.54790812980442	-0.0251778958256871	-1.66444097366896
NaN	-2.22721872306122	-2.09594810722987	-0.398072171357768	-0.289779908951636	-3.01230677583071
NaN	-2.84877429002959	-1.61266087187541	-0.687436856592053	-0.973706383473682	-2.53603802290207
NaN	-1.36591624246665	0.25651636955845	-1.11610270303194	-1.01744408403019	-1.84716436333847
NaN	-1.65175267078247	5.15842616346629	0.703253538346449	3.23188827507882	-0.821012167404411
NaN	-0.985858666906311	3.9682887160085	1.43064878738372	3.12324541367269	0.228384473059095
NaN	1.66137485243345	3.72809131570409	1.08673071295094	0.502363054732514	1.54931466832703
NaN	0.295448129517124	-1.9616197028297	-2.96992460770185	-0.143942467571826	0.678382238352863
NaN	-2.23605362959292	-6.09931301733514	-4.4455480581473	-1.71064764794774	-2.01009833817917
NaN	0.209903240394316	-2.97576289207731	-2.25760030431554	1.83344382945901	0.534740767598163
NaN	-0.358113891533383	-1.13444683588142	-1.88395529252382	4.37015535251794	1.41485996140198
NaN	-2.44637180737683	2.61374867637578	5.34764470081083	1.24560823098039	1.60760695810338
NaN	0.791893321423364	-1.71058964693184	2.756355879626	-1.54861089317751	2.16960586465623
NaN	-0.909848950157663	-4.73646438927924	-5.33623534269427	-3.12673828117866	2.01384496363153
NaN	-0.780595429120315	-0.392520814019868	-4.48676384006902	-2.34401901182586	-0.215732191758492
NaN	-0.879362123938029	-0.00457279764291723	1.71496720108875	2.1560783231251	-1.62929572735783
NaN	1.02033970360553	0.444732302551597	1.58476043499828	3.31115600774818	-0.0281642858617809
NaN	2.51566914901861	5.84090514701681	2.0115835625952	-0.929516703393345	0.705784751385503
NaN	1.17161809966571	-0.60584953872933	-1.48890245164548	-4.74023152969384	-0.0879726077435619
NaN	0.0499425807118693	-4.19065601435976	0.445509157929823	2.69610012894497	-1.5994779767557
NaN	0.536635351659306	-1.20736847957391	1.28337846954518	2.85611152281267	-1.379618260127
NaN	0.757326121986679	0.00237533418842912	-3.66792629269196	1.02196499820547	0.593859000888306
NaN	0.480955524570295	0.0522709332422914	-0.752027414511855	0.075465478570192	1.8400548391289
NaN	0.779171686617838	-0.759055055824637	1.40099205855055	-1.56564455725445	2.16860846742111
NaN	0.656282343632436	-0.774671641714263	1.60824383361682	-1.99835411388903	1.27498336641034
NaN	5.28394050473405	2.94177888699016	0.782483368804307	-1.67614263884675	-2.15192500904397
NaN	0.399901662665351	-0.373788171777675	3.57517563389037	-1.20171128829474	-2.73697488110036
NaN	-0.618034966954483	0.650736469044152	3.39596501437334	-1.02086601730434	-1.2831143241074
NaN	-1.16686889601323	5.62176161973625	3.81223629127584	2.11979695617156	0.529858012259687
NaN	-0.670335945962413	-2.11457973217723	-0.75058428774264	-4.14256157574498	-1.14826907119217
NaN	1.50120061974966	-1.99695059097661	-4.60889730933812	-4.58919301130896	-0.772379135499878
NaN	-1.01700198090895	1.81749310324467	-1.5512956471466	0.570415990281942	-3.27233413248413
NaN	-0.573435887272507	5.5179950708644	1.78357139552455	2.98995408168579	-2.76208227443574
NaN	1.43990265999871	4.32360039467842	1.21369258540396	0.798288621245172	1.31802785596902
NaN	0.652304431008882	0.100374576030715	-2.04265902010514	1.21576741549059	-1.22112708875293
NaN	-0.958368947627328	-5.09148146601736	1.88590702166441	-0.862133195357116	0.814527257663126
NaN	-0.287961937974055	-1.2959040328436	0.153121198028346	1.89577364466091	1.27725046923059
NaN	-0.557503506229833	1.35061285530395	-2.35375310207475	3.55596636202967	0.929976648561214
NaN	1.01857945280756	-2.51921627242052	0.143305790411831	-0.442468468700849	-0.175615181452407
NaN	-1.75030526235266	-2.54928797392057	2.99977650169375	-2.3934487702718	1.32912615240968
NaN	3.19986387686021	3.17414220500446	3.63801810750576	1.97688178125411	3.12269612937032
NaN	3.84477949998114	4.8447612467219	2.32871682457174	2.52120515930418	4.03068415107665
NaN	-2.5070482836447	2.62741718199699	-0.116936853288925	-0.52142650201087	2.10189019898041
NaN	-2.67859863662874	-4.73035971636911	1.48035639300344	-0.891020604222287	-1.22221715839477
NaN	1.28191158124662	2.07616230761829	-5.39230856805884	-0.964820361158689	-2.4011249808886
NaN	-0.211075656817856	-2.6791623160518	-6.02140041022473	-4.81692657750271	-2.07791929896193
NaN	-2.48152636495475	-3.59997698184297	-2.23757618602855	-2.65870448813478	-1.48378036529179
NaN	-0.868362039689758	-1.17965331910642	-0.435504298342495	-1.62816742728568	-3.24490671859621
NaN	2.01777973780151	-0.328183168970606	1.75333844712036	5.20483233599277	3.08598441789009
NaN	-0.0975876082819057	-1.99457604371544	-2.82633112772674	-0.238716414344755	2.22079481825846
NaN	-4.44220381858617	-2.93972627822486	-0.706226399035978	-0.276856334981583	-1.36325906523629
NaN	-3.0999149859031	-0.392895799728876	-0.047392210691628	1.71969205198932	-2.11123523669769
NaN	1.94411667560046	5.94263225358486	0.494004993089265	4.96295743223226	2.03417508524391
NaN	0.234242350423504	1.21441925826551	-1.04292357217421	1.49174045081837	1.20034011177217
NaN	-2.48070738326938	-5.89181000020199	0.0920802191363981	0.325133306780391	-1.1242090910039
NaN	-2.2062466080268	-2.13706797654505	1.09449131762315	-3.08073127379753	-2.55029310462816
NaN	-3.60360611060476	-0.522581371823919	-2.51242035749974	-3.35103091805939	-3.86266495002894
NaN	-0.398538266202772	0.526804696392507	0.872073911985707	-3.66849198726574	-2.24762267464766
NaN	0.190804012357329	-1.3886341052888	-0.678057630906657	-2.17071151610204	-1.06193184942987
NaN	0.444841356572235	-1.72756181628825	2.30519771535727	-0.466694450479303	-1.04830890400594
NaN	-1.20723838807936	3.27799893221462	4.26920170292966	1.73454498808482	2.01549361301822
NaN	2.46533524583709	4.75580822753805	1.72507641293457	1.81175965785628	2.01029838897286
NaN	-0.842631889316489	0.49151834938239	-3.91862720638078	-0.423754641356401	1.84680227899953
NaN	1.23432643726038	0.254350961696157	2.00656376786644	0.42831879220104	6.18582804191318
NaN	-0.215300694933479	0.902231472157602	2.97231587476437	1.50326585148971	4.49656845572627
NaN	0.18546528424355	1.40159260856279	-3.51723253072316	-2.04078473203002	1.33604490560206
NaN	1.14521208120067	-0.637570914935921	0.01708336527799	0.600235942288284	2.88820425235369
NaN	0.755588956539809	3.39155294407202	1.92557789482669	0.538228021042466	-2.26080745050746
NaN	1.94095086608796	2.40247212241494	-1.26820669832627	2.52880614374658	0.819253529588599
NaN	4.32547799046738	3.57245582972375	-0.823928499484815	1.30197008584492	1.34947580329718
NaN	0.867602098576808	-0.411119154363122	-2.08494340245192	-1.63300642148955	-4.0132991547541
NaN	-2.94456718341166	4.42046506540451	2.07739188532494	3.21933346763722	-2.65569891866708
NaN	2.66922123994876	6.68089334183067	5.82143578859158	2.47591658383081	2.17823150838804
NaN	3.67235706475903	1.01834696807154	5.20645674662994	2.79548305136661	3.13623509529198
NaN	-1.53829101344759	-1.18249291723838	-1.33535998856921	-1.53043000264176	-1.28309929027949
NaN	-0.889032675103985	-8.13372290131574	-4.60685203879542	-2.57743189658727	-6.34320606283877
NaN	-3.61437037535683	-3.54977493169699	-1.89625282948163	-2.07857108809751	-4.66270603625839
NaN	0.242939301915233	-3.32266131885372	-0.141021418937605	-1.60424911012297	0.883589673817173
NaN	3.71525724038355	0.0147994450070376	0.445130968876991	0.414816302132471	0.0004424947913626
NaN	5.49315010263506	-0.503944050188591	2.69232723534489	2.48514053848496	1.836834848342
NaN	-0.0140112374056275	-0.996340443927167	1.22383665608467	3.90046376088796	3.91842791205692
NaN	-4.1198449098553	-3.10084655788309	-5.34181784909026	-0.363988755565258	-0.32894963538604
NaN	-1.24267335875975	-1.92825882736621	-1.13557499826103	-0.963659732489473	-2.74976267081229
