NaN	-1.6886707502744	-0.758895094380854	-1.06049324978197	-2.12212385353894	-3.23886436518648
NaN	-0.105606348214987	-1.39922812587067	-0.94883685988215	-1.45066697701296	-1.28107928366055
NaN	-0.800108589556869	-2.52723047357992	-1.98175928869848	0.541292562372846	-2.68775248895815
NaN	-1.20313009621425	-0.297992434001292	-1.47132256223286	-1.57727705101156	4.19322884084368
NaN	-0.179592672915486	1.30408536329826	0.424324391927106	-0.778519149060679	1.68479176345092
NaN	1.07641192311603	-0.201653261144315	0.273147463122199	-0.894376031372187	-3.80678544740468
NaN	-1.02321544397806	3.65119989992875	0.40588067297093	0.640806618476227	-0.460903608328137
NaN	-1.09378492360983	0.393618380482351	3.34405956967077	2.53303439311191	5.17836293574499
NaN	0.358736574185421	-1.10567725034289	4.86432047572332	0.835544608213402	3.01568983777235
NaN	4.21197988981976	1.90223615343684	4.115990422873	2.81793781021159	0.177275221056808
NaN	3.4000347442533	3.80663637657606	-0.665205031834184	3.23802513174452	2.97475053455186
NaN	-1.38853428591214	1.87160020424555	-2.34617427899896	-1.37411881146047	-3.57326704802735
NaN	-0.102580786237602	-0.64890970338915	0.555473580319491	2.12461683814543	1.93604911852109
NaN	1.25013464596621	-0.686740775084615	2.27693393938077	2.43106443088933	2.9897590531958
NaN	0.923599859678706	0.0776221773234086	0.363488342711169	1.43559040929197	-2.32226337934888
NaN	-1.1539163057768	-0.462274407241914	-0.665064900678445	-0.83398984773594	-0.29013098470843
NaN	-2.12703496781051	-3.86540308056545	1.3805723065268	-0.612818293387566	1.22582913347616
NaN	-0.950204592702247	-1.16619681566751	-4.22557237266106	-1.59850655713109	-2.04821062857292
NaN	1.31341885402222	-2.89739274594164	-4.24673277916285	-3.58799341737514	-4.90111267615467
NaN	0.409732316889295	-0.90858442417513	-0.714534429569146	-1.84436727895879	-2.9979043399606
NaN	2.05430568515732	1.15140583225076	-0.64546450160368	0.68295215550175	2.93324851604263
NaN	4.93781892799405	2.67155627754261	-1.16462381401619	-1.42762211285326	1.66304071760504
NaN	3.65768459617403	0.588358657848885	-0.459566710387966	-0.577231922055342	-0.745031363355799
NaN	-2.12961534900711	-0.571266627849545	-1.78835027659379	-1.91766584777284	-4.073272166607
NaN	-3.9171324131908	-2.18238796113072	-1.11980697728017	-1.57110925666337	0.558436664944567
NaN	-0.73656589488302	1.60693776230627	0.339424064927277	2.87512663311957	2.71898572584175
NaN	1.13140299549417	4.20337168142892	1.5141539453663	4.29529339341225	4.01323303769162
NaN	1.91133734112253	-0.308310482842386	-1.54282011139821	1.20965090911904	0.844869103165585
NaN	0.269142897720306	1.12346208489918	-0.163914143558102	-0.137922069094391	-1.09400376213972
NaN	-3.45101035761303	-2.56888640320568	2.99344071013306	0.321832402049803	1.40855240255504
NaN	-2.61233533602522	1.84455029936878	3.42716935989978	2.86223829256292	2.45543642407166
NaN	-2.93367900239515	-0.431630650383525	-0.125868046225207	0.345418204611616	-0.576526698132528
NaN	1.55580889499449	-0.406463296711707	-2.84651408332909	-0.783878810593849	-2.07563579276154
NaN	-2.84953281285198	-1.01252584631811	-1.22027293005327	-1.15765788704376	-4.64154249995302
NaN	-1.84650084088992	0.0958790619282637	-0.448923332229212	2.63736475588679	1.00121951057604
NaN	-1.70557683084248	0.980891907900441	1.96417553774257	0.604622505168491	3.51829931251911
NaN	-2.13070668986188	1.81392815493863	1.46002268730907	0.463631086096751	1.28447435464363
NaN	-0.0169811029499575	-2.40996418147349	-0.99799331575433	-5.52101190969829	-0.16377639025015
NaN	0.515341303028805	-3.23619539674348	-1.62872033768468	-5.21185282959861	-3.96265540583609
NaN	0.899543345290469	-2.79706993470948	-1.88115706613867	-2.66088702410381	-4.56630105234685
NaN	1.73377901990323	0.870784800956413	-0.15217481715087	-0.121947315992476	-0.505812844264177
NaN	0.209002859161569	-1.28308599738354	4.5141162492265	0.724321204531282	0.546523631058078
NaN	2.41026877399221	1.92097476512629	1.93204623722861	0.876032515316626	1.26371533943977
NaN	3.98295772964292	0.522992919016538	-0.235116985019185	0.138088084447371	-0.0468639575589481
NaN	3.44773646606686	0.152967761286177	2.94554097142129	2.04255547250818	0.106477925691426
NaN	-1.69827716970972	1.35990503222842	3.6080947365006	2.45246396353522	0.355890243155098
NaN	-4.54873725867699	1.24168272010251	-0.0608862440944401	0.192252616152896	-4.22702466111708
NaN	0.133218449874144	-0.899367586976485	-4.30882198668752	1.94724644401361	1.51210649898008
NaN	2.90916833067027	-0.381975037820216	2.22107933141023	3.94941274269481	3.249939027638
NaN	1.44105177810666	-1.32026684586802	2.83385047874157	2.2615909156704	1.56862057965952
NaN	0.17600735357615	0.777221945022527	-2.91328452474817	0.633734764307998	0.394696172379119
NaN	-3.01757908240756	-2.36445192617739	-4.36176535056526	-0.930224851567368	0.0459179706599641
NaN	0.00911049904146495	1.48366434441355	-2.39161701688644	-2.37852644007075	-0.505108821349407
NaN	-1.33953915070646	-0.22118267664725	2.39825022869929	-5.24122376756058	-1.03445474174082
NaN	-2.28538763969686	-0.714337037154378	0.453987584402977	-0.910290326583552	-0.447077903543002
NaN	-1.82406906900872	0.0622230333218152	-2.59102929415245	-2.4624563628355	-3.35502650930331
NaN	1.2049067279407	-0.00431376244385807	-2.38311811834356	-0.0702348959972107	1.2324147758737
NaN	-0.00386814019151542	-1.28301434994819	-1.52977359175425	-3.55206391040404	2.34953035037891
NaN	-3.28866792174731	-0.797994496832993	-3.65133565269685	-4.2409228339238	-4.49551934935578
NaN	-2.20603712229589	3.67481531458691	0.335772201435657	0.29570702288515	-2.19611047990572
NaN	-1.1592308622271	2.94367327107597	1.27703322430553	-0.400508028495977	-0.554978260180429
NaN	0.941134942809481	2.44374035681433	1.30016181089721	1.08858825595704	-0.0436288437027911
NaN	2.72980516729464	1.28751682560306	-0.0576098094468445	-0.907022612217323	3.16585218223895
NaN	1.69024970647705	-0.167462719195346	0.0365368341498444	-1.02744484909063	-0.855689159571942
NaN	1.01409937231624	-2.170554838724	3.85173211252934	1.11231955919564	0.359221224543613
NaN	3.1496403429863	-1.07929998331966	0.43665865644809	1.45736554970956	4.67595574682453
NaN	3.11613298031102	-1.43173207089219	0.00834420212897363	0.789896050826198	3.73518316278334
NaN	3.72661508443791	2.11627155238661	1.05642008895348	-0.170307931412135	3.21753199845851
NaN	-0.92189970720133	-0.337148491319599	-0.305446526814238	0.0432260826069059	0.260792280885493
NaN	-1.21180224335874	-1.89357797466689	2.17560345845389	0.870235210970789	-3.87096845492684
NaN	-2.66665506217996	-0.86308870713465	-1.61213217022726	-0.441154054017579	-3.94505729007785
NaN	-1.69657975449446	-0.540993631804566	-1.87858280305455	-0.110838133852105	-2.27722781642282
NaN	0.0790631880147243	-1.75020253300309	1.05300610122567	3.50105427859666	-1.1256486992641
NaN	-1.54635924166883	-0.783251309665887	-1.08117005869347	3.64319603579175	-0.174175572038284
NaN	-1.09963049809206	-1.18749098772765	-0.257715223770483	3.99149345091019	0.6769643999192
NaN	0.596811328246156	1.08562089863774	1.6597111780589	0.0518583192144707	-0.98580814525194
NaN	3.38886113476166	-0.471526408299351	0.395321481177076	-1.0094579060998	1.09223083251707
NaN	4.96518891844574	5.00531798498458	4.48210460547896	2.13985725266894	5.95929215829026
NaN	4.03589785101957	3.98060207919048	4.85331303369883	3.84947248162265	1.88926393145594
NaN	0.874104155386012	1.24397220262816	2.64404628353976	1.21085916832126	1.69232071065195
NaN	-1.20078692851864	1.4260452228694	0.0359053393197705	0.223385401043903	0.0385142163415365
NaN	-3.03296895870353	1.61273291632654	-2.50826835156329	-0.607875095665008	-2.02439002458111
NaN	-1.98261079220494	-1.74122460799399	-3.53839434709383	-3.29759329184278	-0.211377412491109
NaN	-2.11007234364979	-3.04016708538681	0.136934354498218	-1.22408947174231	2.37325146059558
NaN	-0.724197818014111	-1.98172369299895	2.61308586609396	1.05714156928279	1.37855833459543
NaN	-0.932687890427593	0.873611797614581	0.714517905699982	3.15179249543535	-3.65977376025135
NaN	-1.61661991559868	0.833207986888152	-3.26254466176006	-0.00684584171791855	-2.26053652452172
NaN	-2.50177503215411	-0.53022200752832	-4.44387220204485	-0.546936845935777	-1.47088210564952
NaN	-0.700629174814874	-2.23737419587565	-3.27982243351325	-0.627809560130638	2.3381187689963
NaN	-2.57249259034195	-0.679229339012057	0.228673087470325	2.7686484460917	4.04604799379192
NaN	0.454380317459722	0.601670212601764	-1.86547160768861	-0.461041749788189	-1.04845695362953
NaN	0.989704799862581	-1.11647959462536	0.773242100055215	-3.62592752375777	-4.04886915203228
NaN	1.16567706901052	-0.155002175442719	3.65566053349251	2.4471336625221	2.29883906212768
NaN	-0.052315182559783	0.784694400340593	0.119396074449962	1.70666982924612	-0.601236568366932
NaN	-1.55757131215098	-1.57459532515763	-1.7073949859803	0.826177725826588	-1.88370433806821
NaN	1.4276568916204	-1.63879661575135	-0.29182802608767	-0.620542114666968	-3.37851580945725
NaN	0.147725478984942	-2.06655465618529	-3.10152052440843	-2.71711973429975	-2.94235880380639
NaN	0.628492606120827	4.39327459041094	-0.459944068770289	-0.193179342175124	1.08849668387352
NaN	1.15271612390557	-0.405337638614416	-0.848223929958494	-0.197910736997463	-2.25374226097307
NaN	0.313925189385004	0.222799297645208	-1.43646815152322	-0.566667978922809	1.25818083968061
NaN	-0.207672133645128	-0.711929962306128	1.29602629081927	-1.1746965755116	-0.252798933566071
NaN	2.10063629820984	-2.16194252307971	2.00119424916548	-3.49021546996071	0.279043022894599
NaN	2.45892222456851	0.912857481139657	1.22420872070587	-3.39592868486077	0.136103899124232
NaN	2.50450456210878	0.408469243410343	3.32970942343094	-2.80443596180743	1.9666022567093
NaN	0.99004003360763	-2.75405754191959	2.10579129576088	-2.42993260733565	-1.43413388195941
NaN	-1.34214938729966	0.104270092972337	-1.22813584999596	-2.54770268904023	-0.0763030362403575
NaN	-1.03804970186975	-0.512213024300405	-1.77661920458854	-2.06711813455196	1.32908709814671
NaN	1.69794675199482	0.494314128418502	0.617127630541482	0.506488776509059	0.68666305402755
NaN	0.400370821755284	0.26918173693106	0.468082356607641	3.35398841970666	2.37325331648029
NaN	2.02996055375727	1.14120643270767	1.7489703621292	3.61208935068638	2.58220730807987
NaN	1.13462003095791	4.41323630016228	2.04877791325788	2.68965371516788	4.60380096935438
NaN	-1.17325738751539	3.42767295052151	-2.07191897957025	2.93616177051285	1.75948298026173
NaN	0.0670107404897295	0.547354138419558	-1.97374851200035	2.99742918788845	0.41889312443221
NaN	1.81111844231361	1.65145863823752	0.889194725038033	1.65965438231989	3.83814281348228
NaN	-0.588417100418222	-0.729769706419728	-1.35486195283653	-0.704026559272057	1.23951575743873
NaN	1.73759767984322	-0.153251070161042	1.12907514595846	-3.37330892076129	0.729742122558388
NaN	-2.88437862204007	-2.08694088310316	-1.44460089420557	-2.66420805260617	-6.44931354789911
NaN	-1.47572906170909	-0.468814424015639	-2.52685555778274	-1.80074754415495	-4.00092813018977
NaN	0.388907745868751	0.582228031901599	-1.10009561237116	-0.67180837273831	0.62457392768339
NaN	2.2647501121408	-0.0577883260437542	0.348850134421818	-0.6605446226815	-1.87732853343339
NaN	1.40351936939762	0.995441729996532	-0.533610729747305	-1.13414664872495	-0.198658593357864
NaN	-1.29065831591235	2.08613019835424	-0.110533075768927	-1.2069532579423	0.11316151097104
NaN	-0.774684893323266	0.0278974096879325	1.1821660435567	-1.98821187216816	0.527898815643783
NaN	-1.1646709647805	0.0618487280426585	3.89114311492441	1.8330802893367	0.666484130531866
NaN	0.0678048999575464	-0.835440952988889	4.13315622351366	0.899230553946593	-1.21953603153501
NaN	-3.76886776857595	1.16094827879318	1.10338547218705	-0.566996321410467	-2.196764083712
NaN	-6.48376606413248	1.08156462104958	-0.945657255040415	1.37760511110816	-3.86822794326521
NaN	-5.37007955341603	-0.446191218930654	-3.03428353596492	-1.00703515792955	-1.08466464584098
NaN	-3.85973868297027	-3.32261080391167	-0.875027363557937	-1.26150451519353	-2.64952502100144
NaN	-0.75055626642551	-3.00770444028396	-0.168775880455188	2.81535412935195	1.49907602404449
NaN	-3.04176634987273	-0.66733730663195	4.02254214017779	1.19711311600185	0.490611536454508
NaN	0.173254892288443	-1.56737554439724	2.11795062262362	0.876073226528684	-0.456348811623677
NaN	0.700770357546379	-2.21153906891803	-2.69279130748868	-0.735000022019291	-4.66755534093981
NaN	-1.36659610812465	-2.51463904064993	-4.69001366838997	-1.82889172114271	-2.91722579759397
NaN	1.05892062184356	-1.34347096685735	0.810663004337584	0.809103413577012	3.57874803907382
NaN	0.644583856966279	-0.20852179532663	-1.48550341512831	-0.991449248509141	4.02170956414524
NaN	0.970160916665459	0.33069433412519	-1.21236262495783	1.90301892758676	1.1715453396524
NaN	2.65143665234053	0.119565373000253	-0.128453004279302	1.15007990583156	0.459623598920895
NaN	1.33854928987285	0.405970674216533	-1.04003949601861	0.684847376027956	-0.130028090057911
NaN	1.64486099356605	-1.63436193446929	-1.96368078567137	0.472279871773564	1.69669629749214
NaN	2.77845376784662	-0.136429626933723	-0.917905893186642	0.482898580008038	-0.616996233466843
NaN	0.908143053546876	4.72036776030594	0.176838082557767	2.22268451240942	-0.42320850873851
NaN	-0.212972451389287	2.70499697187157	-0.21808600507148	2.92160505385688	3.3719057513244
NaN	2.34438013567507	2.003077453221	-0.444936034805107	1.50376131433712	-1.35583479435519
NaN	1.36550529354039	0.481701116251162	3.11410385008524	3.10861164946102	0.481880604045282
NaN	-0.0321008359484032	4.27061821714106	4.64900465074402	3.67917889808594	2.58420826483802
NaN	1.55200404119898	0.44033418935869	3.04960277615779	1.35172881694689	1.29491524673946
NaN	-0.238374360786815	-0.0590564729308103	-1.84210968783668	-0.613687441792124	-2.0366331567774
NaN	1.34110982883506	-1.67749999515328	-4.46298958978642	-0.318676305400911	-3.3214400186377
NaN	1.98979742339447	-0.645800064648495	-0.373797447783764	1.79008368953135	2.99119927176367
NaN	4.18055855827043	-1.45181555791915	1.17874957721219	-1.06320424625823	3.5008955319973
NaN	3.63297659627149	-0.0827612953456557	1.87822378116536	-0.905368814768397	3.29853081011135
NaN	3.51168706628869	0.833356983582634	2.45338929224977	-0.214630674916495	2.16386166759558
NaN	-0.531673485928588	0.518065738381769	-0.34267974250936	-1.83925166925028	-0.568187278752831
NaN	1.68973775860479	-1.28400133715697	-2.19102993393898	-2.8543715717453	-5.05890932000187
NaN	0.671274206549333	0.376911803256579	0.699377517369904	0.983658231874258	0.886727120745406
NaN	-3.55970949333865	2.27844454106903	-1.19744119595284	0.0265153951674239	-1.99299111080309
NaN	-2.60871132152897	-1.23921517721678	-3.7578602881123	-0.608769720657485	-4.00495028305332
NaN	-0.565893944818492	-2.86384068652459	-0.324337141368673	-1.78224935137617	-2.63138432318212
NaN	0.886340693066224	-2.41236551508821	-0.404023571882274	-1.10714144394007	-1.12514950768975
NaN	0.626752994982001	-1.67289944418596	0.0351743203816588	-2.72472333567538	1.87720021910123
NaN	1.81355890509709	1.05265695977562	2.25541984922469	-0.944546908260733	1.15342495380811
NaN	0.308448551647046	-0.69477128883149	-1.1616504691243	-2.76652602160407	4.22544468655938
NaN	-1.43732142964211	-0.802932028226121	-1.92328480015314	0.55459593890565	1.65077381753997
NaN	-4.72008342006019	-0.407164598491366	-1.78221363252212	-1.7308472542493	-1.74073638686945
NaN	-3.61381114131043	-0.721074586095896	-0.425836251269439	1.93519824567777	-3.49026859137303
NaN	-1.55750712486482	0.630674285629438	3.17156620076364	1.57862981000766	1.08785426121258
NaN	1.39683083709918	0.697036208003878	3.70557654856843	-1.2776151224791	1.26921345870037
NaN	-0.226504433171117	-0.453897694814911	2.6747737119498	-1.47032424867154	-0.332506463969033
NaN	-0.240218189620963	-0.0949350583103917	1.40041756057354	-1.20820890730548	-1.97042891463691
NaN	-0.433567077591979	-0.365084174748637	-1.51475801129969	-3.21990424397323	-4.85724429447419
NaN	-5.13785451763014	-0.169502866686648	-2.70827461570457	-3.13689675958797	-6.08796122119559
NaN	-5.4629071411751	-1.07015074578356	0.338554695537663	-3.67487101009842	0.682173229703892
NaN	0.610931729116929	0.0402206305590305	-0.31555788425601	0.137964880106015	4.42966075182887
NaN	2.25303859238013	1.55256730284039	-0.292299793179832	0.210944564535459	1.46666281316154
NaN	-1.71468175862576	1.81520281061906	-2.32512413049798	0.531836931224216	-4.07120560570954
NaN	-0.85866413162192	0.408226405734658	0.362350865282558	1.70863100587254	-0.322316311494316
NaN	1.27627386927228	1.11747270926422	2.68400577374732	0.104519358787235	1.05794398391801
NaN	-2.73487485223063	0.525969460574557	3.81084077110256	1.84307662388296	2.16472879152208
NaN	-1.53625647420601	-0.0668433445701997	-0.607301049798301	0.14428595067646	-2.45846415477931
NaN	-2.06498988389748	1.14895285999149	0.555834495561994	1.23175873722112	-1.03528153023013
NaN	1.41419021212557	1.92267644450846	3.65291672116719	3.54859592336203	6.57100466195751
NaN	1.89065126172797	4.3834518701758	2.81678612389332	4.44816526485056	2.99889507763766
NaN	-2.00723552424923	4.77053104491971	0.740947618118433	1.18149382974197	1.41181004372293
NaN	-1.45062206558581	2.02114574297258	-0.284216608646261	5.14749209918499	-1.71878572088207
NaN	0.5633799686178	-3.51473978506684	-2.47057694537537	4.0353036314017	2.15673166099051
NaN	-0.103673954310189	-3.85057679691416	-1.69639050350594	2.12238650514988	1.84941978246861
NaN	0.606389759099455	-3.34196994190751	-1.60138481617938	-2.31204941740799	-2.96044740127433
NaN	4.56821980753408	-1.92471529920947	-2.24703476090006	-0.933060965125608	0.468629928961845
NaN	2.2790147299978	1.72371613294677	-2.1886915541822	-0.12797915818117	-0.0569365137798242
NaN	0.336256670875246	-1.41474028710533	-2.64827641161213	-4.14475775641242	-3.01614449896623
NaN	-1.09678807514426	-0.607314566886963	2.8076832820075	-1.0518117566519	-0.102991167555933
NaN	-1.05106253119664	-1.24635371751442	2.72913376135342	-0.239432499277494	1.96454200073256
NaN	3.79022525521014	0.279345136526919	0.398406165178094	1.24005277811075	-0.441761065329288
NaN	0.931183693718162	-0.639670803293537	-3.71784409451272	-1.90772059317718	-1.84789160919923
NaN	1.29828142390361	-0.445326975197815	0.0681815342534637	-2.15477594594104	1.77288761777436
NaN	3.08770061818011	-0.459203987218616	2.6203578608175	0.67191686646229	6.23059750528504
NaN	0.514162913797009	0.651079192897374	1.5521147204539	-1.29351176019706	1.07726583626749
NaN	-2.51319039148696	-0.0229361318452137	-2.06713731757694	-1.97809438920335	-7.74430453860181
NaN	-0.841880867361986	-0.40103893538203	-2.81342704583072	-2.14101362339707	1.9281089817178
