NaN	-0.890219010585267	-1.46323991883831	-1.52775192669743	-1.42678492521604	-4.12056030325234
NaN	3.34770034292578	4.59634295851216	-1.59126803256779	0.417783721698392	1.44476398279104
NaN	1.12566760993195	0.233977204757601	0.493836691646264	-0.619440610335853	2.08524809863134
NaN	-0.659300569660632	-0.542884633457515	-2.65522103656877	-2.83054553151512	2.35009135559397
NaN	2.52360204184164	0.57273747359755	-1.26765437248142	-0.507909159465423	1.93540276177179
NaN	-0.466478498054089	0.976449605210706	2.19327375027044	1.48599175172991	-0.160340857185342
NaN	-4.74638494354479	1.99144803199506	5.26319197854763	1.44326177297491	-1.78554248472751
NaN	-3.19536382410212	-1.82048071792749	2.66351619916754	3.76792229843504	-0.319282042654461
NaN	-0.586795027043854	2.29576231873487	0.294243675774317	2.70328463452423	-0.951071889656773
NaN	1.55526806988036	1.11502107633033	-0.288558029634215	-0.449167313106737	1.62915683415992
NaN	1.55245839277948	1.17041834045743	0.902237342998071	1.4049673402948	-0.402663541793701
NaN	0.317803181475424	-0.747686846767983	-1.00636395646412	0.769438950124026	-1.34028568148996
NaN	-2.60277511487077	-5.27981175077581	-2.33837003742582	-3.24778509213255	-1.76985764187182
NaN	-0.584649008905879	-5.31959916193339	-3.34885066022547	-5.11777438073691	-0.786366346072728
NaN	-0.262225840560042	-2.20532494246129	0.303662392265248	-0.740567747018803	-1.96408847466226
NaN	0.605161234591065	-2.75281599706469	-0.0699850998924645	-1.6458413213523	0.813136097991841
NaN	0.290204103808887	-1.9124838861606	1.69294470979718	-1.18189975665955	4.0255573379573
NaN	1.26075572697848	0.0100226063872891	4.81929471451023	3.56720909538532	4.31841494255932
NaN	2.68401341000593	3.67411975659401	1.91953938902994	1.18173878390122	2.02768692124951
NaN	-0.862813472335777	-1.79115807222855	-0.492113127964454	-1.56869041319096	-1.085461922377
NaN	-1.84322550901652	-3.0371841298762	-1.64559214579905	-2.52465951209222	-1.56384588580294
NaN	-1.39723022314587	-0.898212716847277	-0.780186527036035	2.21533081625517	-2.57185295642785
NaN	2.93121672955532	2.070245564481	2.7857727479451	4.51475825651669	1.07115406115101
NaN	3.40639922727141	4.80816405610817	2.16370668442459	2.30241690320484	0.53571169431886
NaN	-0.867048875765323	-2.30209142808071	1.86957740965364	-0.407032016364823	0.512609389658186
NaN	-2.55714853005703	-2.74799235297941	-1.61006333193395	1.77450679953919	-1.94390052485502
NaN	-0.788985999398482	-0.568751136718727	-6.06967022603356	-1.5444977642287	0.254547056871672
NaN	-1.26729387744051	2.87299914569652	-3.49817019473043	-2.17112759737292	0.257467366675691
NaN	0.00262128090539455	0.581294692137784	-2.47883118106498	-1.51663839846034	-1.29966598363229
NaN	-1.54136314997924	1.24350890508595	-0.634149315490543	-2.8009154089551	-3.90731453326396
NaN	0.618894645814409	1.05794174545303	-2.35943703570438	2.61878692297502	-1.94780295229717
NaN	3.57369142812252	1.79726701755549	-1.83057192463988	2.03755585925526	-1.18175062147478
NaN	3.59494051939658	2.62120675012308	3.31742168624978	-2.59420499624645	1.64370210607541
NaN	-0.784384304000062	-0.997371597706232	2.42217062688672	-0.0232646658960016	5.22662153224974
NaN	-3.33882143748717	-0.52471694987274	3.08476908871705	-1.36045549397372	0.359455652171718
NaN	-0.926947200474261	0.503463559987451	1.77532063938303	2.64167243740218	0.489185537691444
NaN	0.126537234720348	1.51133576228842	2.2921027968663	0.716923323613263	-0.419992471800189
NaN	2.35394459909351	-0.0284642172631475	1.2456432703514	-1.69271377120633	-2.21318522154676
NaN	-0.146434750352726	0.999339137133763	-2.7029782126018	0.864823873704243	-2.72472933662454
NaN	0.666167765652446	-0.403540472990812	-5.79093699606983	-2.08017375462026	-1.28655095562158
NaN	1.27184027846851	0.486067952918003	1.17144786973264	-1.73119734627165	-1.22928223702146
NaN	-0.588690555520358	-1.34054545641621	0.36886423471132	0.167868264019535	1.96605224029827
NaN	4.76264990100756	3.19985242877907	-1.39574053871946	-0.310430836251652	0.0627553434690093
NaN	0.481116429305652	-0.0954640787567056	-5.25729469770884	-2.47754804511573	-0.594481674892546
NaN	-3.1884516882684	0.309425694936129	-2.26572457922749	-2.4847012790012	1.97684947006047
NaN	-1.87885799242587	1.97718385202883	1.39047262225972	0.552413004354474	2.01943666620361
NaN	-0.763540865513294	0.488048848460543	4.32923279273295	3.98205240650147	2.39671230445371
NaN	-0.981774134577941	-1.37836353773505	2.53034935799228	6.01842757277216	1.52802732331352
NaN	-1.5522909258159	0.37991245417442	2.11374732928334	0.281466679841035	2.45406660724154
NaN	-0.81166818300853	3.66158723516697	-0.431950324228086	-1.21998075729678	0.441787378101937
NaN	-0.605315948284254	2.01121923472996	-4.82916588189293	1.63493983289124	-0.887135016709938
NaN	-1.4358510747358	-2.66685555998567	-4.77517209236344	0.846483136882146	-2.56878613281853
NaN	1.4121397927537	0.268582627041071	0.950393345237038	-2.49287117029573	-0.787179198020426
NaN	-0.0947425706396052	0.559236163145075	-1.08746248583338	-2.41049643215571	-0.129732552078398
NaN	0.597763591587468	-0.237271944120669	0.753265269669612	-2.4302122661043	-0.586951474693995
NaN	0.361186025372737	-0.473891289086241	-1.21140250410726	-1.55756020079072	-0.557233866016715
NaN	0.0243354661676573	-0.565041303276899	-0.727767207916632	1.17513749213876	1.67119925337444
NaN	-1.39339239740273	-1.0823410215452	0.520137748644441	-2.97581202757335	-0.471554113275806
NaN	-1.12693334351469	-0.13338965855858	1.91634090582343	0.448773340096508	1.44679876620267
NaN	2.43657592492508	-1.72811775780138	1.6897894945824	-1.38408607787799	-1.36270972989069
NaN	0.196648196006864	-3.26838396205786	4.00441503334358	-0.285290088497882	0.412084736308079
NaN	0.888718371990599	-1.15127364248807	3.97742083453269	4.67912742011809	0.449392973686853
NaN	1.54879151632311	0.450320421141915	-0.25244224685899	1.01745254092188	0.279617968038946
NaN	0.759505419848046	-0.584562369411322	-2.50565820718478	-5.59457699494309	-0.699176154313846
NaN	-0.899602934869316	0.362495988504689	-0.545353426959626	3.50458885005667	2.6114070543511
NaN	-1.22792120448249	-1.19119582134737	-0.251735849671357	0.259163393721043	2.81096349882566
NaN	3.63810595056656	0.688670504386425	3.26864271514705	-3.94724538421032	-1.90408167294175
NaN	0.15013170032782	-1.89997842550647	0.388401837638922	-0.134044244511119	-5.64129240393966
NaN	-1.61164628820653	-0.202802771089066	0.428449457527754	-0.398000228651687	-0.844508393304103
NaN	0.793599075313028	3.27403799003346	2.21656200622966	2.75143354459182	0.702235376837869
NaN	1.44531771454373	3.69641402669821	3.06073555183259	2.59103116279179	-1.00390996069391
NaN	-0.320856937588102	3.06371051464714	3.83111342342657	5.35493056200595	0.413489851754483
NaN	1.47161405126261	3.29458496295888	2.6841542623637	2.13477524782028	2.97297409887596
NaN	-0.619153906785249	-1.57493291566142	2.71646315398424	0.258229058150879	3.49702067501886
NaN	3.10935377631401	-2.64772313167345	-0.912387299094329	0.893287765545328	2.4385546324539
NaN	-3.7517692491788	-4.14076199242906	-5.06066684987247	-1.32183931975456	0.153353387688744
NaN	-1.00542727579143	-3.61271358506203	-2.62818088919522	-2.38100252771279	-3.76506520178672
NaN	-1.21994584076578	-3.25675764224384	-0.877459062381636	-2.91207691429354	-3.08798902633104
NaN	-0.602692401035778	-0.766753430704515	-0.563582600388002	-3.40876594534521	-2.38095082561476
NaN	-0.42735518323031	0.0706132051400623	3.74006573188419	-1.27344661735878	0.994109963502542
NaN	2.68441659889003	5.25729098399602	3.10904040936267	3.36385403506413	4.07064721749157
NaN	3.2190547039187	0.937488813620532	2.48548967049824	1.79616580385822	2.52689239775898
NaN	-2.12315637499387	-2.80796225782198	-2.1296912705935	-2.72575865927236	-1.56152800337544
NaN	-3.47934822827283	-3.90897430584748	-7.10219061541807	-2.90454814496546	-0.935650445102339
NaN	-0.128446528530046	2.70992001894906	-1.97567595917237	0.948757833589319	-0.023479911295323
NaN	2.7933105409412	1.09112514511106	-2.05095575105341	0.830055049685752	4.14313043835955
NaN	-0.958415913948296	-1.1793750938584	-1.3599939838829	1.09667783586254	3.3192045393376
NaN	-5.05560523493606	1.72989815639615	1.66852827579933	4.54894759039299	1.4317300027355
NaN	-1.03645065077187	-2.3538223331548	-2.22956480975366	-1.82882074903612	-2.62479503570288
NaN	1.12383037424017	0.447475042887681	-2.2315836721157	-3.04721781918581	-0.569037543314081
NaN	-0.0923887773731736	-2.98838863834718	-1.77245773126206	-1.19109351027834	-3.00375678658179
NaN	-2.43808905284039	-2.36737223614749	-4.14252814352646	-1.1412023347935	-3.88676056695254
NaN	-1.05373674358672	-1.64121473979392	1.03719001596145	2.37376321693319	-3.02560673493839
NaN	0.12232046346671	-1.63063686983272	2.95169907796622	3.61043005732961	1.99390062229554
NaN	0.543161171851035	2.80166399171584	2.28693998420335	0.653563934126375	1.06687414843028
NaN	-1.22188599527482	-0.0106064061556162	-1.56111187468104	-5.87518580325831	-3.43958035898615
NaN	0.453649777789887	-1.58144825339444	-2.57647006717969	-0.049414014391524	-3.17043013539907
NaN	-0.383186341424584	3.61436632633406	1.87802940191213	1.62914578420164	-1.3624023172251
NaN	-0.112125708500153	3.4349985027043	2.40284041260392	0.647698652409336	-0.638750193367421
NaN	1.32578137776692	-0.419337350667597	-2.67431663066582	-2.68414216487694	-2.28436179579087
NaN	1.31574248593122	-1.55537004477933	-3.76963876152258	-2.74623574267228	4.13310545499966
NaN	-2.08224850460101	-0.419203777038074	-0.797586931928288	-0.748862603701281	0.532960958148675
NaN	-0.293647564562106	0.807101530126829	-1.5396728921551	0.0482243598804086	-1.95113798988953
NaN	0.86925070106047	0.109168385430397	-0.0807360060634978	0.694508847872936	-2.31642490379098
NaN	4.46115730761551	-0.715288064831743	0.140899472345737	0.31472835534444	1.12594050520762
NaN	-1.39563069697448	1.03028647009131	1.54438366683764	2.00574060697905	-0.880115741606323
NaN	-1.59595196733603	5.04645663313493	2.58144180486243	3.09236039000872	1.60032276076767
NaN	1.51295187314743	3.79540149936374	2.50444739335131	5.35160449488078	4.5991234177352
NaN	0.535137239232468	0.145341779294422	-1.1441905692061	3.63066627757322	3.16825358929898
NaN	0.331728137402822	-4.9349107908927	-0.238315524198195	-3.9189095465109	-1.03575233631078
NaN	0.437736625356335	2.58571742668349	3.02915197153042	-0.608044796784012	-1.34750584769318
NaN	0.307684076740393	-0.912303035321171	1.50504231864964	0.579204193154664	1.06800907779548
NaN	3.71680358444718	0.866683830671117	-0.680577832705243	-2.12246102294308	1.12894174823455
NaN	4.92671457904631	0.11342270895449	1.76522080717119	-1.05326795928806	0.677370647985772
NaN	-0.540682281927945	0.146971451205901	0.0738344538937433	-1.17099669361031	-0.353345428395636
NaN	-3.31401688667753	5.79562943503341	2.63166502314462	1.32072926758514	-0.124367695812097
NaN	0.0337476813647455	1.59031398565686	4.29925447596201	-0.0384513861055232	1.54077306824217
NaN	-2.72681044687834	-0.878397063793594	-0.444461620387132	0.217401751353587	2.04808752419311
NaN	0.395498714646542	-2.03593391812239	-0.739152145047104	0.130255161954977	-1.84317352889396
NaN	0.519517646529062	-0.160408431593398	4.68537066688537	0.662014196949674	2.25939815567342
NaN	4.55386847587409	3.12780439051048	-0.854231377275901	0.966266025252355	3.28663230613783
NaN	-0.0946219579761513	-4.14255872156088	-3.94938096671124	-2.95954222102591	-0.706307609091381
NaN	-2.47469689662704	-4.00327284524265	-4.13017108916891	-2.43819603520554	-1.01144593283313
NaN	3.28815690417145	-1.25961684198938	-0.957309936989569	0.298763941038764	-0.850245597821782
NaN	-0.0477200453944153	-1.16092156700158	-0.296642959727084	-1.80401428729041	2.20546026685239
NaN	-2.8112114141599	-2.58050193448314	-2.85014124499385	-4.2437435307404	-0.666051670570995
NaN	-1.5636513062874	0.835020829637669	0.536744965744886	0.799840587003019	-1.36715689423493
NaN	-1.79310751455971	-0.901668117072299	3.01992905434465	1.15739829010412	1.02493994974306
NaN	-0.207688042646898	-1.95291233926601	-2.95084258138703	-1.95098830513391	-1.14730343356459
NaN	-1.07125618157069	0.695582286036626	-2.36174800673775	-1.53069440374662	1.17332983102736
NaN	1.6065204897088	3.3641003785783	2.6006872305605	3.89003533615504	2.60093574212778
NaN	0.891197152946465	4.81014247616552	0.348039308893147	3.7728733524031	2.55370872519725
NaN	0.19187949417491	0.0367699299565139	-0.439331279250669	-0.684119230305146	-2.91666634927396
NaN	-0.827655570441457	-3.77251438270286	-2.0324320122237	-0.364928522924221	-2.190119585738
NaN	0.0882617146939109	-1.43031358894452	2.22888007768626	4.87988045823211	0.526040960289716
NaN	0.549122654245541	-0.572120124555834	4.81541590771645	4.30793487216532	2.06643786521821
NaN	-1.33470863872237	-2.10212957575696	-0.871542414895461	-3.21366897704253	-0.303339284452797
NaN	-0.282607142452608	0.688881785336089	-4.06688964832513	-4.68012201071253	-1.73093502639574
NaN	4.27530800723685	3.51958864692468	0.566891653886222	-1.27363271510272	-0.287178112887401
NaN	3.25132237740615	4.41206067125257	0.234895926130601	1.43372453031151	4.92118863166725
NaN	3.11986977750311	0.88674895095572	0.0721796273912693	0.459659841993358	2.00866122614015
NaN	-3.25056119495542	-3.13846601989397	0.867648086508525	-1.15367718092242	-2.67540457009624
NaN	-5.4707325500161	3.14800312400908	-0.131544920519914	1.42672561804086	-0.549038041740299
NaN	-0.658369956693651	4.63075228808154	2.81097926422285	2.54073413602175	0.587147108157733
NaN	-0.401742773849032	2.08251114954744	1.01180062345347	0.607062450055085	-2.41871693745062
NaN	-1.33922907874294	-0.906904001316994	0.817428540373592	1.78414719838444	-2.75831138063773
NaN	-2.27045650148194	-3.65512075140449	2.06327767018127	1.15219625265601	-2.27193096366974
NaN	-0.149310982740745	-4.38176417982217	-2.7175011627861	0.43463564730526	1.71787126319582
NaN	-0.66278183150147	-2.55899664031836	-4.60751654871471	-2.19318434982451	-2.21254482736322
NaN	-0.229162956584397	2.10570990752902	1.53821921780746	-2.69454691365956	1.08161402192112
NaN	1.32860564359724	-0.492929342478841	1.23583056346582	-2.82913817248896	-1.31980528377406
NaN	1.04704779297474	-2.03353383111187	-4.24015643846233	-3.29254579054342	-2.14064533067185
NaN	-0.58640045189678	-3.67021178122292	-3.20053434687333	-2.87088609778603	-7.31351243129525
NaN	-2.50394806089341	-1.02386927558017	-0.60700967535426	-1.32136272262437	-3.16416509809559
NaN	-1.03920130425221	-0.42774706299519	-1.40677920765442	-1.69950005042838	-3.11423946157027
NaN	0.428550605432131	-1.65901033630292	1.05819413207193	1.00014067712234	1.79090229199002
NaN	1.18716392657917	0.203488785636476	-1.73570693785173	1.93274988857415	1.07730293761237
NaN	-0.205877875619402	2.52553336354518	1.83437447439684	-1.73327684044246	2.67695441064975
NaN	1.18658543003389	5.9056330527343	0.682099917339169	2.73010373730194	-0.634395591343939
NaN	-0.936460251988994	5.29923170310819	-0.367234098439147	1.60048397624839	0.42753433016521
NaN	2.64731966978986	2.39694693920995	2.32279746344997	1.31280133564626	2.01598899366043
NaN	3.1764683580659	-0.309772527225353	-0.668373370090681	-1.21970859750406	-0.812750537133307
NaN	1.5522272612162	-2.26590096607278	-2.04198027169071	-0.448707123539232	-2.76690079839021
NaN	-2.10825361660097	-3.20272314567133	-0.624882215504686	3.41124842658594	0.292626912473291
NaN	0.773604868802335	0.298356144207061	2.74370920798366	0.399677560919957	-0.807918789842985
NaN	-1.54221232676157	-1.854790321744	3.26578587143566	-2.09527102929845	3.51526163551579
NaN	0.12134246155584	-5.65399452907059	2.23477338790934	-0.649176071544677	4.68196467473234
NaN	1.00801925028412	-0.566444074168209	0.39390761346839	-3.11108915870986	0.170724428624592
NaN	0.315492022711128	-0.522700812070334	-4.27556951651496	-2.88564211235764	-3.97116009438433
NaN	0.380460248699808	-1.38117868732227	-3.69080574376601	-0.0860829463776794	-1.95019849703568
NaN	3.30044522017795	2.33918701579408	0.658203188312846	3.11325310098728	1.70847926189241
NaN	1.45619445199582	2.36783200532229	1.54940047317782	5.64331464521135	3.33847528261948
NaN	-2.65182957921165	4.67527063798497	1.27826958874093	1.31244400233871	3.03148350152337
NaN	0.773983451961223	1.89783086937174	1.2145429940678	-1.25307664356164	2.73287944881116
NaN	1.32795154469035	-1.83628943813908	-0.410948151465424	-0.650836932624694	0.766790679202815
NaN	-3.10777744631858	-4.43431621930816	-1.00738654345359	-0.966417322361252	0.0113411143877767
NaN	-1.93250731195327	-0.842604013873918	1.52825392788192	-1.7735926469322	2.83309294483262
NaN	-0.689082591912338	-1.06421655105093	-1.49345811767841	-1.57484555242706	2.1115096451074
NaN	-0.76530706069753	-1.95036985630182	0.124485213320905	2.45015800567079	0.717743596709649
NaN	2.76939099179414	1.7334205804051	4.15997542549745	5.21726381815295	1.51405579463736
NaN	-0.409248366876442	0.495373941553239	0.935517391034674	-2.63850223288833	1.39937705341218
NaN	-3.11900096502542	-0.0125246218839134	-1.57512684328088	-4.41116293334554	3.69646985536635
NaN	2.13935534775651	1.26873139750653	1.86101360372063	0.540328236411859	-0.264958451341049
NaN	-1.5619543434805	3.10641983054036	-0.191410872158137	0.623229188050607	1.35741957502971
NaN	-0.178303988519072	3.63571771179523	-0.973775281355872	-0.646269883285225	0.224451188996828
NaN	1.22752089284236	-0.960791665785535	1.03228291366607	1.12452071394645	-3.8827110126039
NaN	1.61724066862219	0.305470367047486	-0.747948408658438	-1.66497585668817	-1.71583935444204
NaN	0.445445199270048	-1.1821122526671	-0.796670353429941	-2.57762044181375	-2.62202421819019
NaN	-1.57949007261196	-1.76818931385976	2.01256000091652	-0.795109009486724	-1.83869726539334
NaN	-2.32975887259295	-2.34230360017439	-1.78106959100121	0.64879645693588	-3.00111060380665
NaN	3.13268273554229	0.456353442870169	-0.440856437993507	-0.441461760017455	1.28252893659051
NaN	2.71160582700056	1.80948032448964	-0.199722539883668	0.195097853685253	1.38899127599072
NaN	-0.410994433130246	-0.935735086682637	-2.76219526130956	-3.18189854777874	-0.0191265944984835
NaN	-4.66417858806182	-0.859317959917743	-2.21234333460535	-0.0781981615446232	-0.0136603225065958
NaN	-4.2587110093693	-1.24692430277756	-2.13142953731336	0.208743848338363	0.479283246501491
NaN	-1.90550790670313	-1.26898626006415	-0.127765596739421	5.27171465595128	-2.04675151412585
NaN	0.44470167063491	0.576050832678938	0.812340261953034	1.88630079132583	-5.31149520870206
NaN	-0.798791814578177	-0.326513027898864	1.78150347691048	-0.684906450768057	-2.40697498983631
NaN	3.34153060860516	2.19123552483505	-0.0762899214308697	3.82963400262345	-0.143241682888455
NaN	1.50958515747393	-0.373324882980954	3.42539934918619	4.91387108574317	-0.159994575480408
