NaN	-1.27540981096663	1.11282048786335	-1.18314032578501	-2.05801027835697	-1.85271872003844
NaN	-1.04938180110107	-0.422323073928765	-1.92643982760467	-1.02891226363692	-1.35238068181822
NaN	-0.775513293349547	-1.93642096313963	0.0500925986627832	2.62982736427798	0.995627093051676
NaN	0.0107875532823626	-1.57664324737386	2.60338073121894	3.36982783712897	3.35335347606631
NaN	0.679433425750273	-0.595815156462445	3.96878019889978	1.82105807121515	3.21438674044813
NaN	1.81473831636222	1.15924179109439	0.379088439282246	2.09470362970456	0.914755746501081
NaN	3.46359370398325	3.65018269628995	-0.232126937080695	1.08288401329912	2.83255118693899
NaN	0.0248674432638624	2.87799808391705	-1.44981707922051	-1.35593804985009	-3.05585227222687
NaN	-1.29592397363974	-3.1577631305168	-1.83917770100094	-4.1592706184524	-4.5143385470169
NaN	0.193416579308618	-3.73476996498256	-0.879567279941455	-4.12370781405994	-4.38690386106189
NaN	1.39018822424703	-0.927758714937538	-2.00460924045092	-1.98562984659622	-0.127325501649163
NaN	-0.0173101921236442	1.51602911623091	-1.7807153860987	1.63705374527214	0.303780102803098
NaN	-3.10844784021338	0.789521277254621	-0.0836706333486315	-1.91946185346013	-1.40790398010571
NaN	-0.241664029672658	-2.64210250735517	-0.479575780968401	-2.99198286969947	-2.55620971266125
NaN	-1.05128769753464	1.17004554490499	1.69964254974607	-0.045654701369732	1.01127275656348
NaN	0.380887783592566	3.84817143532098	5.66153055738036	3.70366645379769	2.22686379360787
NaN	0.043585344641541	0.784210840687612	-1.00889985000964	2.12098666669471	1.04399871300499
NaN	-0.843585266302033	-2.48221552031173	-3.02532249381693	1.11675125204225	-0.0724986481749606
NaN	-0.874838767684155	-0.54315110200752	-0.996324174027586	-1.67713534472955	-2.03290571640232
NaN	5.31731582059604	1.32172506063248	3.39817620098749	1.97939283858055	3.66401000917428
NaN	3.07302002726846	1.13344302670672	-0.0783375164439053	1.87340228956873	2.68883115963355
NaN	-5.9489052036463	-0.586552493984142	-0.0315376297647409	2.38142293052474	-0.591266475076287
NaN	-4.0188878660464	2.70732695638424	2.59106261959576	0.861697727594118	3.85195298127216
NaN	1.88487482486433	2.69572857895761	0.677999069132809	-0.844943546532632	2.90144433265406
NaN	4.88680585025329	0.841532999788142	1.44984154839021	-1.72220286762425	-0.985276820328703
NaN	-0.00652714923608888	1.30765731188123	-0.221367032390667	-0.348829209563159	1.47807166944035
NaN	-3.62277005473891	-0.971631363349107	-1.4664109596873	-2.20494252388784	-4.30864446033529
NaN	0.0504477261809025	-3.66770478292355	-0.641679231255364	-4.95398601643829	-5.40925649565986
NaN	-0.172283131745611	-2.06089077587652	-0.30990803659236	-3.12978674324273	-2.86334012193314
NaN	0.51989281688321	-0.7814783842994	-1.53703305823328	-2.18669084065303	0.874102403374412
NaN	3.17525612586205	-0.842894734966028	-1.37138542533215	-1.90933117881202	-2.6287791600362
NaN	-2.57382616098422	-3.28092719656474	-3.00784869995707	0.322773486686786	-3.14039162489916
NaN	-3.04135747613129	-1.66250241786463	-0.810348299418307	0.531678254750219	-3.31075944865546
NaN	-1.37041326004374	0.805533759314534	-0.00437211343934428	3.78602846482468	0.800929040033611
NaN	-0.973893597520593	-0.448213963713046	-1.22988169625987	1.25705814417505	0.003059013395802
NaN	0.079894672652554	0.923270970886004	0.384980562871563	-3.5657927749649	0.55515867468462
NaN	0.825513566075941	-2.16629891869714	1.06436294075042	-0.0287602770747676	-0.00539105694535963
NaN	-0.0790698589420912	-0.895514112926111	1.03384805437536	1.43703269276487	0.58737100185243
NaN	-0.393287436257668	-0.277800966241213	2.02557079480801	3.9415422977115	1.17971437704736
NaN	2.77767465688414	2.06755540805485	0.449847256189277	1.5984597280048	2.48698763832275
NaN	-0.615978323148616	0.422182322536082	2.10478042640203	-0.543691466095182	1.37153751689242
NaN	-1.69556510776593	2.32417802952817	4.02936861234437	4.32796543010957	4.270391793007
NaN	-0.694732089916069	-0.251086267993606	1.52868590909135	1.88028725394329	3.15885637433022
NaN	3.52060190313687	1.43858679412294	-1.16747419070006	0.989939732366716	1.08254479301676
NaN	1.2266721982034	3.76710285808792	3.32325296915638	2.91680395695977	3.50089368603795
NaN	-0.793189381012794	-1.26656382141272	0.269611796778473	0.329016481201141	1.88916741702963
NaN	0.922382795806014	-3.73166638820857	-1.72294059078107	-0.527505232375662	-0.455691949119124
NaN	-0.844364737105257	1.42358964980598	2.1761091791899	1.10808951348378	1.53713540287217
NaN	0.848752682664175	2.31932408462213	-0.181462722053661	2.48339809706161	1.450646635252
NaN	-0.212398788019757	2.93278653569363	-1.90348221298454	3.54239944894554	-0.799847781366624
NaN	0.628651191669162	-0.283856677543781	-2.30801212516753	-0.361321096352154	-1.35985720384536
NaN	0.127882680575098	0.773506546389036	-1.9023097034883	-2.15016470155052	-0.775577248126998
NaN	-0.262807564650759	0.796783176870068	-2.20373713772693	-1.42923455767525	0.331082251500171
NaN	1.33982618547843	-2.08237202294718	-3.04044642596358	-3.47042843172132	-2.50760025994616
NaN	2.05166168974527	-3.87272741788978	0.44454963907041	-2.25784576476935	-1.80376942343015
NaN	1.28566905606153	-0.0181961108456739	3.52990128221729	-1.44080711558843	0.176820377764075
NaN	-3.63968589943593	1.71140239088032	-0.319125841331838	-0.819850424937595	0.810190237035536
NaN	-0.743883908530548	-3.73976689117903	-3.71393748283556	-2.95432742114768	-1.74129090287412
NaN	2.1512112976049	-0.221843406622926	-4.3277151944645	-2.72543556530367	-3.09509472153263
NaN	5.00254965880833	-0.175199224816372	-1.91606609993231	-2.74574965400908	-2.17233495229964
NaN	-4.27670332638397	-1.76400702896084	-0.386799981381408	-0.0609363338260551	-4.80274209187058
NaN	-5.74035830447271	-0.331279903242627	-2.5726918436062	1.02592225367027	-3.4241191291133
NaN	1.16827700089212	-1.23006716151516	0.729736273529144	0.610386831567065	1.13367856114366
NaN	0.846527538353232	0.487260329873872	4.71822442221772	0.918845781961302	2.94699886693949
NaN	-2.231580184605	0.390950818123973	1.76468909879894	-0.331699036265148	0.942066415104531
NaN	5.47776829135362	4.23132698638318	1.30654814485351	1.30274660778512	0.258372006748858
NaN	-1.54828433028595	2.2528468486044	1.10279327588916	2.88088211860068	-1.41772304134211
NaN	-5.18083540770026	-0.949444971856362	-0.771996029982805	0.358724789841803	-4.11191714516933
NaN	-0.93759525906296	-1.83122018759932	-1.90807716864365	-1.7201264224833	-2.44115300091589
NaN	0.0647559233179138	-1.82189324600481	-1.50500501587499	-2.41345532118871	-3.00708724504043
NaN	1.38653770480072	-0.332912329124566	-1.21195800869359	-2.07563757443034	0.00913038021899554
NaN	-1.24800910985489	-1.20978174422166	-0.999127319908057	-1.81071755593339	-0.46070177778856
NaN	0.442550321323955	2.33197475556531	-0.763543167557891	-1.4981371110601	0.931124461620659
NaN	-0.196613022270736	0.284756309576857	0.37858368780297	0.939982086513731	0.356237946244403
NaN	5.24961319114665	-0.8313439772377	1.32907796830716	1.66782321722802	3.43617163339693
NaN	2.59718146021647	1.8148362300341	4.85655476008131	3.7833510318462	4.27388745213619
NaN	-4.95674069398675	-0.605211542671073	5.4932953913667	3.03951904812469	5.11859040438567
NaN	-2.75191791487449	-1.20165276859773	2.43367533081153	0.0190260931047836	3.97196109563598
NaN	2.82188845486549	0.304428930232451	-1.55646630784608	-4.71505736240637	0.525883586387224
NaN	-0.885187748874199	1.21422377746031	-0.505132806797462	-3.45407770889483	-5.50398840691008
NaN	-0.673345222635106	-0.133025625359745	-1.48358313676553	-0.695057056657752	-3.36595493654207
NaN	-0.153779858587257	1.25575409564124	1.04173709707111	-0.389447104708275	-1.51347521845211
NaN	0.648282886311901	1.29852267527423	1.69757147279074	0.766761995868831	2.88074327392314
NaN	1.28883610849981	3.31987646053714	2.0550740466867	4.0323084525504	2.15784620448823
NaN	1.84691924381344	1.15222793942846	0.342548954561076	-0.0576230583640227	2.14253456487722
NaN	4.10600008142489	-0.431411297824801	0.452369405414158	3.7230445901546	4.83392963567976
NaN	-1.1206566240516	-2.3075662032737	2.88564156455021	4.93421598715566	2.19353799416074
NaN	-4.46344487075641	-1.23595383819263	4.25218708547894	1.90605704251554	1.06270012490998
NaN	0.405122770949797	-1.56012046440598	-0.334964970440788	-1.20416938367476	-5.8498026530956
NaN	-1.71025602398496	-2.76718402057091	-5.44833422392917	-2.76005585754937	-6.45388650638085
NaN	-1.64251762082009	-0.623779611451259	-2.09466451230315	-2.47281357551496	-0.493598298572378
NaN	-1.21838677264592	-1.20809661270675	1.10340672822548	0.199132404634101	2.01112961665436
NaN	-0.18014963992835	-0.518058391849639	0.107001368391299	4.09148287952424	1.80110854560022
NaN	-1.57146957977471	1.12535516022488	-2.77326545148775	-0.689380944914562	-1.98777429059881
NaN	1.38341213095728	-0.296223508589589	-4.98519890347402	-0.969977799646433	-3.17043258658402
NaN	3.74004452476518	2.70457230570294	-1.36654305189141	-1.90403313751881	-3.03705244471014
NaN	-3.95994389588919	-1.17390640228726	-3.81978977505798	-3.27598502143899	-3.75641016014171
NaN	2.53548148328269	0.952662103171079	-1.16912049017664	1.45083736899495	-0.978005136888418
NaN	-2.15922511525725	1.03825581521554	3.20684837381298	-0.465898849545219	2.25096172059828
NaN	0.0884979090473008	-0.0333097190375029	2.21182124589067	-0.128948274332482	0.818808099287645
NaN	-0.949530034310423	2.69625440191903	-0.502591606555337	-0.313744615538782	-0.771806669739223
NaN	-1.39927545941102	1.80493614643196	-2.60744595713979	-1.12954523177579	1.20449476692605
NaN	0.35730511199943	2.27589273905207	-1.46133453515462	2.98577481190399	2.78258360101015
NaN	0.320423724483394	-0.026761996681249	-0.537433708845922	0.522565124611571	0.478486029287504
NaN	0.930528989633203	2.05993580212156	2.06034175741657	1.20821987181777	-0.733209789421146
NaN	1.96683701705755	2.27005155991957	2.0257003434559	-0.824723276592907	-0.542381012951013
NaN	0.474128112364581	-3.5876381333872	2.94879063681436	-2.40059968518065	-0.25403382518054
NaN	-0.394155005469261	-3.64929848888682	-1.21161844615968	0.471292796652866	-0.812798855991074
NaN	1.22042732655856	-2.84163313294381	-2.62332406365304	4.44228217940797	1.53300227704003
NaN	-0.86497068058972	1.77544951611765	-1.83870645834314	-0.168598788939796	1.80903316359443
NaN	-0.467285190835999	-1.25592906140021	0.0911108347044227	0.153834350916067	-1.9750671660857
NaN	1.41992947648929	-2.9933471906824	-1.58173938448468	-1.38465780081926	-1.77023131420017
NaN	1.04884888330245	-2.06439557921504	-0.735645897374167	-4.96778135612581	-2.49694505296489
NaN	0.824042566757267	2.06958344698015	3.20380508995072	-0.705611286320565	2.94425281812078
NaN	-0.851388395955674	-1.00315354846243	1.19715413615064	-2.36222374621171	1.38662237000692
NaN	1.3912572953273	2.17170373650624	-1.01241863267458	-0.350158279973136	0.675318982285242
NaN	1.59496942594181	0.672179117542729	2.90077240211387	0.923085587090488	2.87318446907868
NaN	0.299758043117837	2.163157705294	1.03279587876648	1.9371651349497	0.302881517830498
NaN	-1.27618843737362	-0.120888088246504	0.81738347797747	-1.20115774592712	-1.12852317324411
NaN	0.0286917179121398	-4.33716218715112	3.1883881579693	-2.44691158470419	1.27480550127058
NaN	1.60527152066252	-2.40664728001017	-1.23849938179494	-2.18518286163302	-0.325445567518321
NaN	-0.478150806869837	-0.801645420733361	1.75953075830081	1.38198429623474	4.04948208345335
NaN	-2.73606203177078	-0.967314086654528	4.20448915088072	2.92730975209473	2.07425662689137
NaN	0.532997909973281	0.694479794294071	0.633779576139217	-0.195310283024164	0.627485379153709
NaN	-1.03198390663652	2.5710566358653	-2.67176672914186	-0.395586177587035	-1.88485372528792
NaN	0.910053648665166	2.22694286145496	-0.43037159732656	2.22488880831794	-2.05235852934387
NaN	0.239980384452189	0.310433635639466	-2.61284791947411	-2.48614840555807	-2.07619566422135
NaN	-0.978101502773234	-1.52162844090041	1.21443733967866	-0.199200301089646	-0.624416506221929
NaN	4.23864849663205	2.00819694492099	-0.783950411105224	1.55858799924534	2.9764078705354
NaN	6.09091051058049	1.89771659113193	-0.413575662450146	1.01334878375294	2.56149338883469
NaN	-0.777485627313508	-3.17853339176028	-1.92119423781245	-1.0745255767674	0.730287203326222
NaN	-5.43609097955814	-1.46807286938484	-3.5450014877261	-3.84763720122209	-4.363086594681
NaN	-3.80812739035428	2.72986972725456	-0.256852372886318	1.1657771563953	0.0201144258350409
NaN	0.459070978518468	-1.51557521937956	-0.802598920931754	3.75056243728541	-0.447311668822198
NaN	-2.94163921549297	-5.67929746592758	-2.69180209871554	0.810454885725793	-2.30741852048779
NaN	1.88539229111272	-1.45570590252741	1.32262454952016	-0.66011378770288	-0.373336470185901
NaN	-1.99434536174467	-1.44643671132111	-1.0156263112139	-2.21618147464869	-0.780873353812648
NaN	0.0941873246839225	0.26372549712673	-3.172463889888	-2.82402912643378	0.535868702148054
NaN	4.84410773144735	1.4304787309002	-0.641744690411581	-0.776942174943504	-1.45361112165207
NaN	0.827597507638108	0.252838513345514	-0.444336982369306	0.732624008696601	1.96856409420874
NaN	-7.69120544724543	-0.876884963747128	-0.0550067572188914	3.32114246696845	0.891158545869099
NaN	4.71547270614414	1.53566162271298	2.12986336332423	3.08332441822796	0.658501653522274
NaN	1.59279408798352	4.09468816546311	3.81892828549275	1.15927534258045	1.34969035710699
NaN	-1.95999264904086	-1.05386617961784	1.57698589460363	-0.505044966426846	1.65304196920228
NaN	3.09298404777043	-0.914034336208966	0.619290218516215	2.40931861434312	2.47562767792603
NaN	2.35988605607065	0.830695923548191	0.793906603304606	3.35813788634653	-1.23260970377829
NaN	-0.865471519113277	0.737770296232784	3.87468976621679	3.09935325574817	-0.508624298017142
NaN	-5.13652420345034	-2.54185199794986	3.45078797441145	-1.02368660476034	-2.05572220592116
NaN	-6.87979129557051	-0.0638748489929111	-0.135318321416204	-3.79669889943456	-6.00664989373366
NaN	-0.276139601934722	-0.406764549468555	-2.77080568522057	-3.66494484691597	-1.85392809491509
NaN	-1.27581801988078	-0.374681781240432	-0.524290494388857	-2.33493724544894	-2.09045394345061
NaN	2.36833893251942	2.67292043546333	0.289874274822869	-2.54829199859739	0.906822439181169
NaN	-1.32440461135938	6.40287431393251	3.19050627605211	3.04573790586034	0.508306545861085
NaN	-7.86234084133847	2.44169656988506	1.96670165584338	2.60314564048549	-1.46273444317156
NaN	-0.953770222029192	-3.35218736274634	-2.02027042271309	1.88536604798672	-0.288335520869818
NaN	-0.206746888740061	-2.11643948169852	-1.92759577037946	-1.01647667966605	-6.1711203632607
NaN	-0.692246183639457	3.40356423916217	-0.713752574543728	-0.903559147754965	-2.06133856276575
NaN	0.560548028869075	4.71959979648935	1.02132586572252	2.01651712719335	2.29308399262638
NaN	1.58630342829658	2.45186598623232	0.104505706562992	-0.710429240100884	-0.718307452638203
NaN	0.761503245680922	-1.60855320151173	1.66424786897739	1.03090388526376	1.7748280029733
NaN	0.417815734904531	-0.270033723216615	1.40962309701856	-1.82126619520351	-0.412182737976654
NaN	2.50891598116182	0.44819847074876	-1.77683894680048	0.60024082218598	-1.01528362095506
NaN	0.834792896771277	-2.92627118816541	-2.95711715484732	-1.83501105811261	-3.36634166907366
NaN	6.0859296013342	-2.75365401822959	-3.18428544974638	1.2388932793705	-1.08148663709992
NaN	6.0744652083986	0.68363432632318	2.14667040777039	-1.53330747245892	2.80638198712263
NaN	3.8555088449443	0.762606327590275	-1.81111460089414	-2.66639957202073	1.71419439613447
NaN	2.17717968726676	-2.96779397706374	-1.92877761922948	-3.78570000432816	1.2488002904421
NaN	-4.74903258125016	-2.4712779062311	-1.4532382768889	-2.66220964790778	2.95479055291228
NaN	1.28226452817018	-1.00897990613509	0.874175459488988	-1.28966577105193	-0.188196099529343
NaN	-1.62900522508353	2.32736866492223	4.3971066181769	3.06133172171479	2.08056419484929
NaN	-4.33139363658461	2.46467617151652	0.603356651480289	2.61757023142058	1.53793995480774
NaN	-0.232231616964861	-1.09513792084242	-2.20085391043089	-1.86017090062904	-4.58216101670273
NaN	6.17751662584738	-2.08103195593515	-1.61279287099444	-2.1502564254714	0.374728787803
NaN	1.81809571805072	0.777980968437901	-1.19376804324842	0.235771698711642	1.92173260552352
NaN	-5.04781039143623	2.77246070395673	0.00282263663776322	2.10989236739909	2.60312544345638
NaN	-3.06076903016442	1.85688700796253	0.51786094096057	4.94426777783705	1.74049658330371
NaN	-0.158120571474396	-1.9417375410589	0.47705117965951	4.28347151503729	-0.00328491631594119
NaN	-1.85517639172414	0.259417315989097	-0.937786815832323	-0.485705880303786	-2.03619820085263
NaN	-1.05364430572673	-3.34085055085081	-0.808917552723903	-3.96978093076454	-2.78368495423957
NaN	-0.477817792683064	-2.8853110875465	-2.18702117989817	-3.38747112925298	-1.84261613183716
NaN	-1.30569390314746	-2.83695651287379	-0.588357374207964	-2.03255133103484	-0.265801981948395
NaN	-0.683785695971381	-2.58328008154733	1.19189703884169	-1.10699297551191	1.59678469365781
NaN	1.84414469660657	-1.86491845882263	1.14546650734525	-0.397668310389322	1.76621399781559
NaN	1.98597153753961	-1.56295448867064	3.6793913640227	0.269862551568213	3.29429241833942
NaN	1.28672849571963	-0.884555704387065	2.41146588829243	0.299090561953891	4.8211941674902
NaN	-0.448165962159306	1.18352403503258	-3.44517013235159	-1.27894941409202	0.531965847216412
NaN	-0.965630985628634	3.40734010529095	1.09347072220691	4.27921277221	-0.867903054436301
NaN	1.75243918349537	1.10353375131872	5.00742977750375	1.85252213639783	1.30002203119981
NaN	0.481740331552458	-3.3421196972782	2.5501556626847	2.8022884031682	4.02754946179721
NaN	1.25046012583641	1.60277889166461	-2.33998400139308	1.1721204136677	-1.12922528840298
NaN	0.740952151521473	1.30246454391399	-0.918885446253236	-1.05349186366506	-2.08340554723398
NaN	-0.609443229662612	0.828930276560569	-2.72257432327213	-0.824581235347512	-3.06031015838441
NaN	0.729593521500221	0.42505267608554	0.105335816216305	0.0797788228987347	-0.787583508108748
NaN	2.14838339419164	1.91699420900188	-0.717283613260496	-0.335201690828148	4.7905541477638
NaN	-0.618766625341268	1.6707670805512	-0.828927113738657	-2.17796119707168	0.79383064465304
NaN	0.247661089871116	0.274702171820598	-0.929941833346213	-0.55082866458288	-0.440861215354587
NaN	0.0238919100830152	0.973816575703839	-2.14737771195631	1.42453010037626	-0.416554234373465
NaN	0.780003251729939	0.63979587709475	-1.57144288434961	1.59799565616451	1.71498877093936
NaN	-1.19939450671525	1.0456313964211	0.289350251136545	0.528215262359042	0.268003187821189
NaN	0.0359002835177313	1.00311861955232	1.8076590703483	2.19114255386264	1.26311025013666
