NaN	0.182875193878377	-3.00408660727735	-2.13697109013928	-1.11278884818103	-1.57904659743729
NaN	3.10741677943453	0.511923668510949	-1.41369349472999	-2.17036056537979	1.94103648406738
NaN	2.13198713978729	3.25509312013765	2.15662127651213	1.36431833174287	1.22898611690365
NaN	0.702861545682105	2.68126094647979	2.09635688870987	1.37877032102686	0.493849761833193
NaN	-2.69287202656596	0.419274026594623	4.59850910308054	3.30121244933398	2.21988827458717
NaN	2.61110401634668	0.490788629567398	3.43182977383593	3.33208978122314	1.19130867977185
NaN	1.2584623803392	-2.2095015910685	-3.85846980657594	1.48908487588944	1.14821808094864
NaN	-3.97976296796043	-2.57965226745086	-7.52828818345288	-3.73436422136938	-6.3406890429276
NaN	-4.12994371005952	-3.33495166967933	-1.62571947029512	-3.57051804922974	-5.24944953692581
NaN	-3.5022017768356	0.522047713893407	1.99500096057725	-0.636803739122835	-0.50800780023449
NaN	-1.78305163280449	-1.52867300782656	2.65570481331966	4.5565400702167	2.37517733066378
NaN	-0.824498161733656	-1.06741231739175	-1.44109537386817	0.374623835919683	-0.232381774101461
NaN	-0.535840826908686	-0.849150784890328	-4.49443048763341	-6.84573432619213	-4.30835065435287
NaN	0.357806707447171	2.63992569404521	1.86303462281873	-2.4743502934392	1.34466915420233
NaN	1.33338921088373	2.28576242452866	1.14475860417385	0.192978803095995	1.04574138788342
NaN	1.4068783301116	-2.26634898984052	1.71317739294408	-1.97045218826763	0.140982948345646
NaN	0.950458671508392	4.54690552906162	6.77511507790815	2.53340149064596	2.34415809926677
NaN	-0.243720890251661	1.88120856625894	0.585831162280156	0.373470105648185	-0.668476304430388
NaN	-0.0292793870965589	-0.248378712197766	-6.66032949731464	-1.07113620851627	-2.03920163921121
NaN	4.23304710949855	2.08998312329748	-0.956297011280283	-0.366165954364678	3.3504193298529
NaN	0.864808340667576	0.244377642268661	0.798768376445891	1.16592485066744	2.4500679996873
NaN	-1.58633464794702	-2.47110546385365	-3.37215029608279	-0.969908171279922	1.32241218164125
NaN	-1.96652687542728	-2.07247279193209	-1.46463468309201	1.79169404394634	-1.67791796897988
NaN	1.47371250603797	2.91230798440526	-0.0769494724981907	-0.267197278002046	0.420730704721106
NaN	2.78457168476136	-1.40525551468948	0.020458480867235	0.149257241832642	-2.29110465961891
NaN	-1.24740226024521	-1.63377039744883	-1.78254471000913	-2.76180952011829	-1.78520005680275
NaN	4.25781104121797	-0.133846711400275	1.25255009821068	4.73467734505722	2.13416739728254
NaN	2.05374174348206	1.21439310099969	2.22425691955339	4.70138981534163	3.57293017895719
NaN	0.739346002789044	-0.436448946818273	1.06963291476877	1.28793301953495	-0.119447528972713
NaN	-2.61565376933848	3.28864089202874	2.08979879865497	0.621971285934213	-1.01922775137489
NaN	-3.68860884769996	3.35963648756724	3.79503254326434	1.52085354438929	3.74611919441948
NaN	2.41177109153449	0.96858384146081	2.65700626879953	0.231688117157649	2.06184998751113
NaN	2.57176064513079	-0.937692012934167	-0.580629212436296	-0.85328609271376	-1.39479408731818
NaN	1.38609113174445	-2.27991455615599	4.59090556524908	4.08038382587707	3.17817300046799
NaN	0.425982886093019	-0.538268673351751	3.36480514351804	3.10217852302525	3.74354248015333
NaN	-2.00025529929367	-1.05663634496895	-1.39590004352128	0.203054103888068	1.24085417219322
NaN	0.834850585730112	-1.39085901516552	-5.1402326565275	-3.43652842858715	-0.623546967944246
NaN	-3.40630430213769	-0.673647396788768	-0.0485196606980447	-1.01315697417542	-3.48806377894979
NaN	-5.1874929931458	-0.61992957066695	2.86271653247459	-1.85932041318862	-2.89439205985482
NaN	-3.04895516016366	-1.12030903256385	-1.71698249051375	-2.59262114421232	-2.77823354150045
NaN	-4.56097476302852	-0.483728221377358	-2.69654422441578	-2.47843580531563	-3.37073198916134
NaN	-0.307614922237738	-5.5513986704785	-4.9296403875666	-5.70975669440321	-5.35180020215731
NaN	-1.00966456625262	-4.03260207927042	-2.87096809350991	-7.28858966574636	-2.99139237375834
NaN	6.02842468857571	1.02804128880882	3.26325540391544	-0.194229558293949	2.45981358767046
NaN	2.29913660864848	-0.172315312552489	2.18231858306204	0.841147098852918	1.63033885965831
NaN	-3.13723649693502	-1.82403605416483	1.1994565363716	-0.0149723592254737	-0.18392642028314
NaN	-2.82392604354783	-1.49155259759434	-2.20476268781856	1.15369565895599	-1.5873746847328
NaN	-2.09138893537661	-2.8935884602741	-6.90465328219075	-2.04105549487141	-3.77509698921191
NaN	-0.199646246916811	-0.99937530862017	-4.08681073947138	-0.0802630211416343	-2.38177948747056
NaN	0.0622879408452961	-1.46321763448489	-1.26021831062591	0.860051944684969	-0.701361118454112
NaN	1.00059543189789	0.520062568865849	5.32136646255503	3.64831577091408	5.86159960391875
NaN	1.07334890771969	6.39611518690717	3.12438121579913	3.97536379736114	2.32890169569109
NaN	0.559762193259804	4.57976474254531	-0.211788190666898	2.96469672245915	4.64229200146496
NaN	0.552489149722304	-0.364850725280154	-4.54413837594203	1.07806814759537	1.84725745697518
NaN	1.03944517077654	-0.925501317815886	-3.8405740627542	-1.21036578159938	-1.20192957240333
NaN	1.19295227536723	-0.202419537893944	4.92754163054236	1.09134533546155	-1.82081638561544
NaN	0.328687378911685	0.969674643191647	4.39401588388239	-0.894170365117551	0.97745651550535
NaN	3.55190331215411	3.34151746982431	-1.07973107994601	-2.75977907148812	0.40738491659502
NaN	5.2724440610316	0.946180678725524	-4.52605923695479	-2.88519673732529	-1.51738444575604
NaN	-0.553887663165076	-0.446147036576778	4.20531788880534	-0.801280366214494	-0.831572453178918
NaN	-0.0444469194469541	3.80361870632327	3.92885603508672	1.77869831092063	1.7739032911486
NaN	0.238259265268383	3.28587545897498	-1.06525649179021	1.81029281289461	-1.57628177505191
NaN	1.16249333615306	-0.489885843719251	-6.0151248303389	-0.88982297542964	-4.47458809172968
NaN	1.22713609003274	-0.0835422014178605	0.729938199929168	1.04191942756244	-0.222615435110421
NaN	0.301034411109607	0.464641831234342	1.07931928074372	0.432828124879816	-0.46193056568631
NaN	-0.526501654396602	2.86056873077876	1.32775419774895	0.0985154834915609	0.774262716263936
NaN	-0.637425640622378	0.903066128111464	1.12348435923365	0.195056733675376	-0.980008502955613
NaN	0.0563337774163553	1.20309503545874	3.74592034533165	0.452555948605324	1.67262699151767
NaN	2.56015777791104	-2.69015672847089	1.26834111549679	2.61978957514515	3.61312426154598
NaN	5.04099931309604	-0.792929682369264	-2.73198141307847	0.820483786012748	-0.86759764355083
NaN	0.714231204653201	0.608036824375237	-2.013242379626	1.2855939555167	3.20478919917475
NaN	-3.22828984273503	-2.61910387176401	4.46167832113713	2.9774969905534	2.54271203759002
NaN	-2.03530787953995	-4.11823505934049	1.06464357282416	-1.1450085837643	-0.437982397279077
NaN	-0.403823629610389	-3.77059697742588	1.04001215900956	-3.38520179469582	0.76394543555011
NaN	-1.34448978288149	0.0751253372254331	-4.48563491958647	-2.15109562901965	-2.23445367887923
NaN	-0.486292962787293	-1.09477889433843	-4.91578503543427	-1.23121522421456	-3.79124357346788
NaN	-0.700523903632283	-1.92031970615005	-1.37649915634326	-2.79334812084075	-1.00932176489544
NaN	0.858183135229342	-0.0595526300988568	2.18923657565681	-1.7050320830864	-0.089344100248202
NaN	2.63532844689112	2.1903246722368	1.12938182229582	0.40883409549866	-1.19600398591849
NaN	3.15058394861604	3.1752369397811	2.72891171135002	2.93483906964019	4.79557582003096
NaN	-0.444159561491559	1.98477908348586	2.18092220749564	-0.00321440642859324	2.75109934115438
NaN	-4.8298224087106	2.86425402874941	0.10260396729686	0.71695338965573	0.146235916904781
NaN	2.35494014683633	1.03028416536065	-2.02511081080601	-0.0684492391872782	-1.66996899792939
NaN	0.619184409570811	-0.215692630256793	-2.41584014443551	-0.32543239011024	0.443015427116933
NaN	-1.36480445931027	-2.408766751581	-1.05753666422741	-0.470932597959049	-2.47826877663906
NaN	-7.35319614468638	-2.45881218724993	-3.05403388184877	-0.915188351738281	-4.79800685872728
NaN	-4.39277311045704	-2.33131075905854	0.729463840182971	-1.96453319432325	2.98516045631385
NaN	-2.71442701858345	-1.02886135793496	-0.715029529785695	-1.02030285436763	3.43770933211779
NaN	-1.08979469962162	-1.08098745587906	-1.86994777547332	-1.07499300866924	1.81702561651481
NaN	-2.43577677073619	-0.497370909210412	-1.37617662964153	3.27856342954898	-0.714554702900284
NaN	-0.181566976580621	-1.04549155202453	-0.444256220816573	5.40713287395356	-0.916829056472029
NaN	-0.349028385875779	-0.418082441926961	-2.13849428423528	-0.708569734599324	-3.12940913341059
NaN	-3.05322146118704	-0.622710683710208	-0.502118651508816	-3.27016938221058	-0.877413222539053
NaN	-0.431618503142436	0.060934027246815	2.11295855343482	-1.00206965381729	1.74029052053942
NaN	-0.102674731181839	-0.481790027914505	1.94399392486089	0.474555049681377	3.68919866526177
NaN	1.30603779239862	1.2378456327376	-0.290660220042937	4.19661661010268	0.239887168128805
NaN	-0.594748936690424	0.790377463996492	1.12249791232339	2.43273837604937	-2.98112858937596
NaN	2.3837167711566	0.623892992318137	2.06717949404914	2.35791278353586	1.91283110774419
NaN	1.66767764560412	1.07938418309344	1.19131609624931	0.992867545152678	-2.99526620601159
NaN	0.748222391762338	-0.412901068838218	4.56628055536939	0.381958517608875	-2.15239415264198
NaN	0.503278691037681	1.89425844362432	5.64221586120143	-0.503584051260178	-0.316201895231424
NaN	3.83706439645768	2.10800604661966	1.23457710165275	-3.30709605789868	-0.802067494102182
NaN	2.516179062782	-0.257946242205893	4.4464782848902	0.541200548781426	2.42258000425919
NaN	-0.731649292833201	-0.133066264892257	5.42962633760454	2.26589004766843	1.22596767084664
NaN	-0.726388812622085	3.07020411970153	2.18411329845457	1.5956006717163	1.76621683141848
NaN	1.65167184938164	2.49439501386177	-1.11996673761611	2.22393189183029	1.80516206142522
NaN	4.99190417598838	1.73509346839982	-0.0414104101143572	1.77244524116405	2.87617365201923
NaN	4.25376233885515	-2.3411560707146	-0.0910417137645583	1.26456233565231	-3.2004003169465
NaN	-2.98037678724174	-1.34613400293285	-4.57729200579645	-2.89381504777446	-0.787243754952013
NaN	-1.67268925979147	-1.43739466786578	-4.04265800178969	-2.74163742614521	-3.30415093120716
NaN	-0.363346865373038	2.07296087161518	0.699881001521288	1.88005720260228	0.497949119651058
NaN	0.0771943958938346	2.63311610345381	0.561466281299958	-0.912315184039047	-0.861627399892226
NaN	-1.71200946756571	-0.529499693903266	-1.61274223126697	-3.97672982042041	0.87143265681774
NaN	5.73393738325127	3.63573932173504	0.383259935569948	-0.603701990484776	2.43915119930985
NaN	1.32847322189411	-0.162183454023199	-1.53426304643561	-1.55556016361947	0.225043128514985
NaN	-2.29852637380217	-5.50841239123773	-4.800461823301	-5.42957618187381	-0.0374212168297445
NaN	-2.91506157585596	-2.91987237578601	-3.52253732311343	-1.06185129188731	-0.503898623531712
NaN	0.874606158945146	-2.05710431085346	-0.131857539859862	3.11857815458628	1.90893912514954
NaN	3.23107356046353	-0.798950878506576	3.16359334785928	1.15103785155727	2.64290494581979
NaN	1.43743567163797	0.497309072977949	-1.13917316600368	0.860933992519628	-1.5834788229501
NaN	-1.57028610485927	-0.365588234877869	-3.77836505302594	2.49204883274434	-1.71488869379273
NaN	-1.57983433048525	2.11565280745339	1.79051130386729	3.10619398422569	2.13362070749358
NaN	-0.712531182674147	1.14288490899898	0.923391351538701	0.11853093051772	0.36122039164117
NaN	-0.130620190010767	-1.5061424735254	-3.44003651662816	-1.47023616860532	-0.557422915117386
NaN	-0.00990801642658498	-4.44196005449195	2.51845541835098	-3.33138383429266	-3.04676637817882
NaN	-1.72726943777344	-3.39558710930976	-2.12579735032262	-6.13051819952485	-5.71202163710696
NaN	-2.89456010946054	-2.85746649458119	-0.215698712425009	-4.68325500731991	-4.5220274480795
NaN	-2.6282278188479	-2.81879976868125	2.33257617514087	-3.7402566050562	0.427840496482139
NaN	-1.62330455657265	-0.330539859603868	-2.7719652197667	-1.66416232477226	-1.9140987341657
NaN	-0.286687238186036	0.0921366621686003	-0.543179669304195	0.428944117702328	-0.774026854446678
NaN	-1.08819758272329	0.699380747223653	-2.22760347263544	-2.25004492165258	-1.9973485368397
NaN	0.0571830528706569	0.212794275160707	-2.04188054955257	-1.87381129835554	-2.29572567379392
NaN	-0.867860479745497	-2.287667425814	-3.52405261222181	-0.889703906462155	-1.14859993350531
NaN	-0.0493137997257535	0.47662378790415	-1.14267330263693	0.828084844080728	-1.193730010322
NaN	-0.22010433157847	-0.766323828450554	-0.569007258833045	-2.79297624943433	-0.195027800668444
NaN	-0.211085720105612	6.10830973726911	2.14867593730833	4.11602111345644	2.76504803071042
NaN	3.81231307187165	3.37131931904833	3.04569392129686	3.48555787138799	4.73043475076501
NaN	2.24582081890136	3.0947730710857	-1.06576795092332	3.00720083819028	3.38398242038871
NaN	-0.0507100466550679	0.466172946155792	1.45483973256824	2.99333075775414	1.99573996143581
NaN	-1.65646732961297	1.535342012027	-0.100158942451685	2.08684977352655	2.23159795247459
NaN	1.49211082643097	1.54210805804621	4.4608435873411	4.53220242925834	4.87948907748238
NaN	4.04979702583247	1.62120290833388	3.95947435005555	1.31914783307615	2.92550657507419
NaN	1.76419518958144	-1.57458439823294	-2.12750870914352	-1.99346624870837	-4.75999699841384
NaN	-1.28252356626687	-4.32598625720774	-6.1981050901135	-3.94707721196455	-3.56268503877875
NaN	-0.123403962063146	-1.94152706566792	1.61783422405612	1.56785516415244	0.75748653271445
NaN	-0.0576797978719116	-0.0903272845262752	5.29245834155396	2.76543824189733	1.79224711429995
NaN	2.61332818022438	2.57898627666452	3.76175892106739	2.63356722222061	2.34917047698316
NaN	4.3326298111834	4.14500540553149	-0.0589032747885683	-1.20670384114598	-0.652634738271652
NaN	-0.130953492849481	1.21709680762672	-4.08800564966851	-0.142889158958949	2.47105026255066
NaN	-4.22830046616638	-5.3878028651129	-3.33710642795884	-2.64139514771291	2.16419780498537
NaN	0.153683159752419	0.474108601491802	0.373839144140122	-0.322006903623778	1.00561170766591
NaN	0.866578230073857	0.873861810872133	1.54104831950515	-0.0959180595852178	2.17900393414797
NaN	-1.41891602526565	-0.986638365761901	2.71447830927416	1.95714459273769	0.489683315540566
NaN	-4.60590879358296	-2.9983693428928	-2.7777198585183	-1.22289537407322	-1.85495339781158
NaN	-2.81458978468626	-1.97440120195565	2.20513282603466	0.166667623232465	-0.25668145344993
NaN	-0.709198998299532	2.19668808605982	3.18228006274735	6.4325949581126	0.0375336922332361
NaN	-1.16249667070463	5.78820239246586	0.204429824926057	4.00205577870871	-0.0274665574795361
NaN	-3.02287719151271	1.89704402637152	0.377551519315226	1.84883862072723	0.586233611744511
NaN	1.4498007552676	0.0630135922439198	0.265236198843329	-0.313756691608162	-1.81792811400756
NaN	2.85058020807197	-4.02986917002197	-3.57266561257893	-4.23952932785253	-3.68513570199039
NaN	-1.00603798022092	-5.51573871720899	-4.15474876043612	-1.43465724284951	-6.30676635160267
NaN	-1.78489826684368	-1.13494995683052	-1.54394416164489	4.30217940157802	-2.15142201578341
NaN	-0.70071626922126	-2.17491976463932	0.423009048570399	0.830760466586831	-2.07104228485174
NaN	2.8768012379935	-0.195375001159821	-0.206557551003266	-4.23212203879202	-0.820808387814552
NaN	3.78509134961522	3.92920847918134	1.99891457942291	0.273850115486696	1.74447893825214
NaN	3.3294668386422	-0.166572461524539	-0.320201829250113	-0.331242708382549	1.53194236629232
NaN	-0.696501255982677	-0.0523099089742345	-0.301037456747327	-2.5611186630753	-2.39041195571808
NaN	-2.01354807802355	0.460572808421623	2.09626981729472	1.26157555232571	-1.09732573121051
NaN	-2.46946571026634	-1.70718643058116	3.65978516853512	0.811843077092709	-0.40535586759861
NaN	-1.22429632370311	-0.529584694128443	0.526516827491573	-2.05949440598356	-2.46623032069232
NaN	2.06648151293808	0.438856596479229	-4.15838794742972	-0.190758081209531	1.23111883127731
NaN	4.92407836989891	2.11368862350509	1.06139694235474	1.72173619199527	2.13526302134061
NaN	0.476473156669773	0.0882207231147219	1.99990905182241	-1.92659178406389	0.163041547153442
NaN	-2.01933474267681	-2.5768059602625	-1.72996267415969	-4.98929095338275	-2.18570339892835
NaN	-2.65096948614677	-0.443696531918312	-3.28249987216715	-3.8652897656268	-1.71930908889544
NaN	-0.41028450286621	-0.859922436787165	0.271176271376395	-1.51718982959295	-2.41269411291941
NaN	0.0556574165052326	0.592522676317168	0.309530882117988	-1.6675938812143	4.36043958405862
NaN	-1.19112649370665	-0.129017181093006	1.43195123867184	5.11104445701318	5.8290164825399
NaN	-1.71541213204114	-0.341848422844406	3.61661151197363	5.25941853508623	4.57115415958441
NaN	0.641444355365208	0.545667001201453	5.26514526040965	0.354000643726991	4.02151103157785
NaN	-0.732205138481064	2.2945908008675	2.96019610827557	-1.13596454388184	2.65901394868703
NaN	-0.107156803818374	1.90137791520304	1.40533640488469	-0.89121894709863	-0.549329584414885
NaN	0.592819456551998	0.496242161005325	-2.17724724684069	-2.92906766303075	-0.0154728111647868
NaN	0.906234307261234	-0.673029751165176	-5.01965250436896	-4.52619054052352	-2.31942150683357
NaN	-1.12521232022657	-0.385100894526474	2.79479438979769	-0.31742555129715	-2.19971068743614
NaN	3.38508015851682	0.456064605076837	2.74123595514752	3.35506707595368	2.28578955645145
NaN	4.58499820531215	5.23052176579496	0.424885967596667	4.86775385077318	1.01090838684231
NaN	-1.79570294562776	0.296830035038431	-5.85250426383482	0.142659258573384	-5.14991202050562
NaN	-0.923450980987535	1.05595970106941	-4.23066639432401	-3.68812784112663	-3.3934584536044
NaN	1.75808672628347	3.27331213261879	3.61470310725516	3.86456290910616	0.454126314903968
NaN	4.06813555241029	2.67567621491018	1.0892184329512	-0.0205284321461332	0.608998901176686
NaN	-0.579882930557766	-1.44590751883307	-6.50978578486612	-0.714056024777064	-3.99040448708256
NaN	0.352793235688888	-2.60289131133951	-1.24049380581154	-0.668071040283054	0.453180396854974
NaN	-0.245789140021719	-1.48943016872832	0.996739663037471	3.2774239507551	2.9814594056318
NaN	-3.23785410539392	-4.43938766420201	-2.77176082206022	-2.36323876161767	-1.95190933385663
NaN	-2.57829602731255	-0.702124663709841	-4.55437557671274	-6.14870314872489	-3.68707935517406
NaN	-1.45022299711029	2.49756733347502	0.421788045606588	-0.968582584412742	-0.768164135871262
NaN	-1.88233699144588	2.18897006109822	6.58751550370378	4.1139859466585	4.88041244022516
NaN	0.00750209456525117	1.4064452102677	2.9189050845209	3.44085870459616	4.82472037395462
NaN	0.699850701872506	-0.642871010781848	-1.0095881160431	0.525937940289308	0.656382262054489
