NaN	-2.2758953040045	-1.74576862173154	-1.44609135675471	-4.24270014077117	-2.21675617299145
NaN	0.817913859795894	3.40751883477341	-1.76890849529794	2.81406174260162	-1.0042567187017
NaN	-1.1205588162195	1.62036358815067	3.16336035529548	2.23116840728002	-0.207970794730833
NaN	-0.0564052245164245	-1.97348746144345	-0.5851755848215	-2.27846903605801	-1.87034544637427
NaN	0.149654578282837	-0.232114146270629	-0.247443389265681	-1.66096912967205	1.45047073859181
NaN	4.85913598227066	0.363139430610973	0.503535158762407	0.188485041567643	3.96154006348408
NaN	2.2753255290497	-0.909525241896285	-1.72023587199727	1.09479315519706	3.72276232317649
NaN	-2.71924583011036	-3.83776207287332	-1.94608790903066	-0.761217154679223	1.93497104774034
NaN	-1.89765927670122	-2.7038390501873	0.573888738054021	1.15920701115568	0.943602089857911
NaN	-0.801307818224132	0.998956952126142	0.342272531479445	1.57677989845826	1.77239609411797
NaN	-1.99711146185464	-1.01026400911361	0.494737396398608	-3.98434213504814	-0.0989822500932324
NaN	-0.603522116496869	-0.842828612216531	-0.312057632847643	-0.163057721423034	-2.83530965269769
NaN	4.19648730842661	3.12202202323212	0.291673833051806	0.0291445307646617	0.573768076849245
NaN	2.37544328662114	0.962712723417269	2.36680029202063	1.41210065136718	-0.331622748351448
NaN	1.08983595036443	-0.255825537496682	4.35863633439305	1.9668015972728	-1.49938734875073
NaN	2.39863585017109	3.36089490499467	2.33941172322652	3.73213266900703	1.71608768743366
NaN	-2.30093518240367	0.111523767739666	-2.97892360632815	1.78814794073565	-0.0428395972224713
NaN	-2.87374464665547	-1.85262378873153	1.19041770083422	-0.876319523123898	0.842152994107859
NaN	-1.24828896985936	-0.0332350919948817	3.61054528364354	3.97989549618949	-0.491441754722082
NaN	0.940413614357173	1.11210443156222	-0.237084363619682	2.1581625392796	-2.97977772664012
NaN	1.15978423277434	1.96010507091913	-0.506939436755599	-1.89365177967164	-0.388169692831625
NaN	-0.463675535192364	1.52506471052347	0.392550174925889	-1.9757146801863	-0.73020713558831
NaN	-0.502584091588885	-1.4716511624538	0.254962422954764	-1.42964442039304	-0.961810210402174
NaN	0.666095353374063	0.748928565814978	-1.81717935381242	-0.726041420774872	-0.880641752840134
NaN	-1.1060391546116	-1.59814755235497	-3.93327816003057	2.27326716985983	-1.28800593978409
NaN	3.54205369536124	-0.0719804703751397	-2.3438543886041	0.721171265583915	-0.662672381353279
NaN	0.967000768703277	3.66891460529776	-0.982693532979786	1.40129410021628	-0.628707378688032
NaN	-4.54197451270751	1.06654005212735	-1.04537887820398	-5.13726532070318	0.772641490318923
NaN	-2.78159225951559	-2.479673644581	-0.728264820900646	-4.28948765972489	0.684272944024116
NaN	-3.1834891836989	1.08945749070559	-0.995717200940099	3.14423101440623	2.29884380422754
NaN	-1.65479484990063	1.07803915863234	1.2489251720447	0.184664103177455	-2.76036737157227
NaN	-1.93320701801991	-0.543396210294646	-2.03351736589816	-6.92107999031262	-5.96236228309693
NaN	1.93747900866093	0.159917854109559	-0.53306639201205	-4.15435638312682	-0.558974867726676
NaN	-0.0171959924832944	-0.435899906094622	-2.58599165080332	2.68506508326921	0.226083165551613
NaN	-1.84153724200767	-2.3336644924544	-2.46711904808134	2.94000951255759	0.349028654997492
NaN	1.04366632202676	-1.13015786700574	0.366279931865214	-0.380000095690198	0.311330425544322
NaN	0.554588610651923	-0.725519941825632	1.03150254891747	-2.8169794273366	1.07877929081314
NaN	-0.950797140849551	-0.76975771229531	-1.65309147888553	-2.2661593397106	-0.489921590876636
NaN	1.11632080359787	-0.283543517042852	1.99150436784764	1.1416633412966	-4.35333834376987
NaN	6.1722358436404	0.986500874314852	1.37029207852617	-0.514211146826046	-0.259212932874025
NaN	1.15413121881953	4.90616357277677	2.85096289577744	1.2469398426792	4.10164961366135
NaN	-1.13316689624574	1.82154458155643	1.62123995123011	1.64919180942809	1.58987739277784
NaN	3.52435517701306	1.38144867116183	4.03424401532747	1.78208974498698	0.358253813457788
NaN	1.66176463322097	-3.97613344758123	3.35552893239041	2.93244925385587	2.19085451033601
NaN	-3.01880495644388	-4.2792833828806	-0.639856410952296	-3.26385202061441	-1.29463495818199
NaN	-2.94060699446668	-1.90526690658559	-3.57948793436592	-2.27622772975427	-1.68616472619855
NaN	-2.27526332129705	-0.995247604946691	-1.3771021759175	2.72543717971036	-2.90014327408674
NaN	0.0519206354023996	0.3253897894975	0.315167649804579	0.747935708544167	0.182724904137471
NaN	-0.612419780364814	-2.84484270515433	0.494936878692622	-0.845821155890226	2.98944801287763
NaN	2.60417356352993	1.16339670186475	2.6246489138144	0.838271150555791	2.81352379621721
NaN	1.83632302807773	-0.3287869731457	5.27532697051107	1.8961180077166	2.26031743287466
NaN	1.14258895237311	-1.79832695559198	0.900497305472585	-0.614289164287061	0.989124717605473
NaN	1.73800115194714	-0.0836314023265391	-2.252165495124	-2.44618868343711	0.416559833137458
NaN	-0.571889049414705	0.00872389218247497	-3.2677645686451	-0.866909400715253	2.14360244115763
NaN	-0.345935514445552	-1.09695403174419	-3.70044251622369	-1.54372613910355	2.04422933132193
NaN	0.7378893013221	2.92745306447151	-1.28854995380875	2.65505109026691	-0.502131859613132
NaN	-1.71670080071084	2.22981785347903	-1.36301434668365	2.15271556122373	-0.540001052439931
NaN	1.51831826996091	3.06031241942346	0.396519133590048	6.69374769660433	4.17789437765069
NaN	2.22050425279472	3.66929099420547	2.11620561318926	2.49275300965556	2.4432301719796
NaN	-0.925860041431958	1.70199950334379	0.605680708674865	-1.31001385515052	0.846463615689815
NaN	2.03014328627978	0.564566072601668	-0.658005587698722	-1.60983814344779	2.13715352177397
NaN	3.40385467077191	0.185113354198381	-0.20461338659704	0.842792069130483	-0.202118524522953
NaN	1.09965577156241	-2.25084636249915	-1.35063498556465	-0.389587677916247	-2.42077668632241
NaN	1.49142712072705	-1.59644455987699	1.09137432968189	-0.726805237471261	0.282317463721238
NaN	-2.930126673132	-1.86512771372424	-1.39036896177892	-3.23496298358798	-2.34761846576224
NaN	-5.64358769998604	-3.1714552752054	-2.01526208849577	-3.72971673023524	-2.95180111262046
NaN	-3.53577904118594	-5.25277703047407	-1.82548586222296	1.77033671436229	-1.80763153968037
NaN	-3.83771178756727	-2.86575777361032	-2.14469700314423	0.0459433944921029	-0.707175223974091
NaN	-2.61036301101275	-0.690085741037919	2.14308608912512	-1.17322183941352	1.870111230105
NaN	3.04519495468636	1.68412089294464	3.96112492483386	-0.595764793110901	0.802226283806798
NaN	1.73669699205437	0.692516412249846	1.06727439246372	-0.746040952653085	2.77916110666756
NaN	-0.388700376097213	-0.929922099585718	1.88264771820194	-0.180563895027246	0.121149491520567
NaN	-0.329688900579624	0.462710475102507	3.03215827167838	1.47086186780331	0.14070996566704
NaN	-1.53203387386766	0.796459783320614	2.78213978390262	1.05283605856406	-2.29539021198081
NaN	-1.0553874052805	4.66200570469232	3.73977010031797	2.3756992817314	0.449027121732014
NaN	-2.21619365448079	3.62792807893577	-2.46493398539415	0.321192972762504	-1.58556289011204
NaN	-0.197123810230512	1.78985144931376	-4.97051434144868	1.2972499965869	-1.72959058507337
NaN	0.331404535098546	3.06063577047681	-1.06591591713832	2.76365085059258	3.11532060802716
NaN	0.928296497495079	1.20096721748799	-0.833110726849636	0.139097414567471	-0.329024295483921
NaN	5.34619687446237	-2.31636649011247	-1.61738209698764	-3.71323070264703	0.123716640234311
NaN	-0.453185376482944	-2.63436584094274	-1.7879188554793	-2.96898241319067	-1.58069267938222
NaN	-2.26101597304615	-3.20114866227883	-2.2180776772729	-1.9944401781237	-3.29497158607673
NaN	0.459610891217942	-2.00580144706521	1.19133963117098	-0.867665791372432	-0.468620712148519
NaN	1.94384281901819	-0.792244213478777	2.15820832852511	1.50941969744122	2.75956164841036
NaN	-0.953255872094457	1.0010511870574	0.169306787837087	-0.956824808420654	0.386729315915889
NaN	4.58326758500127	0.49675902512387	1.9039230142183	0.450969661054229	0.21830218307204
NaN	2.87536728924466	1.7750318581742	-1.70879983569347	-1.32363626344153	1.67038267177768
NaN	-4.17526309121071	-0.35143825975383	-5.20119663401839	-0.490971847650908	-1.61602894663749
NaN	-0.91362198936624	-0.421144879484098	0.219516304988861	-2.23082835464473	-3.50177002082747
NaN	-1.3381526765719	1.91940713126742	-1.46237405936392	2.55114311254999	1.98825143058638
NaN	1.08410586574909	-0.336209296996321	-0.736657313084128	0.183316497862648	-2.67057036402349
NaN	4.06150626037784	1.97833688428578	0.186128412098491	-1.31613719586857	-1.27947658311847
NaN	-0.300242524350117	-1.79795619859503	0.66774730778053	-1.26087511320072	0.562092758876376
NaN	-1.36376531486132	-0.552863034653961	-0.0261299130597019	-0.695246155108906	-2.74544931731265
NaN	-2.78808542238427	1.03240183496884	-0.506713044469575	0.288508437983202	-1.41918101603339
NaN	-1.13224505402343	-0.534335058695659	1.92893745649347	1.73601017520192	0.318623196028109
NaN	-0.056152725947887	-0.25038350281644	-0.816723581304685	-0.693317959526427	-0.696158608452666
NaN	5.13911988730537	1.67074903038676	0.420341133563793	1.48079683947207	1.35247233440035
NaN	3.66268285973293	2.15918154209039	1.08019090017102	0.42474214575195	2.93063759022867
NaN	1.54769124268903	1.08073090279341	-0.197172600624263	-0.382079090243974	3.48985531868565
NaN	0.761508364327524	2.03962202017733	0.363181694922216	2.95329504542458	-0.577287682688717
NaN	-3.65646258311818	0.0808388204399413	0.522356931735297	-1.35406197659439	-1.04576452048342
NaN	-6.92308293862866	-1.69119622610178	-0.897056584880842	-1.86614477776475	-0.963380416291866
NaN	-0.0669883696724333	2.05117468546124	1.60011215845349	2.59376925641371	-0.818848472600157
NaN	-0.336373062645629	3.36495580259675	2.95272937257853	3.29551031546503	3.13893472079435
NaN	-1.13897279468248	1.74058866785678	3.81257337221531	3.08892564139939	1.52671090096808
NaN	0.897644832404701	-1.49561553991363	5.41819533192744	0.136248283692244	0.568324094919734
NaN	-2.20604521879813	-5.37631371406969	0.00901038984697377	-1.81382434007083	-0.654864005944709
NaN	-2.44927798900983	-5.39074467466272	0.69123180932488	-1.49304386531757	-0.896738894127554
NaN	-2.64420612669151	-1.97680566626709	1.22289683038702	2.44536586069291	0.915172213653176
NaN	-1.81253062188946	-1.93295083630099	1.73962252684573	-1.16732063006838	0.822642521472854
NaN	-0.568931449158265	-0.951229976480462	-3.45745059682899	-3.82440559625584	2.12173799374769
NaN	0.249103471672248	-1.99618253770152	-4.21074632757072	-2.39166499429778	2.38224412370337
NaN	-0.236664548356432	-0.25202743033895	-2.27837560676259	-1.48494145622026	0.610837832000312
NaN	1.94098890687587	-0.571363418747418	-1.13160721518476	1.00354451385865	-0.95148523767151
NaN	-0.590526075772968	-0.675969961670955	0.390307121818276	0.267864452997405	-0.658623231541438
NaN	2.06371584649137	0.689425571225364	0.92410197902106	1.22540153345235	-3.60042441936192
NaN	2.18620671449239	1.47826157020039	-3.52049588097923	-2.42478216980203	-5.03152768806889
NaN	4.80574126601305	6.05999618542228	-0.907110715495227	4.8780367825192	2.64264920799589
NaN	1.58967483600349	5.33047461292831	-0.684040746827753	5.04840649112528	1.16698807407119
NaN	3.69004347498098	-2.4646467211545	-1.45682108990492	0.47245264346874	2.88655187153123
NaN	1.04285689803495	-1.48265935366994	-1.40684149851554	-0.141885405322171	-0.0597121153955178
NaN	-2.66375562355211	-1.24087172208559	-0.26392275422864	-0.169622136654802	-4.25381576014978
NaN	-3.52341855906486	-1.09761824013821	-1.63620626989884	-1.50751939748084	0.341620261004251
NaN	-1.83487807087968	3.15922273118802	1.49370281883166	0.763157862682595	-2.01389833029177
NaN	1.0080152587149	3.96736738717727	0.862581656417659	-0.975537231699747	0.099612463405687
NaN	3.91979568620692	0.861999486148137	1.97805815881067	-1.61748978239034	-0.409814119267304
NaN	3.34471283600676	1.39883834367894	-0.207327394172925	-1.07895362015193	0.168646115091087
NaN	3.30634303819376	2.00444794175472	0.131764713068029	1.4831621637845	0.421958427894627
NaN	-0.31614624518694	-2.67936844806086	-1.65526880517071	-3.12648723419242	0.242876149419404
NaN	-3.01111721147053	-4.59254143487695	-2.62329208131968	-5.35639669217141	-3.3085364083179
NaN	-4.78490655193123	-4.572514947352	-0.382956133414472	-2.65583155902506	-2.39115517523126
NaN	-0.708201704277073	-0.0855102428424631	-0.272460921076076	-0.236072416493407	-0.794863102531821
NaN	-1.61687727382353	-1.95573486765114	2.75679541017351	0.0794432092710058	1.24024208461172
NaN	0.483332242003689	-1.31705329367802	-0.72399927026142	-0.00174617066774725	-0.309210506625914
NaN	1.60613088204038	-0.239430752582194	1.00593978960252	0.566986491628686	1.25659724425291
NaN	-0.762393518116193	-1.73396606207184	1.8231448479803	5.02374745276404	2.18306582761586
NaN	-0.832518254399065	-1.44266991401118	2.24004408656842	4.61990485915994	2.00217122027013
NaN	-1.37260470103385	-1.57299931796579	3.01264776403183	2.00543717318712	0.310077679044299
NaN	-2.53174592784695	-0.463537542464691	-2.08406866482341	-4.89945533070221	0.306963960822622
NaN	-1.00141936050926	1.39069426684572	0.214884695240837	-0.615592289015403	-0.869548814026246
NaN	0.997614773248859	4.69814855139023	0.846824770203025	1.17520300318075	1.31258141031159
NaN	-0.12490256857175	3.90525558721609	3.05143797372477	1.89977605395221	1.81303654492553
NaN	-1.55428275230956	-1.20502301326717	0.992262318087906	-2.43451846572522	1.65096103634512
NaN	-0.73976821339149	-3.29879369013015	1.73822892341222	2.56138971923774	1.20372089012568
NaN	4.45156586263359	-0.207857213542261	-0.535163260478539	1.90192575521434	2.94311440836653
NaN	4.00851603490621	2.1102305533836	0.637921476711993	-0.174174360955315	3.01397657883463
NaN	3.98477288902464	4.28586798752363	-0.159104161209137	0.299010015159333	1.99394104451282
NaN	3.59222342943654	2.2370783789104	-5.08292684205299	-1.97123550722113	-2.43041082411844
NaN	2.90262021470443	2.57578985655424	-2.14646456780547	0.963513455823233	1.28286973264388
NaN	2.53208290608183	-1.73835067914467	1.25904753070919	-1.71502420450033	1.50302948536494
NaN	-2.82795871411385	-3.57992479296352	0.219239688463833	-3.10719203133216	-1.6128047366473
NaN	-5.22736774723716	-2.67051124920543	1.57582948033434	0.37376206361303	-0.196259914088559
NaN	-2.50330934505941	-1.72879761278572	-0.994783261617121	1.14933333908167	2.58301905330556
NaN	-2.51534768563564	-0.211732327144948	-5.87591067506997	-3.96943063153456	-4.20278529618443
NaN	-2.79936427761857	-1.32800131043424	-4.49071391612355	-4.04538263746962	-5.26060799313349
NaN	-2.66624418935319	-1.77498722095529	-2.6241123022174	-0.952736790065161	-2.99911150053669
NaN	-0.505552754510299	5.02838874513935	-1.29348088933155	5.54018602945256	0.427480082888057
NaN	-1.86346936658033	2.79490874423735	0.296195204860451	3.88422204754713	0.0186336081435753
NaN	0.277499390255069	2.81215814672364	0.492096051942102	0.106105339219848	0.937700396020428
NaN	3.8222334812016	4.35803915290409	2.36410512344635	0.0582152603029691	0.610613635890639
NaN	4.27053041979736	-0.505347384579023	2.16546846278154	-1.18224203021653	0.650054035857188
NaN	3.65596509149807	-1.8215400092204	-0.348742677392187	0.350319248685666	-0.364911433953118
NaN	2.92396951563517	0.495257299913197	-1.62163088406521	-2.88236625055944	0.573120854174566
NaN	1.66822240507119	-2.76352627369469	0.327718895366898	-2.27941181248134	-2.2164016508741
NaN	-2.00065868898484	0.151261195661368	1.52259908996388	-2.33017677028838	-0.655098706395897
NaN	-5.8068455215746	-2.4229453674636	0.445520591664252	-2.80751688123082	-2.66235202388948
NaN	-4.50697058256706	-2.47752012094652	-0.898320802025996	-1.91986697558894	-2.40148007653261
NaN	-4.09336530489689	-0.383721077009228	1.41320129391145	1.89552123322048	-1.43804028468001
NaN	-3.95150488535702	-0.339507827854531	1.17310861386422	0.0298086271929171	-2.15095622942379
NaN	-1.94059001856443	-4.20169192723309	-1.62145069432163	2.38801617546213	-0.397713764395559
NaN	-1.83830644912152	-0.805075711087835	0.312738780042524	2.28896762310439	1.34929893384373
NaN	0.234218482163081	-1.39848849648712	3.00513155034317	4.74837056799706	4.12470674672135
NaN	-0.68037954291345	-1.22726725735314	2.70465922085062	4.49644504743661	1.2396333927377
NaN	-0.337652993284937	-0.121454279526435	-0.184712757025708	1.04445078286079	3.7355722436011
NaN	1.57534491350244	-0.528914560747065	-0.459175252084815	-5.38235869778083	4.49327666196921
NaN	4.07058505314804	1.77922215722034	-0.233005164485315	0.812581601697409	1.85993531902415
NaN	0.417071762432979	-0.27680445578458	-0.316459531833609	2.68466940007228	-1.5135777009534
NaN	-1.78456013480346	1.2218417927521	-1.63680522458342	-4.60024338416342	-2.78902925615295
NaN	1.64193427020846	4.73257218763629	1.79219189826388	-1.57973459883781	1.49372689691222
NaN	3.96138527470717	4.0560373328604	0.648199858216942	1.20008815488583	0.797145034692216
NaN	3.72228608497124	2.60840323396319	1.279587102973	0.230847351158347	0.94695059565155
NaN	3.63344648767612	0.166167935282652	0.0455080950463065	-0.45093813770163	-0.0622583162784569
NaN	2.17828051406144	-1.12730154279026	0.616718201990181	-0.845770216021946	1.78350350301968
NaN	-0.884666775116473	-0.392871264471835	0.384053974549563	-2.56562394331908	-0.959595482847864
NaN	-2.35670056971189	-2.20898734016058	1.80622734171133	-1.88103227503369	-0.106706039361707
NaN	-1.48489087027845	-0.154038873509877	1.61709554265702	2.30133012268861	2.0212750745182
NaN	-2.02682514264043	-0.27021728901486	-2.12290184428425	0.560054665589475	-2.46512456302997
NaN	-1.76725210962721	-0.985901186509024	-0.0283945763392618	1.69017816865125	-3.76642481552512
NaN	-0.258089801633658	-1.11410397751007	-0.647458544511001	6.2903637750694	-0.886529630385567
NaN	1.31155267300713	1.57027131096127	-0.165523195632342	4.56962853102278	-0.874393032724113
NaN	5.86051557180369	2.68268108258134	0.710836417966369	2.3628792305515	0.577067424260892
NaN	1.51291556851099	4.47993291574139	1.33644422292686	-0.119752154509483	2.97274994432567
NaN	-1.06614137830305	0.577939077432978	-0.555683081222396	-4.4724487195307	2.79146942727117
NaN	-2.70002313658275	-4.79797951482065	-2.14188060944544	-2.51263504112785	-4.11321514522255
NaN	0.24400009565831	-0.109523788119262	2.79204756264253	1.51139544530341	-2.10524865262942
NaN	1.17261508916706	-0.527440388831265	0.37245161156758	1.53775384709912	-0.500184850937952
NaN	-1.08374777795951	-1.25559748264792	-2.56026723254547	-1.81697593319402	-1.89720534833077
NaN	-0.845598644033614	0.442550345437011	-1.292709083338	-2.01814437704202	-0.974204499977654
NaN	0.0143849640129089	-0.187600043630195	0.158951134873759	-0.857340548624373	-2.0571777189315
