NaN	-0.00888604802188106	-2.50197119656366	-1.07249622650122	0.642601189816053	-2.08336261561435
NaN	-0.726930522524304	-0.89096750736003	-0.794093192781827	-1.55819457050464	-1.71501256023975
NaN	1.40097303756204	-0.0667240467972201	0.81377188149837	-1.46461137234541	-0.353914613221231
NaN	1.35541487439861	1.72844508045218	-0.218050658048549	0.827793543625249	1.79837581869991
NaN	-1.15484156710616	0.625522618938487	-2.69462708935929	-1.30025905851119	0.683897655529512
NaN	-1.62926261115953	0.500899426023433	2.24724767569461	-0.247256837644578	-1.45215998201948
NaN	-0.570136709503403	-0.025435506020336	-2.1560085453412	-0.861233557457595	1.17247560808731
NaN	0.0764662384454928	-0.374514310885834	2.85847211230427	1.02637420235899	3.87832077996822
NaN	-0.000716418481660488	-0.0756984548599722	4.30755931047784	1.31820367502746	-0.85854725082556
NaN	0.284546797442367	-0.281146346647891	-1.04600747860923	-1.11645733452537	-2.4081554440505
NaN	5.16017556904787	3.14157883155674	-0.175171586955503	1.97783163845042	2.26301216043237
NaN	2.74691005597297	4.66303810816736	1.68215601864985	3.70947609614795	2.27553878287282
NaN	-4.19473842575133	3.42794990575326	1.64291872561981	1.68768470924609	-0.433319706237357
NaN	-6.0307432450312	-1.53310366956117	0.922942119721811	-1.82163816477765	-2.23742737759771
NaN	0.400406950501986	-5.83797059494217	-0.333783291216422	-1.21576765218456	-0.922058377146755
NaN	1.60162629447593	0.216687438337477	0.679690904992924	1.23510009037634	1.55446865898942
NaN	-0.744665849387917	0.677868870857638	-1.70895850331068	-1.00268969387947	-1.67712867557541
NaN	-2.02820172006302	-2.86349482631917	1.30657273843134	-1.1478554357989	-0.922633072422921
NaN	0.426080149312699	-2.38015492197913	-3.31882158537553	-0.396757556543961	-0.736387510692345
NaN	0.251232796078981	-1.6066786608588	-2.58979080371061	-1.34284391193506	-2.1801378192474
NaN	0.584850565153544	-0.165926468852445	-2.20402633739796	2.41883356829907	0.717384125506321
NaN	1.82072878603296	0.0164349172472505	-1.44795569823842	-0.849023322049143	1.07913316306003
NaN	4.70965654066724	-0.597654920336412	-3.00250815174389	0.379033241974025	0.208033225250773
NaN	3.63852534310322	1.2948275333979	2.85916076440792	1.71217962218685	0.754065669827337
NaN	-2.68753025395399	-1.04493392522278	-0.600899711931656	-3.76720399539743	2.78755689475599
NaN	-4.34994657825284	-1.11344699191891	-3.70725255951231	-1.97297310939857	2.86453072927286
NaN	-1.23442893827018	-0.771628416501385	-1.32070461712634	-1.56940035916973	0.700196158958879
NaN	3.30409976154067	1.78265223211642	-1.16268361741437	1.17841842517216	-0.406121412335179
NaN	4.9254712974761	3.13594687565152	0.670743148553122	3.13103828245979	0.110250354470527
NaN	1.57153684256245	3.83508373695411	0.430668285288547	-0.171565514825201	0.294167437658487
NaN	-1.44824943531269	-0.399824415631461	-0.683241159900175	-0.744665160385536	-2.3300843830302
NaN	-1.44943921368217	-0.49969955416748	-0.512277235325046	1.21572742676037	-2.18152725375495
NaN	-1.88521908552571	-0.572264278103824	-0.255741295781466	0.164101057276822	-3.55870050936289
NaN	3.31933510787407	3.90854456574389	0.557450559105815	2.91738489134699	1.49807533735193
NaN	-1.7682257424025	1.64031808678543	3.01404789236217	-1.43540506778682	1.06678306052831
NaN	-7.1416650689385	-1.52053657789663	1.30328110563407	-1.89799879719506	1.85982248813267
NaN	-3.74558802243879	2.31202402507893	2.38078884697685	0.764944014954631	0.193276829032187
NaN	-0.64151643994965	-3.10396503699184	1.89239248880802	3.30520467370211	-1.47647481209241
NaN	-0.811632177271454	-3.95284178685179	2.00299871035051	0.595567680540235	-3.34973258023084
NaN	-1.45487990557088	-4.05292424418968	-0.734640826691986	-1.91260449266397	-2.58541989076256
NaN	-0.685304185548851	-1.49838668059469	3.62558771852895	0.230381092818526	-0.634462506772765
NaN	-0.0940264805744586	0.743824404629013	0.684404557631408	0.133333921432051	-0.764930764855683
NaN	-1.49602670415995	-1.04497503469385	-1.7897548534975	2.2356796343224	3.94542069887334
NaN	1.27622082695843	-1.70842921194157	-1.20667071407102	1.45290600081579	4.17557236968619
NaN	-0.906786299708667	-0.586158176513932	-1.03589421771296	-2.95438840455761	0.687275089251502
NaN	2.09402201503577	-1.09718025204319e-05	-1.79145733592821	-4.31890771946399	0.99181846120008
NaN	0.508244240755804	-0.0885643329438703	-1.05550158791934	-1.54681633584713	0.67720794750866
NaN	1.36857689632398	4.25393803959774	-0.862233357377489	4.65406947855108	-3.06717017115442
NaN	1.2381403427988	7.20220674893127	2.38397063371547	1.59210828362365	-2.95752329436413
NaN	1.6146537464755	2.20349049448944	0.103239161311536	-3.11338691750312	-1.06873555214177
NaN	1.28853839220848	-3.39428876487342	-0.357590446649692	-0.636569199216043	-3.74168221966181
NaN	6.51969574235394	2.45342006735761	-0.69438629701497	3.03969871512139	0.485597641026141
NaN	0.285102872429516	-0.219232269510284	0.966705555709745	0.908258529686336	2.43639558138115
NaN	-4.59329526009421	-0.148957221921216	0.0978599384338597	0.554136873124675	2.83355046555795
NaN	-0.674804432433973	3.89232369130689	4.66624693800469	0.18386983776454	0.325877350656319
NaN	3.31331141138957	0.924399403341566	1.02537205844395	1.55431133221369	1.16512774069876
NaN	-0.823593567499579	-6.79828527903476	-1.34528502413291	-6.86483363441357	-2.65781388895979
NaN	-0.654422853941845	-3.1757911595419	-2.69168447552512	0.018321166871143	-2.93151783404651
NaN	0.927273613897647	0.889870042792253	-0.861757733670432	0.447963496583792	-2.26526653124136
NaN	2.55285309675682	0.564875852632021	-0.722091039178524	-1.26042426557017	0.60677492071075
NaN	5.86122924185551	2.03154127146123	0.0515392516885454	-2.18826465080643	1.32597905194177
NaN	1.97184981308359	1.39086873026411	2.80301099320734	-1.49220029052823	5.34670072259989
NaN	1.44358495717768	-1.49042235437688	1.91462840721958	0.509928589388341	1.83809168785979
NaN	2.79095422838809	-1.18406870273425	-0.556008527951884	-1.64633661745717	-0.932790437126747
NaN	-0.783298432652494	-0.335317647333383	-5.10463575565267	-0.5663782346886	-2.87991922812039
NaN	-1.13300596590295	0.533724249088754	0.0530680191868643	0.718057675633517	-2.46448726462112
NaN	-0.859774259856271	1.9293502375296	1.66706218154572	-1.4993052496478	-0.333859515158089
NaN	-6.3131122842172	-2.30645586302651	-1.33103524576513	2.04743940696608	-0.937736604933944
NaN	-5.7861622988461	-4.70583365110633	1.01210868994669	-0.983266094499071	0.157601245821226
NaN	-3.16854789511618	-0.779733006212449	3.61425107465228	-1.05853887218408	1.06532064359448
NaN	0.269114302000905	-0.445549672150381	2.36023763809356	2.32584892942344	0.771368294676266
NaN	-0.224654801329154	-2.16243393170709	0.663704354001808	-0.36890878433048	-0.0484239031539043
NaN	-2.77066644408538	-2.08813604740113	1.0434901955466	-0.33806989915122	0.479535983018003
NaN	-1.47318551742041	2.74562692549092	1.24429328780828	1.65877723116997	0.635184950872056
NaN	-2.00846191790206	3.77101022565457	1.50667196331556	2.1626286617617	1.67163896877933
NaN	-0.589589654062194	-1.56974340958877	-2.52091402013015	-1.24351168279197	-2.41795565918839
NaN	-0.0817443147673453	-6.55062967790621	-6.75772104692936	-1.88981915649294	-1.73678673355849
NaN	1.19481397680833	0.184591815646825	-3.77165757114881	-2.64352693749493	0.738648458075457
NaN	0.625860984444041	2.76486005624759	-2.54149161497308	-0.388127191102791	-2.61513671170179
NaN	-1.59622967310811	-0.874836591288471	0.216249037747997	2.43765056724716	-1.14180157101536
NaN	0.162984360838199	0.498808352573563	-1.86479435615714	3.00765215062239	0.79188681322877
NaN	1.32112140454202	1.502267806345	-2.76228277968607	1.9395855738552	2.02164852904145
NaN	1.0011211715823	-0.919175014405423	-1.40128493152115	-2.62101895056204	1.19269123292176
NaN	0.087765805003809	0.511323969542366	-0.395713566003403	-0.993160756506907	-2.2298602440411
NaN	2.40688514234196	0.346069037619701	2.22844682271299	1.49066682878657	-0.908106349451065
NaN	0.46041618677982	1.25059392610311	-0.875566472463124	-1.65769104115541	-0.934788835215042
NaN	2.93137019415621	0.331002673001508	-2.24384638400278	-0.0586430102807644	-1.60954072877882
NaN	-0.978171538306426	-0.345044990234797	-1.60728312511114	0.53992397457389	0.20268046294396
NaN	-1.6943542753611	1.00331614600492	-1.9665612219904	4.77889681285115	1.55097236402049
NaN	1.94970488137513	2.53794314831651	-1.00989197277821	2.36095832070691	6.19116400994946
NaN	-1.15011998050754	1.67372697704965	3.79656590728206	0.216211313973256	6.18224763779737
NaN	-0.361631355863286	1.47456638833396	2.08631363748075	-0.685856235908611	1.3129829205546
NaN	2.11281478714276	0.171887511771108	-3.21636345403512	0.343623003995927	-0.103851542130023
NaN	-0.431874821692037	-1.3107405639166	-0.924199734252185	0.410943038843117	-0.745938888828382
NaN	2.89450928107659	3.02214046787533	1.15359160696873	-1.30161721420385	1.73144415140998
NaN	4.70657537856252	1.38558884704885	2.36758704255694	-0.322596098839176	0.88291785331893
NaN	3.43990398818963	4.96100339227235	1.12098395493588	-0.36371366743815	-1.8329323922283
NaN	-4.08676259505667	-3.02878726066986	3.44680366877985	4.33866384033228	-2.01596150480228
NaN	-4.19575169475994	-0.355390681650407	0.933345645990387	-0.985650016791844	-0.561305544619062
NaN	-0.220830008252056	2.87891191871914	0.993957031865253	1.83648669687161	2.20115389290569
NaN	-1.63478689215704	5.23014798713416	1.16302615951941	1.87078832901816	1.75786412006675
NaN	-2.83350620517615	-1.51069971944446	1.00212320691579	-4.24779610559907	-3.48059964304861
NaN	-1.01515790668978	-5.13976148767878	-1.42488976991516	-3.58773205175722	-5.42884042000639
NaN	-0.0066918406378218	-3.49144397456721	-1.51968088836155	-2.28185641984167	-1.15393048509584
NaN	-1.55587171344009	0.513880137005889	1.5232646555527	2.46629674206368	-1.24538047615281
NaN	0.475275681523175	1.31976917271674	4.06790013542676	4.89304859839081	2.12780494089811
NaN	4.60621454269625	-1.09303770248293	3.83784317560088	-0.832983994703149	2.44290284099149
NaN	1.42409261996411	1.20080492643413	1.78495351677096	0.904633098160629	-0.460187687627216
NaN	4.20561263010853	1.14342075920812	2.3891621506971	3.44529351200387	2.72637107437571
NaN	4.44272513348635	-0.820656866659858	-1.79125569774983	1.66861347903985	1.08622551984011
NaN	-1.92855892128488	-2.63014423732236	-4.6920203095899	-2.28084232634956	-0.219414914857593
NaN	2.23777825720723	-0.703796717979403	-0.705927316538774	-3.77097372560998	-1.56162977394382
NaN	-3.40374640087201	-1.95380476010455	-0.797267106514276	-1.50438089356679	-3.67378855411935
NaN	-7.50418127296194	-2.16904962102951	-0.179841538687559	-1.16951102891948	-2.89022722204843
NaN	-3.26838992135139	-2.01147211863475	-1.61554393335025	-2.54791811327253	-5.22849814551413
NaN	-1.14576882435802	1.9406997747055	-0.334087605127095	-1.1592915274606	-1.40233314416237
NaN	-1.46577345118162	1.750279645698	0.114971167166905	-2.69193345836996	0.220563735098081
NaN	-0.390853192480552	-4.47513738621246	-3.00678370540697	-2.6828135194241	0.0190980646818948
NaN	-1.88697919999178	-3.79489502134623	-2.97197080166216	-2.08888296968547	-2.505170804412
NaN	0.316879883465077	0.236138210343874	-0.521391957069486	-0.790575415601852	-3.29031065529898
NaN	-0.399407433878016	-1.87062393337339	1.38775026942541	2.7852265643537	0.0784600683721028
NaN	5.53744248639027	2.41995893247534	1.37307691642977	1.57779240652808	3.16310069916559
NaN	1.14638674607811	0.842029587441649	-1.9671019836086	-3.23418699077109	1.46037695651486
NaN	-2.43364293703181	-0.567504578030751	-2.52719722899903	-0.996219155043631	3.10088469044334
NaN	-1.40963506121636	1.22387359491	1.13899843213509	0.0774332761271062	1.14533784927797
NaN	1.54975932576692	5.1930644300925	2.00717849649778	2.51230211930824	2.11002255991836
NaN	0.79081773629179	1.81144791137955	6.7542449310379	2.96638711906714	1.77185422537864
NaN	0.284902674967082	-2.30108637962601	0.545730741887591	-0.75727760453027	-0.642542180841361
NaN	0.567320545476803	-3.21913197634072	-2.12876480253685	3.66626097186071	-1.19856774837458
NaN	-0.397550354391666	-0.718585713068625	-0.686602325469136	-1.17602332002487	0.0161186157628784
NaN	0.0158101353243213	-1.37539374705419	1.2510238097171	-0.97730283590236	2.39225843647716
NaN	-0.36087601769042	-1.71539876475884	-2.1992823702928	-2.8600727493256	-0.786637400929577
NaN	-0.433723593391218	2.13762055358721	-0.695575588467803	3.74768897388356	-1.02651530176533
NaN	3.9423276764703	2.56264061560037	2.26224548075681	0.364532038110782	-0.805584064443455
NaN	1.25318186938001	-3.7661903597919	1.38209433022138	4.31439641294008	1.52466336966213
NaN	-3.19357398716037	1.69277739928782	3.64187160916975	3.28244333593463	1.35802540937438
NaN	2.40514652864008	1.85654542814908	-0.143305408343743	2.04585196286306	1.91224348597968
NaN	1.77882160870223	3.39591454786678	-2.10816077262386	0.083617008509799	0.273530425441028
NaN	0.368236939830178	-3.98465830450942	-2.61108542075186	-3.4875233749442	-2.80190778729858
NaN	1.2976023472321	0.272991216778455	-0.86439338159107	0.0662404683808807	0.213461292217861
NaN	0.157668777602883	3.35986292023082	-0.961853339559001	0.264167943164727	-0.114880313022773
NaN	0.20652458403077	-0.676762011570433	-0.202338643657482	-1.87995147151904	-0.273211566764201
NaN	0.695934108937323	-2.82507117848861	-0.390996142930399	2.60166074918398	-0.976047344210625
NaN	-1.89387827577459	1.62956507975762	2.69963130179945	2.19958367058332	1.32071866049006
NaN	1.15121193579267	3.23295293514785	-0.549914922185052	-2.17484777613361	-0.656095858337065
NaN	-0.941588624120763	0.0110326431328572	-2.50755286942956	-4.64139358325397	0.410653253384857
NaN	2.20616368848739	-5.30041578281151	-1.81827129595625	-2.37585613530077	0.683545874567883
NaN	-0.994354508508607	-2.13138577609789	-1.54429293140508	-0.085734113252055	-2.1514355170049
NaN	-2.58332028943172	0.355314431362114	0.338122213877388	-0.191465187824772	0.332948456992244
NaN	0.891752289838053	0.657549986355864	2.15898989632447	-1.71724528849078	2.11296028665464
NaN	-0.538262322098297	0.734242899442085	-1.01977966473558	0.267008781989186	1.04840433678735
NaN	1.64401537918247	2.68779491174745	-4.18977234585131	-2.64927744778293	-0.82613644186554
NaN	0.875167657625204	-2.83311128194117	0.416213046417824	-0.0373826224580951	-1.72324593351298
NaN	0.743494540976234	0.413144956884069	3.0315419038046	1.77390766523475	0.310179536667945
NaN	-1.24970935798413	0.037394428327994	0.328533529643856	-0.850619069222619	-0.390252511522904
NaN	-2.43517122484715	-1.47591637758162	-2.01381295487616	-2.31948751053823	-0.494046233733333
NaN	-0.207630125296274	3.65539331551924	-2.55446708046588	1.62953817165647	-3.38891642295125
NaN	2.78284113314491	2.6489009233767	0.591931620379169	4.66225668774279	-0.553737294869282
NaN	5.18935536091086	-0.110784952866838	-1.09611962524782	-1.99759928975698	2.47193762292215
NaN	-4.04173548596363	-0.939709467005515	-0.512607113108163	-3.1522549713728	3.96556225756094
NaN	2.27725610894598	1.4890749029407	-0.19216978966217	-0.167766710280587	0.557230177003073
NaN	-2.17279336262864	-0.0820143854807191	0.463767639637083	1.23408517466626	-1.41421834385121
NaN	-6.01054161251882	-4.40384167696184	2.00949331813953	0.56774833054694	-1.50285958637977
NaN	-2.61373186058987	-1.33121600625346	-0.767426866638262	0.658272847133893	0.217380612820241
NaN	-1.94796165766402	-0.454175025563742	-2.8713810476894	-2.1776061728376	0.04939798017631
NaN	1.28987268240622	3.25355724664323	-0.435122491692131	1.73578161575331	-2.03405652459218
NaN	0.350284302410773	5.22990192058593	2.40128249621228	2.1259143016637	-3.8725402042208
NaN	-0.662161977804096	0.288641434463681	1.4996522560219	2.42967904296609	-2.91238575621214
NaN	4.47878657774975	-1.91920017843841	1.879873285001	1.79147599490032	-0.314207911500773
NaN	3.71608116027143	3.26160017239585	0.733211432958989	-0.25311918152049	3.04467812748443
NaN	-1.69817964044943	-0.52608932130575	1.53693576578706	-0.943756447738537	-1.11829450309337
NaN	-4.46819031144882	-1.85886295744442	3.4477367681764	0.832585404980468	-1.57615209805505
NaN	3.9838081292999	1.1003039838711	0.173908059441738	-0.238765067606408	1.64649028428152
NaN	1.75714865544968	3.03645659273803	0.215451952995445	-1.50547611638064	0.891918101962851
NaN	-6.44953321049939	-0.665662970485855	-2.36251445151854	-2.06518067281763	-0.845127228850507
NaN	-3.04257224432282	-5.58871841858049	-1.3876323861187	-0.668462092696701	0.980246359896707
NaN	-1.90466474523605	0.563904342718796	-3.25101661753227	0.875949205538712	-2.39418221702092
NaN	-0.821633218919763	0.35424305671196	-0.333993500263253	-0.707857991961333	0.172171720298695
NaN	-0.594154147775578	3.55266084022107	3.93637242222353	2.71738045040858	3.32866899027563
NaN	-0.00287944147226821	-1.06718411285865	-0.270501494493277	0.543295033251884	-1.21487669352868
NaN	0.666153374376305	-2.59516599622564	-2.48524837516242	5.14338314965722	-0.172206105196311
NaN	2.55729155164169	3.57800033215	0.322827090106209	0.629226384517241	4.93259863614993
NaN	2.29823946566877	1.11374193125907	-0.128740452327569	-4.68755463064139	-0.0212071618878703
NaN	0.75084644786785	-3.31882895781323	0.132985409954705	-2.74569179656257	-0.419997027528961
NaN	-0.0302778450677034	0.296839932881408	-0.164910626293077	1.85162451183244	-0.249367342131983
NaN	1.29442888523335	0.849882294817005	2.78667661526377	0.595304812801544	-0.738275024377832
NaN	0.233928917315286	-2.4731340870482	-2.03500434781713	-0.574835687664206	-0.0397979721867088
NaN	0.803013924128124	-2.29149170105081	2.34155889818215	-1.12527377249807	-0.519144866121592
NaN	-1.42595971149242	-0.704932487810667	-0.520255392480005	-1.54838790985786	-0.85947024112146
NaN	0.0406968596552701	-0.789921726459871	-0.948074351666717	-0.651940034254393	-2.57863634387195
NaN	0.24917052517191	-1.74495289420669	-0.234576394866506	-0.718216009408036	-0.628587581639466
NaN	0.104859901990611	-0.909275250177338	1.5843309216768	1.09640671342648	1.83039051321861
NaN	-0.0977341940975019	-1.53595904161981	2.82560510271758	0.980604145184713	1.59686098494914
NaN	-1.51723760768872	-0.604013893087398	0.126559410501789	3.21782346127247	1.74101157017852
NaN	0.444412884518475	0.445991537174314	3.4041763721336	2.45541761626375	2.77154284558219
NaN	0.0151962836241223	0.868693971488711	1.32399131263891	-1.07573986556115	1.44667354594655
NaN	1.3053370470103	0.920075856134145	1.41193478548609	0.206176280021599	0.289661950262052
NaN	-0.535839939969469	0.404375470738276	-0.135762511021114	-0.919170545715591	1.06960363121565
NaN	1.66748990093066	0.384599433362139	-3.45590050515328	-3.9786465314833	1.2341356106923
NaN	-0.578013138939065	3.72256152829811	0.684525204341479	1.57900780696977	1.44367146080712
