NaN	-0.113375301551335	1.39211038711563	0.967950656418485	0.0110518189429592	-0.00413881666951627
NaN	-2.12544815365851	-1.62037635948016	0.759884220041269	0.224122422924424	0.33545977561002
NaN	-1.30261300424439	-0.407213484641795	-3.18231835872744	-3.33285815770309	-0.65515974246473
NaN	1.27504758544507	-1.98791739992628	-2.99014731859911	-1.49700021201608	-4.28708614989744
NaN	-0.105567484574965	0.0151356407462038	-0.517918061655108	-1.14867780165112	-1.81504937038735
NaN	1.53839571509699	0.24049012505606	-0.0412109023721694	1.78385392596453	0.389107280879017
NaN	6.78155811323922	3.49752974891897	1.96466159342974	2.25535638382464	2.72748393278725
NaN	3.99468673932303	1.37221318255829	2.12574596673085	2.12466949163172	0.740602620470761
NaN	1.56455300747057	2.64831160729461	-1.50683976764995	-0.554061561791575	0.564372650074644
NaN	-0.563119512194898	-2.47545881634679	0.346856058071797	-0.335354056334584	2.41899581786057
NaN	-6.74058621947353	-2.91554546182444	-3.18298053741951	-2.2940541748485	2.49391146360287
NaN	-4.11971569544915	-0.828073301636444	-0.174173392912454	-0.0950355017528135	2.84645552168148
NaN	-1.89363567503813	-2.43792380959753	1.40140078335284	0.105862860285211	0.777907746463346
NaN	-1.88721741447562	-0.967556521722509	2.91914017746415	5.66829445215835	-0.812066603736024
NaN	-0.810012104700543	0.174313169238034	2.85592408340269	1.39070904136911	-1.76416329169157
NaN	-1.49533993752559	1.50673671139592	0.459176796418424	-1.70783394423406	-2.66123748770422
NaN	-1.58096415273128	2.0220825896496	-0.962238487043553	-1.22567031066655	-0.46191521119102
NaN	-1.39550962544942	-1.51106339402183	2.04870523677216	1.94878821604678	-1.46444891656082
NaN	-0.144756038373948	-1.5434103786287	4.74787728732348	3.43306387927145	1.28260263547476
NaN	-0.169826051668748	0.381215960791405	3.31487114980364	2.17418202308637	4.39463917950705
NaN	2.33840764591882	1.36744551091804	2.19621790532567	1.16513531973406	2.15787554685177
NaN	2.02355644735197	1.94059638853728	1.99979672998819	-0.96541552382834	3.48319830705284
NaN	0.687209568163693	0.76748987186813	1.37774568954875	-1.72807909014167	-1.85801570078483
NaN	0.247219018279615	-0.79828815375502	-4.75484183006418	-3.77496543683197	-2.44898407949424
NaN	2.64384997405617	2.0620775113099	-4.43152834963589	-1.59511054316177	3.69185488885036
NaN	2.21516016975984	-0.862623200013303	-2.99211437741665	-0.939607133675626	-0.634005020216788
NaN	-0.764208243931996	-0.508288924332331	-3.69943605322031	1.07250754850168	-7.31984011385507
NaN	-0.410178174971773	-1.41957302015974	-3.98566244353792	-2.98910046477067	-2.59761996253069
NaN	0.526314731268806	-0.907316669698703	-2.07548952241235	-2.7514087245556	-1.55881580096299
NaN	1.36346974278537	0.158770392490558	-1.39817934799158	0.80235896941527	-4.86110714974828
NaN	1.01501902423964	0.257300363514726	0.969199552768948	1.89748406202764	1.77431311319773
NaN	-0.213082206738099	-0.963733761048207	4.61250693594402	0.968241968834792	0.892196175149327
NaN	-1.29576480288068	1.32919596059823	2.72531047324419	4.24753650281039	-1.15652528436119
NaN	0.0933633804743192	-1.4798136333204	1.47422897792626	1.67669451041937	-0.658616076363644
NaN	1.02327097721941	0.473374021167271	0.789909353626302	-1.19907898159733	-1.003211619064
NaN	-1.40267992469588	0.384774863209631	-2.99237563282317	-3.32754233446087	-2.42347042518885
NaN	1.2176102942149	-0.119111584294512	-4.02639504204908	-3.10059602201542	2.681317851022
NaN	-0.416215231947376	0.627745353547174	-3.99633638117206	-0.580018447986338	3.71300989311307
NaN	-0.283630097750313	3.72765308304652	0.555635461701355	1.65347243341364	-0.558605585341393
NaN	4.75031437639857	2.0528840366097	-0.665079227475446	3.27296775519715	0.997382067810673
NaN	1.17973507016279	2.24307386557518	-0.613996195777488	1.80183719927162	-0.673539179277402
NaN	-2.64671974357822	0.8734536986125	2.36032883568312	-1.83959385988388	-2.74977039988501
NaN	4.31688898567106	-0.565023246263685	-0.805413166202945	-0.288298848254856	2.7529781083244
NaN	-1.92552199532937	1.32505246493273	3.81409426480055	1.79848101098746	5.25461887001404
NaN	-2.86028868266904	-1.48668497470234	0.265888341718759	-2.25075161237457	3.26221176845947
NaN	-1.07575829788629	-3.07456423824003	4.80146024965169	1.85781833123569	2.22623739671221
NaN	-1.55252466363916	1.58458343976913	3.7852281636539	2.61383737309686	1.09506081661704
NaN	3.49372549571923	-0.555860562242754	0.955668042025381	-0.54579141999866	2.33149575828106
NaN	0.13549448425627	-2.71967418053229	-5.35655329007639	-3.22717623230992	-1.80008728888378
NaN	-4.10848867715203	-3.3529680310837	-3.68107799622824	-0.107290260620962	-3.59323266839622
NaN	-2.65629170539465	-0.196496839342604	3.730929050369	-0.051160722094122	-1.00383731763372
NaN	3.64472214865702	1.21994697257675	-1.81596045688491	-3.4763223805029	0.194817652437933
NaN	-0.314077940633377	-2.93988676261841	-3.11243735585396	-1.96089259401493	-0.33548202992048
NaN	-2.93367851156871	-2.20417718150236	-2.29607866047916	-2.25343021913876	0.662639588864701
NaN	0.0281170753477251	-1.63476935729596	-2.86767035482489	-1.40026306287794	-2.13705504900344
NaN	-1.59673397618752	-0.0179714164916884	3.19100126304063	0.862339276867547	-4.77413898562705
NaN	-0.136717732187297	-0.618987687002917	4.82964652352113	1.32939908971354	-1.20337162524095
NaN	-1.36419725989229	-0.222285367171762	0.179731528657633	-1.61648021159546	-1.98689741232034
NaN	-2.50446173120147	2.36995311769381	-2.01224263386291	2.67171000871417	-0.510402244115388
NaN	0.355324010226125	1.97475066366039	4.45393286096349	-0.619635399834874	1.64073430491714
NaN	1.6654752206378	-1.96526129010739	1.32133834716524	1.59821025303215	0.49805135299833
NaN	1.15527586386924	-0.122252729667508	-2.57868895787344	1.18455023488006	0.403632378222909
NaN	-2.04136384806361	-1.16781287552128	-4.81784285754762	-3.50510384965667	-3.72155817751068
NaN	-0.285427493604717	-0.642522094368264	-0.670432868707408	-3.69973290830947	-1.15977317975172
NaN	-0.262632653911144	2.13116883009469	1.71345997566267	2.33934331687201	0.107492942932362
NaN	0.0918811009682413	-2.55611383303587	2.01466128107813	1.4495957218707	-0.138359082819177
NaN	0.0360741132269482	-0.54881401848385	-0.904443655549494	-0.912277774541683	1.0252021426186
NaN	1.96872416145523	1.77501463618762	-0.988958304107569	-0.934742179002487	-0.335002738295716
NaN	0.284984011364822	-0.643325487822204	-0.0295635199802895	0.147450360254856	4.02460109038879
NaN	-2.64358287908407	-0.217068244952398	-2.55931285231863	0.190154346813572	1.18074327666872
NaN	1.25322930970782	-0.406898227417914	0.608647806598545	1.05631591527395	-1.6610031965958
NaN	0.61769728034035	-0.91647449163607	4.40989626920585	1.7710273840474	1.34520432396438
NaN	-0.263170288954627	1.25412468484422	2.00402962062807	3.06413620035417	0.0364791817745085
NaN	-0.585640162633945	-0.392678906683732	-3.27669874918454	1.11738254512098	-1.34908649627583
NaN	2.25487966862965	1.96820281736478	2.81675346605723	1.69774214417947	4.53649345370752
NaN	6.30487996803287	6.4297016451431	4.16533572049401	3.1719990497251	4.58044924772927
NaN	3.70061831580373	4.48746519150585	1.72256308329039	3.41587614169325	2.33199835918744
NaN	-0.573980301273282	1.35057269104198	-0.579298227042765	0.750869001859592	-1.91610056959619
NaN	-2.54465536374257	-3.38174437135776	-2.276633650847	-3.1142730031063	-1.93693780327059
NaN	-0.576139159083141	-0.67241824374598	-1.81933011719894	-1.55263296220133	-1.77134244330613
NaN	3.67454393661064	0.563348770411894	0.906507811676124	0.147235801408902	3.79638935771556
NaN	3.69843893090706	0.954116435382834	2.88194962442893	2.47355999295887	6.00776115401089
NaN	-1.38961836449015	-2.7832360395065	-1.89809578690448	0.646989192037367	-0.392492732177238
NaN	-6.27112179353338	-2.37475810840005	-3.49112736148674	-1.62311400135161	-4.93814521236983
NaN	-2.91534350269197	-2.14179233299478	3.53799297802378	0.94998793917669	2.45494774021305
NaN	-1.6415008928914	0.959959526303714	2.48236024282233	1.26775268909723	0.411644453945392
NaN	3.39407892302172	2.97091764443229	3.36104035687522	3.18459698877247	0.279028671925932
NaN	0.774534530162785	4.75564677239113	3.79202714683163	3.93705206700496	2.01076653052631
NaN	-4.62891452646416	-2.07184586332914	-0.919014835871692	-0.347695222754636	0.897842701132022
NaN	-0.730311102021781	-3.73329185814182	-0.262002658721561	0.0804686938467016	-2.84599021749938
NaN	-1.12473006891205	-3.37287521097455	-3.51239290005842	1.60919752674045	-0.765910248054843
NaN	-1.3453005346891	-1.39517694551928	-6.78162448690085	-1.52900704140918	-1.83119955073441
NaN	0.671460263284115	1.17301633956985	-4.30968493550194	-2.18509737464823	1.32568249107988
NaN	-1.51714720301581	-0.336920922078906	-2.37570433843758	0.232527877749276	-2.85058049367294
NaN	0.612303120470609	-1.29420334535021	-3.69629585322061	1.13671726492001	-3.84220193014297
NaN	0.223422114453167	-1.47269593871571	-1.89651886551939	-7.86247152428406	-1.98893858909533
NaN	0.581826028644718	0.750254931392878	5.12635762007306	-3.36137309934769	1.41111688698774
NaN	-0.826606768566562	-1.20580415727365	0.593384976052565	0.485275281671537	0.189549214580446
NaN	2.47675645219253	2.19355324455979	-0.798669265103291	-3.12450708973998	-1.03800531518626
NaN	1.17010136198071	0.167674583443576	-3.79540621999732	-3.27658735062508	-1.63198524791389
NaN	-1.80196098009662	-0.368372872124703	2.46996067456619	-0.331032686535339	0.0146074008738996
NaN	0.907276272508641	1.37969380895994	2.20272773255455	0.317436543550567	-0.577887603336955
NaN	1.55076959125305	2.03494652507442	-1.61830031316105	-2.51635072393763	-4.29588132230245
NaN	-0.846973871701658	-1.05713382754899	-3.19226706746392	-2.83839789021574	3.09407880057237
NaN	0.111535090556937	-0.462871124979993	3.43902128227023	0.276578908449478	3.71709027966749
NaN	-0.459894269616592	0.124678646266117	1.49879416318908	0.668697730990536	-3.3947585603706
NaN	-0.414111065889643	0.253114446361833	-2.31302958455168	-1.73291840846399	-5.11772396273591
NaN	0.150446637225495	-0.152233372023449	-1.5921384644052	-1.25060551810612	0.507385810527886
NaN	0.668250385230622	-0.2654465672509	-0.170359320802276	2.91173689994076	2.3841344586833
NaN	0.0138494532840544	1.25517691319281	4.42210533732319	3.10037334445812	2.88169013918561
NaN	4.11177495436285	2.77362150871111	4.80930990214634	3.2192643357543	4.55667510452688
NaN	1.12834289311795	0.517208365016	3.96387875044615	-0.589455336630124	-0.979778322975088
NaN	-1.80679766826123	-1.77378571771583	2.65292836987021	2.4522467630339	0.786704485065987
NaN	3.08430868685385	2.69776159317784	0.862060866000438	0.864976638778443	2.14597369754977
NaN	1.02060451546949	2.50218047907701	3.19033662129673	1.7550228379615	-0.182713368162703
NaN	-0.90151162659004	-2.38814233400354	-2.24548505033087	-1.87086805611519	-1.5446843302215
NaN	0.671212008691315	1.22422909681917	-2.78425027823901	0.0896046922870016	1.61618636652354
NaN	-1.87654934983398	3.28672140160999	2.64369465103981	2.65040170097055	2.84213723917588
NaN	-0.317484869975674	2.63662470926027	6.06911848501245	3.3260002414447	1.77955478097143
NaN	-1.26140219848041	-3.0646726577314	-0.0694203214370428	-0.243650549472557	0.484505072727095
NaN	3.26035627910867	0.395537756633044	-0.753599524576487	1.91913813524544	1.86217865302044
NaN	1.05555169720286	-2.16173308850945	0.500264916683092	-0.0640656874957064	-1.49940554050898
NaN	-3.78915643820013	-3.77271186400778	-3.87208303435145	-2.76538506107084	-4.00135218936634
NaN	-4.74958912956812	-1.80630848452469	-7.80084097897601	-4.21875391021281	-6.24704444375729
NaN	-0.629530862799645	-2.33109298516505	-6.60474865917021	0.163860315853757	-1.12112873718656
NaN	-1.33775210295002	0.0629985086306934	-0.579301926700492	-0.233659829053336	0.264660466864429
NaN	0.124330373512988	-2.31700203740994	-3.41258493300526	-3.38451352307675	1.78352218744637
NaN	-3.26227903745241	-3.17907029339754	-2.98101582231038	-0.951171330124188	-0.496055376420923
NaN	-1.34557406635049	0.920244265113076	0.096575296884837	0.893710406769595	2.61703686691649
NaN	-0.192942354974025	-0.339167680268936	0.64166861774906	0.327098051594455	1.74109417192068
NaN	-0.811526615353275	0.764289786031642	-2.67752665221986	-1.90071748225443	-1.55203086960644
NaN	-0.0696936585040449	-1.98140473996928	-2.58297788048638	-2.12588011871402	-4.5448390258254
NaN	1.1953033247234	-0.589139416167153	1.13115648370666	-1.00937034789548	-2.22989349921547
NaN	4.21916280381667	1.40014195801811	2.72237984986144	1.39363195196714	1.04271352994713
NaN	6.64902676243464	4.54215940620345	6.23016807171255	3.71636199037382	1.85857200843568
NaN	1.13942975003478	-1.17308612840898	-0.833427882232351	-0.576008792389306	-4.16353233795068
NaN	1.88971986784158	0.162156889942222	-1.20080140159104	-0.34894850748695	-0.104282616710887
NaN	2.24417838563111	0.728855246770501	1.37962767436905	4.79929629970397	3.57555736814871
NaN	-3.77446114690466	-0.504737949317087	1.58191098797949	4.55808335055354	2.13556907687744
NaN	-1.15193158462503	-0.354596759429947	0.9668999938239	0.523457522327788	1.21455961315812
NaN	2.64315399867871	1.84563384731893	1.10530435739708	-2.02197437442751	0.0691676886613047
NaN	1.54884726125658	-0.581631188207276	0.0593293396999024	2.4832977069704	2.44445988604338
NaN	-5.0627306149799	-0.662075259286061	1.18161635925696	2.19100429281545	0.694221893143522
NaN	-4.15652525122145	-1.1080982801121	-2.0498265897168	-1.62740769600986	-1.36135625703264
NaN	-1.71175329060295	-0.824956581830707	-2.01378361261411	-5.66326716344356	-3.60805810344816
NaN	2.54013824632611	1.38157822677731	2.03167210815418	-1.13384289110805	2.94927267290097
NaN	3.83298703003891	0.157889758778068	1.72937360070436	0.0187140298938494	4.09892519943917
NaN	-2.1525575869064	-1.80352408467115	-0.0697364666435143	-1.62199897116239	-0.656972420864523
NaN	-1.77697918691055	5.17616042982311	3.32198235230152	3.33940856891577	-0.637534987397341
NaN	2.97169755775142	4.50102103714263	6.609597479967	4.14137956250322	-0.566671555420761
NaN	-1.49703316439673	0.741988353616194	-0.187423143920904	-0.349455438163018	-3.15061844685668
NaN	-3.84167933520076	-3.95341216712687	-2.26980479504523	-4.66575618601536	-2.55708588169032
NaN	-2.49711392519559	-1.28196534127142	1.3353750881326	-0.510748022299268	-0.526110290823447
NaN	-1.14042922267211	-2.6894720022915	0.545387871883139	0.750036387417998	-0.101219694174229
NaN	-0.915562069500464	-2.43487993211564	-4.57404866265573	-0.946576356518449	-3.85550376053037
NaN	-0.280469942974354	-1.42026673406141	-1.37580453537884	-0.869060745677281	0.682062697663216
NaN	0.0667102229962272	0.227341289220909	0.925716915417569	-0.502480567442433	0.430368428085237
NaN	3.83280975045839	-0.522379374821837	1.20755928365639	-0.542828905815834	1.43213730832144
NaN	1.56538569127671	0.600861849722892	0.804984194164397	0.783605798605894	-0.312258100238905
NaN	1.99798189250387	1.81524662081684	0.848372043649939	0.283420243874661	1.51803800042697
NaN	0.29684739851163	4.06887565338496	3.67124221694109	3.4690779453188	0.946873344059987
NaN	-2.93106532689604	4.1209950404901	5.54096156826094	3.02307962502956	2.30032880524447
NaN	-2.10720533103006	2.28141371271834	4.63405920554558	3.19899141092458	2.9659329841056
NaN	3.13489968580039	-1.11478942220747	-2.51639690113111	1.95323160476705	0.0333785202659392
NaN	2.28293785890326	-1.7292045060913	-4.88197356450369	2.33554931231526	1.33969806169776
NaN	1.6828020070644	0.798241081629703	-0.461752511775713	-2.67132891653105	1.81146651526248
NaN	3.54888488900582	-1.51526114299418	-3.500408304073	-1.20701428592783	2.69592064260553
NaN	1.75968168132366	-1.88740193545898	1.01562390753221	0.930724750948504	2.31567455303619
NaN	2.36940619118689	-1.84507651062658	0.768414774835312	2.0624701491179	1.97246245899769
NaN	-3.47405300937236	-3.17259271750494	-2.86651258307025	-0.569307854455534	-4.38420449805404
NaN	-6.41962601499309	0.161276594910352	-4.50879211347934	0.0263672438552717	-1.46676569017348
NaN	-3.19829181049239	1.09321355296142	-1.00958089486489	-0.00232043339362002	2.00135242731827
NaN	-0.987268791608062	-1.63832789165346	-1.34897811780169	-5.79501789078269	0.305233037079243
NaN	-2.15463773134108	-1.71992417796276	-4.9230174653378	-8.09180634002338	-0.664052108927905
NaN	-1.80337079528221	-2.86252578286771	-2.9889518843896	-1.8874817618282	-2.28686086844017
NaN	0.683029723321975	-1.81647925017045	-2.00363180716804	-3.73666418420162	-0.215656771232717
NaN	0.978615408896049	-0.549893628307846	0.851470920372279	-0.64144455762892	-3.27569277659871
NaN	2.7961868201652	1.17291303711611	2.03022081127441	2.73382775310927	-3.12334937074974
NaN	-0.338810947141382	4.67332248907109	2.1955503578093	1.29151847330077	-0.811486254100457
NaN	-2.76916714660962	1.72245248705394	1.15502863160134	1.133628776281	-2.09299170294505
NaN	0.33832167543684	-0.555496978604871	3.1279721021956	-1.45148224800364	-0.998460092577476
NaN	0.457903399172395	-1.48568116238979	-2.38999203174683	-3.43028946589232	-2.27026552381607
NaN	5.39852350805043	-0.319744291272434	-2.02867147034957	1.52567890071404	1.34413697079894
NaN	4.05088164865346	0.339961383455656	0.252348227060679	2.34102226972697	4.01877736228144
NaN	-0.593191189823728	-0.143278193867243	-0.322710585120342	1.48692739885875	2.4070264832942
NaN	2.98019590903541	-1.19602797644856	-1.95888566271969	2.56910663519847	1.34490572628781
NaN	1.43147367693724	1.17896946588896	-1.79447423605842	0.80723050711243	3.1596337646795
NaN	-4.29678751277321	-1.35182132813133	1.56247059531173	-1.24525262760379	-1.33559406728486
NaN	-1.21789089398864	0.212142717849874	1.11952075381385	1.50464086339343	-3.39927395576592
NaN	0.947685698212858	3.58540546426127	1.06954701938788	-0.253270920620002	-1.47721548679996
NaN	-1.3138633941103	-2.4967507243526	0.903381056844289	-3.48023290854347	-4.51807983130706
NaN	-0.211732039150394	-0.55471919583826	2.26563154301861	-1.68719021743998	-1.53414535796545
NaN	-0.0332170495754951	0.363541898195735	2.61717668698197	-0.812337649306706	-0.318098443541094
NaN	-1.4766406525311	0.701806409636462	-2.23431804526498	-2.38046083133034	-2.35938448308777
NaN	0.195192249184989	1.23243517054713	-0.110339636579075	-0.947534434749495	-3.44774006632729
NaN	-0.292250486335612	3.40625323275927	0.7096316650752	2.67710131311725	1.18205768939857
NaN	3.00834544105739	2.41003674411654	0.775726059688845	4.14080719261599	3.20215947721219
NaN	-2.16028281313287	1.67792295690386	0.16045100349795	2.37724901988526	1.83048996445377
NaN	-3.92232109157363	-2.47270887518618	-0.659921016404584	-3.35704357582748	3.21232275828852
NaN	5.01056868484413	1.72545853020211	-1.3379172239967	-0.562063395777518	0.998978203376614
