NaN	-1.76975987270134	-2.77603144381588	-3.13958697633331	-1.73330994620394	-2.51333904128042
NaN	0.667250923432738	-0.000582012875740916	0.281047316649161	-2.54948654851513	-0.832977638378902
NaN	-0.694012340601448	0.767230055970305	0.474997340976022	1.64476185055783	-1.83551907904842
NaN	0.110654237986408	0.40321997359396	-1.7701348235719	-0.50634978573451	-2.02967482466931
NaN	-0.285121213886597	-0.825644346403184	2.13655114149203	-0.329005869036305	-1.12597544514878
NaN	-2.02955891963136	0.616385816212134	6.04197759216816	0.986722898048519	4.16574665512596
NaN	1.943127703153	-0.200953962660169	1.39352736222979	0.725282131024318	4.88739396226412
NaN	-0.855415467678019	-0.800997191918728	-4.19524564647779	-0.36067250487738	1.29273090508914
NaN	-0.223675003239972	4.74515023661286	0.735944317056031	2.39331118179596	-2.30741121574348
NaN	1.07266272614483	-1.65860999606429	-1.65576680826044	0.465322980309675	2.25425459938423
NaN	5.0841270747761	3.31986980645726	-0.829739112781617	-0.0111618029288409	0.828851393156832
NaN	-0.868750958305299	4.64879871440219	1.94561946538206	3.40538588873462	0.987164269056963
NaN	-2.53434793655811	0.979453756235443	4.08741036605294	0.598850550907051	1.19069740281968
NaN	-1.22456104282675	-3.70529561079188	-1.06873591452296	1.4223761978633	1.90241042405201
NaN	-1.08403124120898	-4.5664000761629	-5.05986241080711	-2.02846397509845	1.97595814990306
NaN	0.407888309584296	-2.17687523672819	-3.29456423657405	-3.41037457518135	0.40675558548989
NaN	-0.565191552941476	-0.058962897717144	0.321837524317831	-2.45866456349292	-4.86337033679416
NaN	0.33198547673576	-1.35916770352353	-1.90582234971928	-1.21772446983572	-2.32683598163596
NaN	1.38118463887943	1.17674969816136	2.43407634200596	3.94237584098473	-0.0174517600695072
NaN	0.814933973291762	0.471053117342717	0.542413385913322	5.3366223308008	0.70711471709546
NaN	-0.739124815990878	-0.658786045285072	1.35899590303323	0.42910975598087	-2.34174163886619
NaN	-1.00124797021306	-1.41520240722562	2.89054671962519	-3.00932180125185	-2.26425258948246
NaN	1.66876320231841	-0.545146469179817	-2.65123624373041	-2.36716212993951	-2.6888896787744
NaN	2.57765856093481	5.87174217417885	-0.267969871767377	1.02269921284192	1.9150503477062
NaN	4.74282840036201	4.07864204642118	3.34979671402807	1.20568304794253	3.3645549747184
NaN	1.13750260108203	0.361011444089255	-1.24560772160779	0.616450378978472	2.26573816988322
NaN	-2.40529609833954	-3.112865618301	-1.26930060969298	-2.81744925264659	-3.28118035205877
NaN	-1.7399223073813	-2.75416074550962	0.733204997643068	3.57718286086933	0.573924755219325
NaN	-1.40382399242343	-1.51820180197885	5.57739541928439	-0.880418465083796	1.76569374052071
NaN	1.69178304236034	1.94375763910165	4.47137605229994	-0.0487529848039981	3.76429492098339
NaN	-0.661910548900073	3.5446286980119	-0.52010717882559	0.337744053400984	0.602777052670366
NaN	-1.39715069076884	1.76602620196638	-3.83731152393208	0.375392082813428	-1.28661224959863
NaN	-0.335977126510918	-0.0572173974352871	-3.05153049968634	-3.96492745827619	-2.73209045851004
NaN	1.01565815256037	1.1833345527403	-1.80058398138608	-1.28436236618607	0.787523665662049
NaN	-0.710537108432076	-3.97378151065465	-0.643998276019938	-0.844453023155381	0.656868278446687
NaN	-2.15126861965893	-0.920972426906079	-4.02330775055859	0.654489776562554	-0.442852145682004
NaN	-0.156677956029525	0.0906561867903298	0.451175312559014	-0.604290859942645	-2.27775162761241
NaN	0.46744323494205	-1.24679074455138	0.404178793174618	0.58653463080926	0.750591949560711
NaN	-1.89476871827379	-3.27023553341677	-1.88862883766563	-3.33218375611214	-2.3932960703321
NaN	-0.783378408028854	-3.38496262559812	-1.16189340733681	2.04080603294891	-0.0107515016837436
NaN	-0.563978513402826	-0.510463507173623	-1.33631799509934	2.36564075801054	0.894442225888569
NaN	0.260342441883379	-2.71733782260347	0.313667783953354	-1.14607398071992	0.864884309546883
NaN	3.67392110124521	-0.323128438887718	4.86269394617979	1.96118023710132	2.98580964950952
NaN	1.36013769798974	-0.27083591566528	1.05963668010677	-4.62656169994774	-1.05742769907188
NaN	-4.70916890590134	2.95841347463807	-3.9146023507754	-3.52163450997148	-3.72542076268929
NaN	-0.436403957444109	3.19226175262451	1.68981542599798	1.63091546610233	0.0224823553653158
NaN	0.767988126151669	-0.966281367562582	0.147124342521813	-0.193281078670642	-0.305264074210831
NaN	2.06768297216407	-0.240323156029882	-0.868341068148267	-2.0082693913361	-0.572997560727929
NaN	0.685101533977105	-0.993017348481609	-0.431177467985544	-3.46439780722398	-0.43115351867982
NaN	0.387966078251787	2.77688743133474	4.82591749507651	3.16104518460406	4.28311035348308
NaN	-2.83042806766186	3.28043171984849	4.08205859596133	4.10816989030901	3.31429098497182
NaN	-0.942234048151423	3.70886776343354	-1.51558848722171	-1.17907173333281	1.59918089498671
NaN	2.11425827035944	0.347406791511633	-0.919802935136139	1.63511601074756	-1.21725174754091
NaN	-1.02190188673259	-1.03587376033916	-0.7705643236437	-0.075710482284033	-1.52262891061889
NaN	0.919825972900827	-2.37365563069386	0.777213183129278	-0.401743949930027	-0.739248930761511
NaN	-1.36528179167332	-3.9764549100868	-0.313276692927858	-2.01589299219106	-0.382236897734396
NaN	-0.71650811195527	-1.95617109777422	-3.21110547362718	-3.15086606510351	-5.20050805968656
NaN	-0.0717304175532422	-1.36685306518372	-3.62532864851759	-1.31853686159868	-4.81772138815602
NaN	0.896937440806388	-0.389958206368423	-0.782946977544976	0.20464768329169	-2.14478346375521
NaN	-0.652924603808101	0.794070040103443	2.16049089838735	1.66264850866498	0.535788649553106
NaN	0.227538617136004	-1.22515266704005	3.49815517761681	0.256005721505608	-0.259992974133116
NaN	-0.451957118091304	-0.726686667034995	-0.060568610075199	-0.218245792029557	0.718035586215605
NaN	-1.41173683513796	-1.23926290327939	-0.694675411767322	0.243402123728259	2.64512336923691
NaN	0.400215552729616	0.324870008367421	-1.48689652500713	4.05513187929087	-0.685377329790505
NaN	0.308574892684794	2.98913191040063	0.68453712165652	0.998885494465391	2.73347091948376
NaN	-0.347381452523011	2.73607760735467	0.482260982772649	5.05242207164641	5.2884623888457
NaN	-1.76718138555651	5.12227651202599	-0.981071099963651	3.71015526215021	2.49384130758363
NaN	-0.382845712207764	2.50692509075172	0.0836469883986752	-2.07350684108788	-1.50144498527485
NaN	0.950698728234781	-2.55966106746384	-2.3304120242689	-3.99777813140031	-4.38393782602702
NaN	1.01407850397045	-0.820352016439423	4.38062761135422	4.4507758948877	2.63323374032067
NaN	1.78356073869526	0.138992626621628	4.78518514431548	4.65170010269649	5.23257511940444
NaN	2.13154357255226	-1.89187822425375	1.10032163185516	-1.09236167371355	-0.985174501685332
NaN	-1.17845951526309	-0.156343002236224	-4.58769865268411	-3.86376743002825	-2.09362616481544
NaN	-0.127343530355196	-0.438812397951664	-4.60964457611542	4.68007914096387	0.581328070145495
NaN	-2.28464309009498	-1.92797719537126	-0.256555313321582	2.99361742952189	4.8161644964356
NaN	0.688520578087066	1.26310468682408	0.767467344573358	-1.45323630891084	-1.35888144618057
NaN	0.919677416472268	1.43829421120578	-0.000928029892077828	-0.634237910714325	-1.37819557366722
NaN	-0.816527499672456	0.167790300133628	-0.544976100887012	3.10102212834686	4.11798480980086
NaN	1.26160605119789	1.38276333406895	0.573593217926608	-0.00930519893008884	1.60203671940103
NaN	-0.41074003205457	-0.190184217282189	0.0625110432740403	-6.15834225839296	-2.87504367261859
NaN	-0.278870982126577	-0.409341622968449	1.42874548436294	-3.05554845927594	-3.17754793630229
NaN	0.29947070175094	0.456626367472124	1.07717041581123	-2.1639544543692	-0.739430734647401
NaN	-0.0472101086103974	-0.377548447023838	-1.25655997101246	-2.6802750562001	-2.70891908163491
NaN	-0.450779158036522	-1.50709932740055	-1.15458678282694	-0.956341157019284	-0.357785347267414
NaN	1.4875895338689	-0.445307032864214	4.57942660935077	3.7188916080681	3.93275928305735
NaN	-1.14135828011897	2.54131492479806	6.0257959331756	4.33456000809835	3.16321064025116
NaN	5.51051473416719	2.47939485803726	3.0622226983644	-3.80873663090528	0.503440927052666
NaN	3.04642204730217	5.76271939301621	-0.964217536850873	1.38034736472674	2.08566906307008
NaN	3.75371446454434	3.47904746327447	2.11771263710345	4.45928880360584	5.52810367438184
NaN	2.60738901187144	-0.278780683617477	-0.100992244179926	-1.03517177056507	2.32265796525539
NaN	0.487087158743744	-1.16390614675077	0.26681282537796	-2.93549202567699	-1.29256786461567
NaN	1.66961604189649	-0.605831704335836	-2.8996961659976	-3.75235927236247	-2.33833684804402
NaN	0.123643307142362	-1.71431478185011	-6.64196195540357	-0.849986118254604	-1.3699404692616
NaN	-0.752997306117745	-0.547812835552214	-2.40685266167578	-0.221744944090518	-1.0021401903454
NaN	-5.5546058893466	-1.37327150873661	-3.9450410964691	-2.34704608834977	-5.15192973118902
NaN	-3.30682973748392	-1.13151176672996	-0.23254411775418	-2.23352867288155	-5.42965857103803
NaN	-0.138582896249231	-1.59482602197345	0.0644553245143426	-0.85147991149799	-3.08501039299412
NaN	-4.81354038238138	0.712937193525214	-1.27023803062276	1.53339501658039	-3.05831129210004
NaN	-3.21979225437893	0.35971696333005	-0.605772414444589	1.8910926873892	-1.93394980508246
NaN	-6.1061612357836	-1.80852476201354	0.282324821725251	-1.24892339791919	-3.62210184192322
NaN	0.223661851110517	-5.00528210314417	-2.62354056856478	-0.00665452818944988	-2.59526582377182
NaN	1.68797152108672	-1.88647609461303	0.861931262543073	1.32792871317901	3.36761198807522
NaN	0.740306702226777	1.24822025443856	5.15152565793708	0.981334605852833	0.810768330327897
NaN	-0.558830305020949	-0.697356752184445	-1.97395544862147	-1.07327718122567	0.00737762172898567
NaN	-5.26928146824328	-2.68190357846212	-2.74010658921059	-1.72508799756319	-2.06078250862243
NaN	-1.9787597533932	1.32505050944787	3.2611866763169	2.05242523260859	0.491023164938922
NaN	3.01305212590517	3.47243545404926	5.84093137877533	5.71929990613223	5.07965233584468
NaN	-2.35241775081941	-2.32315452727773	0.372929748606161	2.76634818553398	0.859869175256634
NaN	-2.24836256049518	-2.78789709269645	-1.40785823962444	-1.70252563660814	0.982940194063061
NaN	-2.42874549817557	-2.84647906574831	-1.499873082857	-2.29828205716155	1.86302073649514
NaN	1.20733931961666	-1.20827967547431	-2.98313315540522	-1.7186231371129	2.23556933648467
NaN	-0.335671635654502	-2.90630135938548	-2.12318861967983	-2.46230320770182	-3.37317665440571
NaN	1.14688551732652	0.788461846045795	-1.72021732598074	-0.358071023162494	-3.08363497511798
NaN	0.496614402386602	3.20614352302664	0.158680327635133	3.01047304958963	3.36074128670507
NaN	0.85852195597113	2.80991933532944	2.40082058694325	0.839986157809397	2.53841255787143
NaN	2.24143541505266	0.6716560809154	1.29756334832877	-1.48537136032054	-0.408291809141791
NaN	-0.253046806179573	-1.97507135850971	-0.837811316739607	-0.36675887765841	-1.00341096932409
NaN	4.76329780072171	2.86198370027742	-1.98363356514023	2.44801329362264	3.66495226318266
NaN	2.45130767777349	-0.892463756229838	2.94160228654642	-0.209912831458855	1.47764800491461
NaN	-1.59088465678996	-1.47612233119065	3.74522169687152	-1.20061073925766	-0.468064341996372
NaN	0.13670272738325	-0.831831990632274	1.4904310335462	1.53441129064828	1.27430503644052
NaN	0.0140944658566977	-0.0641968879302165	1.2163421546653	1.08951064076696	0.117502656775723
NaN	2.16343074164601	-0.602218947199631	-3.10631356501081	-0.505274277949626	-0.653935886287345
NaN	0.556721630943033	1.49731814094493	-2.13244147993246	-0.135769490912073	-0.330976653393955
NaN	0.465965964570055	2.68210815372402	-0.940776576461589	-1.91948330673806	0.750124940606487
NaN	-0.527772700951946	-1.95789093451438	-2.28543742162911	-2.96019030278131	-0.114671540430775
NaN	0.693292620728425	-0.163239186392783	-2.54304815269224	-3.47175935380794	0.817217308980115
NaN	2.90013807385518	-0.259344222257915	-1.26221020271259	0.511570309597833	-1.053337727467
NaN	7.92895056541311	2.65451304911003	1.29681997645821	-1.42883486267691	-0.200905992712056
NaN	1.0706738657541	1.90673110724041	-0.73602690041154	-0.481918813166802	-0.144755731751589
NaN	-0.184193246910668	2.54405907274257	2.37858339335914	5.03413278520015	-0.716629889066426
NaN	-0.431862836992162	2.88883920472479	0.467537233041008	-0.557398415578068	-1.04218608935382
NaN	1.73904294902254	2.19743317787749	2.14506077751716	1.53829981254593	1.14531234987659
NaN	0.457417055577292	1.57038070453912	1.2350770378838	0.229148562033882	5.34177146136453
NaN	-2.98228183045568	-1.66282765268817	-2.81209198667155	-1.63690728829145	-0.550012104593845
NaN	-2.78011807968128	-3.26637757032289	-1.10642791956015	1.69111110122628	-2.27330096079539
NaN	-1.05046706859611	-2.48192632646438	-0.506826477470403	2.0380259622685	1.83000218543587
NaN	-0.68291388283867	-0.347048830774115	0.125629984676686	-4.4462110248017	0.159877657431399
NaN	-1.00859549891104	-1.21718596849333	-0.00478034588112739	-1.12663964518973	-3.51218596102248
NaN	2.17205438441134	3.41801392481794	1.28052383720811	2.57811724034417	0.219172937278473
NaN	2.89362080511188	6.06328257121132	4.84881095196777	4.33027492058886	2.79981434338251
NaN	1.75933367391794	3.10604673288595	4.36815336880925	1.97836256916512	0.977834477132967
NaN	-3.74221335006391	1.44549569890278	0.361617440492814	-0.0611607600000841	-0.496570641790521
NaN	-3.42208293874666	-1.17504802765	-0.090347370947079	3.24534260920172	-0.951344277018395
NaN	-0.542511361009787	0.86090827787525	-0.942725863281094	2.40065370649417	2.25244693096947
NaN	-0.816278294275328	-3.83525952911819	1.25991607436903	-0.759306001624552	2.88776602429532
NaN	2.57104358982763	-2.31283506524357	1.74885692319813	-2.14017249122339	1.43791602137934
NaN	-0.471376696475132	-1.16145594528013	1.72951236281665	-0.481195285834112	1.72916327063591
NaN	-4.79387967504487	-1.46076533678116	-0.391232908760753	-3.20999366084619	-5.53720129707667
NaN	2.04063493358071	-1.57960275746582	-1.34508521715671	-1.12918190720723	-2.13174066469119
NaN	2.61995825337848	2.17958152123611	0.016490066122984	-0.236159265329904	-0.590219031709233
NaN	-2.48055674137439	-0.347520168141575	-4.2953801435867	1.35587095116409	0.34193635718985
NaN	-2.53030480944681	-4.21921232590193	-3.02554589837585	-0.37918666275682	2.68137375280312
NaN	-2.54224107806693	-3.58124360445394	-2.04342329431906	-1.32803435302267	-2.04788678206922
NaN	-1.03420833632012	-3.51342491754744	0.792850510556047	-0.989177753005504	-4.66874785310305
NaN	0.0297272171977645	-2.76139022103047	-0.793107025699621	-4.30339460303022	-1.71792302780562
NaN	0.789210433996275	1.55460861644797	0.786788676368843	-1.33808168832793	0.225328677271698
NaN	2.86709125384262	1.81515633601352	-0.279178500743633	-1.39467611600869	-1.91524966525407
NaN	1.86229981792726	-0.372526110646856	-1.58033209273134	-1.11218035171625	-2.50021822698684
NaN	3.13464389599321	0.0180744187086487	5.89731822693124	3.04245206873595	3.87602246165858
NaN	-2.18008896126232	0.463884375331669	-0.339858322136178	-0.973113743761957	-0.0281036683274336
NaN	-2.58856237126464	-1.77081765030294	-3.24838625192858	-4.97654947295814	-4.77267525472773
NaN	-3.22791672502743	0.306372445572189	1.44283100201009	3.11985614130398	0.747324006304543
NaN	-1.87159776798454	4.87724636358189	2.76385924316434	5.81138696909337	1.92881042851182
NaN	4.09838861520886	1.30028577054665	-2.41704061628373	1.3625207350101	-0.105466699726352
NaN	0.330269382080172	-0.0909028469927095	-1.45372154296162	-2.76177991096302	2.01359690077241
NaN	-1.76999055229563	-1.16620414903753	-0.709883137898017	-4.80082732159056	-2.85381054661229
NaN	-2.38785513243822	-1.85683825613358	-0.0271567631882561	-0.0601814453877122	-3.64389509741215
NaN	0.18755022000682	-1.83304065359969	-1.23772375692138	-0.828306408816326	-1.35436816439942
NaN	0.557234273436992	2.06081356318182	1.82315675678504	1.02921332739768	-0.104654803924623
NaN	-0.858760481874255	1.50950031843448	-0.525815733137913	1.15126453953948	1.69467336157325
NaN	-0.68632019249243	-1.16492726119471	-1.05177798008204	0.792957331115787	-0.616466334451355
NaN	-0.329810887411637	0.0548643487082211	0.247850681121863	0.991530145342901	-1.31737926782252
NaN	0.760175427445155	-0.684442187329005	-1.90320225327201	1.79613337498861	1.52350007856011
NaN	-1.52106156020394	-0.436151468078645	1.5343058874773	0.437370219477355	-0.358160586502522
NaN	0.579215097875475	1.18965596890352	-0.168110941462623	-0.254978188801599	2.02570606198304
NaN	0.694088149707856	1.13861403073038	-1.05274419778078	-0.36877909840046	-0.29843085486382
NaN	1.50054937530259	0.545674905134157	1.2360573757149	1.64180427179572	4.26191205053878
NaN	0.32598126705897	0.65142876642895	-0.638470168331328	0.843657931588344	6.88181818961634
NaN	-2.52178239670168	2.06432631928386	1.95591024863598	6.02848634120923	2.35457040817992
NaN	0.518664612607085	4.42909782152206	1.40198326300795	3.62931937060581	2.80634403812312
NaN	0.781827153130891	1.37235896656221	-0.145246125888677	-2.28146025165449	4.04194941040462
NaN	1.59664794174229	2.70393877868979	1.3516400295075	-1.36211114944559	3.70061112591987
NaN	1.45152496888046	-0.018239880112041	-0.159269299823284	0.936304156579052	-0.333029709179873
NaN	0.79341576208831	-0.612197207092163	-2.01486526906314	2.20785058908361	-0.500349396230763
NaN	-1.2612316452316	-2.76937197160134	-0.101262904278922	-0.00877462422385593	-1.27462026457759
NaN	1.39662605576834	-1.45056330650065	0.798745782644171	4.247117517084	1.02861880827334
NaN	-1.05542403870475	-2.17347378854757	2.46041334945575	1.02008290804043	1.17909044816712
NaN	0.759498012219291	0.557993042449285	2.73437904850322	1.11198546525267	-0.605928204821536
NaN	1.10048941912131	-1.08002348639314	4.122118655197	-0.508177640332786	2.66121109982227
NaN	0.655730399011847	-0.614687673425615	3.14240249497818	-1.58506101236523	-0.474293915236509
NaN	4.04428400499079	0.616238099245119	1.52424603056972	-2.73590934587403	-1.57703181372426
NaN	4.36310105763791	3.54451594292263	-2.0034980327147	-0.0516282273324971	-2.42962472186267
NaN	0.650784699975852	1.10365431142684	-0.345460839542937	-2.19862676843333	-3.27311694118433
NaN	-2.75019095219254	-0.824489669443046	0.668227625477456	-2.13080630557441	-3.11704409514058
NaN	0.593167676144121	-0.387299195912978	-1.32849827741704	-3.84209604828792	-4.85903777756334
NaN	-1.76208594343533	-2.17588837894392	-8.19400216466905	-2.3640563778809	-4.45393127229456
NaN	-0.559537503881799	-1.25954930854775	-4.67642217128645	-2.98307950679896	-3.90533965080114
NaN	-1.93050002274739	-0.270113223221701	3.25623600624276	1.8313041220613	-0.302546636853738
NaN	-0.238541715387429	-1.42195127819721	-0.956389982685756	1.97753601176169	0.78145830903831
