NaN	-1.84751913258613	-1.14435589512713	-1.4827503520747	-2.77521734774903	-1.55205756176273	0.289951852741404	-0.830784517933079	-1.82849250414488	-1.53469514379373	-2.2190312479447
NaN	3.44983760262817	1.64054059739231	-1.19993486237388	3.14901292009249	1.43426026249164	-2.18216695991347	-1.51073003810524	1.18745747004083	2.15254754734795	3.9579311796901
NaN	2.69824215458119	4.66541078251424	4.08097256902356	0.513206780060081	2.42958378810101	0.353036317285228	0.0133886662183656	3.04517943556475	1.01253161913675	1.05771833505874
NaN	-2.04708117160188	0.192187372039556	0.369774454899008	3.7662636607841	0.503503827400016	0.299011122081011	-1.85683681890739	-0.308143090398566	-3.46886383947448	2.70281619548259
NaN	-1.57251793257026	-5.20324920713817	-2.07308468300881	2.37920087871243	-1.4587904090596	-0.784618315873964	2.06718357003578	-3.8934109092231	-1.78211510603316	-0.684896335717247
NaN	0.381649903590005	1.46193555675046	3.02024043111675	0.35967240587002	1.7405555474542	2.60637724586563	-0.161031813224677	-0.207165052594341	0.778941164838447	-0.773135626580353
NaN	-1.18818101378272	0.847806265715563	-0.288476771366487	-3.04066092021424	-1.94176387388344	4.88075237366754	1.97163705769084	2.17758185872304	0.592076580003734	1.71982629133705
NaN	-0.149717973655825	-2.09983717048252	-4.37580452590878	-4.09849777406127	-0.878835153965089	-0.667759423859061	1.38653970512627	-1.55980337711643	-0.439218213170561	-1.79932523747261
NaN	4.2171284592608	-0.95760530991479	-0.00821048477299478	-1.86780752404275	1.27217568299757	2.11336617983349	1.73746013808147	-0.623276538444081	-1.45692077730606	-4.31432800410311
NaN	-1.72147350386518	0.347496794572546	-0.762612164056932	-2.46453761307341	0.589883899157918	3.63846001041844	3.0664885912363	0.261559275193056	3.31704461905892	2.5784137415887
NaN	-2.76686289829644	-1.03437433762937	3.01739151789635	-0.365460543583582	-0.509729982395814	-5.75652360957857	0.117208693139915	0.265102911460313	4.78094960555543	-0.0459043932871082
NaN	-1.85714743486949	-2.02404549564537	1.32415029632061	0.270349681710864	-1.21660266778449	-7.99469546770929	-1.69898691090122	-0.162244209871694	2.37581954678004	-4.82844379913815
NaN	-1.56123231856859	-1.82404963072371	-2.33255664579248	-1.7304163375968	-4.0531068615026	0.80260171253172	-2.01074362933588	-0.932046991164112	-6.30907320332379	-2.08423290114394
NaN	0.534192706795865	-0.421558579185308	-1.4776625596558	-0.399774863812907	2.68832888515547	2.73569518627014	0.790068618003615	-0.47016769863865	-2.51572868957954	3.4361223494068
NaN	0.909276207335532	0.284446607455152	-0.273088169989822	1.96328322794621	2.72173415752594	-0.408343516772781	3.14922844255291	1.03417822982516	1.08659048154903	1.58041313322947
NaN	-1.83398103371849	0.524666003559651	1.65865039953964	1.10908883055799	-1.56956858117401	0.26991155731556	-0.340029829075358	2.70310798980913	0.655769729563577	-3.06513968678197
NaN	-1.01460501059455	1.43706839127896	1.01119130540767	-0.141736358620344	0.80660289394098	1.23142798740988	1.92934359073927	3.901207773412	3.64515857063266	-0.827019556926421
NaN	0.671238432535341	2.74796801567869	-1.24414373310932	0.691692323150825	1.60707440456225	-1.80782988608354	-3.85061186838432	-2.46736676825385	0.573621390758554	-2.13941960267227
NaN	-0.494587239866518	-2.07917141637804	1.38581598427332	1.4198047538691	0.687033783975523	-2.24401483889286	-3.23625233542682	-3.19648039245713	-1.951119415275	0.909042800624494
NaN	-0.481724968315688	-1.20849951462436	-2.58440163148137	3.90902928623951	0.917930716230271	4.64478252670023	-2.60170942315253	0.974131846653526	-1.17586816520237	4.02361670064231
NaN	0.955148450303561	-0.433700403785762	-0.123077643624094	0.929211578653227	-2.12475145248364	3.08785722670996	0.705885646499372	2.77562251182401	1.39916786276412	1.85612757334567
NaN	4.37962595135521	2.71073626198956	-0.479067608644676	3.13551860322945	0.856599490542246	-1.55319471214758	2.7538683365605	-1.04503362054452	-1.80714323000505	-2.82112831855915
NaN	1.01002756226376	-1.12893895973005	-1.0611892730712	3.00236602746907	-2.90802155547964	-4.60317818329632	-1.51829136653076	2.35336666387103	-0.546842892778005	-2.32271781388666
NaN	-1.32540671878885	-0.939646477098609	3.74757551514519	1.31266846518848	0.0496109241930695	0.944117366300561	-0.566870987599809	2.81624860945543	1.82900917672316	2.13559524255561
NaN	-0.582049030826859	3.211740706495	0.758842310080893	-1.45205260202862	0.310938108415489	-0.116813998005884	-1.51114782661322	1.55627291225204	-0.309204744342598	-0.693715438094173
NaN	-1.92012846737518	5.47917474066722	0.582223930402397	-3.28883199187094	-1.96925617163308	-5.42792195052472	-1.29376607542754	-0.693087207547465	-0.592509651365562	-3.3511308881574
NaN	1.2461703167477	3.66790964644973	-0.121141236642505	-2.11177820259103	-3.74588393781085	-0.465161524545469	-2.58888882106494	-4.79448107005537	-0.483141175457901	-0.617283987311873
NaN	1.17525332556423	2.11304837662931	1.26636545852235	0.620730466212267	-0.539795760794486	1.42252089012526	-0.0565653011584769	-3.51405458329161	-2.30593152815088	1.16964268568208
NaN	-0.554970746843328	0.621465110523902	-0.825334350672261	-2.53558831856728	-2.91648763189486	2.08356024791138	2.04183653574166	2.2147522632069	-0.645026007408722	2.40374354775534
NaN	2.78692898337752	-3.42956199894668	-1.33629282764524	-5.7378134895449	-1.99693557369138	0.978355900136946	1.25797230993229	2.7718943847891	2.51705944407272	1.20163251157642
NaN	3.46564664053279	0.185017606485628	-0.639989068642126	-2.47635952953133	1.52043699932208	0.170066186717622	-0.666016903404893	-3.4766976135254	4.16216473010338	-0.402993853715951
NaN	-2.62263318492727	-3.45092664707848	-1.47435430168848	-0.130121260125615	-2.78766020867214	-2.8786639106146	-1.68909885591003	-1.1927481763664	1.39187108072411	0.0222207658171837
NaN	-0.0707784008060052	-2.59108732002207	-1.96130017024152	-0.993747932753834	-0.952556944765452	-1.59006990912283	-0.395580618071739	-0.0130603142149263	0.437471289207146	3.22849809012308
NaN	-0.612043628153568	-4.23209586083091	0.0741921329661505	-0.231559436069383	1.31584776886086	2.44585008387278	2.83402710730074	0.579866170340437	2.25197749658224	3.2289565754668
NaN	-0.809457133698095	-2.66727752514338	1.46024466147821	-1.6494418543496	0.889040639437207	5.697520911226	2.76156390666875	3.16100363880286	0.319606488659162	0.349483040077973
NaN	-0.630893739737818	-2.04538972571407	0.369937003364584	0.85413941017036	-0.460328051159287	-1.3648976183123	4.33169855136817	-1.83681593013895	-4.39219654884537	-4.28670452436472
NaN	-1.11919550173526	-0.00261307976127726	-1.98018330269919	3.41943330113464	3.30320543246293	-4.31657247130546	2.16386221423089	-0.955789531919347	-1.41403855042448	-3.41982178772252
NaN	3.78153608459293	0.858642884184632	0.688971050122108	-1.12545767520235	5.88661407160493	1.03622860381323	-0.144595859306317	-2.85360281401801	-1.51853290833782	0.0576952464338047
NaN	3.33813542821094	0.708055835586121	1.16234687706686	-0.177422461551125	1.40190837122486	1.08944592230034	-0.648864004910442	-1.16774138879995	-2.62713178386266	-2.28137238385956
NaN	-0.486132763209401	0.364942541374918	-1.41435957818395	0.993543961577148	0.342477498644817	1.58285309883969	-4.05334693424355	-2.62621688231051	-2.93181739119196	0.431285966958474
NaN	0.282079524247727	-0.605575716527752	-0.730215331449992	0.446611614537592	3.74693113388589	0.673896247000206	-3.76681710220932	-3.1895394599011	-0.0584127422149179	1.11808852248598
NaN	-1.07988407978607	0.85909227707418	3.8763596724437	-0.110489230482791	1.89021429765147	0.247578547306561	0.672323091264661	-0.410777588344275	-1.32495453993347	-2.5076591464608
NaN	0.289823976443421	-0.732371787504145	3.6236041279976	5.63732785891792	1.94216902839735	-0.215922213156934	0.671011282807457	1.79412713362667	2.61145497188007	2.27338244407262
NaN	0.432518972749977	0.795349453361565	-1.90127772276203	1.6473641954128	1.51780560200405	-1.50821984482091	0.709361207129485	0.385170057947316	1.49032765720109	3.23362717709196
NaN	0.256159407568009	1.76925818684205	-0.909610426751078	-1.72694772298412	0.0862264484428331	-0.497487148489607	0.185523502358309	-1.17567185262136	2.84830383477208	0.272760314978097
NaN	0.776879538438117	2.87561173395172	0.90968011188989	-4.31829752672721	-2.90187123556761	2.33116648347312	1.69201162617377	-0.560520202752968	1.68990309381427	-1.10571199418302
NaN	-2.33124761153948	4.0462657510136	2.34904617288592	0.855179619374406	0.699494407876391	1.94795915906357	-1.38881828044266	2.23906070245797	0.4228011101715	-2.19547069637359
NaN	-3.95758275912307	1.40978538294443	-0.390817396773922	2.8475709710322	1.85303728760363	0.47312525837551	-2.50171820404748	3.60563724145138	-2.30685205286816	-1.36987049730937
NaN	1.01102009908521	-3.68937856864752	0.619362332399526	0.2774128436872	-0.69993140225219	-1.0227217386612	0.261274826914326	0.894229709364434	-4.93942773598617	2.02162399362419
NaN	-0.216238567315026	0.56583660040862	-0.897085011141558	1.23077966576715	-0.502260042089357	0.977661835944583	3.29088634883157	-1.6507931316436	-3.13409981562768	0.95895963141769
NaN	-2.63179876932254	-1.13460445543586	-2.13679927005249	-1.02394170406779	-3.79074138262732	1.57108117219278	-0.225911129711193	-2.04096315080815	-3.90557835417857	-3.14316002649994
NaN	-3.22590386906827	-3.05571250930885	-0.933770528078369	0.109730274959335	-1.68669334952253	-1.25754304215938	-2.99900298002742	-1.12484754940374	-2.53138701664514	-3.22810059541332
NaN	-2.22090666348325	-0.831649795144631	-1.51828208276647	-1.0947840270364	3.50540714284059	1.33603823872554	0.262420070017527	0.392919291009052	1.0477859127033	3.22591969011648
NaN	0.264542507651599	0.86958274652317	1.06463576912528	3.07281403063786	2.67235363251441	-0.886169117560668	1.55208323571885	1.62515039975772	0.489612496963655	0.83110362743866
NaN	-1.27737265584624	1.34082874954716	2.09339500964585	3.20934121019368	-1.45173618221457	-0.0309781282385018	-2.02243879636888	0.0526413578051282	-1.39234477601971	-3.22023422098482
NaN	-2.00826870269199	-2.14144579557739	-0.922529470654986	0.365775249811029	-5.01533828648939	-0.405776227445086	-1.32832488986321	-0.924413976068433	0.254393209860062	-0.737055327165888
NaN	0.632352021499381	-1.17120594355503	-2.58156697698903	-4.05396859978111	-2.55098811339005	0.0910374174106078	0.413458170806935	0.431435320177562	-0.0864328496174054	1.75754801259002
NaN	0.782293061213181	-1.0218194704964	-0.235480209641565	-0.0629793713346445	-1.29664306226793	-2.02586608565723	-0.764736753097079	0.600721672621843	3.91163902530625	2.53917172304984
NaN	-0.162037314358177	0.562623475008488	-2.18738421388732	-0.221485436169822	-2.94140156230468	0.970947105076449	-0.780516581572958	3.57271626650925	5.73903288996672	1.9054787327864
NaN	-0.00337375702834401	-2.22019346796037	3.0465118408498	-0.0166471372616164	-0.720800661160811	5.10696337003877	3.39337378703418	5.95938341043548	4.56142627064802	4.08533796167685
NaN	0.331860897174939	0.07455328775199	-0.984655838892737	0.794447716989982	-0.790427441226248	1.62908437964581	-0.39616967478039	-0.219314958871019	2.63945529086895	0.777493633871775
NaN	-0.110733543738206	1.69021355886481	-2.89179453183333	-1.41616826671846	1.2996445614815	-6.25612756560467	-1.53564980985541	-4.04372229442464	2.50032178656351	-0.351960800982764
NaN	1.31016032856302	2.63438839043408	-0.467495791798797	-0.0149545436494574	3.05852103904474	-1.96210045741889	2.16915085726429	-2.58604106448384	-2.83540669156997	1.42775417671517
NaN	1.45464666375931	-0.33306109571735	1.16378419487551	-0.439610499970635	-2.89740221610467	2.65019119674162	0.70981967892664	0.420570797285286	2.58585968803173	4.48419899956279
NaN	1.55992392097794	-0.00339869797368989	-0.286697400219019	0.822156393160466	-1.43556984912769	-2.07805517949154	-0.73485575293117	-1.26609942646976	0.324857749093334	-2.02156485170847
NaN	1.15364925469871	6.05605021286658	1.78426999489209	-0.607531186606543	-0.112016188144597	-0.964360421385894	2.34436272291949	2.59088513428674	-1.5323425770545	-3.04971929694342
NaN	-0.13489467583587	4.71810888601262	1.62559263358597	3.96894989477557	3.44328097217599	2.42753477484617	1.36658396665931	1.85241069702114	-1.1800146908882	0.211603276500411
NaN	0.0445305902674101	3.25615732561576	1.61139325062914	2.03262341145829	1.5232309798514	1.07244439528798	0.25269885938574	2.97558890944986	0.741118661706592	-1.65436349322662
NaN	-0.897680615048981	-1.97332213608363	-0.969393559057202	-0.750271081892119	-0.457364232989333	-2.28602364762834	2.15818015240976	1.81963469442216	1.91439302697806	0.596095930486043
NaN	1.66680800946324	-4.60604056151341	1.30159078382658	0.999656954671737	5.26675283045085	2.30789764616006	2.06102852230408	3.93632677651376	-1.05493486136139	2.08328560248351
NaN	-1.88145671235761	-3.0028900509648	-1.66825905356186	3.77481247782138	5.29717260836073	2.45047295634766	0.602305441681977	1.97418734851535	-4.60279641246897	1.99256177226477
NaN	0.872221996347372	-2.8971376419548	-3.44416906456381	-1.20939519568036	-3.38202459374013	-2.17890428111276	-1.80783606332002	-2.47017905485022	-2.87577680867049	-4.84472314197411
NaN	-0.958017559371678	-0.48883333830404	-0.974843993735854	-6.09626978500074	-2.51031410443136	-1.44564603973513	-2.11526485388014	-5.48345973058217	-1.84877132206394	-3.12790464571966
NaN	2.34307659506081	0.412809364720194	0.0335398047377815	-1.61631669821648	-0.655480747448065	1.17355323850178	1.89148440212832	2.61130140942945	1.84377296912901	-0.119924091635168
NaN	1.98853589590723	0.716755428107097	0.448082374124257	-1.46979088436125	-0.692758950894931	-1.02215492174094	1.85162529951188	0.645688575860079	0.343244637094493	-1.10497178588214
NaN	0.445819904838009	4.03155756166627	5.40852718978326	-0.461756436639694	-1.63815572160192	-0.201516721420267	-0.849132315814152	-0.41693767018684	-1.28243391354744	-0.119436737210456
NaN	-0.466238851204373	0.806314145734122	4.16439034536092	3.28498845395351	0.959185984427558	-1.22496042840872	-2.6165220458959	2.44300043679774	0.13976082535714	0.909401202892073
NaN	2.5115547344437	0.525101628996954	0.196136189309932	1.8312693375359	2.36270423792232	-1.71001811305887	-1.22533424738234	1.88536186992273	3.06036137532238	4.61369917728177
NaN	6.36237154317802	-3.65727129840035	0.672098333007896	-2.87739640030106	1.86793816317548	-1.06788222371478	-0.00460858367117254	-1.6968094771664	2.50463220160121	-0.407605333314741
NaN	3.6865591823449	0.444365215412992	-2.15548463163587	-2.69771857280413	3.4070784810602	2.98359279587129	-1.07090325551295	-7.48012373680804	-4.93976270655091	-1.11950565503507
NaN	-4.09420758777107	-1.58068989035029	0.648330451600079	-0.809556210695172	-2.1108023554906	4.35931822359982	0.550274135119735	-0.208206685571337	0.434198811189399	0.776662187648377
NaN	-2.53878852938676	-0.14082971726911	3.96802183679038	-0.755376526544031	-2.73421007173757	2.73849392363197	1.20092726115776	1.55390052236823	0.0349081151883459	0.181352429655135
NaN	-0.594218246881564	1.72142827860912	2.98639210533154	0.659924479636825	1.00995402380187	-7.51128430901507	1.33139645341376	1.05111684311779	-0.437432917485643	0.0911831166497355
NaN	-0.418287503521518	0.936826681958326	-2.81562239636188	-0.58688051045365	-3.08566564313947	-1.02392159557825	0.120160060194206	-1.10091589137502	-2.21248566102902	1.6498298273797
NaN	-1.0188329642225	-4.35644465006514	1.49101491798661	0.33123931934093	-1.3907564379012	2.33960317025096	-2.13667286658344	-0.802306846212222	3.39345758651073	1.90594741545838
NaN	0.853017655468372	1.55351083429581	3.34776284939201	0.391309490494706	0.301191523177402	3.97295559855286	0.487402662582218	-0.836527861294267	2.56309169533694	0.641383562947309
NaN	-2.86151675392075	0.916651727435914	-2.43627541116884	-1.11548586494243	-2.02295304242764	-1.94981418095785	0.614703349482984	-0.02350551460194	-3.76854073983547	-6.01144603474624
NaN	-0.291110413534452	-1.99823216948674	-6.68746209631329	-0.676551150380276	-0.360045352394489	-6.04991867533447	1.67227633193954	-2.30115349102154	-0.366477571658889	-1.64634735834906
NaN	-1.22829016917595	-2.12554049183132	-2.74656070826776	-2.02654527197935	-2.08853763066491	-0.135701891986213	0.263343972645726	1.94672347839056	2.56576582342859	2.25440982244528
NaN	-1.35560440185293	-2.89450443693937	-3.93222010569463	0.426465786148153	1.39999254806062	1.0120802484916	-2.76093761851104	-1.02856074379919	-0.614188819835389	1.00128155152473
NaN	0.0472532517097602	-1.35536756433752	-5.88950186901333	2.12120439077127	3.8424320793316	-1.90475427255708	-2.78121003045084	-4.73124612731534	-4.87758598936755	-0.232993155943005
NaN	-1.12856784993759	2.95710614157116	-1.45597574397935	-0.3773512104145	-2.65375713534331	-0.525631929589059	-0.960540970330771	0.198180870713487	2.17938409140257	-1.60197186041118
NaN	-0.389445232510737	-0.609218810496396	-4.48998100213077	-2.65009303398834	-2.14029005469988	3.63266368506429	0.398556250448379	-1.82033066551855	-2.13743070183045	-3.84446669736099
NaN	-1.52875898602103	-3.95803708544674	0.024604233040389	-0.250881088084098	4.57855053978644	-2.62620234362861	-0.635627734144417	-4.91153575542775	-1.02340208750863	-1.41062118863693
NaN	-1.69590171440004	-0.354542279486215	-1.88398943962598	-0.584959727509824	0.36008338628483	-2.63418420489697	0.0786611404139194	-4.05889134472269	-0.919638719734268	-1.40862622578481
NaN	0.925269183892555	-0.0233795436168285	-0.733617963127175	2.30767727328476	-3.06353037768632	2.13466130395487	-0.564710327547574	1.24460640241745	0.963970429945687	-3.01594905834887
NaN	-0.444439187925193	1.89495673810355	-0.227096042726298	5.02751569218717	0.438841094501649	-0.415149429402857	1.91985254732066	2.81503419003188	3.07464681762763	-1.22517107530193
NaN	0.283497682325296	4.08784746157305	2.95198034353619	-0.296732405937617	0.0152631091713283	0.0375895464755799	0.333194555496496	0.16931536392284	1.09436803731533	0.140079849516677
NaN	1.05500453953475	2.46842422950135	2.10972254024882	-2.25980425571548	-4.25766451223099	0.0287083489980547	-1.86782429459765	-1.98299733726385	-0.713258273070886	-2.43532630778665
NaN	1.99046052681958	-0.802129242138749	-1.68771773668233	-1.61051886049698	0.596121077728505	0.742473005301044	-2.01380182362516	-2.47748008361635	-1.38367908328733	-2.39495288827168
NaN	0.0814449463524296	-0.0450983246718821	2.76352816239634	3.44684480368754	1.18749646493469	-0.137919158602862	0.0258185760067156	1.01574800912333	0.707621289059295	-1.2987257933107
NaN	-1.5294968796965	2.60229870549839	4.31248332070225	1.40335181647617	-1.812764158175	0.0875457194863951	0.455820356413875	5.36270978543388	2.77580368428228	3.23643806135055
NaN	-0.64485201146638	0.547556695582229	3.24898441116655	-2.13562389884864	-0.822832155340808	0.751916470917096	1.03742792286757	4.88002859946283	3.53253632043687	3.0323447795609
NaN	3.03994589018107	-2.60802709588661	-0.476244207734324	-2.95100166499246	1.32918659828268	0.679202442069166	3.6016102578442	2.07887366433439	3.81596444808103	-0.941974036761244
NaN	1.70805853043764	-0.276579820869126	0.725490922655859	-1.15815383853485	1.8091836732187	1.81304182318517	-2.19998099776607	2.16282712776884	2.4876102224275	-0.349137012176454
NaN	1.43553158334047	-1.98107638200291	-0.168778981909289	0.828044194773548	2.63761099078283	-1.38024790160093	-1.61212819063496	2.16982885200121	2.73736820752223	2.87377950697724
NaN	-3.04708875668026	-1.77816618018488	-3.82667084070184	-0.415180542348222	-1.92074616173738	1.963343556733	-0.825073613996234	-1.67765225182637	-0.64145964492325	0.900760793945382
NaN	-1.27519266925605	2.38687776569508	0.566414200236506	1.52731956073355	-0.683248207014243	5.15233942507865	3.05652659734213	-0.614460755618102	-2.96501223655165	2.99896376939929
NaN	-1.95822145794623	2.91030083718038	3.80816779576231	3.79418411612022	1.73900191298592	-2.24858882873469	0.353618493690569	2.16717037139823	-0.275529197621753	1.91524934862582
NaN	-0.695042246253954	2.12253230255827	2.97260955242834	3.49723668443793	-0.458125847913432	-4.97647878002	-0.938828304391758	-1.09152452322252	-2.12937229478396	1.41709654540838
NaN	0.959790141112765	1.2524526836549	-1.20824443163026	-0.797664140101861	1.26663561300934	1.90779705125503	-0.310744072136617	-2.70648347546132	-3.00428054848678	-1.23555784836634
NaN	0.305694673044218	0.997714655413586	-0.390608052844787	-0.374551452530361	-2.18473358785403	1.02086415694765	-1.24769705461183	-3.24563355899036	-2.35949339322159	-5.13136794616314
NaN	-0.422972363438479	-4.39461798773814	-0.75071808887737	-2.12213926006643	-2.07721729083987	0.658842550471085	0.436605979728239	-1.21175295011554	-0.363075478232273	-1.60348869684517
NaN	0.673593088065722	-4.21323285262211	-3.04492636409083	-2.02329467224287	0.274057732915096	3.91854825437713	0.232628851901241	-0.30656037532438	-2.56899805664782	-0.112484544634172
NaN	-0.345963959699996	-2.77919569287433	-1.36962750901928	0.682223190088019	2.57571494257219	1.91374327323166	0.480165166920067	-1.58757146779737	1.40295229841358	1.47434309755529
NaN	-0.758748338991037	0.539739253089871	1.48100005967021	1.03907233067426	2.59412474117083	-4.22532149317348	-0.602343425861623	1.33289960271235	3.51441788622481	1.32751546563248
NaN	-1.01879813666404	-2.1293766347656	0.0545786030230086	0.579407810870318	-0.125368373069356	2.54708380135122	0.617042635658891	4.95308988749822	-0.646655247355057	0.978787386183104
NaN	-1.44997119314673	0.388154875713578	-1.81119170188656	-2.47333784884881	-2.79704255703948	1.66484241071608	0.340991312764718	0.678254729827987	-3.2832138433983	2.86547316405532
NaN	-0.221330609502198	-1.20252671099725	-0.334606214473868	-2.1441510362363	-0.496441795065904	1.79145021830993	1.1274299080596	-1.7047735938393	0.326835057604984	2.71965434687036
NaN	-0.421416103449716	-0.678766591748313	1.11515961817723	0.103335384850379	-0.560748239863062	1.491802703288	3.65153330162952	3.82718464962527	1.04865736825881	2.22110613733297
NaN	0.00949246064759975	-0.0577437376132514	-2.30383844866334	0.171069968732063	0.41004882090537	-5.17530383177676	2.88158244359928	1.6878094547947	-1.84039233653832	-3.653330248459
NaN	1.41858633674482	-2.80399592195925	-0.558593280401411	-1.31715914679805	0.0817877906855294	2.45773443835488	0.694954895611946	-1.56780930675651	-2.38257558152972	0.157665720271954
NaN	1.43137662491113	-1.1121986856969	0.701968928323127	1.43178120580257	3.28982119897481	1.74161001875535	0.54853747159508	-0.994782961932333	-0.726609189554021	-0.545574151413036
NaN	1.8132545114049	2.19811846067872	1.90227323495117	-0.992703391877805	1.87852276047208	-0.655251053794733	-0.00775459781667349	0.239435727688211	-1.20508093470529	-1.13626271925142
NaN	4.00399629543193	5.91452170653878	3.87011965709444	1.48538162006344	0.455275960125204	3.67861649795	-1.37128977507724	-1.11681931319596	-0.594790125005486	1.2607722216187
NaN	-2.16583184540522	1.22321256486687	0.43878863393046	0.61837593585689	-1.32274900834677	-0.616959577116229	-0.216382413599901	-1.91241706462047	1.23859643762296	2.10502895932781
NaN	1.95083899161186	0.923058890373574	-0.561775256466988	-0.366237612214952	0.691891186643149	-7.21046202848175	-2.16343502699984	-0.237146878726546	3.69146669020527	-2.74342759670844
NaN	-0.0192235188593596	0.623443398137025	0.0977909605166776	-0.854632143813561	2.25933167120784	-2.21443804937349	-2.4904367299563	1.82094352779521	1.32422780491759	2.40972708870085
NaN	-1.50524775836531	3.67337001953885	1.88711071603672	1.82555718103873	-3.5133249660781	3.81663774213489	-1.73448182477139	-0.972660861937457	-3.14145746348193	1.46494008148757
NaN	-0.856275967867393	-0.699501404426947	2.86889308041304	4.87960253549249	0.917282508915851	-5.59806700852637	-1.4469360523227	0.498067791734263	-2.44755857601748	-1.77600371537243
NaN	-1.68687329854819	-1.20754031302581	0.668879440956374	-0.0214884150947747	-0.488662369161536	-2.09254610866286	-2.13785744476784	1.58845810490813	-0.484851237000578	-0.382284345384443
NaN	3.2237680023149	2.18784828051619	-1.56724785625035	-0.989304905676279	1.04447368169058	2.06562446690397	-0.667819329565661	0.918578927993023	-0.623537762443127	-1.17685691531998
NaN	4.17505897656587	2.13340882553727	0.750819060100855	2.2460969553832	3.05352664619963	-3.85884666367587	2.22230156674627	1.72660087090134	0.536098332940057	-1.34145022885848
NaN	0.482752508438969	1.11636211685927	2.61797049391781	1.542011933051	0.429524714599436	-4.06409502861987	2.62404472747697	-0.372787682608514	1.97449078990186	-0.517797458604782
NaN	-1.3517121917394	-0.832335260926646	1.42379587986573	-1.0828144201713	-3.12732875619984	-0.340452366448458	-0.805317837411156	-3.6428346377619	-1.42042265103363	1.06424078209978
NaN	3.25925363866369	1.14644106243904	2.38157838004757	-0.357543602649303	2.57434030765884	-0.473678697155794	-1.90110808161555	-3.22029663016672	-2.54950386134996	-0.0614309787848909
NaN	-0.867249877644481	2.46185504514446	3.36774400888083	3.15843873705264	1.78259229527001	-2.48498565849177	-0.630522079134408	-0.332415300248207	0.932090576673728	0.298310679281318
NaN	0.216000331228163	0.447270306235881	-2.33013294091719	-1.58169323778182	-0.0110621214417487	-2.11676616006404	0.521061060167082	1.72279148651671	2.28877368298232	-1.51515151951437
NaN	1.91621867444622	1.74255877544453	-1.01995513675181	-3.04023323346915	-1.39009655083066	2.0346517317614	5.28512122263124	2.13887364534158	3.84660280128115	2.15365123904833
NaN	-3.97150846864908	-1.52044152984659	-0.353732450090241	-0.642552684719719	-2.2927530106513	0.175437705844656	2.29727650764327	0.25267050723392	-1.04426090994024	-0.508530957124382
NaN	-7.32316876356919	-0.567561063018811	-3.18101382727937	-0.7431655651446	-1.76006613617746	-1.81736743434777	0.377007470197026	1.05585809845523	-0.714467910023315	-1.84482437030563
NaN	-2.26521572306429	-3.99342711616665	-1.6171037812047	-1.55787380413855	-2.38017575908536	1.28558389920607	-2.8362930764723	-4.14946387605508	-2.44949943805942	-0.436560834766189
NaN	-0.901841280296034	-2.05365552279493	-0.970165502256704	-1.12775171431277	-1.95675485582433	2.32638675189333	-1.06433317342811	-1.39994611089357	-1.50205236844916	0.023698979206235
NaN	-3.07059486178836	-2.86350480587418	-2.46478931911645	-0.992563973521389	-0.74366622576153	1.01679857036513	-2.27348780546961	-2.13332531595319	3.0573998712283	0.562317225806987
NaN	-1.53614214230385	1.3010815642695	-3.75029847524974	-1.75490804574309	-1.97135033423461	1.58702304729753	-1.21320163308971	-1.87269072225354	4.60442504111514	2.43015953977322
NaN	-1.27655919710997	-0.165085786817893	0.157186874822125	0.969567649498654	2.64370332959621	4.53521134462015	1.01139044258042	0.77617103237305	3.15925520459495	3.72076246962882
NaN	-1.67995330678687	-0.781383267975768	0.107079918831859	5.60001436816152	2.55244994184515	0.859235913712254	-0.980482200818604	0.771579722341871	-4.51980954812064	2.99236683094301
NaN	-1.14980764239064	-0.143714254417282	-1.02902040985702	1.28023817105482	0.220251819700801	-2.2091800004092	-2.415806419014	1.00627979735973	-2.81268290890246	0.128278849116489
NaN	2.95951557005756	-1.15086886340319	-1.21619791704185	-5.48132309631349	1.15541126453978	1.10149596304044	-1.54980880901054	-0.0806652784616304	-2.34354782588933	-6.09337176713261
NaN	0.928406856212449	0.272862818359905	0.716161619380853	-0.611452437854872	1.16528226606633	1.80414244918744	0.874635486477126	-1.39894332359529	0.100539266020467	-1.64935410440783
NaN	0.325852124152736	-0.417269656751048	-0.938439884978598	-1.48670396616026	-0.368584574719875	2.16104533160911	-0.805501404149864	5.39923330057942	1.64273547624463	-2.65503651690608
NaN	0.0577428233642721	-0.748866048978924	-0.197463923512626	5.42455828825348	3.90248802976723	2.25643778628897	1.75505494004349	4.12495166304876	4.16345672362905	0.00772180586672797
NaN	5.84750551432756	2.04849942440166	1.49831835173772	3.91010415343436	2.62660251927622	-0.377925410949108	3.53289731180701	4.59739554395372	1.55431368870042	1.52330895185991
NaN	3.2795454226828	3.20824950191769	2.94538852923349	2.63113505701238	2.6923420813172	-0.580526863801246	3.45390855467519	3.70287134223072	-0.212799831205914	3.1878751193286
NaN	0.817825430277013	-1.35283264421501	1.83372103466335	0.486657870658715	-0.443626383281193	0.551809576870529	4.34066996703317	-0.433040390341893	-0.0990347530226051	-1.60338016875313
NaN	-3.78717841229482	-1.19304643875751	1.23672320154902	-1.374248987794	0.180982312328189	-0.600130211149174	-0.272003263514643	-0.402660458464445	1.13304962098174	-2.91768327937677
NaN	-0.467590580076871	-1.44711458026385	-1.21664208537046	-6.01237109032087	-2.87719710801284	0.81437164807435	-2.34932079711202	0.32429069709937	-0.81516073330356	2.20185896814913
NaN	0.432120505672705	3.47278294958383	0.751019604716464	-3.40158450694055	-6.48069051394924	2.03937483149482	-0.335163185890983	-0.701843740562604	-0.368556270125999	1.31976626594585
NaN	-1.99413968998604	2.70564102482456	1.6607438052667	-0.251788590470644	-4.45278290287592	2.94242878191075	-0.558486296397615	1.01342950189036	4.11533836504452	-0.684222747184623
NaN	4.61256569062433	0.488191497677732	1.78110357839676	-1.74603437096737	-1.48220721622025	2.64646567670861	0.907919505469077	-1.3870772727228	1.78138555744392	-0.409412676251962
NaN	4.72497298097513	0.39644049316181	-1.1840221710474	-0.136444667750075	1.1968426880176	-1.99688459417389	-1.23223960151867	-1.08950255541412	-0.864482464341533	0.448965771489522
NaN	2.24608308145713	2.29743635731171	-3.7181697251869	-1.84780500165379	-1.59738477143293	6.62054808960496	-0.306540948654052	-1.28901649785862	-1.62749648793528	0.510599242317755
NaN	-1.93981803047755	1.12864797490852	-0.802188763268486	-0.843073705593352	-3.85558937431455	0.810190787635429	0.910746795021869	-3.17522311934087	-5.33841060219693	-2.95277137828906
NaN	-3.23690294803387	-3.27239751874818	-2.2981880780819	1.07442385437787	-3.15990893535416	-9.27661802600537	-0.594951916574139	-3.34891911354297	-4.19726695789906	-0.217127224547518
NaN	2.51684558278465	-4.86058703686888	-0.175687081137103	0.879620973606702	0.197336812080409	-0.500826674608931	1.66446303512177	-1.980581030934	-1.01695190118847	-1.98201504185624
NaN	4.40978229392204	-1.62054277448984	2.38547012962031	-0.714931180033445	2.23394920592079	-0.0945369845985359	-0.492502074988259	-1.58595861648332	4.28873013786687	7.49225621327898e-05
NaN	1.92028502557154	-0.37866895365094	0.643728990905901	3.16093822685299	2.30551374170531	-0.932787002403746	-0.42224942828483	1.47328248462986	2.50603358429386	0.769272641007249
NaN	-0.820348304310033	2.4360115114323	-1.03043310528504	4.05795698128597	0.953631393591899	-0.366755113665973	-0.446874954147901	2.24993469585525	-1.92985505401058	-0.445255605984264
NaN	-7.15536065341939	0.940927779043283	-2.83861300755396	2.65406891875214	-0.694430166847508	0.340555838825481	0.589062964770989	0.282690235952729	-2.7358648017795	-2.1539549179834
NaN	-3.25349979187602	-1.90310160686792	-2.89859306098384	-4.90128260889608	-2.34989287719099	-0.636022997358763	-0.740282312784792	0.631909624256458	-0.0116167627459707	-0.753050996709816
NaN	-2.96367198532126	-2.41657388134615	-3.2743871065635	1.49320671769453	3.7381100842184	1.80869398837809	-1.1781157521607	-0.595628912226443	-1.08607409936715	-1.90352454710477
NaN	-0.519692368733365	-5.2742208571871	-1.6819416430175	-1.05839082927236	2.2218520369191	-1.3352300154179	0.689559713746988	1.15247622776667	-1.52209644657734	-0.833625413284671
NaN	-0.703815138182091	-1.36255689007251	-1.41804799390293	-1.61342751101234	1.28036255351756	-3.07064955292285	0.736825433260663	-3.04429045296747	-1.96326955753659	-1.73904107426247
NaN	-1.01520891321642	-2.40896578817428	2.18968115808601	-2.29101455097879	-5.2945515743233	-0.189388743152446	-2.89386443939057	-3.90227072388224	-0.765096653343712	-1.83068335282761
NaN	2.92664951213452	2.44274322731794	1.51983631330977	-1.44372865275102	-1.18394601436596	1.01044741718834	-1.44225838874887	-4.08137107598912	2.11606884212955	0.493529887312809
NaN	2.1149640916991	2.41877856217391	-0.255094613890402	3.83296516673867	1.58518926869029	2.80408900143767	2.99376061951662	0.00731586420545498	0.0877543386881592	-0.325461707624041
NaN	1.83097070721714	3.00680414460067	4.15652587789562	3.00457170076957	2.59420192936009	0.339722075789537	2.01335830698019	2.64276861816079	1.22252590124789	1.35759907495165
NaN	2.55539121271753	-0.431887114886316	4.49523387440108	-2.73915040267408	-0.806878952560938	-1.62683495305255	-0.308908478194736	0.658807562093202	-2.09070160225493	0.101605947846172
NaN	-3.3168650089299	-0.523528218592072	1.55957300890926	-2.59707473836498	-2.28481904243671	-2.61885621714445	1.83020846646587	0.581682639437716	0.148814588339324	0.737947487577201
NaN	-4.1027493825736	-1.61379288947931	-5.21362252649329	-1.73161866324871	-2.84131465184683	-0.326146890679996	1.24399847357154	-1.90492085243559	-3.19994510527946	2.63034027205146
NaN	0.106713830104828	-2.26204551946775	-4.28400523527251	-2.97264660124393	-0.1114102880333	-0.274116207564697	-0.737609340671595	-5.42165145915625	-2.17816880647287	-1.43402851588148
NaN	-2.47814632954988	0.027833976425173	-1.14524302156738	-0.289724167808589	-1.03275554411977	-0.974920949412262	-4.4936562701481	-4.16455756690151	-0.932284726736032	-0.909534133369386
NaN	-1.42749629358557	1.4761086965281	1.1030746467842	-1.02547498281885	4.18341357751083	-1.66404176471488	-1.82110173965756	-0.47703606070961	-0.739229265259876	0.607089325109868
NaN	1.07921247798282	-0.481853766827535	-2.0197417961943	1.00726806646006	4.2519209850363	-1.44531137914117	0.56757409322137	0.457337029314068	1.13880997394101	0.932263766443508
NaN	-0.844862932419246	-0.740387699607562	-0.375277543753762	-0.252756849199539	-0.897796612252993	1.41260744556164	3.06789760794022	0.764142478101677	1.14507445512643	0.506165464890946
NaN	1.92296369113819	0.730831750738514	3.09780171629281	0.153694645147053	1.31810493147064	-0.754613832211865	-2.22221866381501	0.299015119916729	0.676947394373406	0.952410503429086
NaN	1.10339032255974	-0.388618086646399	1.5460591132736	5.79178002474924	1.40661327097622	1.35663952962883	-1.76166599317465	1.7362637207969	0.636811818445075	2.61423836711908
NaN	-1.50658295158102	-2.21182913370138	-2.27636831571512	3.52445595502691	0.444680471445507	0.350747085915367	-1.34840900391073	0.227475412465737	-0.294520171483759	3.19576573424339
NaN	-0.328155568581343	1.29439312080084	-3.46138478407564	-3.92026120833889	-1.24699527975128	0.339169695797907	-1.08640092492388	-1.59099955736067	-0.0387601344000792	5.54474935446874
NaN	1.00483894233644	1.33839014704595	0.366985895486324	-0.740201618203269	-2.95333536259232	5.17777662766207	1.59892369016202	3.80748385525853	3.63699015668084	6.62331659037979
NaN	-1.67305541989392	0.399093538751649	0.991968591507223	4.94346179794341	3.38315606117798	3.28214840801049	2.94453955509137	3.96546912537598	3.45707379738464	2.52827123175722
NaN	-1.15586299354652	1.48061507562768	-0.282112396366029	3.89256978350667	4.26748044589366	-5.42016690861975	-0.631969625632441	0.0748930813816651	0.496241883209018	0.489366586948693
NaN	-0.16593348248749	0.24527777809023	0.188927979703954	3.5211097163803	0.778467415429874	0.145576709205343	-0.486101004080413	0.350595880692938	0.201881850759279	-1.89179285099463
NaN	-0.94958628704381	-0.667528544234755	4.25683415473225	2.82460860489131	1.27338729071773	3.73955207124121	1.31844577091253	2.46983054272849	2.03237558779904	-3.77451303626278
NaN	4.64733727293226	0.0538719187791109	5.23109380174312	2.08321188752818	3.47437509135629	-0.613462736528766	-1.18658482961559	1.10589976914317	2.6927429847533	-2.69300803632871
NaN	1.46229943574505	4.01261123196473	6.20289342532705	1.06017555299638	3.56223671554414	-7.46502418984363	-1.08378058200805	3.04103270493343	1.30063153216783	-0.295486824152066
NaN	3.82786893446851	3.43609119405923	-0.615127545916405	-2.74655530011928	1.86523132043028	0.112513192705826	-2.64746787913284	1.08815853831466	0.342168605892694	-2.18315976264638
NaN	1.74015616344052	0.839252798942138	0.0828645133211556	-5.04914886643911	-3.5151026239119	5.28164218363883	1.37820425905454	2.00549040939595	0.989067572323303	0.261239847923173
NaN	-0.57550074012157	0.299590388726326	-2.23648227527635	-4.23356201184567	-7.0479258485619	-0.946593568297248	-0.77538804174805	0.546752161356901	-0.620599561952509	2.38480838383542
NaN	0.0998605965454234	-2.10512900177626	-0.395456492261449	-3.18081938844227	-2.6572790374947	-6.84488166912246	0.537675662624529	-2.11140762099207	-1.67698351937422	-2.39831474883674
