NaN	-1.52545893431133	-2.51527242977783	-1.96162337723139	-0.54879179881794	-2.31874009693189	-0.525888126220832	-1.98486872848958	-2.66487245673433	-3.24980485736785	-2.72412857091973
NaN	-1.01278752805007	0.0659234995523199	0.262834245789243	-1.06301283316611	-1.50255916856415	-1.33244836892396	0.739408579139871	1.16794607927062	-1.0947262849306	-2.9525121940413
NaN	-0.822383558228709	2.48920001430124	2.81985946157342	-1.76201466279951	-0.948819057145142	0.096832119111987	-1.28890570581139	0.442191358807747	-1.70563060136741	0.0557100266591124
NaN	-0.144547409742156	4.38270591462544	0.632292616665784	0.348689650871213	-0.4446960751344	-0.39470401458852	-2.21525466360794	0.725510778152793	0.0243638356080612	1.48334287700803
NaN	3.45329534977859	2.27478125927477	-0.848345589663256	-1.68442902427715	0.742729727076193	0.180787708990999	0.520415148482722	0.855542066432457	0.960896881549479	1.14778247472909
NaN	0.833862566636694	0.622968177644704	0.116114601098024	0.792661615503545	-0.430975945376694	4.32766957932285	1.97214347945526	3.80257301466273	3.07921631006186	1.47712424233923
NaN	-1.04923005604653	-1.3843536512021	0.745238699754635	2.40587561675949	-1.02371830260302	-0.2005968955682	-0.728993471882634	-2.02496258678821	0.752229108870221	0.510285856517327
NaN	-0.710772073757811	-0.861669162494596	-1.54530276975484	-2.17073709351384	0.696695320490879	-0.829338587782961	-1.99754154766364	-4.05985483828346	-0.209698063079205	0.979812636027515
NaN	0.638738936439185	-0.549515878138277	-0.377528237948051	-0.595304796444302	1.61148467417591	-1.6251251081441	2.41009130610345	-0.178161049265565	1.87836722834328	3.75870856453647
NaN	1.55241065902995	-0.521697931741398	-0.556101558448123	1.67242048662409	0.853138636285346	-1.22883532351745	0.238468871650839	3.51389373873686	6.56391264519934	3.00303836328367
NaN	-2.28706492426205	0.846341824205425	-1.71421138921311	0.17846223871232	1.86880625144405	2.35048505310962	1.7010742352203	2.25900080143557	0.3582425262377	1.58462404975382
NaN	-1.57505161989657	-3.60355680352512	-1.07060382983299	0.273842709653182	-0.241245794008839	-0.296487412445387	0.169450525850581	2.1223852699494	0.397559141863543	-1.12019522815273
NaN	0.347211917421431	-2.60166392564142	0.535268483253671	1.86667130587857	-0.200576765268143	0.9694774134614	4.73253845564358	-0.260010898276442	-0.397715358914545	1.33767459942441
NaN	-0.559700104682342	-2.60115665722689	3.83800697433926	5.4967262310617	1.80767214647706	2.64716221675294	0.463066566667946	-1.50391750362851	1.9111311021011	1.4990590727444
NaN	1.99558880312164	2.4333273722798	3.04209257409903	3.33990482734424	4.44452212297884	-0.728524702020013	-1.44762795572861	-1.25201243998963	-1.41268230786776	-2.15905462480045
NaN	2.24841741722878	2.7938449093101	-1.79325339823581	0.839571702762822	-0.147964960325384	-1.93610484470919	1.48772554882128	-0.868897812769666	-2.86987861959732	-5.78459594195013
NaN	-0.45195743435316	0.768453610732194	0.424689423809973	-3.05412446372073	-2.06277824072694	-0.341734352021096	4.06125101951252	1.04568789110028	-0.376933783972367	-1.08187712961194
NaN	-0.477462341906566	0.082929586356516	-1.93762060312678	-4.18316688593592	-0.115742718298161	1.46551460357353	-2.83118647893849	-2.7529257682863	-1.47198790704297	-1.95883147133752
NaN	-1.25389016157142	-6.27221160311496	1.25166601422274	-1.71026883532952	2.52160666831638	-1.46398882117326	-3.18528210322132	-2.97023741599776	-4.99466235190922	-1.46018227769959
NaN	1.11683082612348	-4.04203613857061	3.11081139844525	2.84989809827477	3.10273304334107	-2.15062846920329	-3.42298647892326	0.84732316801874	-0.672401853644481	-0.806794570340346
NaN	5.14340978871367	1.65778835423853	-1.57383403164091	-2.25279531072442	-0.667374634524711	-0.259604792124449	0.695375035391954	-1.32573622835098	-2.83201596023721	-0.935101613961293
NaN	2.02009293184191	-0.609451307083984	-0.575331004777575	-0.984742701592069	-3.43604371685831	-1.04090352734941	3.86752177635473	-0.292665304925158	-1.02161466454098	-1.10173785988211
NaN	1.16653668503961	-0.567807712839603	3.82649645276288	1.13282978612785	0.385600255794006	1.95559035383285	-0.724539767097117	1.62243801263595	-0.338292821087563	-1.01955050515916
NaN	-0.163589663578383	0.570210935129974	0.559699257512814	0.706399123903499	0.0889531717621428	-2.23783919460955	0.41293087607418	1.30478716228653	-0.552997215947171	0.979454603877063
NaN	-2.29155870581072	-0.0860566875434839	-7.24583343107145	-2.19451052802748	-2.65414829374857	-1.46626700124375	0.8810771386231	-0.612557085695629	3.21877863194537	0.212469653716411
NaN	-1.89229825943973	0.298986829789782	-2.24246649278257	-2.52316601721989	-0.524359634768165	0.430611490945908	1.24225455129953	-0.655994769162487	0.69084723829376	1.60946090099182
NaN	-2.54909533632389	0.98434415859607	-0.394722530900843	3.13901495836625	1.00283659698489	-0.874619649044132	-0.212137377772582	-2.51872843267154	-0.665146349429512	2.89069462747093
NaN	-1.43917367078009	-1.90995236885291	3.9827250215921	4.04737045846236	3.54652749318622	-1.06020480851509	-2.22399464685645	2.95939076851197	3.9468072963113	3.88389897872456
NaN	-1.65307015056272	-0.253676338206041	-1.17761450660641	0.889975776126003	1.17263180181405	-0.0235790431135765	2.09686084365097	2.18489118822746	1.67991945682589	0.801345431103157
NaN	-1.6464274794489	0.860829461618112	-2.39033473220308	-3.09705744451137	-0.385951062545842	-0.652832361948524	-2.87501792467534	-3.16844785542723	-2.44519105683805	-1.75138012093029
NaN	-1.09659563101419	1.42291622385828	0.137933775282171	-2.70752865798107	-3.93637656529286	1.27899883080553	-5.55570524181039	-2.87466272023813	-2.70898585187032	-1.11600589161039
NaN	2.20148148131244	1.45852321225969	2.68429813114279	1.02593349552154	-0.0616513248641429	4.94070491074351	0.995762531357442	2.68768006061677	0.526017845285746	-1.17138614217966
NaN	0.382379623671919	0.0388263173664545	2.49271832899592	0.332159378998513	-2.01615651810083	1.01259579400343	-2.68454010871815	1.75285110004183	-0.654513923001081	-2.25247276378117
NaN	-0.49095616342025	0.479023534996014	-0.228851133932153	0.707292890231634	-1.72120550584199	-1.01516911396769	-3.97671955989159	-1.48589450184627	2.96112818363839	-0.38289023789658
NaN	-1.44089628241046	0.41348082973441	-1.98397990749717	0.491290338592538	-2.79362952912676	3.73220009183264	0.81357708464731	-1.14598218938764	-0.0369001890485961	-1.0694315663554
NaN	-0.779885372786489	1.59017069555189	-2.45752463564711	1.87529310415246	-0.628588848506154	0.435229152690367	3.83430312335852	0.00802466443548164	-2.75284580135145	-0.265662177837001
NaN	0.134731552632952	0.332202884342767	-2.98447073434213	-2.87432834278638	-2.86967846817254	-0.203413407591002	1.07191709750093	-0.499399142052242	-4.05774744810503	0.358306641718696
NaN	0.916070901033442	0.0416487326720554	0.680566043867415	-0.498193418752727	3.24735407769991	-0.749101034196942	-3.9837931260942	-0.804821626679118	-0.357617974744915	-1.288481640003
NaN	-0.0601292359798135	1.53290808254441	1.31828899662935	2.58668470266748	3.3954027258357	-1.54707145883349	-0.713232511453011	2.0362358414367	0.605976604245987	-1.14414930062764
NaN	-1.75187887361443	0.16112874401737	-2.01256630788099	1.99968456700781	3.1159788402968	-0.432542873130797	-0.510112435691207	2.47365950827278	2.2894277053313	-0.647806616659758
NaN	2.23811181144381	1.86638002050452	-2.38117956824435	-0.361095112197028	0.181861283589737	-0.669149010412934	-0.747198054557326	1.42028046296248	4.43710484620607	1.99409559842444
NaN	4.87521221559486	2.91104966273856	2.28470015333127	-2.40749115157303	-1.84896109365963	-0.0533962163913533	1.37455362944912	6.45803607738078	2.09794810346737	1.70188831266446
NaN	0.768782318639312	2.07529681548987	-1.36583744207145	-1.18733123284575	-3.64896804738379	-0.979474180505514	6.22745862628862	-0.323516346842388	-3.16178869881229	-1.3390529565636
NaN	-2.43908005723262	-1.9855920193335	-2.05139834920976	1.84927904332768	-0.489341116804	1.33215429926826	4.27550568281851	0.538994976710478	-1.26645863482618	0.015628491738477
NaN	2.08592798268037	0.880856604542027	2.93396096728566	-1.14399684546002	2.68930165863072	-0.0474338902892795	-0.429866773762439	1.54115684635488	2.15754305866602	1.1044303107652
NaN	1.55738878587306	2.76639956993855	0.169869626745518	-1.8305076775522	-0.0761951827310096	1.13040326097292	-5.397305048268	-2.30258069464801	1.41155804029709	1.6955418955163
NaN	-0.359029975296658	3.48622055680931	1.04912824869017	-4.49535093301543	-4.37620855859603	3.53824233032088	1.53743201902886	0.922452476875319	2.67986083945699	2.1052711879779
NaN	-3.10959067636675	2.20460086681878	4.94149913595692	-3.56207086716475	-0.17014429470783	2.04763625429684	-0.405639650324585	3.12223883198794	0.670828027138576	2.80738475124037
NaN	-2.06049349793999	1.42987103863323	-0.0531491550001108	0.784644161204094	-1.93418829477156	0.0926359248804264	-1.35866861937609	0.573061893657682	-0.427322811744615	1.18681569814263
NaN	0.350292688324876	-2.28089796273393	-1.69044889909777	-0.528544399037961	-1.12310898565713	2.33284796876691	-0.926748789111853	-4.92758661271034	-2.05162756984106	0.276508989497047
NaN	-0.572644960453063	-2.75629938228513	0.746076223651857	-1.67843357303017	3.35530716530565	0.225705496942392	5.73657725882536	0.201149948909415	0.303134841865114	-0.445346447860154
NaN	0.905862575073691	-2.0289210110371	-0.139249303120291	-0.137787413083484	3.62924471238747	-3.80826602207526	3.36109154748143	1.2231206802936	1.24487330656584	-0.848186567225702
NaN	3.69294727280024	-1.06931213507069	3.18493290327712	-0.566242207927775	-0.493393250728604	-2.3105021297878	-4.12025066334237	0.329107085349983	3.24830875552979	1.22339277578108
NaN	0.689686700345291	-2.0387167571942	-0.744812292262039	1.27182571105575	-2.50243866024088	-3.90908178889677	-5.69737833608145	-3.87486210433791	-2.4482538691557	2.83131397069521
NaN	-4.33725202390893	-2.96935894540283	1.28777171605595	-0.748806975337274	-3.54534139874067	2.07292766735435	-0.11732485874488	-5.41456769212551	-5.72865009300271	1.18981003795367
NaN	-2.48882009816344	-1.59684104050045	4.45118306891099	2.7876206458596	1.22528591585684	-0.766487540269169	1.30011627171865	0.00739582584796248	-1.7292794037872	-1.88648164754129
NaN	-3.31657145251138	-1.47608985241513	0.277581431289678	0.483905142941208	4.74695359486822	-2.08598101864229	-0.67121275927503	-2.62548097401898	-1.56053140224109	0.344245377601224
NaN	-1.19920024358577	-1.09927834793789	-4.13847926536838	3.03847751184515	1.68092896535109	-2.68884750288896	4.08418638190056	-2.24821940089298	-0.672257463102412	-0.786456394916998
NaN	0.833754682709216	-2.66178013450558	-1.51251312014838	0.421967251225581	-3.96164498968923	1.86667070845233	2.13849828454439	-0.480338176844616	0.3003658404686	-1.84706812142514
NaN	0.282440192553739	-0.891805164046856	-1.99191408347668	-4.13265883524534	-3.31670107944609	2.62898490147082	-1.74615764475362	-3.31969418243738	-0.220092333421858	-1.58759207763082
NaN	0.327368006985059	1.386924857074	0.91586949984201	-2.99818151857545	-1.83350882757232	-0.987222970696129	-1.85018003462141	-2.60965216457613	-2.18442909974441	-0.940658030454074
NaN	1.59499520432347	3.42523969343066	1.75416970737027	-1.35270762389027	-0.0438105230590132	-0.577056103525048	0.0836559636847799	0.956114887759298	-1.99777796282084	-2.48465286080903
NaN	0.046809520138615	2.4415434931236	0.769630155348785	3.81457378073987	1.70728755531112	1.1218216602163	1.49383897381492	1.83504498392456	5.3024572500364	0.544292680083059
NaN	0.324879696768957	1.60041709298677	0.00239402226967464	0.689235177559418	1.89737587408763	-2.54386160146373	3.47853161420605	2.95836624983834	1.65174737565798	-0.331171524862258
NaN	0.702159138405263	0.303848212120357	-1.34901966337512	2.62930073026342	-1.54270925743029	-1.91543547049965	-1.07690157399404	0.652436590221094	-1.53764463160017	-1.21450242050767
NaN	0.0628759925378958	-1.95319581910657	-1.38243575393448	-0.983234051715787	-1.82617848552939	-0.548475621713238	-4.58290906520404	-3.11406265714906	-3.67582568081619	-3.37478321413422
NaN	1.64105472872396	-2.47979682758418	1.94029483414266	-1.89449294036906	0.431589837487904	3.02800535746726	-0.782786369033323	1.14989166322723	-0.0420556060591401	3.08263201942224
NaN	3.87340909949621	-1.60262222720552	-0.621759358890277	3.17003745112328	6.88517755915707	0.410405366025251	-0.0994002140464211	3.37646757127185	4.24071650058757	1.59028600420946
NaN	3.61347118701248	-0.506673614677693	3.03833218440355	2.61524720572184	3.64662036666172	0.121369922560099	2.2617827138189	1.22618495950547	0.152766499988193	1.55883349833404
NaN	2.36043232619152	0.85973113829919	2.93356795435846	1.46678914643051	-2.70660918694955	2.81153209734613	2.50159433087982	5.31923082839184	1.39309180215984	2.35256068693381
NaN	-1.08159433432951	-0.843751223015124	4.06061974994108	0.281695067629096	-0.501720091157444	1.14186805674617	1.17525617367767	3.74488037310433	1.02171444486993	0.804855785791984
NaN	-2.51552414172287	3.08557317247054	-1.06129814303085	-0.917517181424886	2.90698272738206	1.47345346662628	0.945917929127093	-0.85917750924497	1.70328687659934	-2.6173579394398
NaN	-2.70871887155052	1.66534324734022	-4.48872694462492	-1.9045881474906	-2.0785268437803	0.64290788566811	-1.67693726667122	-0.406186291123318	-0.492476713727704	-3.02387602331271
NaN	-1.25117791338017	-2.65124920998381	-5.53917955342812	-0.911653909694433	1.78268451129096	0.432388261412907	-0.928655595059957	1.57061151463833	2.46239241006459	-1.00499924371154
NaN	-2.50798956482859	1.06606583213382	0.845299269073252	-0.0816848534880513	1.08089559797353	-3.11923994957436	-3.9464750563148	2.27044188152274	0.433401314252866	-0.248687705280045
NaN	3.83433452732915	0.273470588940482	-0.888361217114352	-0.299660278602718	-0.624222444284279	-3.36750490928208	-2.28522921650194	0.032198638374711	-1.1252104676605	-1.85118877298691
NaN	0.900131169513981	0.000137488349477349	2.0438129668316	3.09053707835127	-0.809901992334804	0.794987696029356	0.443655942686894	0.249238719258713	-2.06864031093553	1.15258614509931
NaN	-2.1134232180719	-4.08406995652251	2.12363188997274	4.31282138817675	-2.79769124957083	-1.30050735638528	2.78447363068517	0.190446143704299	-0.160965581174115	-1.48766926278836
NaN	-2.35210545940241	0.0910247125378063	-0.733618584527385	0.722773311134555	4.4951652865784	-3.60832805149584	2.02914582002468	-0.300749175587553	-1.43947955288602	-2.68917434647399
NaN	-1.42632069872579	-0.150316383942782	-1.93558268524593	-0.344412678587592	1.25739783035052	-3.96579068545677	-4.55340117032096	-3.06757207410194	-2.62171414619078	0.997317129577973
NaN	-0.785576183507614	-1.07541873143617	-3.49803328534835	-2.55809976821189	-1.79079609934242	0.520432761699791	-3.70593226068635	-2.30061158888573	-1.69788073534613	-0.280081297492403
NaN	3.92570722958555	-1.10317664392662	-2.22114899578359	-1.07135454660924	-1.5295749631736	-2.48882814342582	-1.14451765049558	-3.53455422312779	-2.57317050415062	-1.29459265140854
NaN	0.777365276381097	2.84532767215736	0.341444074821284	-1.01563250680424	-3.83844833365971	4.87415038326929	-0.705871035910955	-3.36834635579555	-1.31655291672354	-0.636302701060377
NaN	0.200195878303063	-1.05230234695363	-2.51265355318246	0.59237792345244	-2.31022174761443	2.64956581940591	4.84182410224238	2.4384221201473	2.09413081420171	1.47725828250993
NaN	-0.0370714669351614	0.100844387573105	1.3264280462508	1.75275640524814	-0.406400969318447	0.961615247606985	3.65247475520372	1.49682981992174	3.92722761063995	0.76548312949034
NaN	1.28020023530629	1.09064568436976	-0.787540265874801	2.52250345770543	3.1483549796484	-1.3590911387429	1.44954632938233	-0.87029098222665	2.84110847374784	-0.234598839450553
NaN	3.40130021233265	-0.753423554666321	-1.12046300598928	1.35611430366632	3.03650958902194	-0.758394507961618	-3.19740948005886	3.61712915232967	0.915137440750352	-0.0238078166147166
NaN	-1.17817814633303	-2.12715252211488	-1.81684053098035	0.650754420142346	-1.9981136466655	-0.643253987657129	-2.99371962366099	-3.46534030834787	-1.98481083799553	0.375771033074126
NaN	-2.01802169177197	-2.51732482620515	0.172239894790477	1.9166753321277	-0.309732163478618	-1.70481348377866	0.795199508227109	-6.91578155707272	-0.593716692775817	0.868367692774407
NaN	-2.85609903762907	-0.956860777309879	-0.402742689234387	-1.73182926757436	-0.574723258199839	0.572362366045108	-1.16785146181303	-3.50728470418966	-4.53773287759161	-1.73769411967656
NaN	-1.74472919378773	-1.47087961224124	0.327300327839078	-4.03091069849566	-2.25939420554816	1.66301459171893	0.0179150139840217	0.40767514999481	-3.33717574928718	-0.239804710300018
NaN	-1.7825206072476	-1.14610505069934	4.91290448672718	0.631593019930222	3.23412609527459	3.4686514807196	1.48392937282774	1.72045108178816	0.609094490320567	0.69026832374091
NaN	-1.61984972413113	1.04706716163687	2.23575700222949	-1.39484994222063	1.07413835922967	0.552891896289731	-0.596990097700362	0.119921770623689	0.805360118957515	-0.632706242061925
NaN	-1.34410933668584	0.693938193191797	2.33224553919566	2.32656708283352	-0.829137514423846	-0.252630486317525	0.305462049815905	1.18896147026916	3.55510535973563	1.48051862531339
NaN	0.014199910905808	1.11217079418127	3.45651172939459	-0.0829443763119092	2.14554032404703	2.94614457595836	2.30440541640614	3.08736831188344	1.06789125839067	2.62339647494243
NaN	3.17177204385756	1.37152952785126	-3.1127188942951	-1.11522738923236	-1.88542921652313	0.803411801072495	-0.25304171395574	-1.23211739790313	-1.52393716546949	1.00300024172139
NaN	-0.120809986772422	1.31291666380532	-4.66639431387134	-2.85524155075841	0.374249437606293	-1.19929621245715	-3.87824154968896	-3.75582339305377	-2.81286015471641	-0.343697266642567
NaN	-0.746829902790388	-0.683142941631765	3.23001505203594	2.17036332520799	0.462782715474801	-0.832442391381013	0.565312105254526	5.22065405978079	2.16774094306663	0.310519719415569
NaN	-2.45771146376512	3.36049227879336	2.04201701373323	1.37815849353337	-1.26940667702753	-0.375264652005644	-0.0914969244973896	6.21086934463978	2.16545595059657	0.577834969980517
NaN	0.0414050860724539	4.02245648490109	0.449864408767118	-0.109652574646343	-0.760247983923208	0.184715478774017	1.6456937033889	0.619352294388871	0.385579289155921	0.87858624947536
NaN	-0.0316091572993772	0.956837371256982	-2.44111468470346	1.0117789997242	-0.0696246659953519	0.830330666782742	-0.60618565478915	-4.01612101471658	-0.921430342919626	0.909325969916864
NaN	0.0471760073444671	-1.32267107611375	-0.194826539490443	-1.65215140468746	-0.00364244945391078	2.19654464542867	0.660189389375315	1.37444181399553	-2.30604403873208	4.13502879701128
NaN	0.436211935170078	0.280067888242134	-2.80583773582223	-2.45993016778128	0.919505273228548	-0.129401337022153	-0.265034753631324	-0.381899947442041	0.668763521641399	4.2170386368118
NaN	4.80226547079821	1.05785150817211	-1.52793635898073	-2.07942968318165	4.08395266067945	0.649525342429961	2.22015309412453	2.69083057927176	0.513359459136216	-1.30709266090067
NaN	3.44547810139928	2.66617939874804	-1.07615597321846	-2.80294987936599	-4.12675627219343	-0.434472106309316	0.991757377587498	2.92936790620813	2.39378223971415	3.0088814032247
NaN	0.973143164522229	0.52465433210865	-1.85905900057322	-2.93647422762768	-5.05659885943287	0.770550995319383	4.6335405737338	4.16612948907929	4.14809723287483	-0.907246222079508
NaN	2.12070443565786	1.60602218460331	1.96290557844664	-1.46175901230026	0.881514326044267	-1.70648010796348	2.45703358730074	1.29496470604826	-0.94997691280727	-1.79478524804262
NaN	0.688516200914095	1.82128714596265	0.950003450399317	2.12894972730007	0.430848381035453	-2.26879496183323	-2.64875372097883	-1.41947817831396	-1.64573629611984	-0.174971466811508
NaN	-1.67997418724983	-0.582232702834347	-0.0592889459022835	-0.714258148445694	-3.18906396940172	-2.04727712921996	-1.9005454417837	1.71692194942652	0.789760487867884	-0.164550232573382
NaN	-3.23910131125322	-2.14711009239958	0.00248333896094186	-3.13673720170039	-1.37931290432659	2.6685564902452	-0.493637742367964	-1.78578429225318	-1.27529184579718	-2.04039375409282
NaN	-1.30856620363537	-0.680230117871381	-1.21885801815934	-1.74203597591802	-2.08280347134465	0.423929814049169	-1.34699958577239	-2.66850948345865	-0.894738116316985	1.43662328379847
NaN	1.16459835084146	0.988589722436315	0.597241986855676	-0.820948924470987	1.43138903951336	-1.72914674087813	0.173010279492765	0.3974503677288	-0.808857500970494	2.20751603718848
NaN	3.65386524837297	0.981820073272909	1.00188740231298	1.17319344839464	4.50126315474011	-1.45487669914409	-0.0251735841512322	3.49559512948006	5.61531018947598	-0.89946709421776
NaN	1.87227964848021	0.979162570258911	1.56033205308477	0.964344518271784	0.693740726244313	-1.94548401681265	-0.221165246454869	2.79402661540667	3.03367493063865	-1.17393980660248
NaN	-1.9534065753969	3.72329328971558	3.36305318734747	-0.0478064937168904	-0.854554117003324	-0.0731686996216716	-0.594486231289727	-1.38972367811911	0.736983907879013	-1.46565529535204
NaN	-0.558465382670013	1.97676255873713	5.17424420355436	5.95333144548	2.79400957943803	4.84744682488993	6.45404203743773	0.141859820197363	0.686605108417887	-2.63280524376172
NaN	-1.82288607089632	0.392944019460004	0.13331262537667	3.60298472679241	0.984874494479444	4.05354531222142	3.99306409945708	2.07390437113489	1.50814627075902	2.29462452124468
NaN	-2.33158442682057	-1.12175823866092	-0.729469242839628	1.9285174188018	-2.90517333769256	0.0264265648855062	1.81105286819572	-1.05694100008583	-0.837973618569075	0.390581996323227
NaN	-2.09074747018177	-1.64823521799589	-1.52467048643169	-0.136638487695814	0.178829095641055	-2.39533875697936	0.733583672025417	-3.6144896156968	-0.383029782746215	-1.06455397359234
NaN	-0.788546257907246	-2.4280074460433	-1.1077592372458	-1.35536856447696	2.04887872112523	-0.953708083891892	-4.00092377802806	-5.75678387636086	-3.7475353091526	-4.08808258320703
NaN	-1.69624396852331	-2.38047431497535	1.31941722063971	-0.592742443958085	1.61902660492948	-1.1231424246033	2.76234304500884	0.268013784777013	1.60150099844137	-2.33986099332814
NaN	-2.1679458733757	-1.72014683991271	-0.976326789822647	-1.04395974648745	-3.86756159018604	-0.903724836030497	1.48677216458828	-0.973277196526244	3.23848154511908	-2.19133307726532
NaN	1.95042001534682	-1.51852702371533	0.765274422977655	0.43708082992259	0.920139521510014	0.0232838059917751	-0.658111381738902	3.62537120627857	2.16580721169941	1.50790569221525
NaN	5.26389538298447	-1.01778971872231	1.36356647680993	-0.407680096606942	2.07292745358071	-0.127405887785571	1.75369037471836	2.78328168397999	-0.805231454782234	-0.358784300811064
NaN	2.71906429463013	-1.28117880800786	3.60494356396916	1.04455968466765	1.72605291446277	5.30942797524394	-1.52060374298744	-0.786612000886018	-4.46275973710962	-1.00351283767794
NaN	-2.66594519465915	-2.57635745312671	2.8055589616333	2.3915160155822	-0.52468665903006	2.01443911634738	-1.90003506117165	-2.8918391185475	-4.75890017446573	-0.182393382905042
NaN	-1.34333071968776	-3.25187119222204	-4.1302789767131	-2.42709068742762	-1.39033552803499	1.1455974024039	-4.93514446342665	-4.03834647166789	-4.27442392459657	-0.93200856053603
NaN	-1.64909470921474	0.204799695862928	-1.93976876670264	-2.3751332600459	0.508599810310947	-2.53127396271302	-4.25386891735504	-5.8753562764908	-3.95665135595136	-0.505347457141133
NaN	-0.630570459528788	-0.700861335072147	0.22978700195162	-2.31204140660918	-1.27172122823042	-3.98514524985748	-6.0324774954505	-4.0472320859549	0.0544602330889815	-0.923893276124334
NaN	4.78357140337648	0.43864662085852	0.232037861199594	1.28958366222256	1.00626827195253	-1.96509035592551	-2.87974665644984	0.224523424919235	-2.11369069684395	-0.411664941894044
NaN	2.81215385744331	-0.249671591131454	-0.456723607280963	1.02942018235963	1.37263430061561	0.475576653969416	-2.02645932371894	0.361851797475289	-4.62178146955514	-1.65313188839787
NaN	1.07138172378236	0.80188438343251	-0.827066451775807	3.50631065266992	4.77870371558061	-1.09335564042617	-0.791707569224809	-0.217020197487297	-2.1965682246125	-1.28704632750247
NaN	2.26882892210894	-1.25101285376334	0.220809852291316	1.81029038506472	0.325482536609045	-0.161410769539798	3.08256451119887	3.95776291786484	3.29920542336775	-0.444419315272223
NaN	-0.0507025242999862	4.23379590704162	1.13329665498474	-1.83048697311271	-1.07618893756233	-1.21348237031254	1.69754674608862	3.85953324938325	1.27817216186929	1.56790861680643
NaN	-2.40937748887442	1.06466118952158	0.692388181104255	-2.9397771662138	2.88864077130986	-0.747905993175589	-4.87418940097671	-1.90073738373981	0.392601824072298	0.770552658752213
NaN	-4.90220601666029	-0.441789144800953	-2.04098467965404	-2.28140540187856	0.927444177979676	-1.32448423660644	-1.77138086915843	-1.35599108364504	-0.0944780606271682	0.437547033481545
NaN	-4.77548535116569	-2.32834410850622	-3.82889797501539	-0.64686335438896	-0.798481860424379	-1.03151125552748	-1.65091817403753	-1.39716075915874	-2.26966219062012	-0.420562441832432
NaN	-1.32491519330083	-1.4462587510949	-2.45015158035843	-0.76291276180774	-0.743137401032036	0.472362239414222	1.83217201111407	4.03292150320488	2.08840085553875	0.813157496882414
NaN	-0.765114650117352	2.45396170909157	-0.472623082441418	1.16278808208549	-5.52885766959773	1.66323868973143	1.74934752623054	3.5966705563929	3.11514782925485	1.16615253299638
NaN	-1.31496137635973	0.36155512383547	3.50392554687467	2.18998619488154	-5.36706970967847	1.15877628388351	0.459450298492903	-1.85717935766555	0.399405262363552	0.319166225589429
NaN	-0.0520190729278754	0.699771792041494	1.95399441783969	2.0230676896764	0.175124660226561	0.503221690122257	0.95257022601041	-0.0870952384348807	1.85160187626272	0.965370564498789
NaN	2.77778079169178	-0.6144009260117	2.05618785800138	4.19326308858721	2.74980430822721	0.16975715759335	-1.99583270692623	3.81105319063647	1.1212465650019	0.813023033577235
NaN	1.58075970422763	-2.9037167283024	-2.4040135470953	0.123009315719501	1.65520277923705	-0.709597378594373	0.452518686217582	-3.69256248351074	0.920621348122036	0.692092365912606
NaN	-3.96771445720265	-0.975068420576104	-1.95094689751975	-2.60330570372799	-1.55029951554791	0.259063451178279	2.43088917331574	-4.48435522273569	0.761983161883719	0.175644103635699
NaN	-1.27294861399474	0.532357311570715	-0.192831607380977	-0.311668720005973	-3.52843521367772	3.0246124117651	-0.419437185300068	-2.05574122270405	-2.88631505936266	1.10838507968757
NaN	-2.23285049530551	-1.72066088138597	-3.21225697251612	-2.25707953288468	0.022538711947471	-0.241664092604038	-0.58019090400337	-0.807085998745279	1.87817041882283	1.19586872314092
NaN	1.25853388834663	-1.24454946986714	-2.15687337449225	0.0724779204583574	3.54546231112828	-0.529577780885097	6.9331318106177	3.69842543252235	2.82423556300561	6.31411680064294
NaN	-0.667391736806152	-1.08843926232109	1.23410488076134	1.71819345002272	-0.197202209237701	-1.0910295149455	2.64153016003199	4.07681154738077	0.182491616513316	2.80422581251766
NaN	5.07113490195403	2.70840509383858	2.27403958597367	1.79920141255143	-2.356351970685	0.976631970481634	-1.41571706391113	2.38297525243537	0.0274430016222372	-0.978072866704579
NaN	2.57274865974146	3.58464876758122	-0.891541004528378	-0.931644580614538	-3.73287401093155	1.07440261466978	-2.94431206304195	1.91644637247469	-0.376420557226291	0.0673856374879342
NaN	2.60235593629483	-0.750650945573775	0.3868052424274	-1.03614047351459	1.1543210597763	1.35258280900127	-0.439503367119883	-4.035254930364	0.0363321166783717	0.945857013954964
NaN	0.932504839998997	-0.554400946841128	-2.67922314559299	0.359682510540558	-1.62471029150294	1.55417882326066	1.59285262194013	-1.41564225803021	-0.729754852254957	-0.505937331439984
NaN	-1.65388533614364	0.0346260294871281	1.93180239006299	-1.43528545968983	-3.9143851805166	0.248341243837494	3.39172774320188	0.622318527816562	-0.452352344177006	-2.86904709692523
NaN	-1.55033105834708	3.76540734925981	2.53167019066875	2.3822119761433	0.761306718384969	-1.12429397941706	5.208583739541	2.27661315982121	1.33686830911336	-0.494139986539038
NaN	0.295185782073588	1.67736401387733	-3.48172854241738	0.89038041919454	1.6395926597022	0.400890028412265	-1.70986095185389	2.30615535660145	-0.793900448083714	-1.51611371595424
NaN	-1.52385080595496	-0.872448770132318	-2.67230011581526	1.52664505516351	-3.53597242293922	-0.311372477690857	-3.42720551186079	-5.6477397016755	-5.11982018590979	-1.47760388337797
NaN	-2.46710054847888	-3.10964600835524	1.65813547683106	0.213166087212028	0.908697967981409	0.719638108977165	-0.500933653374326	-0.839598280470839	-0.483087425585614	-1.05979002799266
NaN	1.95930924948248	-1.06938252543729	-1.30546766717829	-1.37418235305711	-2.18007687308417	2.60418094399502	-0.209728488110323	0.169310605584371	-2.94155555525178	-1.480552417685
NaN	-0.013405949823139	-0.511350682050068	-0.209781859161668	-3.26500275694314	-0.0180417949645372	1.66486426595799	-2.42160869637673	-2.63694303436788	0.859366876606124	-0.314455975831383
NaN	0.884382270690434	2.86596841284802	2.93250783337105	-1.33777330014834	1.90221016064578	1.49101100542122	-0.962567974154828	0.0211312862763604	-1.96366699261099	-1.42609023667871
NaN	-1.40748736562604	2.08439375601957	2.70103943268935	4.14909702318562	3.89935257107057	1.17973321018926	2.24658574388643	5.1581946021577	2.68643495165296	1.45364847748008
NaN	0.588293988789739	-2.29915995751001	0.681971645939808	2.55269377358825	0.474216225741202	-2.30934884189147	0.468056336977203	3.66272227390142	2.13038928552877	3.19349728360365
NaN	-0.201872423310662	-0.0968874478099537	-2.39093462604984	-2.03676756405988	-0.537459113804429	-1.93165146396672	0.707586049588712	0.701568912084184	2.55113296665657	0.885049571384163
NaN	3.3984478768452	2.16516463789768	1.40041856219238	-2.39587360300706	1.00322217194625	-0.167231794520137	-1.70010343554096	-0.66327178721719	0.322363960507902	2.04527797347952
NaN	6.3374968641201	3.49972350649929	-0.266271737962811	-1.48833601189156	2.02348135108086	-2.34030746099426	-1.95182881807285	-2.39005581362196	-0.443862830770517	1.78630345629518
NaN	1.25046681895334	0.488001766909096	0.589804272719555	2.08922742059937	3.95645137057635	-1.21264859705989	-2.50557875178858	-2.22317011922575	4.09416545224859	-2.38653173938071
NaN	-0.508866205889287	-2.18795571147559	-2.34661238960537	1.2148514957808	0.890596728656317	-2.6149845538838	-0.832248176956145	-0.375065674537357	0.192292855504387	-1.9565208284006
NaN	-2.54699378553556	1.05368739474009	0.284791195471205	-0.804289641239389	4.35611958102239	-1.58606578924797	-0.946013578081633	-1.93810911049483	-3.35908604245476	-2.09078099384882
NaN	-0.959413489144708	-2.4406064356368	1.70421305389779	-3.4123241213075	-1.13134674324643	-1.68711451955362	-0.795141071893446	-0.314265636959585	-1.65016098229782	-1.34844627931836
NaN	0.333426217293211	-2.12127682097367	3.06772329787255	-0.975917865927544	-4.1929351147498	-2.24485776020049	0.188664597707931	2.94853204865395	0.119325911553332	-0.745865230468877
NaN	-0.947062524595205	0.893975331243835	-0.790382370775892	-1.46506380128382	-2.28930224223137	0.148480325004509	1.1648512314349	-0.605338444887031	-1.68151374546193	-2.32048393438465
NaN	-0.516979756192163	0.181237552060968	0.742908971865936	0.810811316632262	-0.513893515867224	-0.830119427035233	1.4921153942275	-1.41194233243277	-1.05509149149275	-1.26975283177903
NaN	-0.684008672846231	0.540024786761202	1.64517412398866	1.8751107164277	3.13056347082148	-1.50144899662937	0.331648962362874	0.620582669659246	-0.919499607033562	-0.285260131533923
NaN	0.621954332150214	-0.0939189028925376	-0.680462570554197	-2.39727065412369	0.329848851715786	0.191811867199782	0.220557710143209	0.799568823102593	-1.4187900356715	1.43986145181702
NaN	2.24313829081477	0.203699052871567	-3.16390131734281	-3.70773669752625	-4.30974458121682	0.963932849286174	0.177898694535678	-0.342672554077527	0.896777295553445	-0.92551997459783
NaN	-0.510660061988994	-0.164356328451826	-0.179718124257967	-1.11068145955149	-2.07260273637735	0.646459779077247	0.773986300925152	1.58892869306746	0.825342209627199	-2.90167116290015
NaN	1.92561508049072	1.05081209801816	5.30348051737441	1.96727215497224	3.18233167617193	1.968942384086	2.52813967598342	3.56487632204674	1.7197780795654	1.24713635704532
NaN	2.89875845635196	2.11149791976033	2.21546921828335	3.31076768615571	0.877139133475435	1.33667127848343	-0.53835897205517	3.26556292291829	0.535169328690916	1.22721750235181
NaN	-0.867266035098085	-0.867828941146954	0.0421600450722134	0.511785309058186	-0.13961869915515	-0.42145662380554	-1.16822810997265	-0.103244387758162	-0.684855351283864	1.45167998944703
NaN	-0.85467383292122	0.688435841586334	-2.54995929806734	-3.12571538697311	2.68094463653943	-0.202681035138182	-0.543374905252045	-3.86918989051276	0.774918814950453	-0.0205723528990347
NaN	1.38783947235587	0.372195159366201	-4.45508886875795	-2.86630187886671	0.72615776442944	0.287504604115983	1.63190149399282	-0.894351084832231	0.719510862577992	1.42066308117066
NaN	-1.85026477384725	1.52036412558082	-0.601234186328497	-2.28985854624204	2.93310097537253	2.4048041314611	1.80142495801431	0.0369076832395099	6.07175345074673	2.86042867928085
NaN	-2.77393538270965	-0.202462109249774	0.215040766187772	-2.14339111811208	-2.73745599847758	1.29256672850994	0.299381706104859	2.01961197636122	-0.806541009782407	2.49858641781024
NaN	-3.95442418153819	-1.20406508642809	0.768034150599855	1.3006793486675	-3.15203039209087	-0.818490140563217	-1.47105344727493	-0.425439757149946	2.6358941333231	-0.994208724643386
NaN	-2.37692794704386	-0.879791017731781	-0.798199110429425	0.200748102512423	2.14043018320325	-0.536622425212763	-0.824353480020006	1.05695534756495	1.70304620378054	-1.13421599583605
NaN	-1.16467768509254	1.84883136471683	3.06228088944984	2.37636873570757	1.9937101041368	1.50034116562117	1.28569273337687	2.52645005774627	-0.935806638199481	-0.657600373349783
NaN	0.212310075424519	-0.184450904331616	1.65284440761466	3.38219440381267	-1.57297151936392	3.67044932894043	5.27105310041685	0.76643392248778	3.6921977524061	3.19535167924732
NaN	-2.78763998506225	-0.459598576368298	-0.501283137678685	2.92950221278069	-0.801891103480867	3.05131962867271	3.59536020571354	1.15264216352698	0.0900653631623395	2.39060590640897
NaN	-0.855479786674666	0.239157953349654	-4.09991228222725	-0.0771199076659528	-1.36673610831996	3.43115511731484	2.34195214795496	-2.58921213916505	-1.93364825213776	2.09432481197769
NaN	-0.313573912830321	-0.9602783631403	-1.33649868865694	-1.00131434253837	-1.71708670008801	-0.0582187753108774	-2.92949621126245	-2.92502143979074	-0.793291952430569	1.78250422197496
NaN	1.31994717126424	-0.982401535122752	-0.162812639980403	-2.23322449711986	-0.385681346837242	-4.03764543871502	-0.956500853916667	-1.46038047305441	0.461956330673103	0.533592670623525
NaN	3.24860406843769	-1.95736347379103	0.166521210378065	-0.206429959332955	0.506997638092769	-1.46802220873061	-1.8765225520376	1.36808020608472	-2.13131125241541	-1.57585028614126
NaN	0.611350331854114	-0.526071436577401	-2.86791560056853	-1.30530201897162	-1.80850090819562	-1.7971321984923	-1.0032757927997	3.94524358646533	-1.26613175353812	-4.46300207330689
NaN	1.07841025267915	-1.00577209310336	-2.34888821234432	-1.70255531529603	-1.9268390189581	-1.09271970563051	-1.27143915930664	2.64461489630532	0.597962512931532	-4.64424536160483
NaN	0.314999921553583	0.101163580901946	1.35947889366188	1.60374558145719	-0.748298621401449	-0.698680549785878	4.20980771569136	2.27457696952475	-0.699844245161132	-2.1268237211151
NaN	0.65811378862346	2.08544232078975	-0.748375108409475	2.2261382194513	1.60762791776893	-1.46560412588844	-0.547925623611087	-6.02616617274855	-0.457920355670577	-0.900715626233407
NaN	-0.00322180492425237	-0.0001786615993078	4.46883742647393	5.22793966632486	0.931340248962879	-2.57824450745897	-3.55176631663364	-0.924248604307013	-0.167728035863836	0.109791159806556
NaN	1.35072507604747	-0.924560463613117	4.04502807519966	3.3095885471009	1.21717285918635	-0.364361977469561	-2.10189174671377	0.0523325930870399	0.123487985776111	1.65325516524819
NaN	0.694850662317149	-0.683458949705404	-2.86209306377827	-1.13473165995692	3.93675442114499	2.60147765846571	1.99143518953734	-3.34144292350414	2.81242323928286	1.43430403049662
NaN	-0.363918912536576	0.252138138192082	-1.48066606894239	0.0455329995141438	2.33745419211071	-0.913463629434358	-0.347779955496658	-4.32901850442858	-1.22914114977977	0.713243576399773
