NaN	-0.780607606185307	-0.991631671888964	-1.07109049338327	-0.956102888146463	-2.40847669557172	-0.640688987497033	-2.71184101326643	-2.48081457884295	0.10868502607764	-2.25403748440163
NaN	-0.679769654599656	-1.02077106802617	3.0493447495346	1.22643487531665	-1.29338292116841	-1.77438544152304	2.50565229591433	0.885121165956731	1.41065460116182	-1.81765490713999
NaN	-2.13980857083493	-1.77181070923954	1.2999830716117	-0.63734282414678	0.490669422326695	0.087279833578599	2.87620757888622	2.40120886753094	-1.75701790777719	1.87911068163793
NaN	-0.439244296370257	1.30275411093245	-0.770115743387029	0.16440719158447	-2.1209371008286	-0.143312227790964	1.48475379415429	-0.958787442515671	-2.07616887386304	4.79156318825423
NaN	1.00631376318702	2.48159167568982	-2.3418995338937	2.93714839063119	5.14510453285043	1.15383120340954	-2.38948794981724	-1.54437352899273	-1.37610254548842	0.00214429500841851
NaN	5.3899605755996	4.97464752590272	1.58619283596514	1.40331219525272	2.9283777311479	1.32486263313984	-2.36058863669821	0.670576426544839	0.569767344569119	-4.21300006155943
NaN	-0.351938010897669	1.15893576269706	2.29423854196294	1.93394720160773	1.33450613159771	1.06298914367164	2.66149123165818	2.70188514851247	1.50048750091449	-0.315487832553737
NaN	1.18009382775732	-1.76850276576557	-2.37478648018464	-3.78403165405025	-1.26482594328311	-1.51723672059216	0.624934845646173	2.31562200267741	5.81572268746377	1.79521590032722
NaN	0.7199170971316	0.545397915270018	-1.10547532704594	-2.0475831122311	3.91571481351464	-1.17302492372989	-2.57323533687308	2.63800943252846	0.38941926127952	-1.12971127165366
NaN	-1.42226620253555	2.43547480983069	2.31128834209065	-1.69749105742917	-0.647211413937196	2.45247313480549	3.27342507382747	1.31918251868185	2.27846919460836	1.27431900227337
NaN	-1.22874944293472	-2.21980334208761	-0.0360069996297876	0.732696295821026	-1.99965775066642	3.27577818709997	1.40394056700232	-0.0314961142351901	1.24042864968601	0.344558303476384
NaN	-0.354615502246747	-0.651972666665187	2.50101874701205	2.17811400262805	0.437230081075676	4.68415362344648	-1.36601060833837	-1.12992235085878	-2.43547264294861	-1.313488083176
NaN	0.201747955502049	-3.94979799599386	1.12429241621073	4.34125537297733	0.590046220903151	-0.399399967734335	-2.50596613919476	-2.82542033753663	-3.5212783523221	4.34010737998678
NaN	-1.46186486095875	-2.05340362108021	-1.22577205366771	-0.74947500037372	1.48870366458696	-6.2331031228398	-2.99804785706879	-3.12534354436298	-1.48222660390163	2.63488000463337
NaN	0.341829859138372	-2.11090529313599	-4.13576125381335	-5.9659164304805	-3.09948781852757	-1.88377334227028	-3.18939426778742	-4.47717477870522	2.63257909469841	-0.466898998891946
NaN	-0.351141349888995	-0.779479471275784	-1.15528197153592	-1.15596721050757	-3.58258493952721	-2.37074674894017	-1.3405879508412	-1.10254150731974	-2.77182553206924	-2.77405507999537
NaN	0.643378795561953	-0.25730349884871	-2.12040662787933	-1.54801795172991	-1.63763377284865	0.174262464289065	-0.626772516033971	0.823097932857911	-2.47368061903999	-2.69060558294059
NaN	-2.2567032847137	-0.447475393802753	-1.81509360730864	-0.918888572259337	-1.65014463852055	-1.21214854079284	2.53825904740882	2.78673136068938	3.32544286759596	1.14844491216524
NaN	-2.18623837668047	-0.941086625962748	0.9647870693839	-0.983351610316021	-0.795971206980249	0.113614895490672	5.30455970724762	0.968737645846361	2.3810705793736	2.72261106295936
NaN	-0.361633266031913	1.18140244332336	0.128882012718509	0.399597390627916	-2.03373384528381	-0.270505086610493	1.70834199835503	3.25289829111089	-1.09909541060242	-0.0296793559981864
NaN	2.82930071037857	-0.482527130576163	-2.31340578134133	-2.79288791957369	1.16173241378612	-1.00183705279082	-1.79333548812232	0.827431440449618	-0.566237060075415	-2.91427849994668
NaN	0.18167118094557	0.528067239207377	-0.0902915785944971	2.13655512305381	-0.903975382252682	-1.33899640349121	-2.89409113310367	-4.19880262696668	-0.0842875056037772	-1.62051069153327
NaN	-0.390155406685606	-0.366347214400247	-1.99004751297636	1.55943354437147	-0.759535944279465	0.744176087079937	-0.296619178941753	-5.2718575661068	2.12051205025127	0.962524666241746
NaN	-0.370543342870855	0.600895402382475	-1.34359499208964	1.60809310680831	3.2483316150535	1.64087445631754	-1.17809317383428	-2.40518809431973	0.416959756496095	-1.53155722272455
NaN	-1.07043974488896	-1.55479637714888	-1.86188699020508	-1.17998098466814	0.757274501461765	2.51941758616644	-1.0382704082993	-1.22376168370817	-3.90233836269969	-0.308149142402743
NaN	-0.0150597523415534	-0.888673142525551	2.95424921046777	3.68481594007304	-0.623265457629258	3.74128007346838	1.10180606653151	0.117226803294177	-4.56082385878437	-1.02615888402931
NaN	0.133390108151449	-0.642551164052218	5.22573008498738	2.97769335832087	-0.707519193922815	-0.107282310434759	0.520585433237278	0.855705657185774	-3.12389833903716	-1.21222809176518
NaN	2.14766195533275	1.93847824432773	2.35231950598913	-0.101936017010209	0.909867551299442	-2.27224099666687	3.20110830209179	1.8525385784343	0.618583221238844	-1.39505161178199
NaN	3.91206819347048	2.9560184994256	1.60442689201138	0.598133681618662	1.08270522470959	-1.67161346445582	1.75191196085826	1.16730607820414	-1.08569641398948	1.76024731748406
NaN	-0.731322691394952	-0.247678816333785	-2.9567405889068	-2.06753206239681	3.03100806074528	1.66666085562534	-1.13521497374368	-1.49115694824397	-1.03016615088992	0.87573165340431
NaN	-1.86615760407817	-0.382434417534646	0.212361426550601	-1.13193546872615	2.03466564253393	-1.90790512657335	-3.91264411064424	1.9120464508641	0.50396530064695	-2.61207022623648
NaN	-0.0971532158658455	0.736469511637909	-2.97547317999901	-0.910543593324375	2.03048460718801	1.51037782769437	0.518726101243714	1.80287711940046	0.960723850352803	1.12959352635546
NaN	0.499462299574498	4.29584537452596	0.63510566761864	-1.0305915661442	-4.60279443756306	2.84476020968436	5.2410472485557	1.29123344660868	-1.34582828687297	0.924611362225455
NaN	0.668093532062378	0.45882017610912	0.0618223210649076	-0.52366326853975	-0.977865129114219	-0.863808931830756	3.09783510522024	1.563949875239	1.45635868095161	1.73145939716927
NaN	-0.0777547638518308	-1.12299128557279	-0.384883915930362	1.49138762704893	-2.25109629248911	-0.704978083347317	0.800595672981431	1.16888738365781	1.28356990280264	0.957453741297693
NaN	0.0275146419546438	-0.46508434191085	2.93099746355177	3.44806037973065	0.367548683671568	1.15454852983658	0.593143905315515	2.13379350694918	0.594948880745171	-0.193308521812603
NaN	0.030393179888854	-0.632581312038746	1.38234481358144	0.74533964422043	-1.70724403919513	-0.662183760458052	-0.279346632857939	2.89584755264123	3.74717393733456	2.10685570727403
NaN	-1.82418026248117	2.1323872454575	-0.946478551843483	-2.21902008631949	-1.6921622124146	0.512972555612016	-3.63450847964126	-1.17381238642599	6.15452491675838	3.23533260116581
NaN	-0.108771761786221	3.12716518060164	1.53462980880187	1.88314385534118	-0.0494495421625462	0.265571219956212	-3.18205532676338	-2.91627197373589	-0.0482192458491388	1.24459227823621
NaN	1.21047724579094	1.16033651756428	-0.608438490524472	1.52873677578911	5.3172599641922	2.00219079310103	-1.19919088778409	-1.41039950202652	-2.01437575482773	-2.00841075809271
NaN	-0.610816243512931	-0.980986850138923	-1.35257549876887	-0.804321329482182	1.51729657623528	-0.741481634900305	2.87314328456152	4.056670036369	0.365883867023919	4.37878211419559
NaN	5.27680030163335	1.2959077307216	-1.30029081797106	-1.07061594007534	-0.0102597317012668	0.0969116031049829	2.80086745479794	2.92171591865336	3.81287542034414	-0.793848292751234
NaN	5.16356512796719	1.83821564068665	1.31667943489389	2.01538961980288	0.959456342416523	-0.0375062196873609	-0.774966917310407	2.77614674885743	1.7378698813775	0.885675346493071
NaN	2.77859091820789	0.820205121741336	2.5841706985026	-1.79964439282343	0.695424133412055	-0.967786452974132	0.85813193467174	-2.38526896369476	-3.16569281783532	-1.5682651075501
NaN	0.108267293654069	0.62055122832765	2.7643408345306	-0.755922082532047	0.785424034319421	-0.618736650641149	-1.92068811170164	-2.40185144839849	-2.39895374451175	-0.75734850014544
NaN	-0.27731475847662	1.88759565759791	2.09028292368725	4.68325525813545	1.22370790951504	-0.480716396884626	-2.58056459927453	0.467881202114821	-0.716051132924847	-2.25926562222325
NaN	-4.67817434719597	-0.136769627076184	2.38417291274629	1.60805898695724	-1.27909449884884	0.659750909738309	-2.7398073641981	0.202670569297205	1.28599841798504	-0.828030142493627
NaN	-4.85749903980809	-3.8020012553276	-1.86391494746519	-3.45744959622931	-2.80836634315135	0.935138026148328	1.47879658789697	0.457798327686984	2.04470244695902	-1.05238353945566
NaN	-0.114096583493171	-3.45969994333722	0.498834638871251	-1.14664686606986	0.757810985085083	0.638315313814808	-0.101360514994123	1.30786469547971	-0.934805855877124	-0.79480820860032
NaN	-2.49370305616736	-1.38345680944811	3.36625966658892	1.11316567251839	1.8401558785868	-1.19896028192768	-1.65495662334846	1.02748602422566	0.770685100545335	-0.0344232432827277
NaN	-0.598455951417917	-0.94053687561074	-0.799733249083198	-2.29857320379537	-0.764982742450833	-0.248633217828329	0.601590684816602	-1.57066085870329	2.40456064443524	0.52067404239642
NaN	-3.6957125410185	-0.656590469351071	-1.92215437942512	-1.75767173162803	-3.63887914528977	-0.150934716898238	1.34285428345661	-4.37340601073027	0.373258625925624	-0.0800285521457945
NaN	-3.43543245297544	0.556667248734578	-1.50988066036103	1.20341933903949	-2.3321420068834	-1.33343346571964	-2.07942771375226	-2.40540958834152	0.586421442081077	1.61329334683824
NaN	1.64844822196475	-2.98241534793067	-2.88921681062419	1.96620538129578	-0.801164498174128	0.207498260328249	1.80942505376755	-1.14365502338071	1.95376740984742	4.64038983682873
NaN	1.90451911042816	-2.08815074854622	-2.84340977101096	3.17468193070336	1.99502409714587	-0.415219133933422	-1.72235834150446	-0.91467284636631	0.277522348537878	2.11174333584119
NaN	-4.16145910265887	-2.1517992452256	-2.210196279756	0.853011442228105	-0.0130014596569739	-1.01107824861168	0.397412324524121	-2.65246617932127	-5.69764208122129	1.87308623972445
NaN	0.255168720985013	-2.02381625266578	-0.798820741367444	-0.609696936035603	1.67811951176972	1.36465256890767	-0.91955941035868	-0.780770230925974	-5.22925802867104	0.500649880893959
NaN	4.93117629288503	0.245778936208781	0.177524904811605	-4.74922699076489	-0.323366600613073	1.62679950984339	-1.44063357478258	-0.00805525246398736	-0.366067494804243	-2.47893545065904
NaN	-0.23959899617536	-1.55554573371851	1.00594116877947	-1.63210742437866	-0.546991746938715	0.0372023225481874	0.829830963622622	-0.193688712489823	1.22977244835791	-0.979561870201613
NaN	-3.02415574444101	-2.21049729051766	3.13535041248137	-1.14571689036192	-0.347026601964471	4.49019490430549	0.590738131790969	0.677498742794211	3.91603724456367	2.64689735897941
NaN	-1.31971020408376	-1.25317289334374	0.843857094804678	-1.90880446228011	2.40491515653757	4.01591164548756	2.57058626926132	1.22896827611238	1.2461962336923	-0.454170676055865
NaN	-1.89278746195226	-0.901338016316965	-3.49239304695085	2.73619432555342	1.63121518804857	1.43443107907265	2.09600361155551	-0.938033961233383	-4.06287929628561	-1.25624917445439
NaN	1.68358695143676	0.407770519401796	-1.73162169061274	3.02664877220756	0.0409978058227204	-0.755686524711542	2.87349630683499	1.32512745327918	-1.6857487759046	-2.74137555594205
NaN	2.24240037711004	1.82094758104072	0.190795405369792	1.41594928218366	-0.29100532824979	-5.17424049039885	1.27259951544105	5.73180561722166	-0.759421521711151	-4.28053986299697
NaN	-1.17378515541477	-0.45141681412245	-1.46149771353483	-4.00617935209014	-0.982539729412027	0.726270758883873	-1.38234181070741	0.264240912481606	-1.87281048434187	-3.17176535351694
NaN	-0.673021010424078	0.165003429589266	1.4710510734408	-0.648943781549511	-0.828051587488236	3.63612812121544	0.426130629695843	-0.939925983152712	0.808600463242142	-1.95092572960988
NaN	-1.52964294418779	1.09352421563072	2.82710699259838	-0.982742074173628	-2.29225332330057	1.22160401189322	1.32616612450712	1.52852983737208	-1.48699164193071	0.445429480170688
NaN	2.21279421735344	0.0418825724466995	-2.32958840019995	-3.72906453983022	-4.18949108710355	-3.40139141610575	0.533466141577712	1.06306568294845	-0.918895707372857	-2.50911258894011
NaN	3.71293026907372	3.69286786328111	2.65258546032201	-1.19540962667319	-0.042407661983989	1.16587467116844	-1.53240422178559	0.195697872826006	-0.330243286067553	-1.74858597440816
NaN	0.0835245919505928	1.83795406220449	2.69936470647121	0.720908137184299	1.42227423398492	-0.205142927485834	0.459594292573818	0.222296501055573	1.96853795242316	-2.25107174328293
NaN	-3.75384466230544	-0.414819954589242	2.24091826265866	0.0760411732133844	1.90003953955894	0.805025072111887	1.98191999720158	2.41124337175086	1.07753133152688	2.98442997312987
NaN	2.05601393698181	1.26720694740896	0.00807476924414764	4.58061381457503	1.46314149038969	-6.28739675068128	-1.95628536869783	0.626954235140764	-0.111239623287207	-1.06878499583885
NaN	3.62782786312362	1.21572939618861	-2.83563004034595	5.52653262115691	1.10481067097347	-7.13943562945727	-4.04490928593886	-2.96474269236366	-0.830514807184247	-2.02209042009039
NaN	-1.93990674217259	0.261482429394759	-4.98775568642068	1.27351100124148	2.50446110596191	-2.55415341596586	-3.60835882284559	-5.03085635483146	-1.36732317420362	-1.81781326431324
NaN	1.70815831974193	1.29544450565451	-0.891289943611847	-3.61992593875756	-0.653044777264986	-1.54780947757618	-1.88245133186302	-1.1073229614926	-0.312474992976619	-0.995108481188878
NaN	2.72257059726115	3.7216733872628	2.36539426162567	-1.18461921823013	1.4562703478032	-1.96887830161424	1.32370771367432	2.76046764718295	1.51167896669266	2.19125732574449
NaN	-2.15937827094995	4.1722092809187	0.770659917178559	-0.538629671991263	-0.0574058574919309	-0.0153901561616463	3.35093431360266	1.20266998757651	3.33239606356605	1.50581324072755
NaN	-0.707470839822656	-1.54067314637419	-1.67512982663687	-3.01071847933033	-0.887446260359883	0.72169225124663	1.5460649894266	-0.356566842205206	1.28038938000367	1.6756512432896
NaN	0.811739450321689	-1.42381394284176	-1.13262508338941	-3.31664737124428	-3.29196260745253	0.34044912514025	-1.49851172324868	-2.68255858641414	-1.08120528851029	1.62278337895247
NaN	-3.96311162012633	-2.81938682749113	-0.968006520387617	2.51804469408194	-1.89298263351359	-3.65895460400307	-1.58892444794441	-2.28723702996521	0.34398519915569	-0.127784786440693
NaN	0.227958142514215	-0.908555389183206	-1.6028572954823	1.90986979993111	-1.47976155253175	-3.21104170735167	-1.48487486844238	-2.65217829345523	-0.240295316068993	-0.203906655305716
NaN	0.246993471863458	-2.38322782228728	-0.862251341344694	-0.46822435402645	0.689229161940572	-0.37071238091705	2.28183965211726	1.62215331782362	1.61867621508431	3.80390978575186
NaN	-2.02305357439873	-3.29218591423519	0.270309507919721	0.854535103597067	0.197900258001827	-0.0158805345423921	0.0770732982834624	0.765704428278279	2.33487447752443	5.14998287721627
NaN	-0.147830323881413	-1.57586470057495	-1.75437338157132	-0.475615610572949	-1.44342730783439	2.55704242078981	-1.61999173252399	-0.804936625963914	4.8665761752808	3.05078832481114
NaN	-0.925915432588773	-0.302494477661581	1.94334078433638	2.50018261278296	-0.40583201869162	2.82405766357452	1.85289238052703	-0.156256776918565	-1.14546769498375	1.04600203692775
NaN	-0.306124333547868	5.0164970347997	2.32910585935332	2.84791690955585	2.20952907867308	-1.11885904631954	-0.952654096359308	3.46219300260675	-0.427046836151767	-0.923702959424301
NaN	2.14669093950273	2.85868743448007	2.33717724867379	2.34213883766953	3.75352161613866	-0.546301471256395	-1.17460688649508	-0.850068246025338	-0.02898865539635	-3.90219866984919
NaN	0.331002153317188	2.80597870034404	1.37305492341679	-2.07111614059672	1.09642886742813	1.94621206169625	-1.77194194800098	-1.01875404573664	2.48407439729659	0.794854691666365
NaN	-0.0651528533551753	2.39324201979878	0.585658585349544	1.27322737866485	-2.32961819921339	0.362955107254095	2.35595989109115	1.08646532873575	2.94118293952257	3.02191074517277
NaN	1.93764618221368	-2.05892053407299	-1.53796576986729	-1.70781324566592	0.129843666833326	4.39884079301516	3.95932928329074	4.5923332118984	-1.82019706579282	1.55938934900757
NaN	0.402217458122732	0.269539361807322	0.129340163198202	-2.45396975049988	-0.483043671717906	2.31252678518526	1.37761462726258	2.58280515459154	-2.43306016162333	1.23208904436252
NaN	0.317760552888958	3.05053810958378	-0.553057559019674	-2.63848315942946	2.19493802660478	0.591874285209531	-1.09235616496679	0.618740145500301	0.176388231981573	-1.91678106201295
NaN	0.00728793569361152	-2.47688099635711	-1.2286167979268	-2.30176981987137	-2.05638548427315	-2.89178201290769	-2.00338150018626	-3.59242326095233	-2.10246277954816	-4.81979939525341
NaN	2.71900196183811	-3.55752254141857	-1.58037391641108	-2.53653549232851	-3.79938272071993	2.03211262423142	2.45760942509175	0.528395231711488	-1.04756529196452	-1.84814318610662
NaN	1.33778098933316	-4.24637342242813	0.250899185367317	-0.764696030766067	-1.72321790182679	6.66910429347376	0.452236398278196	-0.918313421548455	2.65329058543809	1.8165923674024
NaN	0.191615191140777	0.426101521482158	3.44552467426146	0.0915710523992132	0.911732201579007	0.816381594116002	-0.556677346726847	-0.980001876794699	0.3772688170379	-0.442687446056807
NaN	4.19427448098113	-1.3501572056745	3.74503284695213	-0.659320639504293	3.41125154770297	-0.263869760291667	-0.60074507293904	0.354277990848396	-2.79144750626742	-0.714767296748442
NaN	-1.64355388903369	0.134134833621199	3.99846865465457	2.44313617514147	1.22610789685063	-0.936260206915356	-1.66904686973627	0.524553300800539	-3.29237367276051	-2.98907804588598
NaN	-1.12031805279831	-1.15155099452758	-2.45464042542459	-1.78215077859265	0.352864215963631	-1.27835465436683	2.08315899401205	1.63266832603939	1.38058008820344	-0.444660788155012
NaN	0.608191771922175	-1.37554798138101	-1.17026566649599	0.385429355352863	-1.46923977335263	-1.32404637680063	1.28648537259663	1.43762774383576	-2.29749572328227	-0.774484753466202
NaN	0.0907430478908415	2.84563824994815	4.38366480654144	3.21848958688975	1.24069981311436	0.654911015629136	0.560808287134765	-0.823759381491265	-2.06166002989114	-1.69533329557928
NaN	-0.0988929527179456	2.04379711968005	0.846434277385456	2.82747947962231	3.22446143394478	0.854063849639412	-4.65881915267469	-1.98257562800255	-1.94612579318578	2.12294886919654
NaN	2.69830497746276	0.643890754135947	-2.83409263852138	-1.07014555731872	4.81097057559156	0.634055359776184	-2.10897956275201	-1.1666510621639	-1.72797411915913	2.50812351927818
NaN	-1.0417897687861	-2.49633885207228	-2.18212690451593	0.816416040487151	3.37191418870686	4.80374985598149	-0.989600108201318	1.91122578573221	1.51235286220503	4.92081741918393
NaN	0.582639902002345	-2.08798095354793	-1.20582629989044	0.519976021740665	-1.91190795353295	5.74589819319915	0.653406433055526	0.390338038553305	0.330059634208184	2.41687586879081
NaN	-1.16228574470132	-2.5885658117893	-2.88989887200554	1.41248538021349	-3.30314890385268	2.75653838563716	0.389427843242767	-1.9223194993767	-0.434645457099698	0.557039966249938
NaN	1.66757022484045	0.334682419019436	0.325513497312628	0.00482521974455056	-4.41410708602243	-2.11356918337556	-0.617573794793751	-4.35284991105047	-1.42188666222274	-2.74326529107833
NaN	3.33090670444357	2.94167793426274	0.766923377106757	1.14817721630126	0.467280281597854	-5.60185952916022	-0.683263008714805	-2.44847097091419	-2.28440223105337	-2.64639323038556
NaN	1.26655754627933	2.03924501068568	1.15509368935344	1.93489338794651	1.55338735558286	-2.18034298311976	1.70283839195134	0.68794309558503	2.23600862744367	0.379459454633582
NaN	0.877553856707803	0.58385875583527	0.0588561894296932	-0.0891079504792943	0.662680007920414	-2.56046498087782	2.03630863669529	4.16510964998541	1.1435305367916	0.568208600349082
NaN	-5.75618097486489	-2.25148404116519	-4.46671350926052	2.28844780058502	-0.630165127198962	-1.55756391639402	0.533974132771135	0.342224591906141	-0.330821726302315	-2.21054372050108
NaN	-4.62931913546693	-0.94767929680538	-0.657384371634019	1.78057163523837	-1.72011813572074	-0.482407390330234	1.05111121294522	-1.28473246812991	0.499662521903918	0.143189546503317
NaN	-3.14509648954745	3.99809207022705	2.60129421795659	0.771962320743488	-1.40915806123779	-0.696976715223493	0.781565444827977	0.0348524975121006	5.32152998513694	3.28347296218112
NaN	0.112353110679107	0.97171555781121	-1.86283461553431	-0.926540512407026	0.196666550735234	-0.0890820929996647	1.6028424070473	-0.692459990704723	2.24988068076243	0.252695896592211
NaN	-1.32228579662043	-3.51344932481669	-0.731097201868784	4.54370984979344	1.41995554135799	0.117984478544367	1.32762023125952	1.67721795444039	-2.25136106867265	-1.38051641885863
NaN	-2.92698151857772	-0.918555583351691	-0.294335986063325	-1.83970818231903	-1.39075465854892	3.28658562723263	-0.312065026661184	-1.03451362803934	-1.00636294436955	-0.32240434177317
NaN	-0.386250525507311	0.157117078891765	0.252581592782348	-4.65795185774031	-3.16612390575373	-2.48543519001441	-3.32414172486509	1.74184913148367	-0.368862835947455	-1.04199529724392
NaN	2.14737044820791	0.242784268354519	0.303439616237009	-1.17366508416	0.41255359168048	-2.86277075251412	-0.826689338181772	1.35043337229061	0.242284121049589	0.297266749780384
NaN	-1.65340786378603	-0.273455061716921	-0.767864187266224	2.96071997771581	0.574959922280269	2.31573011133647	-0.405207198502005	1.92343052381973	1.57913017745611	2.14753887928422
NaN	-1.62386019608811	1.76813787061782	3.3964451383492	4.78322134326971	2.19354241275209	0.4379037747539	0.896503258730255	2.25809879293222	-0.0983499041701481	-1.04553568645048
NaN	-0.319003942097401	1.97174180102058	5.25993910072724	1.5806138899471	2.42438988696128	-0.172553522050718	-1.00886315893958	-1.63368163680614	0.700837974621482	-1.21850705238379
NaN	0.187394004334665	0.981876596119216	1.47327544551697	-3.07503261038483	2.94363469245408	4.83131720542422	-0.609067898477885	-1.86329706842923	-0.432831401049705	0.90982380671947
NaN	0.639064998108852	-1.2608449521461	-3.3410452969588	-1.66119701423977	3.70604917096231	3.7620934141647	3.46439348581222	2.91967187853379	2.11054048802998	3.20792030753204
NaN	-0.326255980851097	-3.00072036349264	-2.84462628045134	0.511690615787222	1.13992353396574	2.72609651576806	1.46783885931724	1.13788124488597	1.24382823597302	0.812768282187223
NaN	-1.73943614276114	0.0407762603549727	-3.09611078009896	2.0140980865957	-1.98637822268763	-4.86587711560698	-3.66981318123536	-4.47169532055346	-2.19334655954298	-1.40217531332158
NaN	-0.139247250487304	-0.634043433546083	-2.42908492984543	-3.39800344566029	-1.05333789136621	-2.85417919222089	-4.32777833714651	-4.59449295802598	-1.73839853034411	1.45641281414737
NaN	-0.552878791099658	0.167161670340208	2.61100124460448	-4.07925058125566	-2.0420801170261	-0.759772701783969	-1.33491642679905	-1.64451525591608	-0.0717314642733114	3.45693291614469
NaN	1.62564365902884	-0.0552449890694462	0.778574188426616	-2.11364854537095	-4.61782106421655	-1.74009952661778	-2.38368446348428	-1.3834610800012	-1.20614920998352	0.403524653595543
NaN	0.643600074025955	1.9789093285013	2.99419502740208	-0.204737255310062	-4.51241743840225	-0.694438934715756	-1.28287126699121	2.43790635670399	-0.111402918010977	-4.13194627799999
NaN	2.06257696118384	0.690410746119143	3.37320396529528	-0.51234582034185	0.0419967423620596	0.666610965293848	-2.38466357648033	0.275080838822559	-0.0886707172203622	-0.954599303053731
NaN	-2.53142418809519	-0.791026596898236	-4.00596281019891	-1.9000371648807	-3.33537231308198	3.29008372871759	-0.72082119398691	-2.35969456011386	-1.59340989852882	-0.340593641193821
NaN	-0.562394568182226	-1.9071100028324	-2.87356259685429	-2.20809508298242	1.52968010468717	-0.487399846340535	0.312382453968735	0.451332909147424	1.38343695693946	3.65158608304867
NaN	1.89911186009626	-0.862622571910826	1.22406903441164	0.790526665894869	0.29918504432545	2.65120531730135	-0.683037802672762	1.48717868674173	4.50095564839212	2.60903372269034
NaN	2.14811331625958	2.77787084109324	-0.309590927854831	-1.42265682886085	-4.60454729540497	4.35774858704695	3.29989370906503	4.03454348265176	2.77697428669927	-1.78626956581879
NaN	4.36147373307891	3.24259592746744	1.40826281644547	-0.680777928794273	-3.63377045003379	2.58402295710036	2.90995329286192	1.82560934403014	-0.428293420577979	-1.17546592944993
NaN	-1.1431886360506	1.69352394764379	0.771322253406922	-0.646126326065103	-2.89401631437085	0.470181336374182	3.52074174119825	-0.575966402585928	-2.54960455893081	0.680629595016654
NaN	-0.658681757617364	-2.79261586589763	-1.83383639400817	-1.47664513974868	-2.13829201364192	-4.13053060383485	0.198131193100668	-2.89054638750269	2.4818482045811	-1.79263994492134
NaN	-0.0154103469954969	-0.369675223990239	-1.34799939628062	-0.729264832351674	-0.240238057537417	-4.8501985675414	-0.685957702502067	-2.96589119712789	6.2010085915455	0.981242256190004
NaN	1.62361451010755	1.21939445244315	-0.39366016343059	0.174464495966562	2.07126385520758	-0.350152525877158	0.375468764195763	2.92320912666554	1.61822559358413	1.60261321780531
NaN	4.33967910926883	2.15834133660488	-0.797091534667649	4.90290266195204	4.51743408342581	1.59036708023085	0.610504548082447	3.43513397894234	-2.39600026488972	-1.25883192963171
NaN	1.70341069336101	0.329618484378407	1.31972761484047	4.04824818322889	1.72353428743039	-3.7146926420362	1.22093095167591	0.468865021254498	-4.05218040893116	-5.61760947613201
NaN	-4.50507375567658	-0.0862916778119459	1.77131239926665	-0.676594101239064	-0.912340615387683	-5.4023654908255	2.19859183766278	1.26852034618449	-1.98352319616268	-4.18202357502515
NaN	-0.411474802170683	-2.08313965927285	-0.0166118743655468	2.14059490762951	0.414926769046995	-0.401629853212937	2.59108468287399	-2.24090437917291	-1.47453176906684	-0.860483932061346
NaN	-1.88069304429263	-2.56188655933464	-1.03516398967983	2.87616592061641	3.92065693125474	-0.65130100704362	5.3723324890316	1.00696996443424	-0.951010537909945	-2.85185211749487
NaN	-0.716059799089733	-1.17257415897156	0.357989274329249	-1.48500177856629	4.35226861772396	-1.14780908793152	1.4582001719864	3.3518352879131	2.68043908185924	0.54982436306324
NaN	3.51667242478642	0.865058586896551	0.109940619229616	0.631772054227268	2.88621820984336	4.69741277347944	4.10286489303379	4.13846380062003	3.3410203579799	3.88112998319918
NaN	-1.76658785875674	-1.28925778477199	0.741834206708113	-1.73675849981554	-1.36560565147513	3.75071601719049	-0.574647452158562	-0.267920020873534	0.438184288825746	2.52983951414554
NaN	-3.79739940044033	-3.35844964490216	0.397945285014829	-4.45689996065418	-1.77366441755025	1.21669172972661	-2.36688912185059	-4.7318278187899	-4.42171339709803	-0.847911417113376
NaN	2.79660765084851	1.19306002230895	3.791594442908	-2.59519092846937	2.9767998384772	-0.0747458052329904	-1.41214606454591	1.99363560199386	-2.55409464494348	-0.768309003030236
NaN	1.91362866253719	2.92417276365937	1.90877701422391	-1.53588067991383	2.39588861633709	-5.23827916175908	-4.17558161566155	1.93209502997381	1.81347858197672	-0.0762320901628329
NaN	-2.8438554538697	4.69097113846682	-0.592092766776647	3.75188064987768	1.17561559171972	-3.29566658793976	-4.10019159810737	-1.93385675143681	0.838119964314682	-0.73674610551958
NaN	-2.58813023125954	1.93973560535736	-0.203203168444937	0.574533110798005	-4.65253777261715	-0.521763241491086	-2.63445622179376	-1.18479162553842	-2.55220892224155	-2.72868391667174
NaN	0.118978209619355	2.68748936344115	2.24237871506946	0.184510486968394	-3.49654427246721	-1.11799798852138	-2.38844302221227	0.256901723253117	-1.34237114591735	-3.08687593809017
NaN	4.59258442895025	-0.222312163861254	2.59649995893686	1.42756959757629	1.69976046073605	-1.25318965893396	-1.36770528903104	-1.85329110454167	-1.97918058313789	0.530090540643709
NaN	-0.928785349720663	-1.65179995313107	-1.03401778844705	-0.23137227153591	0.856809564564862	-0.377255808204795	-1.37321939761419	-2.55267074723248	-2.28287289390074	-0.968973077681918
NaN	-4.04453050117157	-4.01451854494737	-1.42981516641816	-2.90450966599616	-0.485551827639741	1.12644901412344	0.597986047809894	-0.406242037020584	-1.14489405658544	-0.117668025661692
NaN	-0.170879475748612	-3.48295988168371	-3.04643927281108	-0.46006703710629	1.41262379265124	4.77001931936139	0.952424392492409	-0.198434417959182	-1.70649849425908	0.87807521507989
NaN	-0.24523759935603	-2.21416284049191	-2.34073293354205	-1.02745764745196	-0.409892101274127	4.33290092665844	1.39348452888994	-1.68859255057084	-1.74772845361687	2.26929201148443
NaN	-2.03746329204099	-3.28964588347523	-1.41680936528368	-2.76089678946204	-1.92776789531898	-4.19508598596396	2.3792515241594	0.0423440466190934	-2.38589437545309	1.32042513640646
NaN	-1.55492538035179	-2.37980131091567	-0.874374730340578	-1.29184501491679	-2.08326928638578	-3.75390366614797	-2.09783124667371	-0.883252680325662	0.469425984480796	0.73698984812775
NaN	0.388932617741159	-2.19136462267894	-0.927527574563832	0.947801365972659	-0.247783004367714	2.09558774530561	2.49510248668856	-0.0362106855182344	0.995634180336993	0.22115992621115
NaN	0.173798672414378	-1.53055738806207	0.0909772249790337	0.0799823056779138	1.6788998319273	-0.608192720831592	-1.11446494064542	2.17207249798632	1.55971962834508	-1.23947371069202
NaN	2.59832626693939	-0.754537912242651	-0.715785253159681	2.55745844807153	-0.245533422526601	-0.774290672345904	0.683081449652838	3.07921895422882	2.73865913159092	0.304650761205403
NaN	0.475498278253591	1.5706858575269	-0.877419273968278	0.748526062871853	2.41141170753514	0.0173417932385073	-1.45368967120475	3.12054504198021	5.86062644808343	4.74734415166033
NaN	-0.899014675173439	-0.440052157892243	-0.508714782333001	0.746277246172846	-1.03656362877873	-0.319386740423344	-0.386019606203838	0.305855105955374	2.25929725207088	2.31840524678127
NaN	0.513625509415911	2.72129668373979	5.45007297790382	4.34924720380138	1.62062204069278	1.32975659932983	-0.0981797252983825	-1.95148806528576	-1.78370002142836	0.950539271659089
NaN	-1.04731584463142	5.2329536705217	4.64389541111672	2.35296683660177	4.25416411292778	-0.358878853489894	1.08524101405536	-0.321821293486634	-0.712926005059246	4.49688833845809
NaN	0.377857036102632	1.92099914291024	2.64190285699	1.4092124481637	4.13262080194623	3.82835043787516	0.271800737006433	0.476899960217245	0.554831166460981	2.87482372222545
NaN	0.403765267283383	-1.17447659266926	-2.19689111740374	0.753859298523167	4.02801914432166	4.09429364715521	2.56569943531834	-3.3849957931249	2.53390193254193	0.216498811515902
NaN	1.29410825999616	-3.3091058352795	-3.45518154121401	-0.637112347694337	-3.32444101745107	-3.35164398822897	2.27230963796389	-2.5364303795095	2.1697553658226	-1.76391721886326
NaN	1.40662277242803	-0.803424315376954	-2.72390963558	-0.521829642453555	-2.43730425170562	-0.0665252456726882	3.21515627786893	-0.721234805275054	1.63886262177087	-0.513310191070955
NaN	0.123853578664843	-0.798170874535355	-3.49941069109165	1.57538544915453	1.09487194175277	0.0901976756592626	-0.43665100179934	2.37078345281025	-2.40217355245294	-0.201996641340408
NaN	1.82110827694756	-2.48421886788728	-0.369102031424767	-0.453416947776794	-2.07387668745523	1.14791147719794	1.37711158227822	2.16636420186311	-1.38403226927904	-1.81755483182333
NaN	-0.496909137555938	2.236108308638	0.220612836700441	-1.50567323323435	-2.3122885833649	0.650424745050241	-0.407066337645919	-2.614895433957	0.15218753654177	-2.07736751523331
NaN	-0.535481358748461	5.08957212850752	1.58255886530571	1.50822097075419	0.0448814410009024	-1.0259247505702	-1.6091725882756	-1.06967623139056	0.804616565662156	-1.96742265526266
NaN	-0.308164245354697	3.17200900813669	3.4921863134911	1.66285930498465	-0.704759427915154	0.0470074416730499	-3.04875755227143	-0.620842810644398	1.46268644390163	1.6528052789475
NaN	-1.33529256823118	3.82174729777725	1.50230869841837	2.34821350842674	1.61274276692736	4.24050601838516	-0.673848188349963	1.2838251620094	2.28266285216095	2.38115245486448
NaN	2.63798133825718	-1.57396936702127	-3.80540661245593	0.876213736595281	-0.449027948081716	2.64451551574513	0.390485061622919	1.90126692796964	1.90538015089313	0.177075101073232
NaN	0.0642195813870993	-3.50191195741554	-4.33049374001647	-1.36634406644872	-0.32983769481969	3.34574044486901	-0.970686531613514	1.66188006683892	-0.584617116561233	0.962041816247972
NaN	0.518380785274465	-3.46549365921154	-2.46002833403478	-1.77905775794103	-2.08418953047962	3.41055693731533	2.01624276003958	0.7962956256186	-1.22029613929788	0.960796848410862
NaN	-0.0567874556077082	-1.27576272351574	-0.781379293622617	1.88390577847249	2.1204535898835	2.8495389049284	0.341895872870107	-0.0170367211227313	-2.02685632170016	0.368865515159101
NaN	-0.36696474988585	-0.412776287819861	-1.7405600572769	1.42140309227879	-0.373818583068807	-4.8462240166242	-1.66118924060801	-3.71089257989194	-3.25530015785987	-3.65985314542591
NaN	1.12907439671784	3.80628486074911	2.10247381834561	-1.59393230379446	-1.4546117697903	-4.09737391300912	-3.35988391727225	0.692111114294875	-0.611391528934855	-3.47872748687643
NaN	3.61573156922928	3.59168495611921	3.76993590511081	0.18483201442572	1.07367176820677	-1.93880519252128	-2.00461204621694	0.999969280913267	2.57076604609174	0.841346364583433
NaN	3.22526882931832	2.26441831536612	3.30739798060778	0.668767136183391	3.36796050713385	-2.33880265661267	-2.04917312885639	-2.66939120567948	-0.972893735226225	-0.450545446813135
NaN	2.47730595217842	1.19652234818503	-1.94102167391613	-0.0681345858919863	-1.86605142405981	-2.27221445926831	-1.40856654757601	-5.49949005542207	-3.76696743744513	-5.72462031216656
NaN	-2.68232636741374	-3.04550815186937	1.44007774993995	1.3865530688653	-1.41900138636573	-1.86999945536274	-0.304804034543702	-4.75620800131166	-3.04556216040508	-1.30020066149151
NaN	-4.59677581745939	-3.27722235837771	3.13776035453531	-0.347970504275005	-0.28313189748484	-0.358362183145515	-0.234130082075037	-0.0810306924879151	3.51944365829759	2.92336046433428
NaN	-1.90475340114799	-0.961035275247137	-0.0352537697398398	-5.22770110293207	-2.77474535484774	-1.46849724777658	0.543742558020633	0.682604872596897	4.17107038075774	4.59775984905735
NaN	-1.9493726740391	0.274646870988903	-2.77636375823432	-4.81057273709303	-3.06798600825903	2.503133793571	0.528553926429626	-0.332640807211092	1.64728095991173	2.6821133780036
NaN	-0.177442751500792	-2.08540972870083	-3.00042740693614	-1.66401787865991	-1.90765177520536	1.34070985934699	2.34357994227862	2.69210575274103	-2.95948965446755	-1.52536271093022
NaN	-3.29397174469613	0.149200481404572	-1.0101448021113	1.20940790167909	0.758499831576591	-2.3498917285159	1.78418129995102	-0.438554194786801	-3.62599616498802	-5.14320742499999
NaN	-1.16604826936303	-2.58788090646833	-0.778441253964378	2.08291879497885	2.76908669658782	-0.741189840797079	0.145730442274177	-1.61322837761227	-1.49631415745217	-2.72814040259453
NaN	-1.18554527242784	-1.56450693737777	0.000451912209851872	2.47995293161065	1.84905572706599	-1.72056171049428	-1.408128372006	-0.153971984637846	-2.55528321153446	-0.578814903168936
NaN	1.34047150818601	0.366823936634942	-0.574810005810315	-2.18838374531878	-1.84931417648966	-1.04376028919467	2.32312609850844	1.90017207394129	-0.402918963932022	-1.06747193582226
NaN	-0.260920725825723	0.108503417876094	1.52745256295578	-3.29447139417991	-1.98479955828612	-0.814281492124513	2.5718024633452	3.20926270836558	2.60080864855455	4.74717560301188
NaN	-0.710497683417835	0.606494765781284	0.579923535297094	-2.02636996726382	-1.07559576979982	0.805471911116273	-1.54238757404646	1.28967797697361	0.953998868121338	2.6335129576583
NaN	-0.505712928940796	2.71709445242464	-0.807280227501328	-4.05412177782924	-0.770766771438769	-0.825336979892417	0.172958494507275	0.308198039688533	-1.05319337390369	-0.472413042224057
NaN	4.37755705947514	3.58140058439184	1.70859286247957	3.1126848312188	2.22303857754456	0.363907690774787	-0.7796688716649	-0.814331683264207	-1.02848759773464	-4.80599837705978
NaN	2.17239096061588	3.62156080330206	1.45666069547607	1.11221333630124	4.97388469505698	1.08742762374582	-0.406559603331263	2.25929493122357	-0.847829254924528	-0.721926976782017
