NaN	-1.46451833013894	1.17867120278279	-0.0958081308118682	-1.199567452692	-2.53747153701757	-0.99753053413145	-0.360359236085754	-2.05284258592829	1.34086580341637	-0.36984482884602
NaN	-1.74757433735361	0.037386891490538	-1.00048267826566	0.857318654309501	-0.957510316861191	-0.0992707354053899	0.966315714617683	-3.04730358160959	1.64751320762584	4.48296639115822
NaN	-0.212804647432427	-1.67090371579711	-1.57778247746767	-1.1849681467866	-3.19746069103257	-1.19965614964065	-2.8994292614458	-1.42469422719779	3.140427668938	-0.792005924489226
NaN	0.757587647075657	-2.7704877529661	0.432877069548657	-1.75132001843396	0.140748285309798	-2.52875174975106	-1.32003322370424	2.80036116850052	0.668711350702432	-0.204544980646868
NaN	0.628168026380384	-0.655842851987345	0.749046769200624	0.363081629281826	2.11660255421325	-0.211414895227103	0.369973398265342	2.50983699086999	-3.73026481582188	-1.9900645593069
NaN	-1.50315837242131	0.2911199827689	-1.2431257632044	-1.62659567226861	2.44583518598304	0.740462859062643	3.89172951329542	-0.877727604498498	-3.15198410683117	-1.22353205373935
NaN	0.56702992141137	-0.247137032771282	-0.845062599726867	-0.399504961415676	0.317405272015459	1.55477586078859	2.15271158204785	1.62801318840877	-1.62104615120869	-1.80889686220492
NaN	4.5678802326243	3.36368576717242	0.426932434420218	1.37805624724921	0.200260659540995	5.04091533846059	3.4606710431565	1.51268404363608	-0.58168898350161	-0.0958604491444681
NaN	4.88814567649905	5.29344951803634	2.83048803222176	0.339381899142449	0.943391624735193	3.65195679883946	4.10002377124941	2.77211557687627	-0.27337749062884	-0.680489579261513
NaN	-3.70080939769969	0.141470303231763	1.95707575180512	1.25047270457831	-1.19238407382513	4.13195654230576	2.98844392089804	3.03933705201925	-0.026835999038751	1.45432623046202
NaN	-3.29502585124186	-1.20214243230554	0.0496242130643244	1.32599011430761	2.28158467456035	-0.201556141603667	0.491768388534031	2.66458692290906	0.614006719818335	0.239452996889003
NaN	-0.152787212844993	-1.40996070026249	-1.3305684852435	-1.52569130641559	1.83582568090353	-4.43788079120794	-1.85749466464495	-1.03121141642749	-3.05343853605088	1.45084122760039
NaN	0.218931548420444	-1.59400963690918	-2.21537557486299	-0.230590382575016	2.89972377873004	-2.28827060978152	-3.90212089232882	-4.44214031427205	-0.803883808251447	-1.09775121291612
NaN	-0.2724651793934	-1.95453802477998	1.31640485048976	-0.842525477373689	1.72715933382914	0.99440358451185	-4.56909790445651	-4.15181378292761	-0.555098268344764	1.06713901883362
NaN	0.692104733160755	-0.451905205599644	-0.840360717249762	0.0642591367545671	0.273954623086324	0.949392356110693	-0.572199966965168	-3.38581984469332	-0.839476476267462	-1.98983811276679
NaN	1.25193917971073	0.0544142663490096	1.92840581867729	2.15445426795183	-0.587029584300445	2.6438389469814	0.935255681215587	0.18533651526795	1.84531917687677	-0.102094688186169
NaN	1.39313097103013	-0.248087434416445	2.30424167182442	-0.0334579590071719	1.16569813830446	-2.26746981679999	-2.94976746350237	1.08904750208672	1.52706230793494	-0.472990761586195
NaN	-0.390574422273916	-0.385314003448312	-1.44510881553446	-2.05984320582884	0.856296606111465	-3.31806375200274	-4.53118910865163	-0.120659848799142	2.11366806947687	0.89049360681379
NaN	0.223750506524438	0.885479287365756	-1.93117002987417	0.774491117563487	-2.37921924890537	1.23080764882269	-1.20893408614169	3.09371938951046	0.0850559816445418	1.42209241320788
NaN	0.238958766395758	-0.448737942502276	2.92815393007847	-0.123719554594572	-3.44685185041496	0.238386410262889	0.710986438087468	-0.437161468640526	-0.248876360301315	1.38482815309276
NaN	-1.40268873852013	-0.929128010459956	-0.423733843419691	-0.168313760926323	2.41636037195492	-3.5344020549347	-2.9335136341469	-2.70413301425037	-2.10122353390896	-0.513086503394218
NaN	-0.562969558311275	2.22883737978505	2.38083998426334	1.14578032805069	1.55384656480682	-4.80807830009808	-5.60205113453405	-2.43531454910635	-1.3723555518949	-2.03970333361022
NaN	3.77729120409023	2.37128225173862	-0.171449457204343	1.31368169560765	-1.53218362904489	-0.988583165123784	-2.31711720763486	-1.6721245352539	-0.407243158578107	-2.82195758726076
NaN	4.2447285800449	1.08922473591957	-2.30878170697056	0.851883247169717	-4.42388027909486	-0.208722247435974	-0.986170618891534	-1.60340476158332	4.84146882534412	0.863125125724137
NaN	2.53429316544748	-0.539156909987921	-2.01929850662566	3.41200955532606	-1.03294272964768	-0.184168415921555	0.340518432508925	-1.50924439120683	2.69045148541056	0.816494767192549
NaN	-3.52873284559758	-0.706168246831591	2.33476940558687	3.83749979024576	-3.75342133581886	-0.898712970296956	0.864905778616743	1.26619539162445	-1.74607916227979	0.841204762959016
NaN	-2.86404250629985	1.15668192470373	4.53894516917887	-1.15337182815637	-2.93189729146519	0.73331752787616	0.549084510748139	1.97974488167964	-1.21446190655998	0.494375533156798
NaN	-2.15246323723574	1.56505218163453	2.56713833387645	2.08936281381485	0.306767082052914	-0.631828083574251	0.899830480001366	5.0151966315001	2.64396903577886	0.975376234298359
NaN	-1.31538957360555	1.58250395227754	-3.28518680419197	0.0572466132854286	0.220842685669361	-1.44245635018073	0.0162090628746841	3.49359486014815	1.42020669961999	1.01959084720908
NaN	-2.21749279546163	-0.148120507205512	-2.38510445336629	-1.79978628696298	-1.86265247078902	1.56095509482977	1.90966189153725	2.29660344264303	2.65088310931229	4.79619319180302
NaN	1.97572338231275	-2.98377038067185	-3.23536775232817	-3.37974581983038	-0.418022915755202	5.03417486081787	3.85538004238641	3.51302638474705	0.966668077640578	2.84788240333658
NaN	2.26698138466633	3.65301084687848	-0.103818779653569	-1.02551343714859	0.159921118360296	-2.77443451557878	1.88324972667571	4.0864464973445	-0.94574083256006	1.27322624038069
NaN	1.98703219801413	-0.712741820726636	0.157086839881795	-1.24469351636988	1.84449826312085	-3.86297563586238	4.81333759678731	-0.509903887151763	-1.68500209619362	-2.36771605173912
NaN	-3.76388597049086	-2.7707981609093	-4.40000169020532	-0.219894852249386	-0.201029404005939	0.478323384536853	3.88209630575427	-2.19113086942562	-2.53966422154386	-4.64711282801512
NaN	-3.43900036920619	-2.44976070367626	-0.0769553579809501	0.464794148528131	3.72936843604162	1.29536353959167	-0.97945847847671	-1.59158216521862	-1.28841650426975	-2.89297853023061
NaN	-0.863280710646833	0.536814255026341	2.91862540901416	3.32436475895772	2.91424259539148	6.29152657422412	2.91628101531465	2.41648603543874	2.60694961629823	0.291953873612575
NaN	-0.935962484802939	-1.01258215359413	-1.72753484093817	-2.34595417788551	1.29197063000416	1.08243998336888	0.95227412953679	-0.996088337733116	-0.829817068725822	-0.0597891711536825
NaN	-1.96190869680789	0.630528695139668	-1.87939052764178	-1.58244351629738	-0.905555436946271	-2.72777860623865	0.987420298335012	-5.55939592162797	1.0555731624733	0.805168931551621
NaN	-0.440712750279545	1.64084284313069	2.00951037820142	0.141462027988165	-1.81582361584589	-1.43634177685079	-2.66648773281431	-1.32129154775625	2.41680382394779	-0.332172395376643
NaN	0.901980525806799	-0.895050931431629	-0.160465938955739	-0.894026724171338	0.880007901558169	1.11802546830864	-2.57565169451064	-3.49522185985526	1.09858391234185	0.491841653826475
NaN	-0.536512781513787	-3.3326135889007	-1.51149192578676	-1.46246297088136	2.10880675880284	-0.211681103099563	-0.369034340545497	-4.92325292078094	-4.4976780840008	-1.2921137171596
NaN	-1.63047223990582	-3.0136103561786	0.0697638343061184	2.93727378629228	-0.542625507783746	-0.0683345548073513	-1.3989681958328	-2.58393166848706	-0.330776594093257	-1.75551207014434
NaN	0.346937874822631	-2.46040406968766	-1.23757626904533	0.81462068567383	-0.558336469233648	1.57333232324231	1.04991807123417	-1.56593830407419	-0.854169711195738	-0.294714729919194
NaN	2.22641535593258	-1.73192716490158	-0.380030048474245	3.87753512140585	1.16806551904209	3.65262967490633	3.53227645074349	3.38142945130408	0.932680200253675	3.1562320121798
NaN	-0.463256863972504	-0.644335669440101	-0.603154199312236	-0.00711550286223134	0.041026694977846	-0.73914957614746	1.06222037654446	1.25729761293659	-4.28204029448057	-0.712446066242226
NaN	1.90994881356554	1.08651288211336	0.562538583336903	-0.353262436910418	-1.21311431701213	-1.94251743124721	-2.33236833429608	-2.71745238802684	-4.47529400944032	-1.36603950468278
NaN	7.0271242514958	2.44503751501128	0.67819258112187	-5.22412891222956	2.1956035648503	0.790313386252838	-0.905123841039282	0.278921634938202	-0.6524376223786	0.138415776669269
NaN	1.29039268752543	3.66711061057312	4.06790909523603	-0.471091919334043	-1.22979163883748	1.41311907592194	-0.327230038403186	1.69078044718894	2.61556488241696	0.054102094386945
NaN	-3.47896108121352	-0.62969056715573	5.05994067145647	0.259567704552595	-1.00040749658669	-0.789657632168258	0.0724907189193256	0.372085356552066	2.13498130722406	2.05289220713741
NaN	4.22596142814194	0.756079803036178	3.61977197764181	-1.80426678193573	3.83312891195086	1.42599359948095	-0.270838838003746	3.77135762857748	-0.0598945211213905	0.758730128561767
NaN	1.18368721373267	0.845102852929874	-2.70156636935835	-2.7013234253224	0.189330918547572	-1.60149555380913	-1.18791786837198	-0.723446163987183	-0.0353150162502217	-0.94098780824079
NaN	-2.90715425475975	0.423320863639585	0.455524929823654	-2.02225468593687	-2.50404458791768	0.675396559958543	0.788219557164393	-0.802750517637965	-2.52403430014365	-2.37856420547654
NaN	-2.61250413953748	1.67425125389484	2.11810629003899	3.19003797259022	-0.26309171896187	0.0223084115784002	0.414739051501113	1.42082954135826	-2.49079193670655	4.34145984437896
NaN	1.37404219423439	1.07240580945693	-1.94984321034952	0.635621306768553	-1.29558735468111	-0.21579804512666	0.899239768380874	-0.751476753916474	-1.17980691780252	1.34627049230365
NaN	-0.768405502591036	-2.36774773962364	2.68856151651395	-3.11245797768188	-2.02959072262438	1.70562061183226	1.93998081745023	-2.28057366042281	-1.91178608394312	-0.42048708796249
NaN	1.80526043995383	-1.7703701401737	-3.25955481998401	-3.07911429606896	-2.25879932126224	5.08333383995912	3.64966692770409	0.775376363027513	-0.508447720865304	0.544717061313769
NaN	-1.03005227209206	1.40615719716968	-2.98546567447358	-3.03474360237138	-1.80060993819507	1.39453038483102	1.39807724062136	1.04615703460769	0.979802634175399	-0.0439761934276483
NaN	-2.22131712988372	-1.51411552372157	-2.20876793028205	-0.503465912959956	-3.16569680065843	-4.79464743701189	4.22376832417463	0.292733200466219	0.253988972760388	-2.53615453802709
NaN	-1.15177911295074	-0.702598390980221	-3.83139641993866	-1.07761661482652	-0.949176318310257	-0.420758409360859	5.04927595561048	2.1609313283375	0.350701313704088	-1.87684029031426
NaN	-1.91475338053049	-0.948302711948903	-1.95601919837337	-0.641289032389688	-0.0499618994048842	-0.421191281807987	0.139773858328236	-0.80795653368534	0.373919607839744	-0.355816184522074
NaN	0.483395267081625	-1.73816764442596	2.47170811184667	-1.1679303288368	2.04059140628268	-0.471894509126573	0.0177073935795296	3.11215602027336	3.92805847532587	3.57149440517057
NaN	2.32399074645415	1.17838596067247	3.1839537968063	2.89087489363603	4.51474670952281	-1.40511404872888	-1.31186288218515	1.28337511333897	6.69451741961418	2.68731123380353
NaN	1.85620192520327	0.535451289142434	-1.62073972519145	3.8531883571498	2.52340329735343	-0.880114027192138	-0.072546456450699	0.653586060050969	-0.289177529009051	0.708672362172616
NaN	-2.42760291716989	1.36114847502977	-2.38305444968031	-1.51967002852183	-3.78722215456541	-1.11125494636623	-6.6735759532009	-2.93656235488494	-0.142885075395487	-3.32493382447967
NaN	-0.227330408528745	0.928685161064409	3.32266504476774	1.84560079555872	0.837574006016631	-0.545989711681504	-6.4306862874793	-1.05688485121914	2.47328895226299	2.86469459502198
NaN	4.7565133071396	0.801514210099923	-0.78603932832173	-2.38855869513954	2.53128466466796	-1.44253586671929	-4.09261677083287	-1.75189187242976	1.78782612986969	0.618802291929788
NaN	6.79212275290104	2.60284459795418	-1.76886188290997	-0.631603671690513	1.61230107072185	1.57269294602702	-2.01316114317787	0.273779438084031	-0.690468821249453	-0.939135014814165
NaN	-1.70966394272399	2.65161143354505	0.231127482722539	1.83729669144233	1.95014427233296	1.39582934938901	-1.00731934387666	2.45436565842128	-3.73369472284903	-5.59085780796002
NaN	-5.41209374970277	-1.39499595655421	-0.430694713350095	3.42015095832863	-0.0477822412992979	1.5150496188964	-1.52446473266275	-2.69573293128625	-4.45696361182606	-1.58883770087631
NaN	-1.79420347505354	-3.91939603679809	-2.17750902911017	2.97665146771529	1.16554035405008	2.42558122605564	-0.0286967946854334	-1.54903640103502	-1.41070976108167	-1.08668652482789
NaN	-1.94794696705549	-1.37171770110137	1.0465866430246	1.36751583766061	-1.15671211579597	-1.78157732126416	-1.19435961485436	3.14551098416367	1.43027417358697	0.791681917828167
NaN	-0.851339289424609	0.0297026042926017	4.18050434942458	-1.91325005572006	-1.67429109863037	-2.63407291826349	-1.2702185559102	-0.369597506617346	-1.36507915592148	0.863842497139581
NaN	4.10466173342257	1.20766169729719	2.90490227867682	1.83923228360962	3.99953214537894	-1.36831163012548	2.21334364261772	0.0933299838330196	1.12247202772708	-0.0641831874246676
NaN	2.62167692837026	1.39070443120014	-4.58970928876382	2.3853424924149	0.479833279035806	1.62845141232809	0.896947921639757	-1.6841588603307	-3.92752848341132	-0.961325893434059
NaN	1.50299455112999	1.08311678628679	-2.85042736581796	-2.93078804446284	2.14792069837336	-0.528567409753381	-3.0217950310781	-1.36925447547182	-1.09307467752413	-3.03550431182797
NaN	-0.41540812682522	0.71002118499617	1.50037104157303	-4.51413748662082	-2.09897275825007	-0.0203465334925138	-0.863528590226831	-0.17008124305314	0.563027737202779	-0.588339332611775
NaN	-2.45026578721872	2.41315644705205	-0.534111119088286	-2.3055696700934	-2.60012015204613	-1.5408509364108	-0.761432669308228	2.3747138495168	6.11087493479176	1.53025210449852
NaN	-4.81665157530009	-1.70776990992931	-1.91867955666898	-0.802016386100319	0.0414101888094034	-0.244984288608185	-1.71410924975324	2.27441831960062	3.68670033627314	3.4813390237136
NaN	2.5950996750039	1.33430901220163	0.214502590346993	3.86523137834792	3.02800690375464	0.701308953014733	-0.0684200000028059	1.6167419912468	4.08676018149299	2.25259999274111
NaN	0.602014800524426	0.044926150623824	3.251110028041	1.97344898907272	-4.154540200036	0.190006853835228	3.04678451904371	3.63566466818278	0.0907799893547218	-0.327401101264073
NaN	-4.97557464678612	-0.00266896652222127	-0.562444920715779	-4.50330637752179	-4.41100889162419	-1.43459662706399	-2.15123876007371	-2.22797716585809	-5.46322233341264	-0.350574199281203
NaN	-3.16473030179538	-0.562145936655713	-0.870695860256729	-0.146238548632632	-2.17757328597461	1.01915625277643	0.503911907244466	-4.89721277831123	-5.05677258248138	2.34045190754542
NaN	0.226545464162694	1.57408909531147	0.944422713805852	2.46563265045019	-0.547902046256365	1.59121941024107	6.41530949975867	1.60582685419504	2.57950326553214	1.50885373118536
NaN	-1.067675816708	2.45119884908844	2.22994194988008	-0.29403313637216	-0.696457597463612	-0.121290946003694	1.49698788997141	2.45819324999037	2.04156924541538	1.74285452015738
NaN	2.44382360457219	-1.52675987818799	-0.335088181873932	-1.02587142643399	4.11365601916386	1.54744692704574	-1.81232755917939	-2.04195604180488	3.46711753853288	1.69717118991569
NaN	1.91173998231575	-2.91320011943136	-0.212380553928903	-0.865734004875015	3.4051608085969	-0.110789289658332	-0.056294784097499	-4.936402176054	-5.02678670187922	1.33515088349597
NaN	-3.74956920339278	-1.07879270339104	-0.94847499695196	1.29521365767286	1.12772102421132	-0.940927768523317	-0.629633023673956	-4.3677520504565	-3.93255849768985	-6.1664228074181
NaN	-0.486416417316956	-2.40313759497108	0.904226089321778	4.88536917660752	3.87979665319124	-0.876575164119308	0.469692850803528	-1.57698946423082	-2.66808512474526	-3.27958672117743
NaN	0.0378872499540911	-1.40378772854078	-0.352491753920687	-0.467165821236828	2.89366008250514	3.71278453384241	1.9380672611133	-0.833988669276948	1.27068852713745	1.37943730534849
NaN	5.66740376226435	1.65642400798422	0.999510653933354	-4.714053103145	1.72149142410431	2.90044638161308	0.715695396047318	1.14080200415785	1.77980634045961	0.054146815797019
NaN	2.63394825400464	-0.258534920231594	-0.06948177919646	1.2731195739774	-2.44551433293396	-5.48281332471604	-1.06147029616255	1.66492498491071	0.352339262020519	-1.27790130193807
NaN	-1.55623144195173	1.84014072271763	2.61091099725218	3.50284802108497	-0.847203105996297	3.72175365718826	3.31268330221241	6.2853287105055	4.89370588309835	2.06721757107699
NaN	4.23407656476141	0.375238422151057	3.83997016737078	2.35335664733521	-1.07448403077148	0.438556126458644	5.41069319811333	4.89141560971326	3.68527043126481	-0.116542091807513
NaN	0.923702132515469	0.165478205640821	4.55087034722303	1.92335190360821	-3.90298668531386	0.706824347537132	0.174316532133155	4.0851561071587	1.90132006867006	2.33242236924848
NaN	-1.98702265463012	-0.075476053291521	0.805177249402056	0.532271754006645	-1.18547784035542	-3.63162398415888	-4.41807163112821	1.58671090451507	-0.0702573821423285	-1.54979967439292
NaN	3.82457745067762	1.52496063411579	-2.7067512605665	-1.58825448372879	0.300218679409982	-5.76069806962792	-3.58022368039516	2.33823969481888	-4.15999328529317	-1.33320055303358
NaN	-0.155571080967031	0.996091077195103	-4.62218711939502	-1.89645422561889	-3.70144339284103	3.40640738011057	1.33250964189342	-4.18527323313559	-3.77772819097563	-2.21125935801592
NaN	-5.69032340208061	-2.20293459121685	-1.97968679408143	-2.2902807890155	-4.9079313869184	-1.06305495468463	-1.11055157124053	-5.20471426818942	-4.19105026039325	-1.98418514630172
NaN	-0.907100403163541	-2.21435176323526	2.22554830176028	2.16532194460469	0.0720030502453256	-2.23853244375262	0.956595817702243	-2.92440413236438	-1.0622826856427	-1.40844073932014
NaN	-0.936112603787791	-1.58806106384965	0.472935469637854	1.89492489870415	-2.84294089633734	1.49964286161429	1.72096978096006	-1.77486975121495	2.99112698483942	4.20740808916468
NaN	-0.763773224157412	-2.66026484968734	-4.16476523535831	2.76393142465953	1.73833299433478	-3.53319377054488	0.128296942213794	-1.92059920073181	-3.43281437388811	2.92178744790667
NaN	-1.23426793361012	0.481646962007928	-3.0199094081699	2.11415026802846	0.959342020275491	-0.247899514443988	1.82937104189618	-1.68352918413227	-1.00988766310272	-0.500157468734873
NaN	-1.96275675393674	-1.68281365584087	1.12239889126105	4.33083958832173	0.269572651747621	3.29646855457287	0.986262291770466	2.2515060559714	0.456852657970679	0.2270530530843
NaN	0.376098631147003	0.309387936894375	2.27289442976001	1.93877793276712	-0.432003824314561	1.42252550447096	-0.587288126208716	1.78452498836651	2.21886560155073	-0.57051193163088
NaN	-0.553672979067921	1.23389785453424	2.16983802025606	-0.0498871599559762	0.623853766266376	2.38893299721663	0.814762121307288	-1.40548041328455	3.32714399093701	-0.127509010755962
NaN	0.635638989416861	1.9528522677367	-2.81552890726462	-2.52377698076553	-1.79584056991014	-3.56231668642225	-4.42284090444827	-4.88000371416631	1.60874041630496	0.991378592964572
NaN	2.46290824868384	0.188763823217808	-2.19485306595682	-6.02357103759102	1.90482853410845	-3.94495243527372	-2.45297542315599	-3.3832575247256	-2.87295183813621	-1.94808190672742
NaN	0.668847959818142	-0.734202216311662	-1.67247964099261	-4.03548323652066	0.513763873623286	-2.11711528038937	2.42962934884642	0.150225309075955	-2.09367473326335	0.245743178686043
NaN	0.106114450667294	0.0189591808573949	0.0679362387118064	2.25857182420583	0.405546528761719	1.88750078398762	-3.6595041657452	-0.120311368324857	-2.09938804596327	2.9872795234678
NaN	0.630414098177355	-0.0461883051940211	-1.24466540117571	-3.1963620071953	-3.46687268646631	-2.90638236755884	-4.82852959507216	0.222214261460232	-1.21011544749508	-2.03541831173191
NaN	1.92220943261023	-0.39814319772289	1.06095093279238	-1.73227623029151	-3.61110705125966	-0.0736145139056136	3.90401606840574	3.30989254186176	1.40297734188131	-2.28780651416498
NaN	1.4375220149695	-0.21014941785653	2.46386922474697	-2.58569798918371	0.641303949913287	4.77851995172603	3.0825225959319	5.75061227788809	4.20102794480476	2.98606034514649
NaN	1.87657734402971	0.630993494710779	0.507869435151237	-0.60915818526643	0.758589013944859	1.84415145185176	0.277515172135124	0.692686299843363	-0.787317125666254	1.67856658599637
NaN	-0.624568479517688	5.60183730973603	-1.59452762585794	-0.670327890994795	3.3929567029259	-1.60600321622996	-3.50948316168482	2.86084686707473	1.33282961519796	1.85071126856845
NaN	1.19987224977836	2.70531473808167	0.0905156132682427	-2.44871211544141	-1.41560107600795	-3.44213347841516	-1.41442040265248	2.8174811894527	3.15535256254658	-1.73865639051335
NaN	-0.144943315240521	-2.71921593833842	-0.229795165973374	2.31359736081477	3.49725056748985	-1.11895595576515	-1.65377661409251	-1.44771687427347	-0.723197222932138	-2.945810405732
NaN	-0.166480383611544	-1.58011297810356	0.0230911553798418	2.06790155731832	3.21241970713805	-0.207247042295447	2.35154120841502	-1.83217800566532	2.94893880901468	-2.13135199122625
NaN	-0.289134595748097	-1.60298913365479	-1.08514632083442	1.36911527894352	1.42969059127648	4.75787366523176	4.20008790955441	2.01883449478074	-0.0584086424506539	0.688390646410554
NaN	-0.378033951590758	1.02250719952361	0.326609938298673	-0.590465812511231	-2.55789077941728	3.03260985904846	-0.263852184516871	1.40524825911078	1.67219079347754	-0.776824975003082
NaN	0.836628969475452	1.56296266948314	0.0254978346825482	-0.665293717306457	0.743268333393517	-5.44027894919854	-5.56789858110401	-0.291997346272784	-0.00752454299550518	-1.50634983319186
NaN	0.0488303462729071	-0.077693067880281	0.143902922908562	-2.53597970455946	0.153141056610446	0.737867636901305	-0.00603384743843815	0.879964934680882	-0.783347511361614	-1.4038774707262
NaN	0.933221457259603	-1.25584962424137	1.1929141078293	-4.82515136986341	-2.77094301420407	-0.469886469668819	2.43111489095432	-2.81968156588862	-5.16901966764189	-2.87968294088845
NaN	-1.03525957170749	-0.608927018130804	0.281615515038514	-4.68233403359555	0.556353750454811	-0.0311208675038189	-1.35396702076677	-2.7964295315635	-4.09119054389297	-2.45768549554543
NaN	0.963898451862299	-1.88521976215184	-1.9206305638924	-0.50329257586907	-0.653311336317732	-0.259059924364173	-2.00009083013052	-5.21703954036487	-3.52585898263428	-1.87907023697815
NaN	-1.91568928372434	1.09104431770875	-0.514410724323998	-2.04597805469115	4.13999804956897	1.52971925478668	0.452390714909512	-2.03951916274233	-2.24235482697789	0.478685089900132
NaN	2.50097817712108	-0.340536070435211	1.31910889570075	3.65855481466288	4.22278241876435	-0.00149000391427693	0.377109201803767	-1.24701312266042	-1.35317841959862	2.02488180835226
NaN	0.0812199268265805	-1.77999211807978	2.60672408039886	0.178073830214844	1.17739768242952	4.81922456218385	3.94553028975322	0.676116238127211	0.587446842631818	1.38453868541369
NaN	-2.05248797879889	-0.773641998747454	1.65796964392485	-1.63395821408965	2.44272401581527	1.99493496663158	2.37405918688303	0.0488188013514983	0.540317478955491	3.1348010403575
NaN	3.34472089871415	1.53866046477801	0.377195800696448	0.242056816276886	1.69710589235223	0.0735928754798782	-0.684516960669849	-0.281638291230995	0.555882526358018	4.55401875530808
NaN	-0.827995637013928	1.65076073694692	1.07930741851914	7.27524775326726	0.540095723834867	-3.48644176525648	-1.59588099504307	-0.760377147210384	-1.34494103239017	4.98903510717174
NaN	-2.82863001007773	-0.427453004779784	0.608755541355948	2.69409784073056	-0.578518981156619	0.152879678546985	-0.532430439388516	-0.00848917461193156	2.60758367471028	-0.211759353941221
NaN	0.473270548810501	-0.856908578055283	-1.41874908135613	-0.175903145897279	0.558179170195196	3.47613382676067	4.42189448142569	6.92792088423988	6.18234172777097	1.44438218616552
NaN	1.23836099800601	1.09794631755443	-1.47601037839302	-3.05904834581054	0.506075221404055	3.27080354360845	5.39485646901702	2.7598976095348	4.25951959704698	-1.09333870646236
NaN	2.64409023049431	0.107238729986597	-1.14676763630929	1.15550186319926	-3.46446380533651	-0.414788469212054	3.39576037236975	1.06988968778149	0.493409935290014	-1.04163500618557
NaN	-2.95981053108073	-1.34214621643532	1.00822033889249	2.00963018212446	-3.970459542831	-1.52075251733434	-1.422925610088	3.9163214236597	1.51453981934901	0.173356251393087
NaN	-2.31761204985662	-1.19865755462788	1.63508320459127	2.97264592138261	-0.796371603578233	0.650650977756454	-2.33945971505024	2.75748288471349	0.429534177509104	2.35725274410247
NaN	-0.833945726447625	0.134638698459162	-1.27727978533971	0.983458068982718	-0.828899929577713	3.33448930431994	-0.367282783732003	0.27115681426517	0.986743815747442	4.98716689058352
NaN	-1.56238838212715	2.09015781456858	0.0909125466959431	-1.2836739565836	1.47328099141554	4.09521946566951	2.2731385861084	-1.41800492625037	-2.67554799703743	2.55533568905431
NaN	-1.61075588388828	-0.642058834707626	0.655080474654666	-0.472658955205532	-3.74544049089089	-1.82282040755105	-1.48184878151377	-3.55848086302069	-2.07283779265847	-0.812925486843247
NaN	2.73665724536117	0.11312767467874	-0.207657428995007	-1.2999598958854	-0.131598241013137	-4.55968720041912	-3.43735707462448	0.366041989185122	-0.0552371083049159	-5.326118896186
NaN	3.03406146341444	3.20142855337922	1.60806363824227	2.88712457955962	1.26124076481712	0.315152143097912	-3.56229932955253	-2.7130544324659	-2.61002963437096	-3.64139747794934
NaN	2.6486486121948	1.49859461630458	0.99310909340267	-0.343528564198775	-1.70668480252617	-2.37194272567457	-0.28434046122352	-4.00523323475882	2.26090398103247	-1.49961659139145
NaN	-2.53786570196832	-1.94998219951335	-0.981341727958287	-0.213623478784084	-1.030621017675	-2.37089297473828	-1.15147798934078	-2.05184388180114	3.56153578873958	-0.163145680294295
NaN	-5.44389859284908	-2.10154533870891	1.17152078564982	4.95061614775267	1.64093788137394	-1.42335009439488	-0.560170172528954	1.04442699657448	1.5960011347484	1.2709777791775
NaN	-1.92960962672461	-1.44666943009474	3.12755329327815	5.00250753034625	2.5227003562855	0.266169819746459	1.46923620519637	1.50356410225359	3.5237852004176	2.43903291780336
NaN	1.14276344922908	-1.50634207260955	2.04872028346165	-0.450208882237424	4.24616132079049	1.50815030934124	0.662235256574288	0.765143863243933	-2.43628988987954	0.127604480242801
NaN	-0.208722120514899	1.0085559600414	2.50213065947461	-1.133774362122	-3.47019617174563	-2.38055858807437	-1.49137941267352	2.4148765280806	-1.51452646974318	-1.98123039476785
NaN	-2.00831093963275	3.50148987382978	0.778332357939052	0.0306915076386872	2.81605449087351	3.80200830173426	3.85967634809714	0.309637334957107	-2.66133337909812	-0.045433962774572
NaN	-1.29060250946963	3.00547010736052	-0.292924941986973	1.94007363566511	1.62953482165987	2.36411513218111	3.51766040528104	1.32869860746767	0.724638013027571	0.173965989338653
NaN	4.15399284070187	-1.92804894155249	-4.81695629459446	0.544567757381473	-1.56808744907279	-2.67530713187895	-3.04340602918093	-2.05066943738365	-1.92543935368884	-1.31136825240912
NaN	-1.38408123492379	-0.949179296174904	-4.23197901176796	-1.72821738286313	0.512220247283403	-0.997595926895613	-3.98219128579869	-3.34610915164021	-4.91186021346619	0.155486483445829
NaN	-1.71058046578283	-0.077202228725121	-4.63304454586536	-5.98030860381459	-3.88137222738264	-0.232790758219454	-2.31504503581399	-3.93278347187105	-2.55006168988103	-2.61267369387921
NaN	2.87499571637344	-1.12439423617843	-2.7834786574098	-4.49761371699584	-3.84815494637388	-0.444815528953592	0.15516850172128	-2.19507830056437	-2.91447001464364	0.42213945679581
NaN	-1.06979013463951	-0.323179019620368	-2.59061733905026	-0.994949758605746	-1.06289952801718	-1.83898704120112	-2.14065492283879	2.07967216567605	2.12766732916235	-0.0894499100653538
NaN	-0.865654679657604	-1.81959377139988	-1.63352455427172	-2.13992949994202	-1.06270320955077	1.05477816767017	3.15513845012547	1.89148429140317	1.57401099784516	0.161952415503655
NaN	0.253444031877325	-0.576852321815464	-1.96762882399147	-1.6607051183057	1.1860656605771	0.985532384399946	1.30276636761072	1.00494526785911	-2.24510233625191	-1.34146549344835
NaN	-0.452919152664836	-2.36554655473419	-0.5442355411945	-1.33885179836394	-1.00944641333776	0.000953269705615456	-1.43743374498161	-2.49703991836547	-4.50166123314636	0.157750457799349
NaN	1.61536916359857	1.63147668404126	1.61843165611732	0.344138762074316	-2.55464054246159	-2.37643169977985	-0.724733709392313	-0.784771003855432	-3.17251631698104	0.627185367952374
NaN	-1.08444459480196	4.14635453102369	1.11769130225438	0.44611290866979	2.76043038408109	0.822822700943801	0.813655362435561	1.34786773594907	2.88750193125746	4.59938795138691
NaN	-0.475796881705626	3.36242514306099	1.14563264238969	-0.508726211173936	-0.0870373609951345	0.597361602971028	4.04293222032269	3.02313229393858	-1.43214149439868	1.84284009372398
NaN	-0.250259862173452	2.71475988817376	-1.55463084948732	-2.34917467745671	0.531662212214244	0.733757386711116	1.848505025108	-0.0857154667434714	-1.82127318360373	-0.53208787146255
NaN	-1.44648640673115	-0.830424307192549	-0.744285420304283	1.73839375758951	-1.74352134496056	0.107956489002201	-0.771248148466869	-1.02872616838236	1.23151557640653	-0.252988152914856
NaN	0.0859557231153158	-1.22280574592786	-0.928334769083802	4.30296285499135	-0.733526831033424	-2.26972893252633	-3.37770286739573	-1.80922327783063	2.03831604387847	1.20171320171323
NaN	0.296007125030763	-1.54662011046236	0.380163541959487	-2.28128631732651	-3.14580999625445	2.15378900307726	2.83482036821573	1.21417648424752	3.95840801809896	-2.00513934804485
NaN	-0.256720623347344	-1.93552451693577	0.923451528193036	0.47877447575268	-0.185172015660583	2.25115374955401	-0.175377431568917	3.74373534938494	1.35024047982107	0.220111283860617
NaN	0.831593120988282	-0.0014184289146817	1.89386002500762	4.0717962555249	2.44434684741484	-3.59238162924121	1.51448935658268	4.01338867730969	3.42355469777341	-0.901114975128457
NaN	0.928636670178842	-1.31110707641291	1.46297057921664	3.07243059657316	1.9842449475687	-3.14179804502631	0.548824303722705	2.19213774502848	0.531461769715361	-1.0694671502065
NaN	0.894091134316486	2.35599083674859	0.411726442088192	1.04483339051221	0.000446062406693325	5.10594849070097	-0.342436153412964	-2.02425753709878	-1.41212872914191	-1.15990282179427
NaN	1.02843488895424	2.7269385873485	2.57305612392279	-1.99292484895099	0.335675037160815	-0.698705155204025	1.18744808190065	1.35934864342892	2.11700275697434	0.0701836069101728
NaN	1.27766614404924	-0.500339528615827	4.25233357201418	2.20221767837784	1.82546129129588	-0.798543159231658	0.765973670269433	-0.179636862673267	1.3635241549233	0.443112745785938
NaN	1.54650380732207	-3.2701880041363	3.34860639822889	2.32332268364181	2.42492652413756	3.2685447652465	2.64769281778537	-1.0835323158584	-0.135643174489237	2.20424585199678
NaN	1.31252661434477	-2.73010177562723	-2.44672206229233	1.15345081537415	0.165609286143041	1.44152699658575	-1.61400485546183	-2.00977841502586	-2.09010464467437	-1.47154031634392
NaN	0.0840152272006759	-3.64804210745268	-5.08713774088456	-4.84264928378762	-2.08087142050122	-5.07148112020698	-3.01183202624277	-2.81893645420799	-3.29248868428205	-1.15057267322994
NaN	-0.470218065738374	-0.790955096515116	-1.45076840876559	-5.733438281299	-2.63218547782589	-0.698226226272382	2.78082475414223	-4.35020904635412	-0.297419580014057	-1.08664295556321
NaN	1.16168816292995	-1.9725727698428	-0.234300726379227	-2.75017049604493	-2.35151403048297	0.0807590853301565	2.80338673442664	1.9106235557027	1.26952802750715	2.89853501109389
NaN	-0.42683426552864	-0.430404863210954	0.321539251415281	3.23383790974049	3.08844287454043	-1.3837280467055	-0.409718000077704	2.92109877506524	4.41319063656829	2.05596172553929
NaN	0.135014232350375	-0.129922893069378	1.32015934607735	2.17267560641471	1.73450516735197	-0.191648760734757	-0.441644722331871	0.627226728626853	0.734166336500247	-0.42709119390548
NaN	4.53242382409683	1.82651401992561	0.614565431505684	-0.964371467404374	4.41633644215851	0.249094368345601	-0.252862054661805	-2.37093035289556	-1.36449528107205	0.720483244226017
NaN	0.750017008383575	0.797575317425042	-0.496800481132966	-0.3985621186408	3.40511467084493	-1.06967998325944	-1.20121044790539	-0.971188274277714	-1.22787258678056	-1.37843889954488
NaN	-1.08968817348829	-1.45199376080769	-0.62536191458808	-1.4975092133674	-2.0986460002704	-0.210140762998655	-0.984924434612784	-0.311516047995802	-1.2354170612625	-4.22291574335109
NaN	0.836038308164109	-0.718983758487797	-0.397475219160891	-4.17148327468862	-2.87130809456657	-1.03513059880871	-7.02803935800954	0.791308984138751	1.05625967128039	-1.28921278312997
NaN	0.412765049286282	0.322497659415997	2.26715572286381	-4.04729525907927	-2.66541352768635	1.32605914674449	-5.97287254946715	-0.142637525359614	-1.94415426966103	-1.77248943468265
NaN	-1.72109923908762	0.703277665381497	-0.816252304842198	-0.915899325542147	-2.10336783085228	4.95905981237415	-0.319825136374881	-4.14018595988178	-0.938682462698885	-1.04304371322908
NaN	-1.0023302228242	-0.440389599243476	-0.178738250738575	-3.55429828479283	-1.05090528902411	1.28088326049015	1.65107966267002	-2.64648287294037	-1.20091203001969	1.19593254083008
NaN	1.15489768353175	-0.749602257131479	-0.953662857282066	0.0310457129072411	1.35336349648776	-3.88370414121083	-1.79543573970737	-1.49455357962819	-0.216252182174815	0.864355566232776
NaN	4.38468276495314	3.75077966784899	0.00794920340052177	1.08506853346892	2.80196146801957	-1.94027129747207	1.03767741234087	-0.495193922688747	-0.0549931263070566	-2.84431358913097
NaN	0.750256035244646	1.07369766932629	1.17628188302675	-0.862270861689243	0.410734409725295	2.23052081123728	-0.442098985243919	-0.32438907984366	0.761950559559845	2.11161515345485
NaN	-3.58909640029262	0.244735803751547	1.60950520598992	1.79584887710399	-1.25745989719613	4.24372619675265	-0.421616329313967	0.762080251624316	-2.03114579320544	4.26536852477986
NaN	2.90850926120078	-0.0835070790614808	0.925543102042658	-2.62059256341762	3.06789766515235	-1.37237605033697	-3.66359650164414	-0.146378538296594	-3.2361649888512	1.28090818670651
NaN	1.56475379025836	0.614944363530638	-0.256262529794591	1.99686480027655	2.03327614802191	-0.240156294174662	-0.931004794731488	-0.398600698080552	-1.01228745095995	-2.51558430163524
NaN	-6.82030779069837	-0.0432235350408702	-2.19813148751543	3.26256265531506	-0.597267731849562	-0.383272810235363	-0.511117595592696	-0.202563330362481	1.70135682207009	1.88233556994438
NaN	-3.74643537316724	-0.154746487475583	0.552452220647641	4.07481067083283	-0.749162194216748	0.0874853699925428	-1.84041573493501	-2.14473792070022	0.405742407705198	-1.39916759343925
NaN	-0.71179477522316	1.85337108582798	2.29526726131493	1.37060195642821	-0.496847554876209	-0.544166964507365	-0.980681659832854	-1.01766593747314	0.591994679826441	-3.97033626902363
NaN	-0.0320993061904986	2.77563052079114	2.13091664136563	-0.71156518999343	1.03811586002323	1.60932126582571	1.85800883849338	1.15126506712092	0.471253792611012	-0.641742422403431
NaN	5.31468356536209	2.77191937059243	-0.618767007257248	0.36736112318096	1.59564420434907	4.39472395594323	4.37752338375925	3.67491759672326	2.64137589620743	1.56878235837817
NaN	0.530710279803018	0.504899348407414	-1.26955929986662	4.19187866269235	-0.127843527892475	-0.322215064406159	2.65115852432579	2.80327520592728	2.50309145502515	-0.538100361595237
NaN	-6.77336584005619	-0.311466342411907	-1.02863773783728	4.71708271893517	0.683068075621981	-6.18764935207436	-2.94161541006875	0.687145904869372	3.43568356248264	-1.54727416324469
NaN	-1.65503079965157	-0.720683509058138	0.418207669652689	2.75060254200563	-2.00970574719988	-2.23453283954334	-1.12685474442093	4.66527004685075	4.52650169587192	-0.24337816016957
NaN	-1.09142239473065	-1.52081698733141	0.825117074820815	-2.858368762103	-2.40324897850167	-0.428698155961603	3.85244829685884	2.43824824547944	0.272659756331426	1.79134613807242
NaN	-0.371106625368379	-2.68782245115821	-0.86064943771756	2.12568549792083	1.18337580931285	2.20093200579763	5.53661250167588	1.76624648529358	-0.157489858627045	-0.266838234200256
