NaN	0.407123944552668	-0.816167416390405	-2.64326912597894	-1.61963820750573	-1.43538651312786	3.80125924034202	-2.66383264425892	-1.38710267631854	-1.91439964911009	-0.740021788317322
NaN	0.0741144821652291	-0.258720430994411	-0.0350569483646314	-1.79952033783846	2.0671180033189	3.3696920859466	2.12010485876742	-0.277417379553158	-0.507466901079047	-1.40641414338387
NaN	1.83389300765504	0.0717043046672365	0.344856182413918	0.225402875121038	1.22758409367683	3.03024995869513	1.779106505726	1.38561073466634	0.37572671576626	2.32863978122345
NaN	2.34494173492763	0.0932294193554479	0.224661717886839	-0.198520568098062	-2.72844115295469	2.51525725741243	0.142227425409874	0.635825112664135	0.244912088207228	1.71668395658758
NaN	-0.320297290925868	-1.0059126829806	-2.49449403678087	-0.198887616566378	-0.725590893191795	-3.03349513338406	0.200203841887598	-2.5733530753043	0.274648507345424	1.07118912832658
NaN	-3.24137276011353	0.203501162425793	-0.546807684388203	2.1553661071248	-0.182688280909491	-6.87774158123184	-0.39031816049032	-0.64178204448618	-1.4003329855176	1.94360006502409
NaN	-3.68138836207444	0.939672947020994	-0.174991365548089	-2.08420436275317	-0.141710103155086	-3.02649644373759	0.632765740995289	4.46357300952644	0.362366249354654	2.15040256519391
NaN	0.207368189840855	-1.3801508006585	3.03758700341576	-0.427274808987315	-0.991514468943981	-1.12076216382519	-2.05339045174644	0.000203030323180703	2.6278344106303	-1.12069652904612
NaN	1.31475033478177	0.594322553009237	3.66824874320664	1.6756018316289	0.669508208255807	-0.882380047466034	-2.30756086741889	0.828130271782792	4.17401327422479	-1.87135572969277
NaN	-0.719755881830711	6.17708541333617	1.74856596702703	1.94854816704766	-1.77643472442783	-2.18408594820621	-1.49746927458026	0.747113453561997	3.52031878302345	1.18141886749274
NaN	2.06640910492396	1.81518860681922	2.47347010514322	1.75790055806773	2.18028328550827	-2.67966897168782	1.01043035795499	-0.877502832308726	0.481352122068166	2.39199252438018
NaN	-1.14110476098295	1.38168688235998	-1.50312107115969	-1.60391262996266	-1.06266462065027	-2.10339791450742	-1.0650800943226	-0.500321486784512	2.34366823015865	-1.12158896080404
NaN	-3.21712728432559	3.02514191018392	2.00678902038464	1.21000300035409	-1.27870097400895	-0.00101820213434582	0.100044512352404	-0.662461952070246	1.08871738917382	-2.53233445247818
NaN	0.997167448469463	0.167981812465502	2.80131578831689	3.15314853419517	1.80877040241551	0.11684659807016	1.29259373370286	1.55864737584279	-1.05047997204917	-5.45679874825636
NaN	-1.55583853713262	-0.0954273743470514	0.60969930056113	2.71685882656181	-0.0232810700031892	-0.00337412524611085	3.71237881371949	-0.0484211978462512	-1.30493027731701	-1.47703303897086
NaN	1.03480489289017	-2.18871484202575	-1.99729738490711	4.86703194630616	3.56748870217129	0.401384890976369	2.6895177777645	0.220751721309323	-2.07379621107294	-0.631933906545185
NaN	-0.198968526854001	-6.93397279062843	-2.66418736645265	0.388715519969378	4.1826599162123	3.44297244708835	-1.701374247189	-1.47261307964976	-4.49005080603857	-1.56497451288289
NaN	-0.601085874145986	0.294345316534476	0.511727731558302	-3.79599084206626	2.2433989133019	2.75569957563684	3.79591583745903	-1.23457588484151	-3.52641220132021	-2.5600927821851
NaN	0.71663440298593	-1.84650583861792	2.48524642254843	-1.30898748734286	-2.19168210969572	-1.17804669226537	2.41096470017023	2.06964414825444	-0.349853882219129	-2.47535040999078
NaN	0.581200119418482	-1.00032143027442	-0.11523139766939	-2.69005177380341	-1.85330596352728	0.890627384076847	1.93895055203773	-1.13405646206005	1.11644535174195	-0.885235116239463
NaN	-0.091418183806471	-0.342289721762583	-4.06280950829417	-1.92674861429184	-3.40248598511686	0.492195384239212	0.962567483982329	-0.861551475729851	0.887382876851803	0.749112578559419
NaN	3.54544331733394	-3.32912633251342	-1.87724312305823	-2.5159256622399	-0.720154115316688	3.06460840924322	-1.86822909140005	-2.31780639469258	0.203207052734255	-0.876934540250261
NaN	-1.41899062243211	-2.05323367208607	-1.47790134744882	-0.391036172734822	0.159938351846714	3.3687494435155	-0.727432588216733	-0.149423585151511	-4.64129529987916	3.192558353767
NaN	0.971588264580214	-0.627914044253029	-0.570893638329286	-1.00106014180659	-4.04068060956159	2.02775852375892	-1.46295459012775	0.887740494379762	-3.10464838040303	0.551745818593383
NaN	1.54887648021185	-1.97220561261712	1.63368077501772	0.922549741357072	2.86779528690333	-1.01974954455213	-4.41933789969953	1.59112764028262	-3.43873784874304	-0.656213309089686
NaN	0.802665812144305	-0.752612798024748	0.575260838948747	1.49939167288481	-0.156297514134274	-2.29220667868271	-2.58577167922272	-1.16528241754517	-1.64670966795087	0.80279896082121
NaN	1.63746035997727	0.374796914495898	-2.64118524296889	-3.00927723166025	-0.268489010557127	-0.72505441501741	-3.00476814657089	-3.70101678632923	-1.61129049600962	0.910491003577585
NaN	-0.728720537111754	-0.0527214465645251	-4.61217394161685	-1.38374205462578	-2.30509072764883	-0.133621297791559	2.4128501203018	0.513518386416989	-0.404283448377823	2.02133500936855
NaN	0.174893797473297	0.0867873039476289	-1.9153539098053	-0.792857207756572	1.80796964240036	0.271477283733231	0.969297839152377	0.097532234948231	6.07846690626609	3.19190523640836
NaN	-0.698221171964614	-0.701104392370675	2.32461572761768	1.89451316066841	0.322378245987078	-1.35552097924106	0.611597120341905	1.48681099755965	3.30098575511852	1.74196844188143
NaN	-0.826507172195836	0.0989922366323262	1.15167507456791	1.32245532191879	1.21499951051597	-0.708122283585456	-1.10489653057558	3.97335877643087	-0.513087655112908	-0.764571367618231
NaN	2.12721197225949	1.7888026623477	0.327612479350395	1.9757537447353	4.46900338940644	1.12014445120827	-2.65068574107514	1.68538237068546	-1.41583432168836	-0.038839986962903
NaN	-0.349413616929878	1.35168634435683	-1.84624225743925	3.59434172378346	1.92650898022586	1.18508151714174	-4.62189163189634	1.45948615357658	-1.30407658475288	-1.01380981019645
NaN	3.7478254893201	3.97783671980086	-0.107964843690781	2.23032757822857	1.3596799921176	3.91317957871646	0.0586570127620103	-1.2686376574801	-0.144486553980681	1.52663744853247
NaN	4.63143282956225	3.43817462167563	4.16425878265272	0.0617827884214864	0.786739407222112	2.0263039518664	0.443283429696593	-1.65169583352279	2.11420026128603	0.687780626869855
NaN	0.751137334805079	2.78659890214171	1.7127170198937	-2.31256933690647	-1.92168311355692	-4.07120403898357	-2.14665321958022	0.261289892246134	0.438031374531138	1.53580840436097
NaN	0.785560198069235	1.50735877665937	-0.291848554930474	-1.7623421485623	-1.12854861045735	-2.2236573531031	-1.7986711123934	1.01281418970729	0.505859565136962	-0.868342544574476
NaN	-2.00959352780203	-1.44349359638332	-1.559607511274	-0.297289174702178	-1.73828633169979	2.78798910762912	1.43264404058106	-1.06016022335558	-1.57404541981191	-0.206247134471742
NaN	-2.8719044269331	0.266523863770749	-1.97583267687693	-3.17585799438572	-1.71215893306468	-0.507651931092778	0.14640767942025	-2.6319027527093	-0.891717712681912	-0.14048616463459
NaN	0.165634972995225	3.07166092377229	2.43730784664329	3.16498410746712	1.64417166307012	0.367193591008717	3.62180338801701	0.191983068813108	-1.63453046435593	1.78194104209392
NaN	-0.891062508746552	1.81395542883754	2.64145354302362	3.5613892628646	3.57950100458572	3.21010412687768	4.26144010683538	2.24466302201911	1.05875995285569	0.548678474241625
NaN	-2.21248054391864	0.153879289787346	-0.868827892770445	2.00402766520183	-0.552814882594863	-1.15544591617	-1.1349133872913	-0.335545251703411	0.574747448040376	0.973912517613338
NaN	-3.08477238477589	-2.24764021022011	-0.751982544508922	-2.6155974479995	-1.61567350209325	-4.78941001933755	1.53680119002353	-2.96987369547435	-0.136233367967139	-2.87148788829856
NaN	-3.03610610701101	2.71741811981115	-0.727755863132928	1.10506580357322	0.800172152666072	1.61018512799569	-1.6290191086058	-1.69860433027225	-0.357068454793668	1.13495466082933
NaN	-2.66022793151425	5.1376321243239	0.336762529421915	-1.41663202131917	-1.82501522748691	3.43251233491129	0.937253153362155	0.412683557444201	1.03523384334883	3.40824324858323
NaN	-1.07037106529646	0.904069359980655	1.39576976300967	-2.1822256581401	-1.6384053929157	0.584124064676532	0.997689754908633	-1.1211831505585	-0.996812351614497	3.55849421850127
NaN	3.10639055552618	0.864868614427017	1.12581358864497	-0.29727894152242	1.2098020809548	-4.65027860859936	-2.01740930397731	-0.627662914795883	0.896029280343223	-1.76793932361205
NaN	1.28842220412607	-2.95333452173289	-0.19948918813821	-3.51425027123749	-1.49922958908929	-3.36670271114077	0.377661307219774	2.64943475076147	3.36129917862062	-2.29456365177696
NaN	-1.53542372424256	-5.46113304145147	-2.23512970388969	-3.42916618959463	2.42771470856207	-1.21054381550284	0.502487119499929	1.37502716725853	2.67879934317829	-3.7673533597264
NaN	-2.20048151221099	-2.38267224977376	-2.23176861723942	-0.746910408925718	1.49132302908411	0.53652223807225	-3.66878856135364	-0.41634501088085	1.87077324417708	0.336460479595749
NaN	0.642968788650457	-2.23863190678784	0.954535103827579	-1.33221281828955	-2.2862548033631	3.03218927476221	0.835171949016773	-1.13466395715125	3.09916361147411	1.46501064582311
NaN	0.479425420767203	1.76440869548772	-0.630482870258749	0.685449543704946	-6.23815292019893	-2.37805777021799	2.7756667296905	1.99573880728893	4.80050807006781	0.663410832035702
NaN	-0.153650405562383	2.17873290740201	-0.322637853285678	-1.10991976122917	-3.22511826652738	-0.773615647065655	1.04965574352755	0.439380138777851	4.52272938724893	1.36387429962686
NaN	0.0171220681480122	-3.42898534285657	0.521792749150095	-1.56445715445411	-1.66878320775974	-1.02747000476311	-1.47700289523654	-0.981129101935377	0.523886018209884	-1.24982798416042
NaN	-0.663828111103295	-1.99358634592521	-0.0783806936668509	0.779003504251209	-1.55528074870044	1.45585451781187	-1.67696986004811	-1.91693788194429	-0.325646034850532	-0.26025055693718
NaN	1.18882752588411	-0.126662713388575	-0.321266507582985	-0.747833055026365	-1.63801593533698	-2.21069655383566	-1.3052274658152	-1.32296069681189	-0.0615695978389702	-0.470293148702958
NaN	0.26513823464735	0.330975695372002	1.04387758163218	0.495618041577876	-1.67979763238074	-1.03822431042019	-0.28471890083647	0.297092406888539	1.89973132968598	1.50526442566833
NaN	-1.02104830678181	4.66654886860717	5.01064191672465	2.52982661199593	0.0471346460051801	2.2168978590683	1.97346002801474	0.425798617205478	-4.17162024350288	-2.03716461525251
NaN	-0.639434937453669	-2.05786487696787	5.15237059901508	5.47821319388041	2.91388774875184	2.47214164728194	0.844326935208594	1.97421356848129	-5.29531162329099	-2.38933262282542
NaN	-0.0854749911814581	-4.28936771964794	-1.44419812856833	1.06694545393582	0.717944448435783	-1.20238553238164	-0.586974725926781	-1.37643491598441	-8.12881020756653	-1.39391286697921
NaN	0.0190739040010976	0.335582925703612	-2.32558387622383	-2.5083641917455	-1.57179288205618	-2.8606271443968	0.201213620142607	2.4486412962537	0.133255082950798	-1.37126078710731
NaN	0.780491518155774	0.944121654832268	-0.946496220842305	-0.0943650538936784	1.43297997103326	0.013098421652731	0.715181228193959	4.31848976689212	0.960275605810062	0.986559471603459
NaN	4.80957942287226	3.92800656643705	0.255439074144438	-0.697446974928563	2.8895902294263	-0.0663982997037556	1.42361554526731	1.76886611913802	0.217466511284658	-2.1004862470173
NaN	2.98159209546061	-0.838291495953627	0.663011296432928	0.624975187280318	3.05852557461575	0.320686895463155	1.22457401573746	-3.52618152122242	-2.22514715096181	-1.88843101429498
NaN	3.41505833518842	2.17040285513175	1.20246274115921	-0.401479008894235	2.86432964288697	3.18578532497513	0.111283599561961	-1.58969086952011	-3.52493846740875	-0.118798684696533
NaN	3.44146869362875	3.07671475089214	1.86577827343969	2.49075827231425	1.76103731388403	0.0475922725970096	3.31135034373745	2.5265223816389	2.41571971297278	2.31473186752531
NaN	-0.0580645357595736	-4.29841089029089	-0.208543199783029	-0.934139760105796	0.480671662750439	-1.07459227904899	3.60792139863925	1.42839713829257	-0.0687795771333104	1.34167048212179
NaN	-3.81108140530072	-2.72294252126384	-1.13505251816173	1.38773504417194	-1.8954168155454	2.58169861766191	4.30870597840192	2.04040220684871	-2.62973621857899	-0.317438385429709
NaN	-2.06309369225473	3.82023845109121	1.93417265077976	0.0710181614965891	1.51518367000703	5.26029291276471	3.51033393340197	-0.0456425772745298	-2.15121278584997	0.775023957353025
NaN	2.15040407512335	4.00421386896577	2.78567189059058	2.03218467715456	6.63011917278582	-0.544056225557283	-1.74314087038204	-0.451064593065367	-1.27285662422416	-1.68471889581747
NaN	-0.764130902699995	1.22015499602444	-0.278784424720358	1.68740494973952	-0.975180385555434	-4.14169135930765	-3.71255500867083	-2.44942353334783	-0.845850836982028	-2.22486534060508
NaN	-2.67534708233845	-6.29170140042638	-2.17469673691905	-0.602576627414698	0.151511824157364	2.72049951160707	-0.245270190588881	-0.495259730821719	1.13494602863773	3.54099296159856
NaN	-2.65491519362074	-7.12914667713432	-1.96362898330955	-0.171192386030122	-2.53512330524208	0.659528209213363	-2.35997218024236	1.65417682534766	0.593297462592204	1.05136162417082
NaN	-2.30023181263617	-2.16803389034192	-1.92618005189534	-1.51560216057145	-1.31075349891911	2.22056884330451	-0.390963004897853	3.33305333342038	1.06370317111954	-0.857691082870033
NaN	-1.80685174123853	-1.82993861211107	1.15297547223289	1.0565510182562	-1.76520260152222	1.07740208958004	-2.3109738381433	2.40710168876206	1.12980774516634	0.999595272903896
NaN	-1.82042721373198	-2.13566561172456	-1.51435231784099	1.25818796064854	-0.519791644312154	-2.89829918450046	-2.11961153404935	-2.19760356600583	-0.346218284689911	-1.41346164051027
NaN	-0.45705232030718	-3.06848471944596	-2.69520022399594	0.39902124027236	-3.38485840283569	-1.21540081823571	0.000519958837383065	-1.64619644058472	0.123544937249231	-1.7605792592782
NaN	-0.674082821769509	-0.195791204653863	-0.585269481241377	-1.66610063561932	-0.309533580608554	0.0510975331163256	-2.41625325575206	-1.6602263509615	2.58232843319844	-2.4969047289871
NaN	-0.731014810745538	0.485620797978922	0.150201637739362	3.64915783282202	0.222193665576362	-0.995516982443692	-0.197214371807109	-2.84604822344914	2.03989295127648	0.339994152944337
NaN	0.401451578122623	3.05991361864582	0.416376282963603	2.29548922836593	1.99195943303444	-0.1495449753475	-1.75367896320418	-2.5251088604647	5.25737455866999	1.78648036150847
NaN	-0.675047489300031	5.07813355001829	1.90992207201244	0.247062334866013	-0.852774771946912	-0.673587825275504	0.0852282727827966	-1.08738740940012	4.00358230409181	0.919970149457314
NaN	-0.22972359241015	-0.0725305444955844	-1.03410529905576	-0.812845640446812	-0.093610029899677	0.568172562778364	-1.21243946784003	0.589310292692515	0.368188618051118	1.59503240829161
NaN	0.402653681758048	-1.87815496017676	-1.63551921707689	-1.89592305021887	0.021412994812913	-0.440310949491508	0.383998430025698	-0.733360777258903	-2.88153229687776	-1.58618101421443
NaN	0.385540972912018	0.75161104352558	0.994989273241771	0.428191437578124	-2.11809626717321	0.0343263909020873	4.54004042345781	1.42628868182822	-1.70935603763918	0.294261758940737
NaN	0.30966177744948	7.72558341591163	-0.329357764176336	-0.0282239319342886	2.32830956900143	0.582205571975574	2.12787213604792	-0.90980744041744	4.63144230442999	6.06173132710981
NaN	0.893261106484864	0.963430031536076	4.22849810361596	1.01001127039404	6.06891870655505	-0.0770338375816514	-0.189832524382389	-0.209335551818147	0.87958780984514	-0.168943810713401
NaN	-0.0517943353214028	-4.90857409521565	-2.11467004356956	-1.66470608669001	2.29404648195491	0.657137430262165	-2.25270322091637	0.0966144453587818	-3.42582372464262	-2.17115446149695
NaN	0.647923678940765	-0.667781592769933	-2.51141613787799	-1.42209957540318	-1.9124251492922	0.23754020885667	-3.3552564256972	-0.547374464822633	-6.1725511482535	-3.36448562928662
NaN	2.48939529994123	1.97380439837417	-1.61228727428864	-1.84252912400145	-1.682022667884	1.56330317173445	-0.240138851832553	-2.07128435337592	-3.18783454592711	-1.28459090943546
NaN	5.89316914628532	3.07125115895835	0.353198658306604	-0.507446445141516	2.32385623808173	-0.0325403326454552	0.482076944840939	1.05135617681684	1.023131404385	-1.89256958714143
NaN	4.88062379293352	-1.77261962846672	-0.578903808785905	-0.338896773387908	2.38929628458409	-0.442063367592039	-0.383394569038772	-1.2697007212453	-2.19276603129989	4.40978747275978
NaN	1.22948340614811	-2.09251060647211	-0.53223664321886	1.23376490217783	1.37089685194197	1.74162648778463	4.08227942406608	1.78088661899927	-2.26766548726961	2.1941918616825
NaN	-1.90274115735988	-1.54513643398408	-1.14323326590402	4.20467208037708	-2.49192247721497	2.77496046280801	4.27614120102394	1.79511193403023	2.334268617615	-0.904302830794935
NaN	-0.60236039751978	0.0366900961202262	-0.753563694280656	1.83647325989208	-3.19717320006305	-0.992019212320085	0.890576423362574	0.310463559571633	3.07347912054875	0.931530837048592
NaN	1.26633520908008	1.09091512571841	0.977147744331881	-2.18337452135779	-2.74850689040335	-4.64101658513053	1.77355076167026	1.2552446664387	2.14119306225731	1.78756419769698
NaN	1.20465443255198	-1.86350245659298	1.31936781637269	-1.97648830353489	-3.35463606741741	2.51143862974435	1.0073827242478	-0.624428778832367	-3.1424029211714	0.160095973675715
NaN	0.924699888218187	4.74341611097457	4.24515824929736	1.68685205074817	-1.11402491462253	2.78823206439985	-0.634186760896538	0.678522095146647	-2.59870924256831	-0.980221437412723
NaN	1.53466879338669	6.13488725466023	2.04129470787971	3.66729035415535	0.929689656534671	-3.39984276359382	-2.1831481907293	-1.61526047568787	-0.0742375240898222	-2.0236404101369
NaN	1.50959362808078	1.16610198553954	0.873710749426593	-0.877017643062272	0.838131245395107	-2.62407046766955	-2.65166760606532	-1.24616529374014	-0.129221388397382	-3.77726872891901
NaN	-2.19082946940659	-4.81618928655806	-0.560031528113517	1.3164502245811	0.56573865522967	-0.549440861125555	-1.29938959426389	2.55376954560885	0.00831571621977649	-3.11015199521231
NaN	-3.74844600118283	-0.654938017498424	-2.68315877686672	1.013806414293	0.981876944650393	0.0140765670020116	0.116433808724786	3.1923832616849	0.501773639978569	0.268201890810494
NaN	-4.26738683393216	0.342286369816542	-1.62270778889404	0.294714306170741	-2.36549164640306	-1.97960215351706	1.07771100273283	-0.364041707176921	-0.177159919318933	2.4226147447735
NaN	1.02297473209106	1.49922865687383	-2.24291723022306	-5.31344226994837	-2.39814464272574	-1.54967018213797	-0.272753689248394	-1.14639234182092	-0.377744111694681	3.89653902845162
NaN	4.28647857451433	3.99087299178445	1.43918076068749	-5.70694430461955	3.81502872052156	-1.41692757230672	-1.90160704837951	1.31375932357032	3.39433656031935	4.00599659441871
NaN	-0.209837701629037	4.9097262426924	3.12497068522277	-1.37975287510706	2.16178189895324	1.34080261759661	-3.01754014745828	1.86493673693106	2.96216572078017	2.78705877974975
NaN	-5.51920006554252	0.916188091396766	3.05214390643215	-2.19525750436147	-1.68686717045726	1.86069072475104	-1.05692560136288	-0.670581685249005	0.0982781546173293	-2.66444080933929
NaN	-0.566144417518487	-6.40776815313055	-2.54684995913488	0.2395730852995	-3.03578680506918	0.467720380357076	0.72723021104277	-1.99104741315247	0.753790591162903	-1.770155870941
NaN	-1.21159124942064	0.112502932645108	-2.84186223678093	1.36676947136772	-1.18142185075784	-0.134059661304754	0.631216790376018	-1.20991698904176	1.67075423378958	-3.04808018861945
NaN	-0.460762983524639	-0.345626003559765	-0.0918979732732422	-1.20076853849987	0.287786935721488	0.956265559650491	-2.41636610889133	-1.06434031196167	-0.850669399987269	-0.562075617868803
NaN	-0.742488428039996	-3.76462828093542	-1.56656646517822	-1.67778985658267	0.0071746665541515	-2.96739006717087	-5.00373683828246	-1.86568279325508	-0.0589662699394547	-2.42937331042812
NaN	-1.07880416215654	-0.813339741267902	-0.402694164893928	-2.58793227621946	0.162035893189462	0.159571435093898	-0.709632157100536	-0.445374488602835	-0.736041511948333	-0.885658094283738
NaN	1.04465750439755	0.0681203527143943	0.871328304469139	-0.265365377649535	3.52826675764057	1.62660343900681	-0.832820878277088	0.529566119368586	-3.1825419526367	1.76474055198327
NaN	3.57437138871345	0.165539905130633	-0.670795622194246	-0.5331117544041	2.12067338732771	0.944738350930061	-3.04051022101247	1.08928033694983	-2.84947412280046	-1.90270804626232
NaN	-1.450061573844	-1.92249768994452	2.14889745542812	-0.350513188142588	0.917502500590457	0.369581539086469	-1.23095467233278	-1.0971204359496	-1.90019825645176	-1.50387938786488
NaN	-2.01540610240368	-0.352283628553919	3.24585085538042	0.692396046618043	-4.20524386342471	-0.280294306688971	-2.4532475981688	3.09050145700815	1.04775492986117	-3.2512150784381
NaN	-1.67196171727185	1.47721388813419	3.83660449088628	0.736630996188438	-2.03383332612767	-1.7659788767676	-0.823147387042234	2.11537167154197	1.52199713130619	1.25104573737526
NaN	-2.55672459836881	1.84623018235396	3.08151355630391	2.28420341498192	-1.78885596463876	1.05085695072494	-0.550820252608494	-2.2560801243012	-0.659829479494113	-0.951345176879185
NaN	-0.789537679414266	-3.27814550856955	-1.07006738577278	-0.460495215681827	1.2534105677398	2.05943631330358	0.222587286837717	-2.91053980085056	-3.74002750509317	-1.51243757090556
NaN	0.09640642327372	-2.74635475994364	-3.34652397419754	0.402823630480243	-2.64044210864292	4.66196931937043	4.21862708741234	-0.354196489590322	-1.70769839578111	1.71774591125049
NaN	2.47837288764765	-1.23639010100275	-3.31867639730314	-1.95859001048148	-3.09371170893557	1.22805682438617	3.79773075519565	-0.636368639534031	-0.911773152369892	0.843064180063358
NaN	0.628802824765349	2.02644266335122	-1.86399860674714	0.462359569567843	-1.06984239084659	-3.7889632317942	-0.252971869546373	-1.40312287319116	-0.228159183941868	4.21437670297343
NaN	1.31524825300029	-1.31176745071055	-1.27948441009858	-0.954114148565656	0.114579657659494	2.1591523159111	2.12470351158019	2.35133499199078	1.59470006926919	3.24307572808113
NaN	1.10125310521095	3.85444459472083	0.418521467926006	2.49162502065002	2.06138345490779	-1.45314192368092	3.62697174390087	0.597927444410902	0.847316039690351	-2.52713078730586
NaN	-0.530622111777494	1.74117050172015	1.19673130289916	6.60520472777784	2.27859884553351	2.05824215297421	4.38257350284491	-2.13900148615908	-0.33036247018871	0.75970170644029
NaN	1.78299465742134	-0.287877428406065	-1.046451114677	5.25208157143864	3.38442509176497	2.12485871311465	4.77765577025494	2.12667323312066	-0.585205705736779	4.61711344900637
NaN	4.19264449894482	0.432176978889502	-0.219187502290358	0.153682241007209	3.44390285592237	0.724794546786789	2.1787011339199	1.27020794840991	0.561865757027743	1.23310757574148
NaN	0.516801317870297	-0.478384888659163	4.06517848353275	-3.14440631985706	-0.720128681969314	2.80814012643006	-0.00858531228008483	0.843045255477181	-0.0843888393759187	0.806815680711463
NaN	-2.45216672809901	-1.72756538804154	2.29281576082915	-0.00645363336274792	-1.47198931881478	-0.0469333797630985	-3.54609073782365	-0.854560834662705	0.316809467977178	-0.018529265140291
NaN	-2.23552256894458	-0.416315707372665	0.969630319636356	-0.101509459921149	0.846992208007679	-1.35443984605289	-0.785678409005175	0.270804090998656	5.61390041721233	0.971479479743736
NaN	-0.46346264071957	-0.110005421298043	-4.275512749554	2.91243547722589	1.13641342204824	1.7618620435645	0.611871044401928	0.74973827981817	6.22993461013284	2.73080328642306
NaN	-0.600511730238289	-0.567037396153386	-3.93008032248562	1.22002881252167	-0.0448126671497839	-2.07481599969412	-2.61600390756174	-1.1447050012601	1.84460529098785	3.95125054364002
NaN	0.524576346358071	-1.251043221897	-2.40281112641798	-0.0343441382435396	-2.63948805519484	-7.62962593564888	-2.81141205131948	-2.33987696471383	-4.02605218448979	0.335562178330295
NaN	0.0847126436861018	-0.710654288934704	3.17382160124701	0.740399518371829	2.22843034346976	-3.8135426748069	0.0246278133973022	1.99477650647875	-0.988416144567967	-2.9609184509989
NaN	-0.207723537946172	1.99089145785734	1.85607093258198	-1.84513172435213	-0.158201649474879	-1.53476621574645	-0.85930816065838	1.22351801110153	0.0516492308985127	-4.0279852235991
NaN	2.92484325578962	1.360338459575	-0.233655879534629	-3.23064626850953	-1.05126812121157	-1.67678856153153	1.82710840652996	-2.37451003201623	-1.12622601344721	-1.83318392119384
NaN	3.56971495271742	5.18264631918769	-0.078497063160723	-0.657775232307647	3.63706215070326	-0.00750087732882258	0.0315322516303367	-0.0249649604554016	-1.40297540947589	-4.81954473436844
NaN	3.50460267243495	3.920544816643	2.26301577366864	-1.76610728630814	4.57823677641614	-0.645997496936445	-0.588431415891528	0.783496762115187	-1.48414924422478	0.709582189866037
NaN	3.8799629632119	0.184145807684933	0.263919056095072	-1.38295536695422	3.81411936614617	1.14022241133684	-0.53624180683135	1.14309641057558	1.70692534106097	1.9037723789298
NaN	1.91143934293107	-0.816968784624036	-1.31544920580963	2.4089958892038	1.5399403593615	-0.644750003692295	0.495426094114105	-1.04224338820261	-2.85701634298391	-3.44785841532561
NaN	-0.0308217256348904	-0.797295563889477	-1.03577053325498	-1.17311895506368	-0.454903557440645	-0.42700344923548	-1.12976639993089	-1.07289929523337	-1.12571607582104	-4.01238539244908
NaN	1.2117060230603	1.12190531843939	-0.425189279253167	0.571698384482247	-0.789250687503102	-0.0258249963326669	1.99630430640928	-0.79870833306915	-1.57645437261454	0.715010389322293
NaN	0.441760850898395	-1.01263479424399	-0.717095592134913	-0.606567337393296	1.50024764417353	0.0149413849766744	4.07606910187107	1.36359469145589	-1.24588035050963	0.773022825629845
NaN	-0.374186951736149	-2.09326660995684	1.45506254622282	0.706180412031954	-0.228220624506915	-0.251550882722266	4.27266830734425	-0.985231059101736	-0.101018990940615	0.802571315451434
NaN	-2.76627883231558	-3.82246480937468	0.254146988390309	0.745464183946698	-4.34307304672955	0.0124532483508741	3.23904158992295	2.07061375723444	0.82961379305659	1.23130756769196
NaN	-6.80667165940408	-1.78286673135974	-2.91679078333289	-1.14016744666768	-3.96862066183803	-1.56030254728462	0.129126473142793	0.00473557455101479	0.921233577322653	3.56438518960878
NaN	-4.52980713595156	-0.987917578703665	-2.14774126737721	-1.17550750518636	-2.90804721048022	1.14857322953566	-2.62673957257499	0.54696236791836	1.20303632651096	2.56125346653969
NaN	-4.69553951894821	0.914014546462053	0.676695268251667	-0.956400381538875	-3.23170214991261	1.57132618147165	-2.83932660146787	-0.545739491775629	2.03551098433122	1.75607856172276
NaN	-3.6921325635589	-0.366653365562162	-1.19138034719006	-1.59937343997541	-2.8453985005277	-1.14520886499528	-2.31279672768676	0.0493955842150725	-0.398435951013975	-1.06669119033297
NaN	-3.12957386885662	-0.806218433787926	-0.496084170113876	-1.1858849748396	0.630673113300716	1.44790818610098	-2.0746283027549	-0.428366116070022	-0.358146179137956	-2.77449395639051
NaN	4.88584237243289	0.896964395622925	2.7009704507404	1.72872141851631	0.0624488284379192	-0.40369715223245	-1.67932838666816	2.19160824046358	0.95538350166686	-1.97645165240394
NaN	3.5489062066824	2.68487412676177	4.4883455661731	1.7891472568382	3.8861142578426	1.53263744842267	0.715196106991096	0.53597538560504	1.28556484091359	-0.234497856155542
NaN	1.76110756082537	2.23850155219483	1.81441033168496	0.731737950281385	2.41052948863855	0.607652473992109	-1.89048137986067	0.552012002353173	0.837332207325558	-2.0367475241985
NaN	0.957113190477037	3.53003686979842	1.79117888155052	2.23494429126716	2.0291392931171	2.50435400695091	-1.84762565625608	-2.04536560581689	3.68638620738472	-1.4994022690055
NaN	0.812631866640094	0.541678733634348	2.76215655338392	3.58697376148167	0.741021427337564	2.33357793259972	-0.988346889759054	0.159232276133899	2.88313877258303	-1.99660061670524
NaN	-4.91931421445813	-6.79003210415503	2.02104035878179	1.26261737041092	-0.255346271791098	2.07986894053484	3.13959847990861	1.50277667879426	-0.118352393304392	-0.482944096513636
NaN	-1.97753857198909	0.935393277609391	-3.25190181378199	-0.794708068309529	-1.40509024539106	1.88039220224712	4.94449276413255	5.33305341470477	1.77653907468125	0.109067646885529
NaN	1.4920622368884	2.28508912990039	-2.36171268739567	0.63845186600911	-0.457287635824055	-2.15146921819713	0.888486658058089	-0.331279458856509	-0.333458132745007	-0.435285816768143
NaN	3.00605297109335	-1.74768608160244	1.03804890824804	0.866204489931525	-0.160971847758383	-0.673755663690427	-3.27767821918241	-0.20305017329079	-2.1624768221131	-0.585885707543627
NaN	-0.561206962923529	-2.88190070138313	1.64694062530379	6.73308531621793	0.272088505036171	5.29368584266508	-1.3712692441757	3.23392640899506	-0.249295003288377	0.860549184708938
NaN	-3.62966178166732	-3.67176525667019	0.0982435316058687	0.878402649576184	-0.178304177371667	2.76021715248822	0.23151241555861	2.70201767236231	1.00376448700524	2.86470866452946
NaN	-6.00056597341326	0.389805239994786	-2.25273786824505	-2.4868743191192	-0.753185516459043	2.55762612222428	0.345024295385737	0.719439701247177	0.73099628065183	1.02398590580725
NaN	-1.59961526072227	-2.61834641077846	-1.62392553387029	-3.50468160293327	-1.9435593452889	1.73956628922263	2.30609124245929	-4.92991877731029	0.92350751552737	1.74449449480537
NaN	-1.75408975893818	-2.82479253262731	2.13440200665059	2.57780355841463	-3.09112082635197	-3.69381903944262	-0.280801717501404	-2.18154523271361	-1.76959524069689	0.31702485540025
NaN	-1.49553833177145	-1.33890162453348	1.19354009272494	1.38903548331623	-1.5426167636797	-1.29131685301682	-1.26154683842991	-1.44354620889637	-4.07517278800147	1.19568777605338
NaN	1.43435887408135	1.90604701024153	3.59322028735357	-1.89615323867386	-2.022957274863	0.461568060484808	-0.376983118098586	-1.45563598819259	-4.90700275803448	-1.1609603813261
NaN	0.756495222011613	0.141765629289888	0.756657692030674	-2.39466883426536	-1.30200416655411	0.797532356749098	-1.55202311454599	-1.47834641803774	-1.22580393123429	0.0876270692653333
NaN	0.330948549664789	3.97579780012557	-2.20097199035797	-1.07118276188069	-3.09545723572958	-3.65032729635738	-1.61592902951026	-1.2958453665732	-1.25100814606448	3.13964932061124
NaN	1.33334001040454	1.21490520148767	-0.837692458410977	-1.77107427890566	-3.6782525725601	-0.426706684958099	-1.52623123481705	-0.521962993896915	-2.0804208541503	-0.213869836496961
NaN	0.0913128239738909	-0.645831650579236	-5.00209126509674	-2.46604472229587	0.622903683409291	-1.83697433550477	-0.216517985329388	-3.00356267491269	2.45261563067849	2.12122158928512
NaN	2.30974146849081	4.93949768773353	-0.497358102215409	-0.214534975831607	2.52325546788864	-1.98556307091559	-0.38189134067507	-1.34559642637197	0.189108316467242	-2.64308955435884
NaN	4.95303763491919	1.16013591774667	-0.730590262945241	-3.32521884630202	2.59252793121816	0.754834548813731	0.535494553576261	2.1737744735182	-3.99875423296438	-1.32459585655929
NaN	1.01330259902192	-3.30784693326089	1.07951452476845	2.53203676548673	2.78858013442471	0.238266229942702	2.63041334268492	0.264956508956513	-2.01641998976007	-1.43275161402472
NaN	-0.885055725244833	0.447286511422415	-0.653377688804242	-0.706727215121844	2.6086965698652	3.29272977080418	2.53643412407618	1.45670538195854	-0.686208745914534	3.61414362195382
NaN	0.188338996776648	5.57888809602569	-1.82500755505875	-1.87227691613032	3.5814358534852	2.70333282852128	0.0264053023106331	2.66601820227771	1.58802930684972	1.59328813346991
NaN	0.983997428275326	0.455782680031882	0.606061009772647	-1.41867871992879	-0.0993047423444562	2.76965809153496	-0.466605220550659	-1.76261087444468	0.796245409925688	-1.54311442134066
NaN	-1.0991639857383	2.13640314879978	2.74456004212924	0.0542969147808046	-2.93044260277563	1.44092688776063	1.52688838488008	0.381794421984933	2.25089835916995	1.89431264759483
NaN	3.07276676009181	3.035500734896	0.861409057134204	-1.11151892779115	-1.91152918135672	-2.76396405859649	-0.417048254990255	-0.039143144317156	2.45565896813757	-0.172243366943941
NaN	0.478896224297394	1.79373976228403	2.49721411849208	0.773618859734138	-1.049219705553	-4.74891250753954	-0.723655168911112	1.34874092329485	1.16541768279015	-0.813562590832813
NaN	1.18673098060446	-2.71186045384467	0.516044763363148	1.66212401646958	0.111273349237176	0.631399319737973	-1.4365187318963	1.60029796438892	1.32891950665985	0.702880598245632
NaN	1.69324036264393	-3.07296712144491	-4.47495061257806	4.83520051945736	2.85622490134871	-2.84357066330253	-2.47712277886289	-1.54198902493261	-3.67383193314681	-0.216635799510427
NaN	-0.0465211610475694	1.66991614106336	-1.26187627954708	0.839757695063364	-0.489778075353267	2.29929038428114	0.0643635432909228	-0.755075790676279	-1.92754522113212	0.687527251100922
NaN	5.15580678000954	-0.190709991636594	3.00488951263409	-0.599379772943427	-1.18999532486689	-0.430349486765844	1.13446661801019	-2.52056991950328	3.79168710246504	0.834686226281817
NaN	5.68025237871336	-3.91747023269471	-1.15510203869899	-2.09877531158482	1.12561560467822	-5.68719725644821	1.46916612899768	1.78690149861151	1.24017325597987	-1.32452510635428
NaN	0.364928127801245	1.34618125850218	-3.04187250042195	-3.58463933031805	-0.0516942997732325	-2.65650188089525	2.51553793127047	-1.50274822851935	-3.12680521331854	-0.621987772363138
NaN	3.59812061329707	5.20352033110417	4.272589754151	0.489358151135506	3.13947814541157	-1.42478781934709	-1.7591123086885	-1.71843379968206	-3.3987049562268	-2.97720872069605
NaN	3.2611322676542	1.23214648234166	-0.917177772099972	2.64303567358355	4.21504715578275	-3.54343536364746	-1.57021353279399	-0.619304957731241	-0.661007820604469	-3.46845977984016
NaN	3.16679055495807	-0.514286552028781	-3.88260803817342	-1.75592631849313	1.03639730587583	0.223809196909712	-2.8356445600013	-1.16316442373669	-0.733796707090675	-5.55215004678678
NaN	0.280546671500609	-2.84889247865393	-0.10599868547765	0.602566825816927	-1.43086702263109	0.390103477291113	-1.53381353356948	-0.6696041153551	-1.03012323724961	-3.13418215215256
NaN	2.22995547778414	-2.29462014927266	2.67965962233778	0.622017316678389	1.77055777110883	1.66244286961719	0.556132829934707	-0.609674991049503	-0.150558057298788	-0.370670428391618
NaN	0.0399994991218495	-2.30963396019364	3.21128751539915	0.868669008204788	2.05777358451742	1.91004018401731	0.488132973147025	1.61679001394803	1.79948042050132	1.88688285372365
NaN	-5.35645854817026	-5.60932792077343	-0.376767046430941	0.38596211963551	-0.915243291988995	-2.02172294789168	0.519127004554164	0.682923935235086	0.827966646343061	-1.44793054850251
NaN	-5.15074045418814	2.00012969222235	-0.677514323979769	-0.254810023572882	-3.33293085715579	-1.23131780768097	-1.5722293015313	-0.653694172971963	-0.507098878197875	-0.684942014893407
NaN	-3.8323452850362	-2.8970521323377	-1.10674803800705	3.46272493284221	1.91095478353395	4.37592984047479	1.0693979161176	1.94221039207448	-0.28449943118602	0.763547257857728
NaN	-4.61030818664366	-4.84938666709475	-4.15915483103967	1.11026246807841	1.64997696412318	1.59082922038377	1.77008418806854	-2.1284945900751	1.07841909701519	1.74227970503565
NaN	-3.05448444843252	-0.364397903851471	-1.49688711248184	-5.7605478070433	-1.6789654771092	-1.67423817647104	3.65730568624493	-0.198157905584204	4.14191892854148	0.793749659833414
NaN	-1.96774527946435	-0.543476898651221	0.97882783258046	-4.55193766870055	-1.3903290162224	3.26711874934428	2.99384070549302	2.63484424296272	5.76187850856998	3.23633340506161
NaN	-3.47100142784891	-1.31874114341676	0.0480413231772943	-0.436181808607195	-1.42354857522107	-0.533767914264591	0.0935655035857749	2.72331118761109	1.57480656490135	0.898860850228975
NaN	-0.932694886351465	0.202582957900657	0.117393599327214	-1.81334275582589	-2.52815461438851	-2.89490238861054	-1.97988548151232	-0.138930447972358	-3.8194108118739	0.128647324585322
NaN	-0.25554817510048	3.41339342959117	-4.14266945425817	0.262893715934901	0.835433837197153	-1.21797798821106	0.217283403155462	-2.69453484997372	0.433067093568081	1.74976683048788
NaN	-1.39146510728084	1.17575919393496	1.36669932566643	1.95711566913208	0.623673500146723	-1.19913508750277	-2.76045373556429	0.239552639762648	3.27900342360689	2.97524363432724
