NaN	2.24544762469265	-1.65078649828982	-2.31866576784891	-0.759781070510179	-1.41477276747244	-1.71719591461406	-3.5719827737797	2.87574818668267	1.02343112400045	-2.2331737900195
NaN	1.24647184937364	-0.282407383876091	-1.31573645414673	-0.946137297996738	-1.60118946472036	0.709492059962683	-2.44026653787435	3.32222944369539	0.566176826830528	3.33477503685477
NaN	-2.80731503420755	-1.38922284418722	0.492854292558461	0.837259793256071	0.517323689130229	2.15199362268885	1.14542252764823	1.57059272179847	0.368701669461606	2.26429797582772
NaN	-2.75000191367064	1.2051744970117	-1.47359684555436	4.83970722409844	2.08388004540603	-0.572492160695942	5.96308202246781	-1.62859133055545	-2.14280622700363	-2.32935426748245
NaN	-0.569877940793372	1.66120807692098	2.72289251876778	-1.43740833957243	4.3937181315064	-2.69593512373496	2.77253306862218	-3.39484103474887	-0.168793014783085	-2.37130505906159
NaN	-0.737094779288591	2.06001695407276	3.52205578633987	-0.365144597565441	0.654113235912889	-0.42428205981549	1.58199980304476	-4.81605391301892	-1.0197984756047	-1.21220145139261
NaN	0.667042804174851	-1.82095880548274	2.21971804802883	-0.0933887672958411	2.18934929467096	-0.890102613143048	-2.98138000770546	-0.359772306822985	0.114477889303336	-1.52487619641528
NaN	-1.165161105035	-2.42424470925761	-1.96606287951405	-3.10748265271703	1.28417404563066	-0.879265293928639	0.165914154471709	-1.39277679462231	-1.80893742211857	-0.993159358010072
NaN	-0.856421059054908	-1.73388462662062	0.925517650293468	-2.12916293996102	-3.3762833547406	1.3188236309679	2.81367197581361	0.837687365173624	3.18343344857421	0.284280209642267
NaN	-1.19070583648301	-1.81445742526752	-0.464120264886453	0.19267115581126	-7.28069340208511	-1.1195662462721	-0.279923037647471	3.69546831294933	4.65976962652486	3.86912840096442
NaN	0.580940698344226	-0.221541723813186	-1.21976464928803	-0.103972536174809	-2.02063914349154	1.70394119944162	-2.34213557161073	0.63814625841764	3.1575429128877	3.95645632711113
NaN	-0.00491700693843502	4.19594268039177	3.99603543488188	2.38022312218679	1.42241214867612	0.95438298728399	2.41502226711947	1.97933544904583	1.88379519628802	3.43950146337849
NaN	1.62185376130136	3.41821016163719	3.00533754780194	1.19189928865394	1.03306024582016	1.52742645813594	-1.8774640567167	0.61310847597843	-2.5201252225147	-0.389415318157581
NaN	4.17241234457371	4.49984592640628	-0.0830887993631261	-1.47868292465332	-0.231928269337278	1.08631662515129	-4.01870047475031	-4.19501449385412	-3.92247300482678	0.298985235251419
NaN	4.35872532120968	2.5470769711639	0.834140979705939	-0.202001676436536	0.694624948328415	-0.790001179108536	-1.02784388472151	3.14163439297485	-1.27164168967517	-0.0371810951610577
NaN	-0.299097175721559	1.00799304315376	2.02729576477844	0.891661736866315	-0.363148305193693	-0.37199045589832	-0.0345144038352758	-0.164646383987665	-2.36563158037865	-1.08513241462359
NaN	4.24527931266906	2.94927326692726	-0.0930377915125939	-0.0814224450275673	1.04102224423202	0.308266400715974	-0.787368025777104	-1.32174770477107	0.808392103123867	0.895530097675107
NaN	3.31295542157785	0.825283902566196	-5.81303060029464	-2.60054523270467	2.64165470678994	0.0770591035175204	-0.376705791771323	-3.77198589885375	-2.44164060259636	-4.21875187504997
NaN	-2.23370962373247	-3.64118552182063	-4.63940824045589	3.0567752597057	-1.59321450672078	-0.816383565594703	-0.355110747397938	-4.242000041915	0.898841425531351	-5.11545188712663
NaN	2.74021955401761	-3.76014608076877	-3.52624522454998	-0.648589085306086	0.955161661496475	-0.770375198721098	-0.90329007787689	-1.70434040076736	-0.416848374722061	-1.1937719081135
NaN	-0.26544290589594	-0.857087187745839	-2.54325705085768	-3.31325266212575	-1.20940669171351	-0.638553837643659	-0.786367341459991	-0.784737066605007	-4.3444598057831	-2.01550898402949
NaN	-5.6594850945072	-3.17362081157232	-3.13625483919039	-0.405348714353799	-6.34779417907682	6.39367889283165	-0.472272531636781	0.538631138369519	-0.636360189985729	2.60194637004142
NaN	-4.29721881005385	-4.12331642238215	-2.55973613584802	-1.96925021837243	-2.43462425343299	3.41108476201385	2.29894735430057	-0.229179543962686	4.83147044477129	4.56961899773709
NaN	-2.56411763614235	-3.47615858950642	2.11478362851067	2.67362776713847	0.733930841454754	4.61138012326674	0.0111107680383514	2.19071733044449	2.39937929660332	3.26849494913579
NaN	3.39021551830749	-0.416399038937265	1.51300865197458	-1.11527594403701	2.73918766090099	2.792999484973	1.91314231337712	2.50158763282957	0.106705878991746	0.237003360979482
NaN	3.47496528049109	0.712640661135709	1.42920272877213	1.75084470146647	2.39643855240232	0.575403536407647	0.460590048932538	1.82339633519442	-2.81698973831136	-1.38980556942098
NaN	-1.52590663995938	1.09126635074287	-2.29599153067237	3.0507512105319	0.660593984822084	-3.48653384738221	-1.60311303903177	-2.93636201335841	-2.61633433415912	-4.31980606899951
NaN	-3.09606557783424	-1.51847550312706	-0.33822407217096	2.7614621387372	1.03577483124328	-3.90233770107496	-0.214434883737116	-1.9038533830486	-1.46615617117528	1.50379472815514
NaN	-2.83483908969734	1.59236804362202	-0.0929854792494263	-1.57163678033757	-1.8859976552949	1.81569686679942	3.05169960865433	5.15538422372632	0.282913219267081	1.1881327751252
NaN	-0.529896208273578	0.0370539188517869	-0.247785633054599	-1.96226683197417	-0.916048961072977	0.0198468694079007	4.51337095385978	1.92993517954172	2.81940379219932	1.76408873523712
NaN	-0.186981305812426	-2.74094681860508	-1.58609006618905	0.438543500264891	1.73103368275269	-1.49051772470388	0.756788807613241	-3.13681255038403	3.41964726309197	-1.09855124145277
NaN	-2.58990114670298	-1.22684389503041	3.33939439077874	2.62033123980223	5.75187990266609	-2.41281147421383	-3.005472362752	-0.0213231017111272	0.76670074864031	-1.95166618555754
NaN	-2.23262676877891	-1.51029343640555	1.28605666078765	-1.26216867945435	-4.87890320805028	-1.16951118294727	-0.0764009940574203	3.29875142936797	-2.38341887328557	-1.62115413473791
NaN	-2.13191707877557	-0.385582521256848	-0.21323556564241	-3.57705032192596	-3.95747742716593	-3.35695079205601	0.040978018485275	-0.840869443158444	-0.96375603824837	-3.90568492774395
NaN	-2.3177743818596	0.318617425353407	-0.286162150200101	0.191852376488543	-0.541967300756138	-6.32809921933815	-2.82173533949315	-3.56954549296404	-1.0724163238153	-2.10445986722718
NaN	0.427023024651159	2.91948989637665	3.91670728916688	2.30142590905208	1.1023357680044	-6.98297191556858	-1.6144151867361	0.980516847997315	0.810871227084812	-1.26267152923489
NaN	-0.346544981629887	4.74885346820409	4.95961810537422	0.313250150986057	1.75502982465785	-3.93000133548158	-1.88584614932508	2.45787482418088	3.82530858359558	2.5639412463521
NaN	-0.112730031686709	2.9201194871479	0.660568918279451	-0.556282447630612	-0.551792544880434	-3.4265975459049	-1.97403121100512	2.46579583441533	-0.146416572558684	-2.29610061860671
NaN	1.09975175766346	2.18976839635117	3.98010007213627	3.08453409470203	0.273898907930158	0.70941551888013	3.25687460954294	3.93985178081852	-1.33707969911039	-4.73480811591641
NaN	0.546844293080995	0.750384642490928	-0.633081569608091	-0.121326504912082	1.0740069829307	0.0538652383949609	-0.0521903487406985	4.28237049230058	0.827914730173218	-0.620449417556214
NaN	2.0302403509099	-2.09821175263763	-4.73464010401206	0.314227942537071	3.65209728893385	3.60007655125159	0.0237028419760563	4.45059655571466	-0.00881892693694566	1.43294996109389
NaN	-0.041558148352431	-0.925556802620286	-0.835418966080231	-0.380605311452007	1.42087188885174	1.17080491180581	0.636431644884587	0.788661795774518	3.7845072235101	5.71775712110161
NaN	0.0141579484548435	1.30379842700274	0.122769694932739	-0.364765934337616	-0.375670592352874	-0.666446447073516	0.298476071955915	2.18268538405109	0.575181941791661	0.572622868518034
NaN	5.1325108984106	-1.9371161102936	-0.638025775320627	-1.55253992805001	0.761461854873816	-0.311093640381223	-0.171657983576981	-1.3504126597199	3.0447169270106	0.503139539739591
NaN	1.49824889013805	-1.66567844612033	-1.67962686977244	-1.56956432845308	1.79456688740447	0.0575888892037534	0.256707104783231	-4.93842320563852	0.609607210303914	1.71607819117532
NaN	0.701060396823819	-0.217803050160824	-1.74211386286332	-1.59734727041448	-1.41960062240512	0.752706258873551	0.367104276364012	-8.30279223334127	-5.21327767061172	-0.308962611896287
NaN	4.73691575148791	-0.734855848264994	1.86983018417031	0.524133287263874	-0.00844736285570155	-1.33915896158054	4.04053339449419	-0.986384880204439	-2.71333336351427	-1.44575643906589
NaN	2.96952668337535	0.0496389123352999	0.846338270284397	-0.349107155825179	4.37437747863397	0.755161478391182	0.455269272584651	-1.66788789507043	-4.99481117545242	-0.219036075749045
NaN	3.56272609434375	0.973834021810089	-0.6690031578618	-1.45590196512114	2.61348400388181	1.00520171231814	-1.52064729327363	-1.23057140776417	-2.02175986527189	0.490952719512726
NaN	-1.61189593147067	-1.25011638367305	-1.02892877867951	-0.164594006312319	-3.42348284326462	3.00054804969502	-0.722593662604426	-1.48415452461187	0.211039209055254	0.406990378454138
NaN	0.247650017148247	-0.451835436657325	0.912950062010697	3.28477269577779	-0.753530200145122	3.52723328359373	2.16780325401735	-0.560064163829771	1.31552181575631	4.16551416121686
NaN	-0.647610245116258	2.69536435650428	3.74592455808295	1.21245882112338	-0.26831405326126	1.43175847352284	0.201443279536668	3.74484692174554	3.84614325446507	1.34681569051485
NaN	-0.198018342384858	3.75292996324118	3.45929254546695	-0.105621496943801	0.758225890845701	0.0103786811400983	-1.4734358149831	3.59577821090899	0.983833427916516	0.344427287341705
NaN	0.0223618195397268	0.385365158736169	1.53598973579101	0.0151952384668759	0.317842046385884	-0.972105081251741	2.16504307215434	-0.970805706568652	1.05599479580705	-0.376556797570056
NaN	-2.02616280774363	-2.31599040597701	-1.18661455706334	2.02415060408386	-1.00002420547825	-0.716641711650404	2.09892981882265	-3.77742586563359	0.65628953882465	0.502916592662093
NaN	-3.310119894976	-3.95501112918188	-2.55798256537199	1.29863319958057	1.74895335702721	0.460698766716811	3.29669987850726	-0.715387290484064	-0.739980781651535	1.3552079618816
NaN	-4.30592255578454	-3.37697114093276	-0.121261715946167	0.331517031779178	-2.13842280087349	0.764042841494582	-1.74774247945572	-3.83822309386223	1.46275432476684	4.41969660407115
NaN	3.08171148776002	-3.02821948414179	-1.09324609712217	-0.247461354932164	-1.24478360193818	0.210737132521702	-4.55742003507563	-2.88054316025359	2.8315124156344	-0.195699270290743
NaN	2.62784616293661	1.33639537781363	-1.56896902541042	-4.61537986587676	-3.45363218917303	0.454878098960501	-2.29485138435429	-3.69876196860048	-3.81231520602702	-2.6086265642421
NaN	-2.73225871236839	1.21237158668358	-2.48684312670353	-0.900475640132976	-5.50174697086475	2.88665491842697	-3.99825363509851	0.17758121395756	-1.49018068893356	1.47529278191766
NaN	-4.56254742832705	-0.955200206107958	-0.915724675468264	-2.72248030345712	-4.07027281828571	5.14093341388403	0.211617782803893	0.133448185337497	-1.59033661308734	1.4511848211903
NaN	0.440113230443654	-0.761364935540704	3.19471730601753	0.332860501578827	0.786645070145718	5.48453260323097	-0.60213674672711	1.89468484156035	-1.96049412816137	0.958340078088107
NaN	-2.33887359694319	-0.402374095523326	0.0255307116485297	-0.73614228527446	-2.86297326862253	-0.308024213443424	-0.147026148709	1.58407955792041	0.534546121938017	-2.61210179653137
NaN	-0.854464958260385	0.0429421279369357	-2.35834088496739	1.13842696188682	2.23072595588289	-1.52402830282948	-0.738526488701663	-0.981825631502655	4.3510536609199	2.06591457612286
NaN	-1.75397362151232	-0.538148702398852	-1.83912537198611	-1.57426740895592	-2.36555430804414	-3.23034489790165	-2.36862165760661	-1.00947869372985	-0.633108092662917	-1.47097611170292
NaN	-0.138305264315024	4.2283502902184	2.24290511811558	-1.62916383516959	0.0416515809022507	-2.83004854262773	-1.3068402708969	3.58632389912638	-0.575081623967156	-4.3440418670646
NaN	-1.00495284606759	1.97320847419998	-1.47082077267744	-1.5396245351611	0.372874744426497	0.614418056234317	0.91158844772068	-0.672499385951276	-0.514413972718405	-1.09698577942798
NaN	-1.52626771365164	0.339730756709465	0.215789451036715	2.93997359081555	0.183463467245253	2.78799490734766	2.57296264258705	2.74635674528068	0.423354962931881	1.57787918747314
NaN	0.0824075783401759	1.70840881776847	-0.606426321002376	-1.24839157967409	-0.929293519711434	2.9347116634946	2.75847631945048	3.68018977768627	0.146390020469662	0.518174037888049
NaN	1.5429616477912	4.01197608411984	4.04872295881305	0.977633990582833	-0.916217825108389	2.15350353790931	-0.614079069848938	1.50363176570674	3.4833018361646	2.26415990203887
NaN	2.50275914075634	-0.589527121531293	1.77462088329841	2.74444872535941	1.00663073565543	0.8407590766469	0.424906603661068	2.81371106872705	0.332553765025066	-1.40429028395338
NaN	6.81429998432376	0.553809898369549	-0.21615636847812	2.37129213002005	3.37653482846663	-2.26749004964913	-0.192368937324526	-0.00313338984891886	-2.59257098311504	-2.35983733418026
NaN	5.29522324666528	0.436587507638933	-1.82332816254362	3.55911115013912	3.00446162510997	-4.25033563613552	-2.4839227266885	2.08902032791332	1.47606281567585	0.336512782029403
NaN	2.55014569456607	2.97892462740031	1.35472881490975	2.7674948434827	2.01499655376417	-1.51248377975226	-1.47126667561453	0.652346107506844	0.139068467666297	0.251720430680492
NaN	-0.127786506668219	0.195153507279241	-0.0855986117423779	-2.64748945996921	2.13942579661473	3.4653069689333	-1.09824522463001	1.3292682726106	1.38559739556553	0.768911188481841
NaN	-0.00274698040770029	2.36386353652859	-1.98547148962778	-4.00111013344922	1.20538854341426	-0.266705062162818	-0.293114415474019	-2.45801871886656	-1.30964605838115	0.536772617076208
NaN	-3.84919004191237	-1.30134063004508	-2.98629026018127	2.21832481943148	0.0279337732096698	-1.56321236602681	0.269913734437268	-2.49843052986468	1.26971019489255	-2.13563574048218
NaN	-4.67514788169619	-2.0947053645445	-4.4045530529444	2.10209716469038	-0.155144228286405	-2.06103190048365	-0.359910142655205	-1.25193125819132	-0.754960985882994	-3.87091706844303
NaN	-2.29936441344299	-5.8007917533577	-2.00806877704062	-3.91432582432027	-3.11921197199405	-3.31312302087909	0.645511753148888	-1.03189179960312	-0.0231377097354543	-2.94455742628602
NaN	-1.93249286641648	-3.27942337228402	0.527901233527007	-3.17369197801168	-0.250831368946519	-4.71910863507028	1.64413258680361	-1.03147701970053	0.46910791656822	-0.240605147120125
NaN	-1.30012296386243	-2.79419135249961	1.24031478445386	1.24308900817067	-1.35310565084437	-2.11994690262852	-0.236883036632525	-0.885416603685802	-1.62765828048183	-0.393252709682308
NaN	-0.901142130372718	-2.0632905502539	1.24797950020817	2.65586715061739	3.03472358588487	-1.69973598662743	-0.871535987591247	-0.160604781916273	1.15463934264529	-0.0790800428470049
NaN	-1.15435205932808	-1.6499795537503	1.55020692026883	-1.22274713117879	1.09435993191958	-1.78908982949262	1.45747104848788	2.94507007675887	-2.18444455747581	-1.36220544948581
NaN	-0.32256740083977	1.69836458146157	3.33462307006419	0.209749570829756	-2.54027152840148	-1.37552330120004	3.84112748687615	2.53618967267476	2.51674908037209	-0.282059172469992
NaN	1.35958453737723	1.35761506622956	2.25803605851568	-1.43183949792788	-1.92328907190519	-0.534659588827998	1.68049499897188	4.52273445537318	3.82734537124173	3.10683004805525
NaN	4.69827699199753	2.63397974860269	-1.69760553128164	-3.43392360338032	-0.403498080291782	1.08729001037272	0.598506295267457	2.51375852511136	0.132955969149413	2.59933229467971
NaN	0.811035697553988	1.85014178186262	3.02150372451641	0.597702297689431	-1.02403340245526	0.242032767697118	-1.62301096209353	2.40415351861775	1.7641810450693	-0.758421902012181
NaN	-2.18732948913705	0.220454091016611	-1.82691988059824	-2.34294692150177	-1.21332100289295	0.628660556950701	-1.01031978730438	0.435264622551769	-0.074023292101865	1.55143522824656
NaN	3.72573947543099	0.957511372047484	-1.78983252601278	-2.09410492982603	4.63576022837306	1.45149102401605	0.252803371860117	-1.09432428870191	0.0243903460848784	5.50993699310591
NaN	5.39063040829659	3.01295982332044	0.63586581422397	2.26719060335936	4.65755641250279	1.39298897550531	3.33258504334439	-2.257871194294	5.21199807076423	2.34062658923211
NaN	2.94158635307171	3.15843442515796	1.71993449814562	2.79753059726252	1.09303781073189	0.818068568379992	2.32435307515517	-0.0495886808595451	-0.831211715647288	-0.816341401173425
NaN	3.35870971158323	0.309754101376537	-0.530060795989286	-3.28615904035777	0.839012070659843	-0.191541544987968	0.743390979963464	-0.683100674963848	-6.13111449640722	-2.59761743790619
NaN	1.22648191761183	-0.443628067938568	-4.18015602531253	-3.77983266136281	1.81845839983411	-1.43494442636306	3.09759956732663	-2.95340970538781	1.19451787746157	-2.16225814931567
NaN	0.818309224609048	-2.05955910516439	1.01271551594281	0.742794622051417	-1.8173778536647	2.53718716796216	4.81914367150939	-0.985258521571819	2.87217446816987	0.880386142316409
NaN	-2.47975508845779	-3.04725861951966	-2.14385215682673	-1.11478110781697	-4.15497531675234	0.0765396731100808	1.60580436515323	-2.68870702455745	1.12997823655106	1.783140150091
NaN	0.0484263324869909	-1.34340228884291	-2.64403622467333	0.55824307032888	1.56548656009298	4.94437427807474	1.94853578127087	-4.84909162705296	0.423483433996534	-1.01451086864752
NaN	-2.45873167385261	-1.19245027453645	-1.46128891138268	0.578138208168694	1.32720123179282	3.44868446705522	-2.04082034085864	-4.28225989442077	-5.85358009538701	-1.29569671817727
NaN	-5.14762639485557	-3.86007135215455	-0.401516339832799	1.00985589878857	-0.624070636660551	2.1235665639261	-2.59417120701164	-3.7298701353803	-6.78127616802326	-1.25120860574001
NaN	-4.19535842851597	-3.46876046578119	-0.798335066217318	1.09173100768511	-6.01304065639132	-1.25842031751521	-4.27128687776052	-3.34194397196134	-2.06281372532191	-4.08362479866076
NaN	-0.558477056443991	-0.580316525497655	-1.64422462646589	3.78085250047866	2.17228645776563	-1.83213705563114	-3.35220598485124	-0.857101586976942	-2.88724958228964	-2.95572885390511
NaN	3.94894409262983	1.0267605246514	1.16265625790111	2.38489333412826	1.68436405517054	-2.33388618775809	-2.90696237364534	2.87119610943241	-2.29543331546816	-2.69048891194517
NaN	-0.511792640047563	1.15547594583378	2.07109604196167	4.5071921410766	0.949401762936967	-0.082647783471227	-2.59934198399492	1.66907630357877	-1.45964016730155	0.493018884760139
NaN	-3.69312066920376	0.466364602206832	-0.160868750617717	-2.34577364968924	-4.13575694437275	-0.621977201983668	-2.55668494045887	-3.46953083815461	-0.277128475584888	3.80486090401954
NaN	-3.76620525058082	-0.929733927033842	3.27304110583376	0.107851840932016	-3.25835577960252	-0.534383921920736	-0.934474394480624	1.93507110767448	-0.708789634984784	4.51627631157101
NaN	-2.91324817217409	-2.1992416123589	-0.617670601818924	-0.685924033012264	-2.91161953313792	-0.0630872651884786	-0.491355014428503	0.976795338117797	-0.100026142657711	-2.514267460424
NaN	-1.93486230596718	-2.35952650422517	-1.1626840630911	3.76887602942565	-0.0127470859477733	4.65069453731595	-0.532390138255514	-1.18040516732916	0.723173573977389	-2.04493075085326
NaN	-1.34000104753775	-0.955301696205328	-0.929405348737674	2.05906362329394	0.108375853447923	4.23145841262163	1.20165850735202	-1.01321350329379	0.558925853184069	0.613207380291284
NaN	0.140364867639479	-1.33347570931302	-0.0799818701273209	-2.55046983606488	-1.4164786523411	-0.18308014896607	0.39260756976216	0.8917188513546	1.94932222860664	-1.53207673061989
NaN	-0.90982660110087	-0.82503941893212	4.56084672621097	0.0415485718377017	4.48004719581181	-2.55853135841255	-2.12114253202557	3.28426133775332	-0.505763529516645	2.01569260324415
NaN	0.820352442483205	2.24947575186908	3.89953172423172	-1.34147327884163	3.20955458256902	-1.37512802173186	-0.556042220096052	5.95020021110612	2.65003281138759	2.77126929722192
NaN	5.53360701799642	2.61378615040514	-0.489355896199588	-4.26410843616781	1.11456247344418	-0.329214439209431	-2.59701779838286	3.72131403983154	0.959372365197086	-1.71928750692019
NaN	3.82412737142064	2.72459732074524	0.472902722758216	-3.20547375878686	-3.50796140637097	-2.25543901310286	2.06364960838036	-2.39071188824059	-0.503611733647253	-2.51326669293335
NaN	1.00317702876852	1.36772833954883	0.245187396643394	0.597907804044452	1.75672128409047	-2.09258384402677	2.61453777011041	-2.07070204646286	3.25853542358829	0.227614515312514
NaN	-1.7130200464297	0.675683538681761	-1.61459354498067	-0.420968641688077	-4.08207978209256	-2.71346910639387	1.28698476530389	-0.949154125840734	-3.400107769782	0.262991691346027
NaN	-0.823405524808636	2.15754848709839	2.40293884370009	0.526847858095367	-1.35495693266277	-1.0455167999786	-1.05905989529291	1.46884834055229	-1.14262910978855	-2.52775172515475
NaN	-1.1057732433562	1.15436517675807	-0.906937717595979	0.301587157294072	0.435828919140921	-2.62545944679518	0.622246482972047	-0.146249679779894	-0.678653773394104	-0.942906163012008
NaN	-0.820055590606191	0.26783213980223	-2.33235712231076	-2.69040157826448	3.38615094826931	3.80018148393802	0.151694556712793	-0.0861214620428334	-2.4983245999555	1.83036598093678
NaN	-1.80208114615417	-0.131645833100658	1.24170437733916	-1.2824033682436	3.44442589979782	4.79134905468436	0.848629357029493	1.54277858033455	0.60889392241623	2.15820475073073
NaN	1.99935345148137	2.66235426736079	0.0365673273288977	2.13621523228784	1.56147755433076	3.45984401392227	-0.534565196528776	3.26064553568824	3.01286110088313	2.81689913927486
NaN	0.771512950873071	1.65208702948356	-0.70361660675211	-1.95130384360133	-6.39611128711523	-0.70774871990134	1.80011924078582	5.42899935725604	1.16915483690713	0.00975845586244263
NaN	1.75830077749444	-1.56090641544771	0.097944889104392	-1.39272272748146	-1.4822564865429	-3.05732181290116	-0.472866199114513	0.827970744057746	-0.963822393100807	0.933818552891828
NaN	3.29445232108657	3.71474645405459	1.96894298742169	0.660236974777605	2.37161368252199	-2.59039255401569	-1.64684072375091	-0.54303411058889	-0.242001900994777	0.278457240697996
NaN	-0.0837662791110662	1.6898494654565	-0.998647927751552	1.67394156817193	-2.6384591794249	-3.06026630835161	0.396699562287167	3.07648608855259	3.13754511942599	-0.728302723599396
NaN	-3.06541676273844	-1.40993431735417	1.81832847068452	3.07954474126902	-0.733227310521516	-1.57717165121723	-0.334248615985261	2.31274488106646	2.3681524151038	0.601399527614915
NaN	-1.67232806262973	-2.40840508530792	2.16195705209945	1.02071450316661	-1.74443670444441	-1.99315886971655	-1.29365928055821	0.764247962591005	3.8674985283515	-1.38467392723855
NaN	-0.954510005810203	-1.98067904526343	2.70203198069818	2.40737608939774	2.90199120972126	-1.38959340943129	0.276803805516526	1.09319815200643	0.0244525801212867	-2.92367290235614
NaN	1.88356596272594	-1.52976695953226	0.164557608698015	1.91621368437652	3.53244473297659	-2.01191414456271	0.129874782292477	0.00252237295791297	0.985695568150847	-0.241903078898372
NaN	0.693010593094975	-0.891851949940532	-2.88669668729901	1.32294955369141	-2.10744495234462	-0.111000164665523	4.81320292119949	-5.46031269083422	-1.38052342536022	-1.73441095910311
NaN	-0.217761909807937	1.4473160969064	-0.721109236397925	-0.649376318114494	2.41315449841984	-0.312276569331571	1.58658896826278	-6.71934388236967	-1.27785992830909	-0.0850191993617738
NaN	-0.366883573275634	0.818075654084414	-2.39548714762201	0.767610125227839	-0.310746190885571	1.86456388330226	-0.38243066833765	-5.28335306993294	-0.717992167639711	-0.0751211192781148
NaN	0.578902059281898	-1.95320143130455	-3.02228750647945	3.50938061213194	-0.856418000879083	-0.525332064791749	-2.43694445220469	-3.05518553027538	-1.1434925194688	-0.477171210731281
NaN	0.333736356759136	-0.992555011756893	-0.346973864561148	2.72234107255646	4.69177659197983	2.21145975775707	1.52726704588328	4.22931854407021	0.54802305291722	-0.228717629423945
NaN	-1.01047753394837	2.70853080063774	0.30522012471974	1.65363598376506	2.01625367563907	1.47018112849218	0.193015186988022	-0.693782280293193	3.93409941024612	2.88836047483308
NaN	0.303524627680318	2.57612829980644	2.82404694754299	-2.2391900300013	-4.72131124966914	0.137515890014074	-0.136100859661778	-2.71936045243226	4.84582212012117	4.36125241553601
NaN	1.25034637997423	0.622943804137517	4.03743161086485	-2.57651252310682	-1.22395665553088	0.93420073374321	-1.43664394602612	-2.48146209044159	1.39725573442905	1.25466649765912
NaN	4.58677151200424	-0.5361980905875	1.0932574177323	-0.465327714609881	2.44979989444173	0.716891650635761	0.851031430931445	1.95587011813933	-3.06340058528517	2.60605525271079
NaN	0.548627055817533	1.21398106241405	-2.80875650586912	-2.9115113362652	-1.38037603781074	0.0877775671186625	0.00700949113238233	2.15418223617022	-1.74518052749327	1.45496719740555
NaN	-0.603328992892781	-3.28781130455741	-5.67748065366049	-2.44801620643279	-3.39791623164936	-1.42188353213256	1.73839964770428	2.18881413328005	-0.354733821592894	-3.07153775856329
NaN	-1.77454987541979	-3.15873527107557	-3.17298644157839	3.78339249587173	0.943023370843038	0.752558761910255	5.35020104242915	-2.85186041457409	-1.80565338791551	-1.77409037930306
NaN	1.88885337522979	-1.33311415247283	0.528537853908692	-1.55043477026361	-1.43093226858093	0.452912734565103	3.66358727621392	0.00627436936769695	0.522793142346083	0.53895658379249
NaN	0.803424740631404	-0.12128214479332	-1.16038162879713	0.755311735779761	3.38525986229786	0.359639162767666	-0.215252993727516	0.501049050812454	-1.11540318539274	-1.92378633596534
NaN	0.336406561242505	-0.0129493890778613	-0.107722242297708	3.34014894148277	1.9830029130332	0.526427180843548	1.05048927248958	-0.203264352049813	3.66700849385184	1.27879421704107
NaN	0.662374842776168	-0.702616021461534	1.33728009214607	2.20800949147898	1.05386461927786	1.72069665867453	2.20491996707337	0.481975431916745	1.01504263497882	-0.188375859954328
NaN	2.24984034124291	0.274820388077695	1.40262985198045	1.21346121598883	3.14139180191803	2.27520805651927	-0.0116070347853463	-0.598869360205537	-2.48807061767591	1.76698089690251
NaN	2.03714877621409	-1.31619294915169	-2.49832914533862	-1.06004850618385	1.99225063033262	-0.338177407191531	-1.40139137217259	-2.86121072641208	1.90435824476434	4.30830434013476
NaN	-1.5366820238893	0.831910653938536	0.131658657141098	-5.92328913890762	-1.5337455707858	-0.847105589120737	-3.88429900386091	0.227298693982781	0.195236691265474	-0.220325140727931
NaN	-0.935650485009757	1.23971290020944	-0.26831097938096	-7.7762869360876	-5.0731525968629	-0.517572694795005	-4.9725737326625	-0.0576248804976607	-1.90410672155676	-3.88942482561429
NaN	-2.14688840776049	-1.63836499637336	-2.64522326129013	-3.79600799180316	-2.25378173638547	1.31218223419198	-4.12528052592941	-4.53147935622154	-5.14476109203553	-2.91880377765513
NaN	-0.39289668237982	-3.26226664323242	2.01069709576537	1.17030785473844	0.765739035072998	2.04282517427692	-5.09312854627978	4.81688692471761	0.0988014427001751	4.80420599991703
NaN	-1.99244036086799	-0.905952134943171	4.79664670468721	0.985451806313396	1.574809319142	6.57379062503832	-0.105126656162258	3.9112773198498	1.77216162239297	4.81604145283831
NaN	-0.130247591189117	2.81374761089655	3.27324455620836	0.368269653700128	1.09626885131185	4.45811167199718	2.76415885506344	3.30805127754477	-0.789784562899719	2.29953564770995
NaN	-1.1653474675794	3.52791078414537	1.08905588010322	-1.86133903707141	-0.624455270909153	-1.91570891164274	1.04599980843628	-0.301057488471223	-2.82123781453662	-3.65308717550555
NaN	-2.38534001892619	0.954145698777265	1.18748960785801	2.11274984349399	-1.10893444909005	-3.25201564510571	-1.0655935745184	1.69462842648437	-0.0072801637622544	-6.310984781897
NaN	0.71147110424289	-1.98880943506002	-2.6220469985764	1.74877441367632	4.65989744786764	-0.569143971881515	-1.34304727677524	0.630867771952906	-0.450236484111514	-1.8934830289034
NaN	1.01926332887872	-3.46121367990081	-4.71263805907255	-2.16155135863577	2.14226109565361	-1.85725177574572	-1.29407787343118	-3.51471236502153	-1.66695839858945	-0.121700167093697
NaN	-1.02885078118204	1.14716133560934	-2.48769747473036	0.567633883239387	-1.50779070675328	-2.38123451927916	-2.60946784653976	-3.44505720173136	-0.681146573611327	-3.82879512485536
NaN	0.705508630358704	-0.408238384026575	-1.2507425392258	-1.97513608767779	-0.937514303317627	-3.84914021003389	-4.39719856902025	-2.30562155899999	-0.263855187397727	-0.583950267708101
NaN	-0.900318302400732	1.89539639103379	-0.277481620907084	-4.35177231780152	-4.35821260739704	-2.069925088519	-0.971465619265812	-0.40857084609378	0.454819123354203	-0.4399558436874
NaN	0.24036518114658	-0.00906584681869688	-1.614959976487	-4.38906490466249	-3.63176515533785	-2.59806459364304	0.0254672448346828	-0.45883698521523	-0.177915535450281	0.927279997778881
NaN	0.266158792356387	-1.69758085889475	-1.72105823792769	-0.752952935731259	-0.366143022341781	0.634915601858281	0.921772869367797	0.359496574734888	-0.704385956077658	0.362953079214194
NaN	1.88950096762891	-1.36985447873292	2.52343969694817	2.37047714906343	2.66383975218187	-0.738785812421981	-1.75847654283847	3.63842070681252	1.93275728592389	-1.48724158495959
NaN	0.0675834400195444	-1.81150685242694	-0.405859636718646	-1.79254244517589	-1.6034582432934	0.78998932451812	0.487726368852465	1.91070768270207	1.27051765956057	1.10627570666609
NaN	2.20943395719946	1.60566088156589	-2.51873950917461	-1.36911555401357	-3.71598461473955	-0.514982459669761	2.34047275770065	0.69729423862626	4.01617145782495	4.14990681774847
NaN	-0.103155092553526	-1.43149115830889	-0.896923312133623	0.664616279685036	-1.6821391325832	-1.94649173250325	2.0779060068098	-0.679206163175789	1.4633920316107	-3.53198587369485
NaN	-1.93928394975486	-0.868417500946339	4.36485275242939	2.46297135332251	5.62830002563696	0.0874565031682441	1.14183541727883	3.55469983033651	2.25974234904246	0.919382327162355
NaN	0.744975088635098	0.444641581045777	3.47999074219945	1.80716949864597	5.12921053912794	2.87189622457843	0.957264425170034	2.94595480463748	-0.295530628689162	1.37049146378805
NaN	1.9473895755347	-0.665537868411246	0.301458586406041	-0.530865570118296	0.469211503482611	0.816225855836306	1.52753897118699	-1.19317361772678	-3.51753760429533	-0.433238065124816
NaN	1.90017840646311	2.10183273444948	-1.98476656697507	-2.24237501045419	-4.96280357259286	-1.42687834851055	1.2831509657544	-3.5110072150762	0.0330187675931969	0.648647018833238
NaN	-3.81727433171652	-0.533293245194628	-1.6155839706321	-0.00208047358365821	-3.03003048863358	-2.82577970139228	0.877507220445194	1.50843194107729	0.310832956372096	0.784585924994877
NaN	2.505576470372	0.0994532221738775	-0.562451442582239	1.36143891000762	3.68863741596433	1.89608162225518	2.49519732599563	0.849165306389602	-0.269889937883392	-1.30260509072625
NaN	2.59239590718051	3.13820522344935	2.13392651593487	2.18673207098753	5.6008336556696	0.724658533479011	2.59403092694853	2.3120638138122	0.104999006545193	1.17867466495246
NaN	-0.0522507651175694	4.45477017941165	0.724344670936435	0.264407267837032	-4.39062503671363	0.419424795920262	2.33363668510088	-2.06823228104747	-0.965014382897889	1.01126774157301
NaN	-4.2223959991014	1.7919605182991	1.12948486024085	4.52270927602565	-2.09959043935999	-2.04488667888087	-1.54597157849796	3.66005435177259	4.00886394985906	-0.0942972431385128
NaN	2.0617537857486	-0.478732794349767	-0.424930741932149	4.68891551850864	2.55185333646862	-1.7773753984611	-0.161089900922479	3.04953350542987	0.759730974833085	-0.0935886204998334
NaN	2.41954201920973	0.273393344518925	0.268248903125712	3.32425567881295	1.89858215152861	-3.40509996379934	-0.750606493342843	2.23439555935765	-0.0636650308090504	-0.465493038110181
NaN	0.732043312029302	0.762918794642791	0.753963946681872	-0.962601089561973	-1.12140346495043	-0.505905946369705	-0.424325086784983	0.399536089945557	-0.879950071989439	-0.522253068478336
NaN	-2.85784406192136	-0.902451040917449	1.11672649651315	0.0164728326284247	-2.21123645948221	0.0619482371366294	-1.21385430763997	-1.3666957777911	1.19779104281039	-1.86297139854298
NaN	-5.84194535241819	-2.75653677009903	1.84564887103138	1.21549157917191	-4.44982881928978	-1.05089629087891	-3.73977697659426	-2.76636731814586	-2.38375111775802	-3.19654807614732
NaN	-4.81195980318243	-1.37410227965972	2.50440939494797	1.12264183773617	-0.68108332804476	-1.04962837238622	-0.940456533022316	-4.53493503590744	-1.5485517590797	-2.3693890645081
NaN	-3.84669619211164	0.901736361490594	-1.93950796664435	1.10104140669364	-0.329070792497389	-0.119970472979347	-0.497752892535851	-2.53254262155316	-0.600047017558088	-3.08412941567987
NaN	-2.51507677611246	0.876850142435421	-2.64583707181058	-1.98870884945592	-0.0898995854749438	0.931705645425216	0.34867440450797	-2.42523045559309	-1.64347111376907	-0.054856937786457
NaN	-3.39781931604314	-0.711968544219618	-1.99989635711173	-1.63099574832168	-0.897828064122463	-0.029888472588138	0.0329148452835237	-1.9495587456755	1.37694438670757	-0.629613660549552
NaN	-1.26499881998964	-2.94767976322955	-1.94394907840971	-1.49114074742777	-2.12649814901379	-0.125415028342731	2.75581618376071	-2.74064815282413	1.05525760848188	3.34549917374395
NaN	-0.639665111403383	-2.34787267959515	0.441622120852752	0.317270481610195	-2.07749446847378	0.122637092425418	-0.914697771141216	-2.80541293737286	-3.43160582440051	2.41128875636339
NaN	1.53667243412848	-2.71680427629218	0.56849739649846	1.39903689523111	-0.683217147478091	1.41164948384669	3.45195941234149	3.54877851477099	1.49529706551116	1.81556680527628
NaN	-0.404523590050254	-0.346657132784306	-0.184422584531445	2.55114682204449	0.442281205185116	-0.988367244059341	5.38652109900795	5.26954398750689	2.17921333792839	1.94530184234824
NaN	-0.298495779464008	1.56597955213977	-2.25275782584579	3.07264581736141	3.39281876263208	5.00944040870082	2.02949594904289	-2.25392123302546	2.97984850682121	3.49072315687827
NaN	1.75014619526323	1.46673837236923	2.77994169068524	3.91811841649377	2.5482790585633	5.91360181003901	-0.200793293117578	-3.94380401957699	2.935338873088	3.47511737580051
NaN	3.95272480936851	1.61492018417246	3.04699972590935	-1.59172617318821	1.58945674158139	2.35855179244579	2.07906278603877	1.59743062224892	-3.37140606485585	0.129498577001448
NaN	4.83404284291066	0.962406530514485	0.819504288701993	-4.24082413315453	1.89167014077105	-1.28100958158225	1.5722082530053	0.316644941918534	-3.74711617342228	-5.0124120165021
NaN	4.12668803922777	-0.970417312914664	-1.70862745567183	-3.20921835170763	-0.0490098752659671	-3.26096915205895	-0.949685924855067	0.281500380965439	-4.33433875318276	-2.91446031828551
NaN	0.836774172529405	-0.0628302447982543	1.85573111932802	0.0885356347263531	-0.945610612964748	0.0349238393018844	-3.78935323931099	-1.90151020578464	0.152412993797399	-0.66315973686627
NaN	-1.28437829528756	0.933953799828806	0.124814335492815	-0.872602880099053	-1.70229429970188	2.43248567720165	-4.0082416490735	-2.81692244895893	-2.81981302094833	2.64232199277256
NaN	-0.986590041338201	-2.84486018473584	-1.38240888831821	-2.5359169802723	-1.95239253181845	0.170549608383976	-1.33237893038501	-1.19770551482576	-0.457964557863891	0.0205987829032162
NaN	0.857713514428968	2.21540193887163	0.501073149740387	-1.10090533807119	0.705599749143622	-0.385422917998445	1.42125895265151	-0.0280219356388646	4.08744590032623	3.3180309667942
NaN	0.21688496455651	3.17204714973817	5.16656756735959	2.17003031148277	0.992322492178078	-2.15325289177742	2.4409844781609	3.32225773764581	0.266957499911848	0.338689109271464
NaN	-0.222672314129401	1.87010157544164	-0.277543357710762	-1.71936571330581	-1.1886408264173	4.65296656646924	-1.20796393856676	-1.30686994645004	-3.43505908190379	-0.372817397269704
NaN	-0.397365831141238	-0.632167204553477	-2.96903394490654	-1.0853364883721	1.04769800643528	4.62900012934815	-1.45160899895767	-0.629773667654023	0.78719300040105	3.63755757477856
NaN	0.824427990260167	1.13462616417802	-0.0490700192417118	1.9347301130967	5.97793132213392	0.366671294655438	2.20313238900448	3.44493741925569	2.59828931849555	1.76664317012442
NaN	-0.00939532294806102	2.99505660429298	1.56960980477209	4.14251508551025	2.71986241235387	-1.99116932722042	-4.60595495564636	4.39059094062595	-0.807887441675739	-5.51548960320701
