NaN	-0.29493535264107	-1.23948122080201	2.29262502368139	-1.69923034562373	-1.07554681248321	-1.33494688630634	-1.55031749878598	-0.460431384035952	-2.16679122557927	-1.41761815098105
NaN	-0.820738450106715	-1.13193385947139	2.73783118701575	2.60980769131447	1.73255568446974	-2.09218726789771	-0.132912925008354	2.83830028050323	2.34591808377506	1.8495999684356
NaN	0.0364399725770671	0.279351707259008	-3.22730750169167	-1.61381195921853	-0.470000247644409	-0.519245397493857	-0.519514728621572	-2.93777748947495	2.58125433181937	0.948794502231972
NaN	-1.58213574467	3.02941155564008	-0.420432323605733	-0.399542237749355	-3.09930871829022	0.878263246793841	-1.01437857272266	-0.816006308923282	2.87916592430156	0.732968801295941
NaN	-0.318367409436271	3.43590468964921	3.45909717182109	2.1242413700939	0.785321248073698	0.902537322867138	-0.503387003511351	0.665402746733824	2.92795346414052	0.519695769999012
NaN	1.97859115938258	3.45312965026104	1.63222683441974	2.52409374005754	0.0731447224613812	-0.0248598583004598	-1.63705925298824	1.40357198417922	-0.566587357818691	0.995913676607376
NaN	5.32111961201101	4.73917440351239	0.0908157567381864	-0.349096898123169	1.397831012706	0.631100991909113	1.03072578913817	2.31663736227421	-1.82025770611807	-0.691671519010163
NaN	2.50690326955002	-0.576924821239642	-4.48270512610502	-1.79430546519526	-0.471415059906718	0.271204449963337	0.892309577793944	1.91309037420361	-2.22164109431444	-3.58045666745129
NaN	-3.17890157346735	-3.18122700223157	-4.30694895275077	-2.66875584031616	-1.5681218864889	-0.00146583801947178	-0.209640112856111	0.812393408749905	1.21917355272233	-0.933704969835791
NaN	-4.31785218481088	-4.13337324344182	-0.770063277498392	0.389541816372786	-0.149945569148095	4.53243146586801	2.84944247193916	0.0549014248306128	-1.16031277804164	1.10722416523299
NaN	-1.11887808739509	-4.47764009705196	1.53482145494823	3.12625939889528	3.61790765262433	2.97449259697972	0.932448308762671	-2.89452179439665	-1.65646108875292	0.781315733898102
NaN	-0.352152345420248	-5.52808290142716	1.72681497328388	2.82939639862304	1.55540955164264	-3.48078987722818	0.545842187671513	-0.54393924422829	-2.59835338546898	-2.28907931791817
NaN	-1.30167256826812	-1.73379141249677	2.47234845082329	-0.241353101463287	-1.31361075147605	-2.23313474753662	0.740464566960899	-1.49964736927843	-2.60797015146634	1.22497580505208
NaN	-0.848265182914686	-2.04312940138937	-0.449140982168484	-2.76898334897238	-1.87078524267235	6.7598057524893	1.33865107982224	-0.857614145731959	-0.746036012663738	2.15010676290092
NaN	2.96695070066983	-0.0212918523167597	2.66356972269854	1.03001468853959	0.575651646916958	3.34169895213309	1.40009454204899	2.37512903639065	1.63417605811175	-1.79119585006083
NaN	0.655951058928403	-0.359133863347626	-1.98182675808759	0.33450647049638	-1.22561416030996	-2.46991102961249	0.0911421464266746	-2.87270315551429	-2.2138973793038	-4.31952345999345
NaN	-1.79670911355254	2.13239057766809	-5.10628477787326	-0.171528820508845	0.528879344344781	-3.44662733137224	-1.72439621561763	-3.45557422462137	-2.14067921971554	-3.48913574208964
NaN	0.0665464147858321	4.82740880366265	0.757404503160526	-1.61189418205484	3.09964599242557	-0.962488067056494	0.0549657748634278	0.112342966140568	-3.68533099040307	-1.58250939146282
NaN	3.85830008396808	4.24200564050887	0.651381927375967	-2.64183394758886	0.487444384204147	-1.38812571568907	-0.218392531011217	-2.37330059446856	-1.95886751538959	-1.48731511386661
NaN	1.24966557642417	-0.292353645418404	-1.26451572873402	1.48666641053995	0.96495688790496	-0.474082831470368	-1.44358766545359	-2.10112285306789	-0.301991243443527	2.60705086308863
NaN	-0.397527883372641	-1.1648269235873	0.504521244112377	-1.20885004010903	-0.824461916376678	-2.07880842587305	-1.1253430804781	1.61738531397025	-1.59672290633356	-0.268147304038493
NaN	-2.23821998014374	-1.90528629826344	-3.68919136225597	-2.16481889227772	-3.29918826494028	-1.10106526668261	-0.922663013838639	2.93615603389961	0.807065646430305	6.29746601071654
NaN	0.362347799128956	-1.94079953836904	-0.150610241999103	-1.42115965846298	-1.98338047859105	3.99091532587245	0.501486500439241	0.150934508075943	1.27471854904293	2.67700690473865
NaN	-0.982008967598324	-2.41254059336777	3.44781064456223	1.45624802803894	2.61659500507676	-1.33915780861949	3.3419233014339	0.106974501528684	3.56870624392266	3.06744200839402
NaN	-0.585857370011131	-1.33732884414736	0.170097491031218	-0.0208702975039488	1.96597903690724	-4.65634247719547	3.86195338723023	1.09581612094848	3.19788466072815	3.19196933096483
NaN	-0.0396172459192065	-1.47399980699868	-4.21534405842238	-1.21682642972153	-2.19850039235782	-1.81445780941669	-0.0793117777894463	0.407606945984205	2.46512428625891	0.574376314677082
NaN	0.462228412568382	-0.1732594375425	-2.82631321639429	-2.41790983114238	-2.51950190768929	-0.884607698131661	-0.848246098876334	-0.32041864296735	-0.235290378632701	-3.66454603770725
NaN	0.234687532340468	0.752788902727934	-2.29816198476969	-1.18186586172454	0.150189991651825	-0.53179309705484	2.3537417798232	0.405755764671539	2.25494131955447	1.1040812077268
NaN	-1.52157469908238	-0.0852561624423148	3.23267582308264	1.48336412702971	-0.617364731737949	-0.809856279541285	-1.43022280608982	2.66892333380125	1.51108948997189	-0.0306579456049488
NaN	-1.13113619300268	0.725671422142601	-1.6525950310702	0.130873276659707	1.36466771246834	1.86635682569204	-2.04518319861948	-1.17871277085835	-3.22987708430664	-2.63368659565609
NaN	1.67834047781455	2.65322143133344	-2.14385084549337	0.982786551051841	4.48399407359308	-0.57414544928991	-0.596509798679614	-2.65748016385175	-0.963243016468331	-0.823081180377611
NaN	0.223017764922365	1.92941908155527	-0.876057326536907	-1.01613790809261	0.0300859096235598	-1.97802375477801	-2.67933600135535	-0.616448593791257	2.82462221747518	-0.547315245035475
NaN	2.62266902986216	-0.360289813697413	3.01382115704739	3.67498739774099	0.154173669977033	-1.03174002238847	-1.83026836136218	3.4755530075717	1.69132907628558	-2.23736734925692
NaN	3.15778944686682	3.45164649351611	5.11494316563079	6.51439369498111	1.03609841999496	1.71898122239425	-1.2998629755973	1.24090006997099	-0.329891871063721	-1.6741910501839
NaN	-0.281766990236961	-0.474285938956457	-1.32098353779027	0.662339462184957	-0.990802539137474	-0.997183764594831	1.28217005268677	0.126272097585425	-1.69126479081736	-1.19043727506984
NaN	0.000970703597941446	2.21386092382895	-1.2290413879082	2.13727337182225	0.471283885440365	0.971572589029708	0.350153932812175	-0.603273818311202	-0.827138755717763	1.41806663860514
NaN	-0.311589686056143	-0.688568239319536	2.47915965772211	-0.478877744698416	1.75534773308803	0.178909357956432	-1.72688084622168	1.91251223540986	0.474743398066396	4.91344857502596
NaN	0.587142883984021	1.15086272188699	1.63438228935332	-2.68157013106879	-0.79915693081546	2.44316829099719	3.3460535271538	4.8037166313873	6.01067124718299	1.6802682442116
NaN	0.537138469353734	1.147216410379	2.60878814004824	-1.04032341153626	-1.78117656111711	0.943083016949221	0.722964050681902	0.369098744966031	3.71136748117753	-4.59096084970535
NaN	-0.951235110835417	-1.55207980388552	-0.559518650989871	-1.24332565454533	-1.66935423375569	2.16105052047202	0.0832006826092712	-1.14598149126687	-0.890476200215834	-4.00157142055898
NaN	-1.57078767003885	0.664280518455776	2.01075082007753	2.524710977129	-3.48626500491526	1.11174149900874	0.960547201219592	-0.222935215646639	-4.21953444686715	-0.264983062613206
NaN	-1.98865191330188	0.450913803521796	1.85660512796008	1.33514663877028	-2.24737313027507	1.47350870282542	0.651622099474158	-0.845556311865743	-0.806699638988612	1.94893470247148
NaN	2.51894022148721	1.57596143110152	0.820303981507548	-0.181996539815636	2.74093374162616	1.09700022376633	-1.73347211961068	-0.713504090574699	1.12487529223705	-1.03265748671065
NaN	-0.0903171232976936	1.66603947962638	0.0644383498223522	-1.36585416587028	-1.93952907765459	0.56644337053861	-0.0344062761947169	-0.9397777137773	-2.19389342317456	-1.945775876697
NaN	-1.43515147640242	-1.31970180029373	-1.40694514990269	0.598481572911013	1.85256195684152	-0.388072728102285	-1.59796724534504	1.16777218333984	-2.01506401869384	-0.612645837877406
NaN	1.35286197579409	-0.231762198841328	1.77876819257501	-1.67617165586711	3.72679114665905	0.459579024176098	-2.88034982777446	1.06914924115003	0.557129503509307	-0.642016857200448
NaN	3.87826433846451	3.20825669219655	1.49700200818039	-1.63308012443817	1.44888727689655	0.699378562175081	2.25792070538868	-0.633445538276661	-1.22920310310609	3.52553312007324
NaN	1.980456005468	2.16446714081835	1.15922930515519	1.31780661921742	-1.7254581301335	0.259925801586564	-0.216779410567292	-0.889044366819065	1.81260535124769	5.3963560497311
NaN	1.98190971126843	-0.213057594738012	1.10485567497257	-0.339316094710063	-2.65060265500573	3.31848351493289	0.29126972506344	-0.528647640310792	-0.267178771952066	-0.367515094958271
NaN	-2.67903061877643	-2.55258537487471	0.0143845113951416	-0.539947447655963	0.954743594264861	1.77909206446217	0.903968010793366	-2.7322376786522	0.661199693500348	0.0423871921949807
NaN	-3.54102624752413	-1.85268207922066	0.207933616034708	0.453173715640611	-1.32534567159966	-4.7142113646868	-1.96785436906516	-2.70007371367054	4.47565876898707	-0.332362216202595
NaN	-2.47654386897316	-3.77310125609281	-1.51598017783283	2.46910103351219	-0.656499763529726	-0.899693424885628	0.666005918946727	1.87405839202794	2.59258640976937	-1.23066132520959
NaN	-1.22916937886877	-2.80071958696016	-1.40773482284807	0.273785332732566	-2.17049231353415	1.82201466629933	2.13404836304399	4.79927160651049	2.48959899981655	2.30170965288829
NaN	-0.250213403412513	-0.911078360479079	-0.39626439242676	-2.88105952460041	-1.98799011935642	4.75271662239502	0.15300505525126	-0.109233649158962	0.450899213599664	2.66079421064338
NaN	-3.10453443988128	-1.13857469637049	0.281549768569684	1.53048396613992	0.310525227861358	-0.173362398557934	-0.970052912842562	-0.0209567567611596	-0.492245176239153	-0.897302953364069
NaN	-2.68462155151071	-0.252945444108424	3.45349027460678	3.53565490573098	2.30282589895226	-4.0361564029793	-3.0937643846432	0.935053652614138	2.77691816719165	-0.379004131758271
NaN	-0.929493773013169	-1.19032186722691	-1.04887064900879	3.26787894453905	3.56515830042563	3.74062140702779	1.44227742931422	5.77027534423298	0.548924670359993	0.861540490689391
NaN	-1.39009784822836	-1.5525051562259	1.27113085496217	3.38132949789485	1.87942253347924	1.94750702320969	1.1256430998662	0.471669344072204	-0.981031618246363	0.633340215809569
NaN	0.576504754147162	-0.605956559667899	2.0236173733909	1.45672153607539	1.64534210504549	2.23095142821979	-1.04669925587805	-1.13032071241942	-3.01285613278539	-1.60349370882346
NaN	2.7861606650266	0.391698647215822	-1.85929824539242	-2.53438681291251	-0.413878291094099	0.903075375381216	-0.960911243480161	-3.39250916681856	-2.19331736265342	1.49294909551719
NaN	1.67338753242575	1.22496591994389	-3.00020660134776	-4.23395307015925	-4.75249620383381	0.176204445896781	0.289516043212049	-2.30875115966298	0.557250318431028	1.2445311526809
NaN	-1.77209761460158	-0.647752179352232	-3.00012950262934	-3.76790379063466	-0.91548200931731	-0.997674413212723	1.8007428489002	-0.196545180237667	1.04981200861004	0.310873645152468
NaN	-0.144243097216039	-1.14896142143589	-0.62508595638693	-1.73930431109801	-2.7546803283093	1.18228261405386	2.69363733844861	-1.44152312114356	-0.362934248333883	0.688148575381366
NaN	-1.56865464935199	1.78368150719987	1.99203837131661	-0.130183237565786	-0.638333717304252	-1.68237473561038	0.609906125070927	-0.913200758950608	-1.23906244834508	0.78599036365427
NaN	-3.71210077206998	3.50780610663562	0.131051768994725	-1.74770884178727	-1.58700093891953	-3.68388968248678	-1.10535848443101	2.71642757980421	-2.06788090436188	-2.53073761815276
NaN	-2.39736618977252	4.40213011662991	-2.37960318450482	2.81173434969964	2.71614189767403	-7.33893560601472	-1.28648833355583	-0.492588157084987	-5.45203041085336	-4.72470976456871
NaN	1.44298499068114	0.90389750299439	-3.41359906807689	-1.90188132674084	2.20714935796187	-5.98823725736829	0.493569906809971	-2.00667874818614	-4.54625717116778	-4.31039258690745
NaN	1.57141989452135	0.948231377129853	-0.762523609826424	-2.22227341011674	-1.29805156788024	-3.81662917481875	-2.00539473595378	-3.59046173765567	-4.78368016925748	-3.4394710119309
NaN	1.82556969465478	0.832090283532365	-0.0811237655360303	-0.874319669252046	-2.02520863580838	-4.46561646384715	0.751436554984476	0.664091988383085	-2.41972112451535	-2.00497722663727
NaN	-0.238791094975745	-1.81986945212868	-2.46848399311008	-1.85097499910722	-1.13596754070675	-2.69162531355451	-0.774708438827694	0.699572214856576	1.42794049590122	0.446704211900359
NaN	0.391423814203168	-2.60605134365837	-1.51551343038203	-0.436949967180883	-0.744112335534536	0.714791978774632	-2.88411802208505	-3.66322667211907	0.699459171619832	-0.0159966917237348
NaN	1.61023082370424	-3.49141520621125	-0.542368952576782	0.723700176104772	6.48012705020578	0.116855117711658	-3.4762225440863	-2.38119873098704	-1.04076640514198	-2.91474782757645
NaN	3.70831060726697	-0.425178181593747	-1.19922218733317	0.544352739062224	4.62808867286	-0.330446431224988	-2.16969990404715	-0.778200083494787	0.42652969234066	3.40595797857276
NaN	1.87925897069446	-1.90871341638559	1.88631210545756	-1.2191154198469	-0.116919611413682	0.863013338859809	-0.959409936746651	-2.05904522273165	-3.20569602100705	-1.00424439687713
NaN	0.281152025427262	-1.0437248800004	2.46112429415913	1.37622998474037	0.406555730534097	0.525031796619213	-1.50117756329129	-0.194245858605869	-3.64730935947724	-2.40622958284957
NaN	1.07903448620413	-0.0322030079049515	-0.350562895770021	-0.034621222025008	-2.0844136253719	-1.40908225335904	3.86079272212986	1.79432566401079	4.68928351479742	2.01722634849279
NaN	0.0777595234383621	-0.522808105717111	-0.29876103799456	1.09470338494761	-2.22502358070853	0.0258827118813735	2.2593891148834	-0.0618216167807401	0.759679751240719	0.720214605154369
NaN	1.25944824599773	-1.31192495564087	-1.93255645881792	1.771600423818	-0.178476102284002	1.70335941261897	-0.928424826183853	-3.05400376105464	-2.97266649924993	-4.74006066416162
NaN	0.657570147410474	-0.20512865853527	-0.88585166688831	0.216177504192474	-0.745025806826967	1.03350482320715	0.022625316540788	-0.174508151111436	-5.0734997177506	1.35000337188544
NaN	2.4378190237704	0.281143054765079	-0.340499427337832	1.06822451640549	1.47046688689471	5.87654369488946	3.61147658881825	3.41138636963287	-0.527070989230494	5.03139315932769
NaN	1.43395826328224	2.77455956032688	0.371860218382381	2.35138164346318	3.18465266820598	1.36274843956651	3.62687293345403	4.00026236283127	5.74896289370901	0.902120240854495
NaN	-1.87155244260208	1.15060535930203	1.35415090440066	2.97305970666524	1.7887029068923	1.80627128925691	2.48340825634256	1.75247823285947	4.67317226055561	0.591575453468615
NaN	-0.0160662668976975	0.758599219821682	-1.27329710177474	-0.11716352234911	-1.56754655444073	4.12316576879723	0.527496398355638	3.45845169363532	2.71624444886393	2.67559708275661
NaN	-0.357569267315637	-0.588629866700865	0.141933327375327	-3.12311111841954	1.66048954235237	-2.41632788176355	0.809034254888206	5.75470791825489	-1.23360480105287	3.83567779353502
NaN	0.97646663475312	1.41066217774197	0.784100086648255	-2.12898887132425	0.96000418539917	-4.67246695730947	-0.155962818822636	1.03556178372111	-0.844267855714242	-2.19135036313678
NaN	-0.344841566243687	3.0798276880193	2.33838888584018	-0.0457309605825718	-2.44265049348405	0.932043871184673	-0.900879758551376	0.821346556405028	-0.955062758538273	-1.15357732646054
NaN	2.15796626303806	1.59725521193774	3.00465771457221	-1.03017152150395	1.49609954874937	0.902952319722832	1.64344295340898	-2.21017073546451	-1.62071207770543	-2.14374037136665
NaN	5.05238866333731	0.28856130974146	0.890479120554384	-0.415105425796809	3.74386294541763	-3.58906441395751	-3.27026385108883	-4.14612817812406	0.109540372468907	-1.88899188955423
NaN	-0.799592917190757	-0.624007955817005	0.678408403673066	1.97158909839959	2.11198492782553	-0.518086294776403	-3.22904044242635	-0.601570302794233	2.25051957525194	-1.65606849883097
NaN	-3.03467561005426	-3.33823408958558	0.0687018812181912	-2.37028147114061	-0.0418878320107557	0.520011732805127	1.38722179296854	-0.753805095665604	-0.574921131179451	-1.79356330735219
NaN	-2.20998148907404	-1.88165504897023	-0.675268562399828	4.53931631784899	0.278471237206338	0.393806040225113	0.611910269923072	-0.844619306597286	4.35483795053522	1.38654368618637
NaN	-2.07995201830613	0.505163926459144	-0.878234112361137	1.98275999925046	-3.02118428529235	-1.46824347796656	-3.60472964633419	-1.7660453123989	4.59350795617453	3.51790440709525
NaN	0.413582757612221	1.43700971105325	-0.0823022223945673	-0.93462293269479	-5.36892043738331	-0.807716010414158	-1.95701970921166	0.824160485699665	2.11568962842599	0.517366910545278
NaN	-0.208210132224355	-1.39937092420826	2.62776742912694	-1.53461829959479	-5.27117845258016	1.98927668989375	0.880768494508993	2.05387373278675	0.0405368513911567	0.387789495335915
NaN	-0.410884448543066	-1.32198034460056	-1.08935143694935	0.478270134459108	-3.32078543116995	4.53268146921215	0.0590618907255444	-1.84521144565258	-1.92352272453956	-0.542998550645934
NaN	-2.56457070319898	-1.13705665924376	0.0808298209717348	-0.669674387101129	-1.55341191662537	-0.542283355197429	2.05900505569705	-2.50493991850365	-2.00080605840566	-2.02753809764915
NaN	-1.47846155499153	-0.601538950282162	-0.492547817863009	-1.65002464022163	-3.29735407185591	-0.985398804408046	-0.856303288923732	-0.248981868052474	-2.43358307649201	2.98320142336977
NaN	-2.01042045109514	-0.602721114561065	1.33628774963834	0.740318572676056	-3.16858753246164	4.11843035487157	3.02440517461646	1.38081801263588	1.09146498962926	5.04051158656212
NaN	0.549179027401836	0.461381916946223	1.25999096813456	-1.25930825656815	0.43694247174439	6.51191798573114	4.44030241339745	2.58519925988985	2.2370797431451	2.88319501881991
NaN	4.0855321725867	5.8317306365016	1.57723847414522	3.23867926740088	3.31677552441762	-2.14767048977916	-0.516296835142524	4.21345766872723	2.73665311054469	-3.43204054410603
NaN	1.65537210778476	5.72035926917224	3.01057525612416	1.55763900861519	1.41557785690254	-1.06653502871222	2.25391225044447	0.799739628840344	3.89310564079893	-0.654845322214661
NaN	-0.654739100479006	2.38071387678113	0.98855908861623	0.995745098664759	3.30136802744632	2.9648524352963	-1.60825558134135	-1.08441103257789	-1.23170570617573	1.43289921269821
NaN	1.79177995338591	1.89618813035043	0.931927166261119	4.52478369908948	4.71679073188162	-2.74415060110686	-2.30948659129287	-0.44592176694819	1.83599267191703	4.35688978092599
NaN	-3.39478520743688	-1.8204648088451	-3.63277929793088	0.557550062071334	0.703303473394681	-1.43441572668932	-1.01529582694588	-3.67074151309135	2.65498207065119	0.296734196550563
NaN	-2.11122532184524	0.868358882440159	-2.59822220582866	-0.136021293903315	-1.303597426116	-2.04675426738518	-1.77600464831602	-2.18789808647146	-0.249098329488329	-2.54007718346244
NaN	-2.52299388206667	-3.46646241518392	-0.432915396615638	0.563475389299861	2.41625784067931	0.320524462542492	-1.05574297832072	-0.799615390511784	0.263586439208281	1.80637132853036
NaN	-2.26264408677057	-4.93142823262022	-1.86938723867642	-1.09925252631892	0.712962625292495	-0.77922848221094	-1.32131163595467	3.67261758520707	-0.040026263560247	-3.19135441786013
NaN	-1.4053099005937	-2.52298968899809	0.0526364251291825	-4.02207468309057	1.1164609042473	-1.51429650878971	-1.68719876397751	-1.49085539861799	-2.78669434013913	-3.77907553533298
NaN	-1.68578697283759	-3.92742463366866	0.200612147016155	-1.94322272185416	-1.65173932574383	1.71180144676734	0.93956785997138	-0.410369104857434	-2.86166327049966	-4.08283415993695
NaN	0.00673294411747564	0.299407315297966	-0.999088649287507	-1.12919324919132	-0.730349939724412	2.40933461431919	0.191702167554234	0.988362270405817	-3.33286573524516	-0.943387942608158
NaN	4.72319115166533	1.76356875869082	0.413498837636911	-1.18366729581126	1.20556384116258	-0.738812340375444	0.164055164800249	-1.70831155696461	-0.694809772037256	1.41953662090119
NaN	2.99330285016293	0.454971151071806	-0.222937459513114	1.63110613507839	1.45705501168229	-0.0746144983806561	0.665497761002587	0.696731542630203	-0.540021153506014	4.71938142424811
NaN	1.95138054996103	-0.697100566468764	-0.407437795203287	3.53139155845126	0.410368226489463	-0.0436785213552376	-0.598942042048534	0.403759293899837	-1.66867115471558	-2.7978128707576
NaN	-1.60690943123858	-1.56125296530872	-2.01244273976635	1.90834182721998	0.0137436407382788	0.123294866891596	1.93892924943389	-0.31899287211469	0.0254923401883638	-5.62105261847348
NaN	-4.93781372519636	-3.2037055385747	-0.629748805132426	2.33299571883746	-1.57817083254699	2.29829454588668	0.736558750150435	2.15665248815742	2.15332043928477	-0.854985229011519
NaN	-1.0958833129984	-3.44155668026015	-2.58715727510134	-1.99129715251382	-2.2487595596998	6.66957146198112	2.98383879871506	1.22054102654786	3.08556918287504	2.56949042792207
NaN	2.58725890737218	1.77202227165484	0.220495573897187	-3.21708855773873	-0.398746356697123	3.0208496972316	5.68439743733217	1.1393224751387	0.448595293243792	6.15941763115797
NaN	2.74574893689816	2.70801416165151	0.712864561049408	-3.92661930330054	-0.504160049309117	-1.91487187337693	3.12003211036983	2.33349662090026	1.07480519032047	1.99717498430706
NaN	1.50049065108488	-1.27680556747001	-0.453224057538838	-3.24698241337332	1.75713383804756	-6.47335703757258	-1.03514363632762	0.281268711126842	-1.2607867406277	-3.99008331899586
NaN	-0.548126600185323	-2.98391813850486	-4.55209678038446	-3.57657984413424	-3.66770794489618	-0.419417160972195	0.282693446683684	0.152686699538338	2.37028797125016	3.59873724422052
NaN	-4.24674553222802	-1.22958980401241	0.355237600100626	-1.2417188313986	-2.46619790264014	1.09533629979279	2.20995042425383	1.46849872746213	1.48586379844053	-1.33476675256275
NaN	-1.79206297831607	-1.4642287362744	4.64934591049715	1.76595549503806	-0.522769727542696	-2.68502755953718	-1.42443556453124	0.770152576539615	3.65761997904258	-0.312268616808307
NaN	-1.43780384335415	-1.19071874564245	2.19111946786225	1.04162660824943	1.26883877166602	1.00422037666137	-1.6428280672327	-0.586167554062659	0.224443181003175	-3.50477510782573
NaN	-0.653082270535109	-1.04528912486966	-2.24854716529256	-0.135934137057735	1.23390664180988	-0.441659694016788	-2.43299742040866	-0.0177492582703607	-2.52499162206669	-0.642285929161397
NaN	0.0257955571301335	0.642211056078794	-1.9539051272666	-1.58926445634714	-0.416088753258877	0.0645954767594646	-2.11975745270857	-0.791547491913343	-3.19472947305051	-2.71452738717312
NaN	0.00673170608464972	1.78694017068267	0.266034185844858	0.920840075910311	-1.7810051384686	-0.0572051796600268	2.72915963056812	2.76202342233957	-1.40414354436184	0.209640028399422
NaN	-0.0316651271811284	2.43717701018908	-0.491348458730025	2.49439506831356	1.01692383229053	1.02273931018577	3.94964679996198	0.797929814998536	0.180661165277651	4.75290393025176
NaN	1.78307742365396	3.97160287269816	5.16537697862268	2.8052541911	2.30119320616518	-0.658599930086707	2.64737572568678	0.108627710428853	1.64471589544003	-1.24309122021387
NaN	0.658997770451191	2.28580947949013	-0.113141191871916	2.84535679489077	0.767210563779509	-2.33113149349073	-1.80789711165605	-2.08683323308209	-1.28101700454156	-4.33666488943894
NaN	0.117317804788193	1.20310258752902	0.727508566437184	-0.791817683272114	-2.82821409237942	1.4218983169336	-3.03665302664568	-1.42605382622513	-1.0696347242671	3.67135615448673
NaN	1.83941950199664	0.695715426703764	-1.7777404617952	-4.94463111267074	3.90687521396033	3.77853929859557	-1.56475746164982	0.185715296995191	-4.29544115011174	4.10455943305734
NaN	6.17826489817772	2.00923064366182	1.14495553854452	-2.80151684833968	1.10216388992322	0.51041276625689	-2.55885276966926	-1.33534674079514	-1.19457364352654	-3.68917463964116
NaN	2.67321493460333	2.39013542419985	1.2308048006779	1.45263415189078	1.04182173007684	-5.84208267196693	-3.88048700196704	-3.13870391548578	-0.515902349709053	-5.93384279036389
NaN	-1.36839502888712	-0.332024042121147	0.324164973763194	-1.80066851186669	-2.56041939020227	-2.79416390843766	-3.47033257047314	-4.74452087320877	-1.9418786303103	-0.167616287064333
NaN	-1.97004366544289	-1.50443534545403	-0.454050861939022	-2.40800398875025	2.89447488585563	0.0469945133938849	-1.30606627537248	-3.55479293053316	-1.45267382508538	1.4327077554502
NaN	-1.6689488932508	-0.90924805298356	4.03933981264809	2.88197781888529	-0.706442920402405	0.574062615745878	-0.209668802212737	1.70735876787994	0.0621700062171555	5.12492168725075
NaN	0.491493385363654	0.287485659779763	3.78338494699306	3.42591965557297	-0.05497551473455	-3.00985889406887	2.73939345982077	3.45296686070619	1.00885242406162	2.81953953218654
NaN	-0.256150013136494	0.0157778504647815	1.5537348279354	3.13369904366126	-1.51260651182896	0.252423746257736	0.152260599436527	2.42318618571852	3.5206413636742	-2.17808236850988
NaN	-1.79901482291348	-0.940258776235395	2.69484205942171	1.54974671016272	-2.59279439832	-2.35237898190199	-3.41849526772101	-1.67992949049952	-0.915842062123134	0.271623435561462
NaN	2.2718733007112	0.746524411118027	-1.92909735773862	1.41475781385016	-0.221745738422494	2.69943239878644	-2.13033425239024	-0.57739057764588	-0.803395948629435	0.529673809090993
NaN	-0.512917876258823	1.37991053961287	-3.32939127794364	-1.31607259764805	-0.761846115268819	4.49363291349563	3.50425675849923	0.352417081875922	-1.12816887109146	1.75076119113348
NaN	1.61797640883752	3.54833225330991	-1.25004628562033	-1.65500077238586	-1.09870483040133	-2.91553700509957	-0.875325097015691	2.09544499321936	4.57357918198765	2.50330021076886
NaN	1.70942655392446	2.47331018626731	-3.253638602689	-0.486932390724941	-1.64149862681203	-4.23278130286515	-3.05949794394289	-3.7253346778936	1.8207523383905	1.26849559718521
NaN	-0.653801090472721	-0.753701041693751	-0.0524230100215689	0.142634660349634	4.10636396158399	-0.256292691007233	-1.88474190279729	-1.61040690435423	0.248960545056682	0.186401830639305
NaN	-2.72536655354482	-0.99534491173823	2.09710498806455	0.412021998296439	3.49237668956375	-1.23729206949119	1.72347942019787	3.15422373412018	2.19086405233508	-0.169877286417911
NaN	2.92734387588727	-0.647152258141963	-0.858469426302537	0.935093429410888	0.860552330876465	-1.84883005822248	-1.02000238314731	3.2659317755736	0.594849230040615	-6.82017037095314
NaN	0.114108722650919	-1.0823063365337	-3.30198096800241	4.11769138248455	1.10960138660605	0.25714665537245	-0.117727798286498	-0.26424652954563	-1.29556909679692	-4.2437938940935
NaN	-0.409672229592431	1.8379073840197	-1.60205166345512	3.75385529066576	1.95927800332334	-1.75391450369181	-1.34122695149794	-3.0748864195247	-3.3096633718323	-2.42098884734368
NaN	-0.632842944406078	3.53569496041431	0.384228401183615	3.11102924463887	0.370412864488896	0.99908533357653	0.696826601358254	-1.06860125309171	-2.93089548394859	-2.70632191944847
NaN	0.197434525894744	1.01050541566777	-1.52633010519367	-2.4966882393419	-4.17427127627369	1.05415876545159	0.632285754242641	-2.8066953135387	-2.16956847803252	-2.16152720845136
NaN	-0.445721006618146	1.13860233438096	2.23060724332788	1.03549235235932	1.97535888127163	-0.18321242499888	0.224323084400132	0.104346289668259	0.118180818422268	3.18485203919224
NaN	0.508392733196923	-1.73770969581562	2.16195388910437	0.932404505420167	2.20845024641652	-1.52166533466051	-0.387540945282351	2.09948859817018	-0.244835871397419	6.48024384708395
NaN	-0.947618477926817	-4.07034501016216	-2.59076451555723	-1.41967459466575	1.39968643537112	5.33635720319949	2.73203613930024	-1.45684908249889	-0.847194727953399	1.61562206210653
NaN	-1.50807164337225	-1.82294558706667	-3.24640968834149	-4.44006910383081	0.200313155786531	3.20864315336014	5.97397740069581	0.859132996022537	-1.49039622279518	3.08129697263547
NaN	1.03446088875809	-2.24398166002869	-1.43235919631632	-2.71334785183863	-0.295022120683111	2.24033522704289	2.98508039386022	1.61838756213657	-1.10980798334159	1.43127617344587
NaN	-0.50823282560982	-1.56802199967885	-2.14171069807523	-1.24438535067522	-3.98764367780262	-0.683416506226312	0.230746353589407	-0.920502039658629	1.51253250210457	-1.29940988109908
NaN	-1.18755049119131	-2.55880802595581	-1.19730454285129	0.968881880805558	-4.10218007847958	-3.73942604115816	-2.34659552381551	-2.51274882528812	2.99551412101367	-2.28188947886213
NaN	1.08060631490766	-1.5963017618683	-1.86956729622697	-0.457568162148597	-3.46886935551455	0.0142776038345579	-0.278597973341305	1.17898916327754	2.07805078775673	-3.78909152427098
NaN	-0.101508186631111	-0.781834535355489	1.98543880643234	-1.09753318278547	-2.5565172536634	0.9766473718886	4.53364440994382	4.26085412716749	3.39167164102978	0.387156327446401
NaN	-0.893919542848571	-1.41120893470077	1.72781041437467	-0.638663333678063	-1.77137451822768	1.36993535063748	4.29726705186493	1.92684665881553	1.68286515898941	0.43379698423666
NaN	0.929657596994503	-0.991968441847978	1.79005900296386	-1.21709496663982	-1.99902066158155	-0.83556579678401	2.53274261113601	1.61642980923376	-0.257654478650774	-2.6396086322551
NaN	-0.175892320618324	2.17611023739359	6.5166658395984	1.58271194603701	-0.00622972431331517	-0.0117587006974059	-1.68123241782736	2.29875683092882	2.6445391381319	-0.960692981296596
NaN	-0.500013120818998	1.01064023905942	-0.645909926684977	1.34370912941959	1.43217397476491	1.51354146419537	-3.36476510176001	0.279495444517282	1.78352924649011	1.52671754383162
NaN	0.74821665415416	-1.78406862737905	-4.13971586420753	1.57732323567795	2.1714999842601	1.02559555822003	-1.8452663832829	-4.74794466609606	-0.0225603128083216	3.00816547657205
NaN	-0.191063016339081	-1.93422103618759	-1.93531151021729	0.154736556262628	-1.27976270192891	-3.67870491672978	-0.931439814083697	-1.13721812227909	-2.77143467397141	0.405669781285147
NaN	-1.0149557373989	0.26886906956686	-0.152285406349929	-1.72789481158343	-2.16969809628793	0.104269167194258	-2.48151292938833	-1.05979049389219	-5.46076953893882	-2.74722264501614
NaN	0.572754082827495	-0.983032344518161	-0.604689586176296	-0.566544181115579	1.7487939899352	1.17368606835965	-2.20011637312057	2.33653762558082	0.447983569514673	-3.04894079054938
NaN	-0.683185760426027	1.84517966678682	5.49285122801327	4.63603757595577	5.2879110977188	-0.461133447838026	-0.953595447364466	1.86621812708355	-1.51725466725407	-2.46660744676681
NaN	-0.475439098834919	-0.394907427702058	1.72382361728554	3.62123754347996	1.81482696259845	0.505612282598569	1.42085793702507	0.190947356103712	-2.01712983605552	-0.41336669693147
NaN	0.858989618775422	-0.432085089121799	2.62129555508116	0.0615148498279715	2.35304290550077	-0.0450716811289367	2.23962494964176	1.26683795294685	1.66972434142481	-0.501766368031641
NaN	0.481879692977812	4.10949951574343	0.671238756639242	-0.747764253859255	3.56511540153387	0.325619803299053	-2.76359508260663	1.72744875062141	1.44554739364246	-0.0015715575725267
NaN	1.11848488064899	4.93749292029976	-1.54691099330394	-3.05598619530939	1.16059048724023	0.841526228739157	-1.12012864474344	-3.1116826064057	-2.75119000589657	-1.93298285220943
NaN	0.897277333366818	3.16540948984174	-0.842137329378286	-2.20781503582699	-0.176670256167286	3.68400773531816	2.0883477737544	0.885164535178628	-3.61758351852769	-0.657011786560137
NaN	0.520794009365016	-0.938673505024706	-0.570479557322536	2.63597186638391	0.275859146205098	2.57585251404473	3.74733143904536	3.68476732090923	0.616772378264442	6.58927874471402
NaN	-1.18137853553581	-2.39331521312133	-0.569340587825599	-0.507782886321273	-1.21943242481481	3.21032535618071	1.37418306096283	0.543373199860445	1.11259048006425	6.00064072365503
NaN	1.97350347281954	-1.7046870945358	-2.15793857149451	-1.25428322190554	-2.7588559302006	-1.03782133676092	-0.875465802617029	-3.01177507298944	-2.84835547313675	0.0289977283793021
NaN	6.12789842762073	0.563663721731518	-1.5916952640498	2.43036086070445	3.89016872835731	-4.02239222587977	0.181880702218185	-0.624588766521051	-2.01981255694981	-4.34378101284052
NaN	2.692305581795	0.310004322415175	-1.86754274073039	0.95515678810643	-0.532791924613293	1.4194046733315	-1.69013410893787	-2.72705755014378	-1.47704772299065	1.13734473949713
NaN	-2.94867301518543	-2.34192262144814	4.01380168704805	-1.44149238363446	-2.64849929160138	-0.249276212978474	-1.49589418995617	2.1543854464162	-0.992576341082542	1.14729044377254
NaN	-1.90572222486582	-1.19548875464076	-0.829982504531871	-4.10136844847695	-4.18260441487781	-2.89757948935684	-2.08305733037781	1.69945583539669	0.83276342757502	-0.532286008232479
NaN	-2.54641139180112	1.25365870474452	1.67980652592461	-2.69786297359755	-2.70571147608031	-0.521099073560093	-2.3907547546999	-0.57631132171098	0.943793293846	-1.3176096636011
NaN	1.94430384778471	0.633889044995593	3.59110925387065	1.29154475068077	3.44950485234316	-1.29119233468907	-0.745472267170953	2.52540323220986	-0.283815075581067	0.726802686596996
NaN	2.39113696957675	0.117495243909834	-1.26602915279835	3.11523752018612	3.51995431341427	-0.40162190435961	0.19848959585189	0.269905663561515	0.557578357447194	-1.44735262444825
NaN	-1.6021380869117	1.54642130993225	-0.824450976402374	1.52159259842819	3.41874617261308	-0.568887292197692	-0.0892587504070282	-2.20765259690594	2.2862281409927	-1.55380653858846
NaN	-3.12098420540542	-2.95066639394605	1.63441211395825	-1.70909407722804	-0.418653654613903	-1.89479186465441	-0.871356108733242	-3.95807338992588	-0.638532172000355	-0.892593473357487
NaN	-2.40678003225219	-2.06729929689786	0.948919187425172	-2.29890484961741	0.457731669245267	-1.1792321930487	-0.738762987742292	-3.39148238028784	-0.154833904916154	-2.37336187438886
NaN	0.126903130979373	-3.48111711721492	-6.96176400916516	-5.96869139676974	-1.74754066342499	0.362511684601804	0.068330558663964	-2.18971732712173	-3.10332166547671	-0.175334821864099
NaN	-2.37088992123647	-0.0441471425786706	-2.83630412420552	-1.1791791675057	-4.38498446779516	-0.143061735706187	-2.59358782831779	1.55507828643697	2.10443278732969	0.262779277990645
NaN	-3.25993993588072	-1.49649458802904	0.913336596125575	0.88785397135044	-3.12679285529953	1.13405702625252	-0.482513679157501	0.728009538747302	2.64604291124602	1.8191095241331
NaN	-2.21808518318159	-0.627585358539888	1.29231414253792	-1.0104481985823	-3.18380318783471	0.723356941655419	2.43560648968859	-2.66748460403916	-0.494962932888692	-0.646236226931668
NaN	-0.501818416262123	0.45427804997952	-1.44513944992502	1.28852370103883	-2.02408916774956	1.0343565545172	4.79253972836163	1.58980795002677	3.43044745547343	3.08151955911458
NaN	4.23159586297814	3.95170264847918	-0.150303152879465	-0.985826432804144	0.454585256968616	-0.282256093159932	3.3021458176172	-1.33749171437292	4.46985574732853	3.74965919263078
NaN	4.50483281660901	5.48225521863755	4.02706378514883	-0.0799414053891252	3.28111189375205	0.460269695142458	2.73066611627153	0.936608581279186	0.897414457540998	1.35565961212967
NaN	-0.243815323378696	3.88950775466177	1.61739306355375	-0.408844564686699	3.50102282971398	0.456907273888862	0.665709881227845	1.77739825153131	2.52068503021601	3.16888090668436
NaN	-2.53292937945248	1.67857490507409	-1.78108794472912	-0.643546990126174	-1.76256508247061	-0.0676705609277594	-1.12989196628202	-1.55682122318373	1.91088345806266	2.2347592980818
NaN	2.85498121477007	1.19255368134086	4.05563012474886	1.58633709458173	-1.71787754628228	-1.68077426786734	-2.87276785033389	1.08875874064915	2.6918496010115	0.980771150628372
NaN	0.0089366237831953	-0.753347044077265	3.88896116738708	2.16547960753861	4.72790501078127	-1.82343791376827	-2.77747194691771	0.0522779763353419	1.79881644043207	-0.791124649161703
NaN	-3.73253088619723	-3.5471592490269	-3.46022940986581	-0.0225331082918831	0.0514765306511728	-0.297945678975452	-1.78341105835373	-1.52257154562229	-1.9673057423201	-2.42520412646488
NaN	-2.58014439188813	-2.39541222063884	-2.8649654669961	-2.43909983013383	0.0699165867770241	4.15608926570461	0.726345607096322	-0.758666462586087	-2.31864057411302	1.78958468868948
NaN	2.80896852705208	2.20579470443569	-0.522353483985232	0.943371897627436	1.20017507241572	0.389420424874649	0.625063753622826	-0.0600920969663371	-4.31185937929063	-0.290070372817646
