NaN	-1.07725273003831	-3.02537515924682	-0.991711987327687	-1.42368059585715	-1.22403160767561	-1.29286035674761	-3.62259919550902	-2.26199099004002	-2.23069189262911	-2.02929368060589
NaN	-1.12496765891847	-0.233909752430545	-3.07077794090405	-1.38232926274316	3.44658934581903	-1.99727033062023	3.73071176469378	1.80982892667671	-0.968064959610302	3.05176393260821
NaN	0.565536377939512	-1.42431172581569	-2.24281811169595	0.525124394820524	-0.821632707950813	0.672315101578861	0.882970116513761	-0.449869036006557	0.465744154204323	1.78147663375761
NaN	-1.16883317912997	0.0893447619968576	-1.28899072338261	-1.05792755579582	-4.3054068122564	1.13539912567017	1.27858728791118	-0.387469208570402	-1.26378509654053	-4.68102761065008
NaN	-0.92028617108521	-0.733650980841579	4.01290491604312	3.92512142615294	-1.04247713394706	-0.2769589293151	2.93905551735337	1.37856270882684	0.175139834813758	-2.77899948814044
NaN	2.87207750530945	0.153577958963375	4.45835962033166	2.53318777107304	0.262840130426415	0.66272912990339	-2.51663491022427	1.47596331480508	1.50156293676199	-0.176758243484278
NaN	-1.67180834768281	0.412139341281644	-1.84773761357396	-1.77457798529638	3.9785856241863	0.50735618626101	-3.19705503968177	-1.57082743106612	-0.889635127267936	-1.22169813505278
NaN	0.78426561787893	1.65893687057821	1.8126154541266	-0.518539554039335	4.88445119243909	-1.66110131428187	-0.731552884918554	-1.15079435656299	-2.45974069004122	-0.266753999977266
NaN	5.69367838378239	3.19685348200789	2.23535171667698	-2.06255901780634	-0.566091943345211	2.61293692400256	-0.340166400114007	1.73032250447225	1.52925465099165	3.40362214549027
NaN	1.84433107810918	3.26094162949006	-0.0123291325433799	-0.966394233957156	-2.83592948165657	2.9799720663173	-2.53070286983897	-0.70489233611252	0.909857926737159	-0.228440210981257
NaN	-3.01697716655518	1.76511904641324	-1.97596795513108	-0.957767275185248	-2.94854134252467	1.18563741492723	2.33700286660608	-1.13419697220196	0.768709495324076	3.76123634849986
NaN	-1.1522069958809	-1.66243471611018	-3.53308758229739	-1.05178246365538	-1.02082069480292	1.05557819891507	-0.643777843833362	-1.74749382187499	-2.13529595891524	1.05593500674982
NaN	-1.26057481681527	-0.684015540772872	0.555538969151432	2.13601663857316	0.257951886906883	-1.3245477529356	-0.49101897241345	-2.35723472243072	3.29963046541201	-1.36134834128472
NaN	-1.19117301727454	-0.0174330037983371	-0.161263646739939	0.079329777756342	-1.09776258806235	0.146168824035114	0.171718661133413	-0.789184846786496	1.54291769769052	-0.945443829337326
NaN	-0.770605255436696	0.495893591601687	2.88430367184782	0.0768728073795473	-1.41933754166223	1.24364170941532	2.77271620706644	3.13581191309547	1.42055102929762	1.48953507367147
NaN	0.143867275236468	-0.0312911982642729	1.86322181138721	0.428506493323491	-0.0765112417214884	1.33498835859841	6.77487583404243	4.59135660529333	4.04919766640258	2.26467630937774
NaN	0.970881355625713	1.37486417691298	5.5700690950815	2.84610333155377	1.39285332543825	1.96009155774866	0.969084340715863	2.30350774873193	1.76583746788646	0.501683303552102
NaN	-0.256229067851008	-0.0816911197919224	2.0233022035753	3.57271924090675	1.98838396808447	-3.44883090108315	-9.89319868688927	1.54868094236521	2.26498639401628	2.03132973820189
NaN	-0.864950130025307	-2.74911320529574	0.981158716625715	3.54621049752151	3.70313901855564	-2.82641263946035	-0.667992460342347	0.146626456739397	2.73635381079781	-1.63239672662118
NaN	0.383790643181817	-1.07130609975898	-3.34310183560834	-0.395398398070998	-0.711267288678335	0.275556037992336	2.05052412700928	-2.81095987209165	-3.79564706380422	-0.669739372554545
NaN	0.597220652356593	0.779000547604444	-3.18008435110804	-2.85124638004179	0.0261624790821772	-0.29964025784321	1.31186001853349	-1.91039868094668	-6.26458780989691	-1.40882406805556
NaN	2.17552116930747	0.363223377227867	-2.40094396118829	-3.32992673866524	1.17967312244211	0.183764743531408	4.94090664966858	1.36127498163984	-0.324430618198798	2.14661156946324
NaN	-0.465947444273778	-1.79170731971418	-4.25440575367907	-2.01392786347173	2.45896791695884	-1.6949117556347	2.56435490518289	-0.146848911450021	-0.463907174168757	3.66930885585037
NaN	-1.68735399245708	0.921845903806899	-1.80397796636802	-1.11194340757324	0.832700578294889	2.19619986379055	-1.23788830160595	-2.59334787025975	-1.59182588867021	0.991775515385353
NaN	-1.34295698648567	0.604692278798957	-2.14874922750728	-1.42184459220579	-2.23139248122123	-1.23043301822966	1.82651755394588	-0.615411846964949	-2.34987379663694	-6.47230853088384
NaN	0.130957807384379	-0.253055756787835	-0.201939262553298	-1.13413491510854	-2.65297804340234	-2.47374645611909	-2.8936771280776	-1.44645685569784	-1.81551481677807	0.874191632060124
NaN	-0.211943195375796	-2.37481449713406	-0.0251827691901264	0.862740494125559	-1.80349755206749	-3.36064688256003	0.295350086731194	1.32898286029662	2.38980045332207	2.4385988076831
NaN	3.8163871713049	-0.378399214230086	-1.16129153903293	0.432067752048966	0.100697645473364	-0.785846523485154	-0.032037727451686	3.25331964064117	6.26246361838701	-3.279684033299
NaN	4.81027086550946	-0.417058289296247	1.04400657553323	-1.11128628629264	4.58883816340142	-0.0131880579085427	1.40081790841794	1.23836271671531	2.72901669275369	-1.49377086498585
NaN	1.96256609204257	0.23072043411798	0.651991858337723	2.6077503215436	3.10517731114039	3.14490094512238	1.16093963564282	-1.09763848788361	0.183712472762849	-0.698876596527092
NaN	0.194337024704449	2.26635110363263	1.58499159560555	6.63733206895948	2.5906250188486	0.488806851292063	-9.45705001960907	-3.3071881445745	-5.2051560537643	-2.97473542090835
NaN	-0.238081607357158	0.282939871281467	-1.07973309997152	4.4762801527176	-1.94824064210872	-2.00153998511015	0.357864269148996	0.0145277348228859	-4.22097660425922	-5.06268041195317
NaN	1.63701194564315	-0.132717154605148	0.861662114717536	0.743451762311253	-0.705980008726699	-2.16386163465102	0.0686955881787051	2.39171165010108	-0.817279478643798	-1.10600642254718
NaN	-2.50312702577636	0.0694804271576986	-0.199507039448079	-1.23439841176091	-1.32327608195743	-2.86786324156046	-0.345129535784781	4.52713699470664	3.54589044929156	1.6639458615811
NaN	1.08687244008718	3.03644127549006	3.76102583018591	-2.45123643147034	2.35584062798783	-1.67817116655498	-2.78493414345535	1.94679344935454	0.561093886639631	3.27257610796299
NaN	-1.58895405600258	1.99593010051302	0.43949415232035	-4.17897635822766	0.400794010689285	-0.203131882267839	-4.51877277424425	-3.21478900566469	0.0800334201720242	-0.124819358639688
NaN	-3.06388731114544	-0.557940521048438	1.00672905888077	-0.457192829877078	-2.18799784520317	1.70622481658484	-4.18711884052896	-1.68362852426878	-1.08506229236519	0.5967376746433
NaN	-0.708997433832486	1.98587946353503	5.53248868796681	0.299573716624971	-0.998668485600259	-0.329925692481523	0.299796702956725	2.02712094163767	-2.61751882949596	-0.28056288412529
NaN	-3.60849667374438	2.2199485118999	1.64869638884683	-2.39594950392032	-2.70646480997509	3.41254109011872	2.51458666949009	3.72645957481313	-0.165130213738257	3.42526200519092
NaN	0.508816616701993	-1.19526940640207	-2.43740037764784	2.55594596853006	-0.982878353140649	2.14495831190176	4.32653937921406	2.94690384253712	-0.375452693456766	1.28688168534524
NaN	3.14614434067979	0.462613651509827	2.26404891967728	1.35142006012579	2.1769190223128	-1.51529792419907	2.90998786310848	0.0962453071695535	-1.41955739145033	-3.38544424695076
NaN	3.29560615716728	1.04540577772416	3.02463681165999	2.411602431437	2.79764734832181	-2.03454483005099	0.679445670939656	-1.08477082311408	-0.841074005372858	-6.77430165374611
NaN	2.06392082735414	-1.53869453269881	-0.032251268693252	0.0166810219846801	-0.309781432361676	2.27775886505827	-2.01354399926865	0.464514375339913	-0.621387507844913	1.17427735612657
NaN	-1.64593851031685	0.292432473019607	2.82021762677746	-3.49048376535438	-1.69797256350296	1.17588442102917	-3.32969373042756	1.99281996012253	2.52247070775959	3.47590791955685
NaN	-5.30657788350549	-2.57915462281154	2.91558697022525	0.700967761060665	-0.396407319981925	0.943965636106796	3.19841003360056	-0.374285982975476	1.47828997733944	-0.944619300073188
NaN	1.23028869474773	-1.77927874989691	1.31857650669402	1.01747759941061	1.17555817493015	3.12804704518899	-1.58348029918792	-2.55108838096317	-0.271661148228318	-3.06187428292941
NaN	-0.535629357639095	-0.641854524160462	-3.08941342208604	-1.16453769233005	-3.47268206218616	-0.882852184648064	0.677741048095309	-1.69675147590309	-0.948895584440405	-2.53346655476501
NaN	-3.73552230565888	-0.939769447632012	-6.56214898168918	-3.13058990181941	-2.07531563261107	-1.0064558793005	-0.520073654044586	-0.849814206978413	0.087097835303614	-0.816420801651443
NaN	-2.66650339459248	-2.24068039990735	-4.33029292633143	-3.0527467811332	-2.224168137585	1.08773768638882	-3.65331791271505	0.252986745852869	0.380865653289061	-0.955444590364952
NaN	-2.22918325333682	-2.45258826681929	-5.82568937759888	-2.90173515800817	-1.33578218642987	0.566350067005256	-0.802666832003096	-4.18620261974024	-3.33404807617853	-1.19540611559888
NaN	-0.632506924369146	-1.27595787861856	-1.59337913283619	-2.11705106995986	-0.992395143349548	0.953615812756076	1.23915183138638	-5.01430503564212	-1.99265755591688	2.26146519078352
NaN	-0.983045002741045	1.0770943043596	0.576782099106258	-0.233151201814872	-1.7308494409156	3.47069526260998	1.76924710963444	-3.04113577603532	-2.41322457874797	4.61984660654462
NaN	-0.0792684396165514	1.02847110213397	1.26260399191625	-0.558691120640297	-0.423321499001245	2.51930134562879	1.97946471432527	-1.92251390026844	-1.00066210947244	2.24068705210386
NaN	-1.18621318805544	0.199230543680495	0.654810382346499	0.0893805193804364	-0.429792096782351	-0.409592907094555	3.1603757814073	-1.10124286127377	1.22280402160715	0.20045202252966
NaN	0.645334088651153	-0.752026291998184	0.051608792116443	0.191573738278342	1.74026879606211	-2.22542686922493	-0.985212475772036	-3.57182818097157	1.04222053424549	-3.84080943724248
NaN	1.38031740052471	0.866098764830451	-1.26548381556557	-0.282855773245766	-0.918874477109456	-1.29264724368677	-3.50086005417126	-3.38738322947633	0.298825386502915	-1.24828746279651
NaN	-0.743114969890173	-3.2134208323551	-3.72758566416033	0.655100242563969	1.14106651218393	-1.18023259133858	0.0581228742097376	-1.47193646063622	-0.797920974405692	2.66789279107978
NaN	-0.189864455467682	-3.2984232573679	-2.48057344007943	-0.595918370468866	-0.304752254434257	-0.753752720930288	0.0947854389188479	0.458241194895926	0.688134970053603	5.53790419181514
NaN	0.826427419144069	-0.658599358514462	1.78567490672462	1.30852046171764	0.336788455782302	-0.220843988332875	3.0630161924681	3.143225359709	1.58846831129322	5.72037008239059
NaN	0.896482881041549	0.548566011844801	0.748926796709918	0.520014967299767	5.1796654127199	0.485323087514021	-1.11940561992421	-0.765838942987951	1.60621937825311	-3.70664720347468
NaN	1.44734377391831	-1.14278212648105	-1.96197200866276	1.62567344968732	2.97685751958263	0.872953652836358	0.0442091838168209	-2.2494150781495	6.11314388017725	-1.05488644731782
NaN	1.53167089915106	0.407066897937315	1.19755524096553	4.14080834153197	3.24482602233967	3.20473587463687	4.97802326513263	3.75696231025984	5.0094990931966	5.25613412150514
NaN	0.730470218714654	1.34785776604675	-1.25784967784415	4.61916122399788	4.55274098472229	2.83147297549792	2.27162533457277	1.28553100320548	-0.77083510963454	0.520775673260225
NaN	1.3966285623962	0.352946200921143	3.71020206782673	0.460976039547072	4.33406249080006	2.38799985332693	4.33354106457503	4.35766911362802	2.08558915347929	-2.19828955457168
NaN	-0.123971215423651	-1.96151513480495	2.11016039925854	-1.64826757868476	0.834420967745109	1.06523907550139	-3.70446529711898	2.04111379360604	0.961779328373826	-1.13800727158904
NaN	1.18558514269129	-0.962436070285451	3.34606113430163	-0.233213272829931	-2.18786515957888	-2.60850442171708	-3.78811926801331	2.0987126009226	-3.72462635581222	-2.320412817437
NaN	-0.374966906447148	-1.66273812640305	2.59240714611238	3.02440718386746	-1.24131876160196	-4.20449920775862	-1.09614609342084	2.68042908641971	-0.764844750608477	0.787709865200592
NaN	-0.0748673209338122	-1.57314650313183	-0.154716536274164	0.558285836224724	-1.38311246827949	-2.12673035350232	-0.619443039283319	0.62153135113338	-1.51534202218422	-1.9914527069023
NaN	0.860653442909543	-0.245018907309748	2.53708893072454	-0.636071813962568	0.448065474704801	-0.979131850434419	-0.371188142058092	4.1181861554171	1.55396045783226	-0.487554493992522
NaN	0.022074114638041	1.88768952968162	0.468322094510942	1.64175041730496	0.73210692855707	-1.67953668942805	1.36149844283442	3.75423042881253	1.57236664256522	-0.843372543804755
NaN	2.05443778070391	0.75159794796573	-3.87896314582327	-0.937624349643614	0.253964120488132	-1.42752306445533	3.91601273322563	-0.689681822403213	0.108621826414464	-2.04873691940288
NaN	0.796318814174336	2.12885027557291	-5.67607206957774	-2.87811488154416	-1.7942151774366	-0.0972553626517539	3.05165625520664	-4.29265892212168	-2.86016508978208	-2.4936194785678
NaN	1.56499051043958	2.60877086159894	-2.65912981137513	-2.24139322203471	-2.18446726965797	1.16111261384855	-4.42311520104093	-4.45982819289706	-3.43555748819843	-0.895402842066777
NaN	1.69014090046024	1.73828214584397	-0.163735727065235	-3.56481787041378	-2.21981993791846	-0.877235358806768	-1.50301821437642	-0.109535353297236	-3.51969349586384	1.06281968130916
NaN	3.37007043753549	0.936247952617923	-1.2123071631865	-0.712944610418747	-3.86156499997851	-1.16429132988789	0.366442046372935	-0.591135096357542	-3.68675358556942	-1.76429529135883
NaN	2.20375981096709	2.98674450094638	-0.0469091204872339	0.257714552793873	-0.154574716833356	-0.41849007091175	0.884740564437866	1.11993126017929	2.14832019821583	3.21275677248701
NaN	0.510726210756144	0.611234242493654	-0.24111911556758	2.0702123186753	0.415189611158645	3.64179952288257	2.67570355321233	3.21870367553357	3.77085565670605	7.69493702132128
NaN	-0.397531738964936	0.29395396876414	-1.52486460045126	0.970491133990905	-0.731293107144697	4.76061206854215	4.60103570859224	2.16244656248202	1.87188343087221	5.58949068179143
NaN	-1.97781211000485	4.82888064522922	3.39139079426015	2.65569126884305	-0.0113978262493739	-0.0919718954606058	-1.04227871746982	-0.698589722038774	-2.24917355252945	-5.7126787159007
NaN	-1.55508333958353	4.66691087975082	2.94783937645194	2.74304184839781	-0.935984868175208	-0.846250842403609	0.223364881657557	1.59908473988733	1.55181008421046	1.72510767169644
NaN	-2.1147539417314	2.33289624374616	-0.843802957473176	0.00899523124289541	1.15645260179739	-1.71331633863509	0.77872141457965	0.718851045840102	1.52532161718049	1.72715701164597
NaN	-0.266440571619267	-0.163827208134701	-0.645860675913879	-2.94197677265122	3.99408254834742	-1.19029842207912	-1.23472770398671	0.950960072242167	-0.794538713044764	-4.09553492606956
NaN	1.4923708530327	-0.911712832862942	0.45053555436109	-0.582864969682945	0.313815188903146	-2.46460056049543	-0.70486036086237	2.34168340543698	-0.761087323858295	-2.95653070401111
NaN	0.21812440044495	-0.0229215204619833	2.01647295911411	-1.41155568842982	-1.6091942016746	-0.089254417517407	-2.15642124039785	1.04497754864563	-0.462663678932154	2.04698868087987
NaN	0.697735555203813	-0.807415444232783	-0.0943047042280668	-0.415224706470874	-1.36750116191156	-1.91862756403238	-0.528819109526198	-1.01714319471334	2.06316587374851	-0.257049187987429
NaN	3.59291054345982	-2.01821519992483	-0.61864841079447	-1.37119419320715	-1.25656058562352	0.232292451466235	-0.472480845247623	-1.21988513139362	0.930658646311025	-1.27430193389173
NaN	2.31714837272985	-0.510201583581199	1.47331235156275	1.3786134238396	1.05075850210099	-0.518972380341764	-0.719599064469344	-3.55356019438728	1.94837474530027	-1.38786399309982
NaN	-2.44962234144721	-2.21011268004241	-0.714629766031753	4.63912731662087	1.25841688180056	-1.47085528982475	-0.803322854698076	-3.11389944883568	-2.55173050125449	-2.36887337654931
NaN	-3.60439086625987	-0.702052888651902	-0.560845758281949	0.589879169605201	-3.07195359839195	0.130882558369971	4.08327773258721	0.14725691226163	-4.98785687580132	-1.55347127500985
NaN	-1.75482346210839	0.727993631140505	6.39133121898776	0.1951186650348	-2.25397964499491	-0.9480329323791	4.03169634286603	2.60675021373543	-1.15902249800818	1.97539692285021
NaN	-3.96266178201243	0.772148742467124	1.48276582687771	0.0725134051517475	-0.89970263525293	3.65967799496097	0.4527486017735	4.26499881888986	3.62929202410801	3.53926968758138
NaN	0.51477949111347	4.57412799602537	2.93807909050165	-1.15071849583446	-0.169705296460925	3.25969337460519	-4.45117180841212	3.31751700948773	0.857984831592128	-0.404950087342487
NaN	1.70542796685472	1.88062428092712	2.20555461694068	1.02046567233178	2.19100944527335	-0.116981624346486	-1.87113112584426	2.0554561303828	1.32827793185216	2.03729432636993
NaN	2.83226611927551	1.3306607409265	-1.60396833104041	-1.68256436009924	1.73370218711988	-2.02878379573083	-1.89149057998172	1.40139262338874	-0.31198411725559	5.62300499297723
NaN	-0.285569363204483	-1.69425729355427	1.08423005666686	2.16723559771427	1.97253330358606	-0.248135314806846	-2.6641106831789	-0.348088172619697	0.940491020856221	-0.597523243099568
NaN	-3.11884909770337	-0.577947711848751	-1.76360702489471	1.90996294675692	-0.874300640715557	-0.0628502712706846	3.03308144289036	-0.96748799864859	2.27526404046911	1.98754514835442
NaN	-4.90641002051349	-1.6789989948678	-1.54115486960554	-0.956772199536663	-1.20615703866697	1.87415842431869	1.633999044208	-2.67275754820702	-3.16352313498931	-0.505200094887392
NaN	-1.43523609079236	0.0598052827067096	2.14053850460926	-0.604939687416171	-2.0243943590298	0.721230131327653	-4.56650087100787	-6.55510652851578	-3.12554514907872	-1.32354413159662
NaN	0.410332571717862	-0.101771203349771	0.265789484400702	0.143742948417927	1.06313507497119	-3.01621364702554	1.94779364092744	-0.338410090199557	-1.22389560079563	-1.74860936406131
NaN	-2.9765894945727	-0.086308896414406	-0.923278265330978	1.63898607361205	0.917080481677555	1.30415159977678	0.644891534122278	-0.915992108958184	-0.936578221264595	-4.07449703805888
NaN	-0.912623013837839	-0.902295298255982	-0.287736339863104	0.825473935531614	1.40254191910947	0.838039662337387	-3.49383861811863	-1.11195855285349	1.34896593842013	-2.95780043949289
NaN	0.109173615176569	-3.4840197361055	-3.27928519411606	-2.21902866948627	-1.77507137833747	-1.36005798617585	-2.51285569548654	0.320254811315857	2.67648720215045	-1.40565614928538
NaN	0.831844036771811	-5.14795891376927	-4.02690076183238	-4.90360722200691	1.23892396718534	-2.73144146009151	3.81585332409632	-0.380717137311574	1.22948454094262	-3.01204142526288
NaN	-2.25846069382083	-5.13622162737939	-1.52512417780409	-2.9232428063278	0.430150474732533	0.369234361545432	4.53787931773383	-4.3981242883256	-3.47840756594712	-3.90045789195
NaN	-1.71412031443114	-3.69794711455407	-1.81524256711616	-0.31737357473565	-0.871027610126307	1.78624811854502	2.79588210091635	-1.24807063519999	-3.87308459322237	-0.890349141841251
NaN	0.469068206943023	-2.44310576480145	-1.44681605733231	2.06239941337288	3.79605328332091	2.84427551266399	0.662131753068356	-0.356394990802131	0.56686850024525	3.68369535986244
NaN	1.93702822334571	-0.13722473372586	4.83110987526796	1.09294728433045	2.93730358675756	0.177212247904826	-8.0478675464178	-0.834545151332138	0.310769408895359	-1.10179901587923
NaN	3.46298718022283	-1.06391242829957	2.29461061034485	0.903440225915569	1.69878192172527	-2.02422553389285	-4.81196467062866	-3.05503879790861	-0.0110106775405404	-6.79875996407465
NaN	0.378355825957687	1.27333669912098	-2.59008106683767	2.85234233841833	1.96676161068886	-1.37326434691095	-0.557062247097614	-1.55294688438761	2.03505918615276	2.98927524604958
NaN	-1.96874645003686	0.578211975437415	-2.88526159565571	-1.31484446904736	0.2960867979076	-0.240147738179266	-1.36051430647383	-1.9591410068656	3.66768964546194	4.35801238065222
NaN	0.572973140489724	-1.08638970028683	2.5978810034159	-3.65781798307241	-2.34852876985629	-2.23431307194252	-3.007839282422	2.46069145093095	-0.0213942605916153	-1.64745570783425
NaN	0.841493170993108	-1.50010528438297	1.01664075553549	-1.04631838796892	-0.55504606226857	0.0918198044735814	-1.88455996235058	2.62152078572508	-0.0608691722446388	-4.95059637183935
NaN	-1.1819447920126	-0.417812180305137	0.54600806995419	1.73297007772899	1.73629276591782	-1.35563868694666	-0.891817141104096	0.268483458445467	0.646384913262609	2.87255131078374
NaN	0.1498383335615	4.70585513070568	-0.479201955838195	0.433979841857789	0.468688219889262	0.316473642301591	3.91972815305421	-0.187707387793673	2.5057628815879	3.67599180992316
NaN	2.1330608791604	3.23935963511994	-4.61196718654447	-2.76421804496479	3.51406904223654	2.56253100485586	2.4821026710857	-1.02579400886079	-1.67723430617695	2.57328649639455
NaN	-0.124683139551673	1.78093142713671	-0.611765202595169	-1.11571839190387	2.54050619216082	2.64623332192872	-3.16208846238929	-0.214580691222484	-4.87594689260344	-2.32688475201585
NaN	0.911932043808761	0.222649721819746	-1.52407665120313	-2.57918961391513	-0.109039472484531	-0.243246374707087	4.60020474243296	0.793364603961886	-4.41866753430567	-7.35641612228107
NaN	0.780566181846518	1.32552406315586	3.14853161794219	-0.929712768827788	-1.81718169799377	-0.419397556881356	-2.87523165091928	0.516280456874543	-1.79107740499777	-1.57681182473061
NaN	2.63355431519218	0.353437902625828	5.1095309930595	2.97312834749513	0.580929996365714	-0.115222971247924	3.06839840089241	4.18740859720102	-0.370675140555325	0.434727066896283
NaN	3.25279469226017	0.716673363264787	2.30781933194023	2.92128899820973	-0.430418004902808	-0.0282501086171304	2.62272282383519	0.266099829593865	-0.16502828018431	-1.59412548016307
NaN	4.30502236415226	3.33362694896633	-2.70430879558971	3.37735353016271	1.16568973699182	1.51804181635741	-3.92132923367475	3.53377446391556	-0.976644508627251	1.02129211355954
NaN	-0.125453340680065	0.531248341139271	2.66159044928668	2.52521769676787	0.791585946175938	-0.226381079949762	2.44362780730643	2.27046236340717	0.921770897453274	5.11402514745251
NaN	-1.89049856404162	-0.49610195387556	1.55189281931575	2.28378173644924	0.279156641311605	-1.65835279506179	-0.63001936177205	0.510506535883737	1.53589573846847	2.49237441665429
NaN	1.20925061595047	1.04469070581821	-0.938649919031281	-1.72973063210488	-2.04626705072438	3.76629060376313	-0.709563852597456	-1.90488282706258	-1.28312137906803	2.39322207324646
NaN	-1.21339282116162	-2.81337780376724	0.952754884008893	-2.02785142885645	-2.93875126475813	1.46888281272753	-1.76841343526235	0.608795506401726	-0.248901970596171	1.64384367018756
NaN	0.351851005486927	-1.10766997092921	-3.09261780711791	-3.650640973034	-6.82557173624924	-0.664376087030966	-2.20793534041467	0.207917863149479	0.211900066007452	1.94202493565259
NaN	-0.59521102948852	-1.38076848298381	-5.48296036773627	-2.56278389137225	-4.73094509231119	-1.63533462563842	-2.44007920076359	-3.04010910295565	1.29998602450942	-5.16032774385622
NaN	-1.62793947269413	1.8527971090854	-1.13207427889375	-3.63528638026934	-3.66907174844718	-2.06205167645926	-0.108115594848971	-0.328169178408029	-0.0702376640701383	-2.16830483618715
NaN	-0.918709073862802	0.214924647324591	-2.23167764711351	1.11708150937952	1.04528715783439	-1.52314887053846	0.0498631485530293	-0.017423624337117	4.62387070604464	3.11240212704973
NaN	0.107388108004555	-2.07223847772005	-0.958025579698022	1.58752273529134	1.76042755209987	0.249300111339343	3.59491788585284	0.128156779049181	-0.374345659526474	-0.269787822724584
NaN	0.0973277939566597	0.375449265592172	-0.0907095311174116	1.94584725860687	0.8520886449498	-0.742143359288586	3.56998991927566	-0.00138256520012955	0.769537233534541	-0.800979044848652
NaN	0.675158441624873	1.09585869482836	-0.460587299796219	-2.67545082947172	-3.55423119801624	1.27215657456771	-5.56904938657264	-0.535676584705953	0.965287860632355	-2.4538331749246
NaN	0.108739796998781	-0.915055523223636	0.884045517575833	-3.07445693157442	-1.56100284017806	1.62716635787188	0.401970322208037	-0.541684997674162	-2.57113742255352	2.61246795510926
NaN	2.26322226198101	1.16895160315317	2.57785364732055	-1.63920717730248	2.33450087538333	1.24185118092264	-0.473746298825044	-0.0806215730502542	-1.55019494824638	1.71221724757023
NaN	3.15589789709093	1.95071867663648	2.72012451106432	-0.392257423068461	5.21306351980817	-0.0569318580645952	-0.765178024390501	0.765895018078147	0.957328773238795	-1.42138004583622
NaN	-0.131041001781056	-0.121383242415892	2.57670819791916	0.567451328811017	1.17281400483615	1.83738860409839	2.66282104771694	3.62233678208463	1.89726797232781	1.71079709270235
NaN	-2.66196985342218	-1.65314095489568	3.48574636932888	1.03417122896118	-1.92327451644495	4.39490444471007	6.93740357431921	4.06678488619665	2.81219690066577	7.47375190227254
NaN	-1.26049084051824	-0.991959823165002	-2.64949434023211	-0.510867357429485	-1.15210854132003	3.43782989668802	5.00364647371608	5.04030644257686	1.22879191611766	2.31788355447955
NaN	-2.17359725078826	-0.914096539452103	-3.50885433414727	0.387970216828551	-1.89793707126574	0.49385592687327	-3.12888544902815	3.3408422123378	3.16140323812135	2.27282975720819
NaN	-1.30799993022617	1.96238653533467	1.74698960205365	3.37676253623627	0.670257381514165	-0.451679262909446	0.30536880587368	1.85176988898932	1.85288049499965	1.41427176871495
NaN	-1.25131985329851	3.40929512641353	1.27825123017687	2.29474287794593	0.54138695295226	-0.465776884578282	-0.622041952794203	1.43744810618912	0.830301786867984	0.0756481181930042
NaN	-0.612081481356447	0.649846770751993	0.392579531510758	3.66982437526415	2.81261225978548	-2.55618917813284	0.381948981913981	0.588613107691935	1.34237602217495	1.26606637026964
NaN	0.400216510436281	-1.24947691721972	1.76350622617175	7.63260924490296	5.42017799616989	-4.38620025921127	-0.565828555470415	-3.66642801516908	-2.51563462245795	-5.31704844458916
NaN	3.10431116792207	2.43130715160445	-1.37479972541548	1.93645782910052	1.97372171253801	-1.91607857282792	-2.22361974821531	-6.91908831414138	-0.319108567114234	-2.03792047217169
NaN	3.75994259199478	1.07379348147214	-3.20438074132221	1.60060692493558	-0.524037415547504	-0.919783947139508	-0.411442356763376	-3.34042832637817	1.2651362488005	-2.09796070892806
NaN	1.58657151520104	1.36045693647073	2.16891703343433	-1.71720445922037	-1.06746795099568	-0.876299252275088	2.52355055265411	3.80686693693054	-0.391044252212107	2.52999588019745
NaN	-3.2041459618152	0.292521518204325	-1.13683123672153	-5.80848914674583	1.15753297765545	0.237965346807967	1.58656251578409	0.315914504238512	-0.473196898249459	-1.23854602771879
NaN	-3.16791175500633	-0.909481197257702	0.28132941740107	-2.93032090183528	-0.437776532850863	1.09040836560825	-1.67877800298291	-2.53148437214939	-0.522073934998351	-5.23772649944629
NaN	1.14407966945862	-1.29939812723252	-1.10050307410582	0.213967446113191	0.91826326783798	-1.50626020569807	0.927221570440066	-5.4293396385721	-3.23129062973535	-1.7819892995271
NaN	4.96704384568499	1.44716050598888	1.17230557286502	-1.2794981091254	2.06922427433593	0.168521550455042	1.13256417703626	-2.38206454168181	-3.17299968507827	-0.612139880846905
NaN	0.981816972085058	1.70925124159209	3.66684516520545	-0.98334344989664	0.684409159364439	-0.841530346423834	0.62899364169617	2.76641304641633	2.54729783778841	2.49061845191139
NaN	-3.69931029222798	-0.210944007127093	0.49991946580106	0.173793598570425	-1.77854192936342	-2.24978646590684	3.25225002196528	2.42847469643263	3.30545981517493	1.67551326583652
NaN	-1.94402757968297	-1.2415990558368	-7.40845881939436	-0.252298353769209	-1.68577144511999	0.15499613804694	4.00344352315945	-0.0616835858653919	-2.37418427192472	2.57810919486848
NaN	-3.82905795738463	-2.79415016911708	-2.2808628988757	-1.49527005787103	1.45414660503534	-0.965209542743134	1.98230875787718	-2.841903483462	-3.63138887236977	4.45506600496735
NaN	-2.29893822981063	2.38926681206289	1.54827819839153	-1.3799005724049	-0.838409872247833	-1.64532728376491	2.88529608516931	-0.631286002177969	-1.77536467037094	-6.78326539916807
NaN	-2.38170748873967	0.401371180217709	-1.11241303954284	0.72081451894278	-4.88562823594178	-0.248813473606467	-3.54232638328072	-3.00253103918055	-2.11366443712011	-5.07467458181304
NaN	-2.08875105869758	-1.56981230600152	-1.77935082663912	-0.0679300424189377	-4.8867838712131	0.678640922337378	1.75713935236307	-0.30185470292215	-1.77520999456416	-1.20881312607799
NaN	1.02409623146594	-1.96185014532602	-0.802038008642326	2.79814037812479	-0.957750951868767	3.53610438605731	0.864443764459227	-1.54550111363675	2.48276834051902	4.78016304914868
NaN	0.315566203730496	0.0636932765496522	2.39789278896624	6.53781465115333	2.25173212062122	3.79524129160919	-3.04350519040175	0.153818967283683	5.02174210576754	4.30254314429251
NaN	-1.99920510223409	-2.321898227574	5.305155286232	1.81350040106154	1.20664121256679	-0.247257810308551	-6.47425505441342	-0.0550650937037933	1.78099036578309	-4.32926595680946
NaN	-1.43514357036825	-1.07415214405944	2.83024093852396	-0.628555215773745	-0.867591078951245	-2.82385784782808	0.7635672428487	1.86635558298595	1.96165930276397	-3.42403908373759
NaN	0.223477246154369	-1.08435607599566	2.65882959584335	-0.513639662976295	1.3617769416233	-0.108536285237924	-0.115128749738314	1.61741759324502	1.47539403262728	4.61219535655383
NaN	-0.326722928473022	-1.27578912040593	4.73095896596878	1.74774563529423	0.264109274941332	0.583742201221385	-4.03376601023429	-0.280912018108693	-3.67104967480905	0.794643247843304
NaN	4.24521088563965	-0.0312345527930001	2.12641947826179	0.928012691187755	3.13037564047812	4.1261910949231	-0.0803978372016886	1.27578452327672	-2.49883449211352	-0.952729104633678
NaN	1.96002482932052	0.211290642811232	1.55762469625935	0.959830983575882	2.42909468471138	1.59068935582494	-1.70656371145211	2.18075483784148	-3.51303051264513	3.67711013886185
NaN	0.529612461897872	0.0718590929814274	-2.12808660126644	-1.85163460531591	-0.683574614723084	-0.12034045417521	-3.26256956532453	-1.73179029981901	-2.45457293926944	-5.27144933912906
NaN	3.93603427122442	2.52440565905881	-3.04353742576697	-1.62974746396497	-0.0490639055772833	-3.52117657598772	-1.00023099079764	-1.68446115431457	-1.88824394723215	-9.38235284081322
NaN	4.97005718783518	1.00823205739442	1.6884472820553	1.25044329116447	0.534227634448058	-3.22868684953313	-0.951902769439738	2.05823455399379	-0.976048444775383	2.70503907565778
NaN	-1.98922752880817	1.43038237438022	0.466768279082054	0.854910945467109	-0.397136541348048	-0.581557814801246	0.58747672598838	1.42018347225923	-0.39331869753266	2.40104559861054
NaN	-2.3888291094868	-1.22575050497092	-5.59704930266673	0.302248722902156	3.32733531807057	0.356497310638278	0.249731080078607	-1.97495460192644	0.73301934832216	-5.30208458901302
NaN	3.94233658330623	1.90929744367095	-4.46197525529542	-3.47100869218035	1.78142887733774	-0.370870454204653	-2.02291315968177	-0.495049173417553	-3.05710943015525	-1.40616861161419
NaN	2.02231536378654	-1.36572191170274	2.81646523850819	-2.05679153504131	-0.745700243993584	-1.83380246821177	0.156534376586028	-0.0431228931722268	0.777454651938396	3.26036328529123
NaN	-3.30571989188206	-0.436307648455617	-0.102825162243213	-2.06969583682096	-3.07529697339095	1.00043988292189	3.09777263996912	1.93271027802649	3.84325220481921	-0.0189438786358418
NaN	-2.85167150175089	-1.22502779373488	1.46755253789547	-0.629520979431088	2.45223024123671	-0.320092943236999	4.95944988255411	0.937054587468404	3.80262633414594	-2.77099957683409
NaN	-2.44234736918562	-1.51176067659709	0.5213628155372	-0.751607319180016	1.01158858953062	0.00103761741626058	-5.54446659225816	0.292396285262427	-0.439252767588033	-0.388646914932998
NaN	-0.47767122743227	-0.242050773689227	-6.07647460301895	-0.334357860104906	-1.60853519327222	0.991338781726211	-3.21327680542167	-2.95101563141237	0.841172193438889	-1.09710898908767
NaN	0.0044811020777942	0.373765992544746	-7.45169205810043	-3.08937369928131	-0.300571371103918	0.951444787051617	-1.43251049570008	-0.903321641819274	-3.4419889814964	-1.29811198929217
NaN	-0.509820342146431	-2.12366900597795	0.196128747557995	2.45289017494621	-1.02592870689995	1.6429993788236	0.0644091734448133	3.65794450788255	0.00117203409642921	0.663490069767336
NaN	-3.17508906225395	-0.681492393884411	3.60613111663414	2.90148117051891	-0.879038332933372	-1.85913407858342	-1.61090926089876	5.42531186265029	2.6231252823421	1.10569725653807
NaN	-0.743913175756241	0.974424285484024	-1.4213304942504	0.458790378685	3.54098106716205	0.00996015279472957	-0.161353070179251	-0.453751460752787	-0.385178792798202	0.14565172070472
NaN	1.0841538447582	1.26228254528952	2.48596395919261	-1.06167536094889	1.90398836835849	0.66562136090485	0.900643664966643	-0.932178176419489	2.11254397450619	2.32165694799495
NaN	-0.459954036877361	0.615693373914154	-4.07309318835692	-0.677759292097272	-1.78351219685037	0.54478598859556	-0.910651223765779	-2.13177837429432	0.890979852561458	-1.15129062168319
NaN	6.05422516090211	2.51331135392991	-3.68965496075728	0.461101400169493	0.893248983163382	0.0319154529288862	-0.571933679633411	-2.61521111040477	0.144306823369061	0.304611236332954
NaN	2.2576927204429	-0.808993635420982	-2.31818703065914	0.947647189424953	1.90643542049011	1.04392167659559	2.61232201877073	-1.93420654166681	-2.37321678076496	1.01118009936578
NaN	-1.60932657866119	-3.1705738218211	-0.448952941799258	-0.661802904938155	3.1659088826797	5.24458630262863	8.10037752169661	1.28410798506607	-2.51710071152642	3.43932427793323
NaN	-0.667427041274559	0.381480932982503	-0.627417111980306	0.521567342810318	-1.52751184682776	1.98147159388587	2.85998827938397	3.65911898423318	1.29858879554163	1.03825620480959
NaN	4.90305375681479	2.0239286598567	1.48974248563111	1.20844768632394	2.54071533773842	-1.00625491411806	-6.81802505179213	3.53756821344471	0.675932522267877	0.0129768730181439
NaN	0.367382762582807	1.33903324166578	1.47503683824456	-1.31566865204706	-0.439280704719939	0.702472491193773	1.75642884619893	3.7693413816109	0.66834754134492	2.68448102389109
NaN	-0.313775127894673	0.365222840927094	4.16617950349819	0.74872524368799	-3.63695186851766	0.897260663096641	4.1525434776903	0.858380177333286	2.758324962343	0.782331407478197
NaN	-0.162132556839096	0.644634178990674	0.759441780845171	-1.45153000546736	-3.37205791764689	-1.26718231428485	1.44755848904479	-1.10773354014132	1.67704785753069	0.642083694851049
NaN	2.26860948199073	4.16595213227319	0.34402309086959	-0.87519459178926	-2.23663791038416	-1.77112235932448	-3.16625201471484	-1.81233779831993	0.865621318907485	2.17308305003797
NaN	2.54363452615162	2.15694497141305	4.39018117861899	-0.608969626658393	0.517533731249838	-1.3027746677216	-2.01337261789849	-0.606120237538263	-0.16898562105978	0.915866344457507
NaN	1.06423246683388	-0.506453848399467	-0.351608614544729	-1.08709599057618	2.00673910997486	-1.31708075829592	1.1619592023191	-3.76828401370054	-2.64647059223741	-0.260600629277165
NaN	0.61793485097096	-0.888237701807588	0.906932527104302	-0.269432074397363	1.56176793656243	-0.862639055184967	0.252962384822529	1.56974789647146	-2.05769233057181	4.70672079732495
NaN	1.90820751181132	1.55002187584576	3.0588962826252	1.15787380634735	2.12595775923893	-1.82103051939751	-0.734503133944738	1.07800942153233	0.916301366125778	5.66401599922385
NaN	-0.660229209675196	-0.331368356359761	-2.04402612685913	-2.33493679537869	-4.20866893133335	0.075882758640648	0.237314750345739	-2.14310709317334	3.62150496740656	1.69142569582213
NaN	-6.55980279335441	-2.55979963309993	-2.26716406828507	-1.4701174510636	-1.57859610878273	-1.21124426147915	-0.109862555655105	-2.70392672227393	1.09871859830815	0.93511206846174
NaN	-3.93577615902049	-4.50234312758944	-0.691636878035972	-1.21133677046728	-6.12357565996529	-0.661414769107954	0.372676764139586	-0.922002799233968	0.431453202820919	-0.838424871279179
NaN	-2.94012502598585	-2.24853547776563	2.34755239246646	2.61422127961661	-3.7030433623216	-0.969373524475268	-0.376369752852764	-2.34739011799148	2.5519784691838	-4.00404169766286
NaN	-3.02712798676906	-0.831750557746136	-0.993392494738058	0.42708409162179	-3.5104008810334	0.878838993799686	0.68544441375109	-3.03611054168158	-3.63468179236761	-4.12170965363838
