NaN	-1.68933236952875	0.207111696074715	-1.06487780198966	1.30807621463785	0.661949854727326
NaN	1.25983219855913	1.62871774979218	0.464818650374957	3.10781883692385	2.11248507976746
NaN	-0.138565788444812	2.44186100306882	4.82129597131034	0.211853429973852	-1.08581299691264
NaN	-2.62304587920779	-1.68469597485421	2.231232972957	-2.44486906399467	-2.1300764589032
NaN	0.245049585430648	-3.39933812495092	-4.69727761941646	-3.05006039013768	3.24329866759324
NaN	1.69006028973587	0.0824291114664779	-1.54799664081549	0.681552444935722	2.11066725824735
NaN	1.86949453146255	1.51264614013806	0.779126841822408	2.46425823911606	0.254275290288813
NaN	2.81315817376909	1.2762735800259	-0.906682901101068	0.150575427188443	1.09192296950458
NaN	-1.51929943782548	-3.41626160191576	-2.17137739356833	-1.31197847975132	2.95668326363851
NaN	0.270193809723742	-0.530924575189855	-2.00314689940729	0.146940413941969	0.85015289654771
NaN	-1.14858555163295	0.987640001173448	0.143272284449511	0.441587809933647	-3.34213948515516
NaN	-0.443081333083941	3.69359171671073	-0.414127552207147	0.798890246779091	-4.72922032106451
NaN	-0.558825443257109	-1.02709198889515	2.1278341979093	-2.57920085292326	-3.93612510516639
NaN	-1.08318228891679	0.0185822440463244	1.301897956825	1.04394392651365	-0.286387785247138
NaN	2.0367280375851	-3.07742035258256	0.38495346844337	-0.756429902751452	0.7059029606508
NaN	0.352190649420045	-1.78260390746446	0.495844050360414	-3.70566049943377	-3.49490280012498
NaN	-0.8137341291726	-0.728527589459953	-0.552209132788335	-0.6890826355369	-3.93833056151369
NaN	-1.11607494739437	3.71536579529059	2.88446772676228	4.15942620657902	2.9036986927573
NaN	0.152074203909941	1.96132652792733	0.321625838156432	4.74900021897623	2.19399333517307
NaN	2.56085168363285	-1.27020286612502	0.446792740169815	-1.41745052212588	-1.57779560231359
NaN	1.47533045225216	-1.34252369057288	-0.0973097953185121	-3.7927139454937	-0.653010817865497
NaN	0.266141057502814	-1.53778627172726	-2.30175902553512	-1.83516735326164	1.94250944504269
NaN	-4.99008534475202	-3.088333113227	-3.0860807211273	-3.38659243778811	-2.9558299418314
NaN	0.0149046915818367	5.91213678533471	2.1802911350112	2.76485718849249	-1.28284754288569
NaN	-1.06642245956701	-1.02194858769812	1.88680008610855	1.01884060892963	-0.803864231827921
NaN	-1.52462493486345	-2.61338053611333	3.05818820852518	0.680898078997207	3.68579280503168
NaN	0.887595576569476	-1.2016846523188	-0.426343943884506	0.218320294094865	4.13260298966249
NaN	3.33436685152893	5.44949937562115	0.149624841307321	2.15526574730927	2.20684809794278
NaN	0.775285612421816	3.67202268817339	-0.0734206670863953	-0.455911992527999	-1.71606395193087
NaN	-0.677999115038294	-2.84552764787826	-1.75767072673216	-1.0941499372798	-0.258014989520217
NaN	0.477325254417456	-4.00170436264359	-4.34741944671969	-1.24671394944107	0.467382645250494
NaN	-1.45708618469082	1.9777211603394	-0.836793206585673	0.31533818112402	-0.628201723301393
NaN	-0.403980088811072	-1.22003057879335	2.5691002300338	3.03797502801657	1.89287579498749
NaN	-1.99661192134055	-4.99989630864279	0.486033289532476	0.0610375119805289	2.39467928334179
NaN	-0.683632551263194	-3.24471645952762	0.875178689468751	1.14355551367341	2.60290647414376
NaN	-0.240466133166849	-1.00866225446627	0.114590158680069	-2.22339218567085	-2.53164267380505
NaN	-0.637287118153778	1.10723274840189	-3.51234941323787	-4.03771852800287	-5.40770493303576
NaN	-0.504680589003415	6.34654952288765	-1.4009475029714	2.3168228569648	-0.414830132137791
NaN	3.48617501866858	4.00927842523154	1.69204970589157	2.57594926430568	1.40382009324524
NaN	2.82637234996455	3.01967170179146	3.89028449018428	7.42564711037139	2.72329410105283
NaN	0.982521236285423	-1.38157233271435	-1.0828268048222	-0.247073941383423	1.07482211195925
NaN	3.24055484035783	-0.161928746900234	3.8321251951531	1.316863782593	2.82177531233833
NaN	4.34560149034412	3.96539317691578	7.44642020496274	3.3790091945936	4.9721823608498
NaN	-1.05994849741061	0.0657994047500355	1.80759787499602	0.790611300441449	1.17172548390422
NaN	-2.97903466674777	-2.99023831509687	-4.88939363137889	-2.65982154431005	-3.0728292375882
NaN	2.0284461872712	1.30473886627476	-2.13773883132871	-2.40682600324475	0.665756457449337
NaN	0.555709900452946	3.66407095155426	2.9764440214518	1.53676963682734	1.81169025608182
NaN	-1.47846615722243	1.80017868395727	1.08159531847527	-0.326782414211507	-0.652608918658038
NaN	-0.808106161075275	-4.77644468820692	-2.45384833067658	-1.5691077196662	-1.04184788199794
NaN	2.50252108416711	0.802778173226661	-1.26141088783211	-3.81578600609787	4.14005271675481
NaN	2.04200384145658	2.66059469100831	-0.171999839691826	-0.306841322752098	1.80695834676473
NaN	-3.71417701718779	-1.09514933785545	0.103455051395521	0.378327667477912	2.45703192504941
NaN	-4.4218502169026	-0.933439008371672	-3.43942820173522	-3.04702125359559	1.47828935477568
NaN	-1.01678103673123	-0.292864068921438	-2.90316435611052	-0.0406724126424644	-2.95979266639888
NaN	0.127136128451384	0.910879059138936	0.726273114473101	3.4528901868243	0.579320805299931
NaN	-0.475302747727717	-3.30032689184869	-2.3665275955054	0.699210285815239	0.0742619019368874
NaN	-0.442249738970723	-4.52907625981506	-4.08122157305259	-1.53313090871951	-3.3963311103269
NaN	-0.0997901232471841	-3.41130251086169	3.9374694847824	1.50211055141357	-0.744072847748726
NaN	4.5936229084782	3.8862111784347	4.65047761870098	0.788035596168804	0.679649339870347
NaN	-0.395191505309411	2.24826855521668	3.14035234187065	0.271005277575728	1.1833550280841
NaN	-2.93734384545038	-2.3366674854472	-5.65399335510746	-1.73551662746993	-2.05147371349078
NaN	-1.30961652511316	-1.51122085749589	-4.51886557182574	-0.685464284946213	-3.01713055170305
NaN	-2.55491043812157	-3.68769037968829	0.178461066010903	3.83371284559334	-1.24334570452262
NaN	-1.37539134197817	-3.57147351053628	-1.62710897891081	-1.50879928222659	-0.925394326783396
NaN	-2.05552249031742	-3.89950307806744	-5.16406760339455	-1.78521222784588	-2.60723047565912
NaN	-0.716510049204246	-0.941786049441814	-2.86696125373719	-2.12309986783354	-4.28432771628271
NaN	2.16888984194021	0.8614586250691	1.0036468120086	-3.77250848990059	-1.89215017835734
NaN	3.82218352143067	1.21892130805996	1.2111545217482	-3.87378396343534	-2.21565910766126
NaN	2.28127306601242	0.367649227362192	2.68458475352812	0.123152285011215	-1.61611882684206
NaN	-4.00061419154691	-1.82862825427673	1.94910012060897	0.932685464493473	1.00662653638319
NaN	0.523359298554448	0.51602857246896	-0.195632950898838	-3.87290404550362	-0.352841470395127
NaN	2.2478188142682	3.26427534032893	0.316956550854537	0.411819254403207	-2.9477821148384
NaN	-0.67822161734462	0.97038633952553	0.183521347656939	1.01685063391549	-1.88118179883163
NaN	-3.67576828470581	0.612966709413977	2.39274937679884	1.94771600348763	0.674869143453451
NaN	3.79916693407166	5.91826250690814	0.321448730397743	-0.186833835489956	1.18118506183774
NaN	-1.95149188113813	1.98553887332706	0.242246050146061	0.818010631199554	-0.695064780482736
NaN	-3.53100045045611	-1.86310730226475	0.428834766485234	1.14027627775621	-2.37885785383104
NaN	1.98354573398107	4.27515147697149	7.52771318978575	5.70440196643841	3.51701457263494
NaN	2.24718702492991	1.83226642468333	5.16268591264193	2.84448549661019	6.46352434309605
NaN	1.9639888253022	0.590924358776365	3.22272818316907	1.46717377661594	5.18565757842267
NaN	5.35233565168164	1.64525932166312	-0.715612098251436	0.0948843588400567	5.23441597431219
NaN	0.516665196521847	2.22338219992066	3.12695815713535	3.21424206503928	-0.0711591301805957
NaN	2.61758052275946	3.47259183982898	1.61027517915583	1.37288713489561	-1.32272303714867
NaN	0.474187991461746	1.9038289621546	0.510231977050654	0.575225899113749	-0.203218673253576
NaN	-2.17326347600788	-2.06860931187685	-1.96682473614802	2.07538876008718	1.02681272024183
NaN	-2.66708430525573	0.507488454575263	1.50263619656171	2.64477013060165	0.601842044537416
NaN	-2.71409679034166	0.27424714912257	2.16700334753821	1.10965691364941	-2.1279925302165
NaN	-2.50778124753502	-3.12361119746714	-5.99047733401485	-2.35641227479041	-0.224868923272665
NaN	-0.569429553577488	-3.11820694338634	-4.95008522771439	-0.521267017728426	3.58524723649928
NaN	-1.13411759015032	-0.410964244113725	1.67474977941064	-1.81569756555901	1.59670622409446
NaN	-0.0292556122663139	0.00688755091210362	4.79887085629077	1.10090378974302	0.53950768873405
NaN	0.243070099317094	0.645347788841338	3.96160214094974	1.76025626877843	-1.20764258810533
NaN	0.777453719046849	3.99567700141892	1.13678023012948	2.65299142996382	2.24459103845329
NaN	0.577847547792194	0.853436711813059	-3.09963770232717	-1.19043026475259	4.03079879442414
NaN	0.623231649157109	-4.98981658002515	-6.00492708438331	-0.292065751857975	-1.0250418985023
NaN	-0.335339592395404	0.552699488105904	-4.07295243762337	-3.69355487857351	-6.24571884944532
NaN	0.182670674315551	-3.45691483877294	-1.99420298135565	-3.08321146756594	-3.00506326794295
NaN	-2.97195682983103	-1.37289226985449	-2.55556149332621	0.110171247940969	-0.55685155043709
NaN	0.158373073322096	-1.28239381252825	-2.24445463187346	3.01328897638089	3.59402106340137
NaN	-0.211439184702907	-3.62185995748058	-2.22013136077314	-3.32052814058484	0.723466284617353
NaN	-0.820278931912962	-2.80132966831509	-1.81541199399584	-5.80111240270494	-1.06893274982128
NaN	1.4609005505461	-2.89254611310012	-2.67112742128493	-3.13575050940024	-2.25231272315101
NaN	1.14166645578809	-0.501210193032511	-0.626906106971704	-1.07881339796948	-5.12953986455043
NaN	-0.919162103413602	0.580630542903478	-1.09709922821362	-1.88070739340271	-5.41239390470086
NaN	0.051544972718534	-0.647996843371726	-1.24613577876628	-2.59459888655865	-2.97332227612939
NaN	-0.688512481282032	-3.80842149813317	-1.33393218123757	-0.698253250033686	-0.907933760035093
NaN	0.398086498136313	0.00762353608099497	0.285353223899287	-2.07295880841172	-1.37166640370394
NaN	4.81164782284228	1.2760459722417	0.405932849868815	1.59253056671877	1.82281520757763
NaN	0.779447402231445	1.20201415478668	-0.52252110346943	2.77390128999403	2.67141404332483
NaN	-2.54444138681267	-2.05807411494808	0.978898704666367	2.3070725291575	-3.60157657633916
NaN	-0.0193211341876557	0.0735520039187607	2.2155148317234	-0.58471945282205	-1.19177761573024
NaN	-1.02012373551884	2.34323364399924	-1.42256503988234	-0.0874493885940256	4.61389430824518
NaN	1.66826937473613	0.956410234306591	1.48103029175499	0.627478273978439	2.39522072323526
NaN	0.408131357740966	1.12902721683645	1.36140935343239	1.65873535522134	3.75797885851102
NaN	0.108096797320374	-0.770397759521735	3.37452270578654	1.83753881633442	0.463439525729828
NaN	1.31573623222301	0.135207200274049	1.77039991942384	0.50143138602108	0.418546182875392
NaN	-1.13101052150173	0.194648857449904	-0.859423552153958	-2.44351591620129	-0.494670963219844
NaN	0.713379071551607	0.263321155383307	-0.182960859976083	-1.27731827923771	-1.40556485763715
NaN	4.25168647118354	4.33042657275294	2.04496530686239	1.90475595791148	1.03258047479826
NaN	0.547578033552084	6.20808889448978	4.60880478707835	1.78651986297031	1.47598753400036
NaN	-0.890878251872661	0.473461142352979	3.8341776466538	5.07968247704133	5.14884110771172
NaN	5.92829116730234	2.54629251446529	1.26877687591919	3.15096875571998	5.90264269709015
NaN	-0.438417560395189	-1.43063054707959	1.12455374405917	1.58494602749351	-3.21947899612274
NaN	-2.12042973569958	0.178979743453685	6.12014955085923	0.263217036546675	-0.470849190366318
NaN	-0.447572304649762	-0.242296935746966	5.1177239611159	3.10317495472263	4.09074267354744
NaN	-0.525164345974877	-1.29062108936377	4.29937672100198	2.47761249343835	0.609128959341229
NaN	-1.24909464708887	-0.839757442854522	1.85982409144871	0.77965319850504	4.91010825350498
NaN	-0.730901666080463	-0.0276938939226469	1.11203224139183	-1.19278806184149	1.41506302185263
NaN	-2.1552782757852	1.93846719958901	-0.68355614910294	0.500842242265175	-4.03285230778336
NaN	-0.52681886279534	0.479517181568938	0.554941872204482	0.32150508891479	2.53845181739692
NaN	-0.6388628348368	-0.0414478206890252	-4.5668231570263	-1.43944314039403	2.44223498991547
NaN	0.548645045323454	1.43836242179396	-6.4447271002214	-5.33631872903588	-5.30694571827623
NaN	0.865234305016186	0.388225624013251	-4.70423946202548	1.09310234576977	2.33842168196308
NaN	0.542207341753258	-0.382414560114776	-2.35944163697775	-2.16511072503779	2.76598460324957
NaN	0.539282819193185	1.49052538895367	-0.894554529847143	-1.49510207469495	0.369791816222286
NaN	1.35641251806471	1.82392223095761	-2.90074192695251	0.819256326831818	-4.3650140877043
NaN	1.69129912472838	1.06712562238521	-0.762549807062035	-0.518128959469673	2.48571610432321
NaN	1.35532046136453	1.46807300150142	0.0365151877519651	1.19309899919209	1.10993129380005
NaN	4.66408114801673	1.56612493152737	1.76557673416926	-0.430877690544276	-3.31952667020421
NaN	1.1117996801008	0.272244659793942	2.63564126873823	1.77325390597485	0.0919920352650399
NaN	-4.48860005632263	-1.95951297534613	-1.46546696691889	-1.28625549202641	-4.77688042493763
NaN	-6.8808906296193	-2.37930079555139	-6.32785050029567	-2.91544801296743	-7.64873990913939
NaN	-1.4622046192592	0.0907723452881024	-0.677869862582588	-1.80659539329918	-3.81604659243578
NaN	-1.87765982597324	-0.468050551568394	1.92905535267776	-0.00290897939800416	0.438319271495821
NaN	-2.92631003312957	-2.82319826359716	-1.95484498540092	-0.849075254490278	-3.77353842054878
NaN	-1.36059010764932	-5.15210722917095	-4.18943625680803	-1.54059311861029	-3.60033302211243
NaN	-1.02355287171441	-3.54214141139887	-2.30262431174459	-1.98738112287613	-0.664690706396497
NaN	0.348188893785743	-0.32637903364055	-3.70326023235803	-0.233299097942559	-1.13980742026398
NaN	-2.23657757644688	-1.35961882352373	-1.04097879099543	-1.64335247860161	-0.206138864663739
NaN	-1.92437510158641	-3.78328852358076	-1.67931496035322	-0.657852508965009	3.59711007122839
NaN	-0.620354907133042	-3.01620837451571	-1.30966839042685	-0.323743625635715	2.78622442830843
NaN	0.155229467492754	0.615793376199667	-1.45773856733595	-1.71736808318581	2.97568694075914
NaN	-0.77677381676283	0.00973931041303655	1.67327978612486	1.69866470673756	-0.347367586240637
NaN	2.05192624468232	0.380220430603167	1.2043447635561	4.00797476048757	1.23905805235328
NaN	1.82727548493682	1.09222490563734	2.21757606918668	3.80056813247402	4.4458877731039
NaN	1.06639145885774	3.9066554372015	3.37966576002632	3.92486305345455	0.0541884231153162
NaN	1.83200137784469	5.80115920137697	3.91986236523357	2.81392350443781	0.605611831229206
NaN	-0.134021152577405	-0.799175136004956	2.50297492857423	-1.38842693955637	1.77203056972041
NaN	4.80774321965439	-1.24706158832392	2.3302615943561	1.34067498784518	5.30038571976538
NaN	2.0824669061555	-0.283450163170085	1.63986606665082	5.03805430197659	3.48095903180225
NaN	-1.79066498836895	1.44767683182661	-1.10440692906253	0.845145150478336	-2.40895895706563
NaN	1.07672948117652	0.975643880748547	2.38809106092513	-2.60535785428031	-3.43068173732643
NaN	-1.13498337030195	-1.39355235191933	-0.140307293215883	-1.61310317147327	-3.2365239445582
NaN	3.49481180057228	-0.167696878427923	1.57072555876769	-1.08695687376661	-0.10414454488649
NaN	2.30645600863999	2.35454922579733	0.717235442903799	-0.236301389078301	-1.39629516024696
NaN	2.95602372359504	3.65712764461107	1.18254531742333	1.73658312503888	1.93306176439393
NaN	-5.04085630120935	-0.642632712543122	-0.528953657352475	-1.17536927415309	-3.92157787160085
NaN	-2.96672068318898	0.13935069145715	0.0377877040276306	-1.58765257827541	-1.9895123410829
NaN	0.554587741283754	-0.867963247228936	-0.152336737312445	0.786055250259103	1.80625797920804
NaN	-1.91574541042348	-4.25173344000152	1.00147979092054	2.33824966657933	2.69078231764866
NaN	-3.00806356314263	2.29813717957978	4.48803736630879	2.23432239439945	2.14274640245592
NaN	2.12752087545227	-2.42128876472352	4.42824551913272	0.550823904155276	2.06327241296992
NaN	-0.0389513547071331	-3.21218746375647	1.98419173595127	-2.92968205971152	-1.41310511901752
NaN	-1.69097942551569	-0.267820860566291	2.44516914647551	-0.711053546719323	-1.44513283830054
NaN	2.56334782965213	1.22197762085298	2.72146927392679	1.61948191960933	3.03856459032056
NaN	3.85366444501361	-0.112888948415822	1.98676919806557	0.367460539882606	3.09038733827363
NaN	1.00973329904526	0.504406824369821	-0.774963612036428	-0.429340345518021	-0.435160976361746
NaN	0.0610205464119622	2.09761911409498	-3.60995055794867	-0.913272700078292	1.6378411243072
NaN	-0.993431596607056	-1.7342736140364	-5.98454560809338	-3.47900912852718	-1.80083284443642
NaN	-1.12875606948564	-2.21354335655637	-5.28145234006556	-3.10780114410821	-5.34975744459844
NaN	-1.21640828209559	-1.76751087043053	-5.10654990171678	0.772885170887559	4.09021205874762
NaN	-1.5289557441578	1.33394359876093	-2.22129216895276	0.0186179051574178	-0.770965924660697
NaN	0.631152295976575	-2.49553748623914	-3.5631941215108	-0.861239737017644	1.52341074474469
NaN	2.42521225450993	1.79051703260224	0.458354547530285	2.80187465468779	2.37198922571814
NaN	1.77924445205817	0.63416430903993	-0.647173168389444	0.90339334282283	-1.76224694696857
NaN	3.02898565400743	2.77164677605127	0.19272779831267	1.06158333180264	0.275117073614686
NaN	1.81335939962296	2.64264182021699	-0.34216289182912	0.529782706207778	2.18438485306932
NaN	-0.295118283223114	-1.5086706925758	0.213625484734448	-1.45823849165369	-0.554783688686969
NaN	-3.11998540776414	0.760991131755839	1.07486234865801	-0.0995315883834378	-4.11209621291554
NaN	0.346407285717913	0.958832799474374	-1.11765682440883	0.253950175299	-0.386671777960011
NaN	1.4191861047081	2.07399089257727	-1.61900502480961	-3.41845590732399	3.11425673858737
NaN	-0.838371939577803	1.44626243620248	0.802737239155357	-1.69759721890611	-4.04838829075712
NaN	-0.625975038449599	0.550800761970395	2.07935793186066	-0.094067421003992	0.273288260702166
NaN	-0.520952720139156	0.343329191449717	-0.812197643802525	0.554712639463112	0.67186080463534
NaN	-1.54525988528428	-1.60505133279968	-0.300947648451034	2.16834711319718	0.043378057051951
NaN	-2.56484684371839	3.45457830271538	3.53095420304623	2.9579225073217	-2.09978919468745
NaN	-1.92047928887639	2.49724422946322	-1.12136855057899	-4.28043013151258	-3.79037513454036
NaN	-2.86435428043034	-4.88936872025548	-2.1974016537991	-5.81500238172461	-5.47092180026409
NaN	-3.52896426420425	-7.24345309601159	-4.6904829779744	-5.7869830375691	-5.74321362338379
NaN	3.5151732603866	2.16365896909458	1.66713918505839	0.454750618067959	2.13006029429728
