NaN	-1.94962868599673	-3.66491548730375	-2.6431355383264	-0.594463234016673	-1.90519909944807
NaN	-0.858459685433833	0.0356972947098835	3.30289950959404	2.00642850588755	-0.460277649991917
NaN	1.62182033533947	0.231816845239799	0.326956610241093	-2.14811243574612	-0.489027529145633
NaN	0.263457924103125	-0.653335922533445	-4.62309415028965	-1.18827090428506	1.26132396571403
NaN	-2.51791037212989	0.497621270957171	-2.12704319794196	-2.02379865416516	-2.43062051307183
NaN	-0.682570652493838	0.109279545650096	1.25056635450344	1.87548830930539	-2.41292115756866
NaN	0.479234247518083	-0.835172515716474	4.11496947055776	2.64708092495896	1.80492192743115
NaN	0.930057951038606	2.06644578979446	4.31805319828736	-0.148440451873767	3.01739859735168
NaN	3.80023371549428	1.55918342467356	-2.25175681653549	-2.85410110347715	5.67489567912451
NaN	2.18607457321861	2.85599674072938	0.992972044323849	-0.74134436558144	0.628289026128141
NaN	-5.11456318547192	-1.08858079561527	-2.66088623430997	-0.631920415338319	-5.59028584934225
NaN	-3.85308995312242	-2.62852211024175	1.01811588512477	0.285685352457501	-3.84445220873956
NaN	-1.9775313677023	-3.07859165707569	-3.96435627903521	-2.3824879757389	-0.240773596839749
NaN	-0.800709426937692	-1.5479037122482	-3.13924752478957	-1.09158145152307	0.563051679587776
NaN	4.42125068087564	5.58138662596481	-0.552183393054807	1.0887812414414	3.43803757199433
NaN	0.204987077068414	3.45899588500244	4.25203131298806	2.36538212887076	-0.765278604911033
NaN	-2.12371037397254	2.26028504104521	2.38529082867727	-0.605495829782968	-7.77117365373113
NaN	2.03770594074591	-0.128159895815351	1.14312251933475	1.79425994292798	-0.33234633997163
NaN	-0.705502033331002	-3.44254682849661	2.17760761818613	0.833914889265551	3.39822400564962
NaN	1.39720402397301	4.2642917197243	3.32907187702436	5.20098810199424	9.18453173250935
NaN	3.29547339026693	5.56263070801325	0.342668739375394	6.87952689060228	7.26039621124684
NaN	5.98387593038805	3.20399026692688	1.05797491831831	2.30250149865512	-0.369683759686946
NaN	6.77022881809932	2.75929230743817	1.63996281659957	-1.91960856345076	0.234365442198716
NaN	4.49333108521468	1.39498096504557	2.96704035674576	0.846678169459182	4.88383227118133
NaN	-2.91220887285619	-5.71289775636081	1.14833343088325	1.53413002597608	-2.00930336910967
NaN	-3.07868140329639	-4.64239344283968	-4.13251950367055	0.4216118848937	-0.362101553554474
NaN	-2.02653778633676	-2.21399432371656	-6.93790859436066	-2.02628559832231	1.6606308109691
NaN	-1.60688642061652	0.452096146501485	-2.12969228128436	-4.2466306994465	-3.69601643993404
NaN	0.584352397595775	-1.1247332468878	1.47709561860743	-4.87638061175114	-0.849871815729371
NaN	-2.20402001013186	-2.32187631149017	0.5930841260064	-2.18601985530245	-1.99902681369192
NaN	-4.07127768961018	-4.90347820621153	-1.92375180688873	-2.14307927465646	-6.36792324768144
NaN	-3.5073005761592	-4.92971395392627	-2.77680671444664	-3.32503102595419	-2.93474282083335
NaN	-2.57575947323642	-2.98068256687585	-6.03487879357438	-2.69301607883372	0.675873466377115
NaN	-0.973252498441547	0.575467683838952	-5.37882738684514	-2.78359668365495	1.01698879232891
NaN	1.91224030180409	0.151067242203137	2.82719664412438	0.0640052277156076	-0.835943805746651
NaN	1.18618228163935	2.36378798523813	5.18045091375773	0.920078122330695	-1.91249874004752
NaN	1.6711055996392	2.16205589443764	0.110990760139641	0.647866312566955	0.297493868954493
NaN	0.838553603044472	0.704248505961996	-2.17081410092921	0.290420452005211	-1.71037088399415
NaN	1.38219856306314	0.582868063947918	2.58276341739517	1.7168455648186	-0.269104839449068
NaN	3.46122970775023	-0.684388978476632	5.0388853126583	4.46539996901206	3.78273643268558
NaN	-1.77613607179547	-1.00256465698796	-1.53950998917781	1.86971903353429	3.68306647102434
NaN	-6.12571194183794	-3.34485913216499	-5.98435744826137	-2.80234435471059	2.62929029322313
NaN	-1.03434185410979	-1.01102331385712	-4.84912973915855	-2.15594761961786	-4.53269065237001
NaN	-0.0595275400145415	1.25897065915529	1.15766714542403	-0.152928744823951	-4.54433179921916
NaN	2.9313603459133	2.42454681501189	-1.13482102100739	-0.37492415868797	-0.771053516825079
NaN	5.21308138644996	2.85849096035511	3.88688416582943	0.47065177055006	2.95185651200446
NaN	-2.56135292340995	1.03994020608257	5.160857538588	3.37958779178472	0.427376562316749
NaN	-2.11020236481969	3.69728462397221	0.938553821189679	-0.777089875443732	3.40773292485018
NaN	-0.349272620950196	2.20733247413023	2.32338595185356	0.0517269172768001	1.46668504027999
NaN	-1.01108579417254	-2.29190088259742	0.307446766822301	1.11676684224857	-2.76803705097642
NaN	0.888164597854309	1.86750633281491	-1.65979972964625	0.849481444129213	0.067428521453821
NaN	-1.90777430842431	-0.37352126998923	-3.43239813385068	-1.51204812361417	3.56940212790404
NaN	-2.37781808104878	-0.582403109715007	-2.04670988337321	-0.800098238746147	-4.79604226787969
NaN	-0.52856163558764	1.02960085915213	-1.40103892625513	-0.361546827990331	0.425514588973007
NaN	-1.34376487636307	-1.09867943230457	1.25738975980284	0.16980437510055	4.57562807648749
NaN	-0.415360581668842	-1.69178420544839	-0.0740120390759677	-0.668014858700713	-3.14346349250736
NaN	1.74836625616616	0.888169917587958	1.8464154757912	-0.0118291557241447	-6.2033853692822
NaN	-2.07890037234873	-1.07272169144372	0.49156416888041	1.48552072737042	-1.46438109252584
NaN	-1.76882716295147	0.110064482863176	-2.31899793571922	0.280418417116634	-2.1862238312861
NaN	-2.07370448310914	-1.76349767883888	-0.62346846764083	3.55702285181213	-1.7248442339245
NaN	-2.69673672717496	-2.17408822057765	1.78420805439773	-0.468732939132507	-2.81879100408013
NaN	-1.33272644832123	-2.41592360858033	-1.91098880527134	-3.12162869225616	-5.09169013831823
NaN	-1.28690582201104	-0.664317385303851	-1.63505367632106	-4.14394815992602	-1.98462767044823
NaN	1.90755333561026	-0.168394941505656	0.352273925779116	-2.58199704926324	1.87154395876529
NaN	0.861335354124414	1.86727968023262	3.51732378937868	-0.288539178101918	1.70461555703978
NaN	1.11889824755172	4.74130823893007	2.84629801105401	2.09924044860131	2.04655004806319
NaN	2.86751115704098	4.79397247759382	4.04473406105764	1.67053025826254	4.92684021335024
NaN	7.10374761547089	0.875423881497455	2.05720433579734	1.22656764184248	4.7462446355043
NaN	-0.0746237216254844	5.26233321659439	0.627495980377368	3.98391367974781	0.887254056093613
NaN	-1.98735520624397	2.402263946103	1.83197077192497	1.00369189371491	-2.61747316712193
NaN	6.49402684508679	1.42286660641324	2.31652477076384	1.27623054305996	2.91475960629497
NaN	4.88653188502426	0.299119795959631	2.0948428247427	-0.840652827766572	8.11775118340874
NaN	4.03698603872928	0.4742676447466	2.05981072482418	2.022790353337	1.69076224691557
NaN	-6.68630941024888	0.137833733191184	1.98927710257298	-1.04868360553949	-5.54592952086335
NaN	-1.10874874787775	-1.79525524197335	-2.51812543003683	-0.156062830114839	-1.63603579088056
NaN	-0.398764106312312	-0.119383381165465	-0.868815623746484	4.19282967710062	4.99915759802087
NaN	0.852325073533543	-3.31775472942468	0.7442809723351	2.50492162633151	2.45744304441654
NaN	3.06412754818154	-5.63643585616249	-2.62759828055688	-0.861101295525979	0.644363147611925
NaN	1.72660655981717	-1.0925992142591	-3.86956580996473	-3.04069973714116	1.42727002031905
NaN	-0.127057112831815	-3.13502808369116	-4.40874164466676	-2.79808737210389	0.998822861754233
NaN	0.316835900125936	-3.05102564072798	-1.91057011237162	-3.5776965961918	-0.632754046805647
NaN	1.80265917609021	-0.362649381969671	-0.789799625321644	1.14195446836917	0.290256553656038
NaN	-2.15322771254151	-0.0912516839749129	-0.241682554265478	1.817688313066	0.224353800778731
NaN	-4.43615093375265	-1.16533519382138	0.673113606390899	-1.09233691150549	-4.49985612644812
NaN	0.412246536293403	-1.19714190192514	1.41631161996694	-2.24343192334614	-0.685301272519706
NaN	-3.59160146103029	-3.0882687810232	-0.264710011925763	-1.28002930666117	-1.03345334342753
NaN	0.181447923978878	-2.05629589153864	-2.06497220967563	-0.994698720567089	-0.971166567493264
NaN	-0.883030206429392	1.08636956893148	-0.735280543152512	0.687965362440914	-1.91762429973718
NaN	-2.41796263622502	3.21975220106629	-0.136485002693287	-0.723156125901688	1.68914156125872
NaN	-0.790201774353034	-0.56717809870077	-1.56773293038787	-0.750015845862584	2.58459295524721
NaN	-3.36752968019838	-1.26031762677734	-1.19971142003673	1.01056899978145	3.06028228140249
NaN	0.189930098409454	1.81759155849806	-1.83893539289142	-1.57983848165598	0.214649741509794
NaN	-0.213286562522821	-0.813759249962621	-1.6432060361057	-2.80765083682836	-2.18080273313441
NaN	0.075281469977756	-1.7193732953451	-1.24204162912568	-1.84749216678901	-1.12015275208375
NaN	-4.14487598080384	-0.798335364233663	-0.933117519573898	1.99591543900828	-2.46049484039849
NaN	-4.89017735980295	-3.61546064118943	-3.72608496849113	1.55926107189313	-4.63980731791731
NaN	-1.42782081399199	0.807908379027733	-0.838128858629448	1.75168657463544	-1.88275468026533
NaN	-0.628239875951888	1.6447558189625	-0.995157143910613	-1.29772569405455	-3.05237100136379
NaN	0.141411018550973	3.4411912303624	2.4131087537725	-0.561983119983298	-0.298441602754204
NaN	-0.62036738499649	3.2322653097532	3.36485091697009	3.34675680107312	-1.72660055706926
NaN	0.724443965584859	-0.491817656074612	1.91354858235284	1.58706408435546	0.171668106067512
NaN	2.50014439010996	-0.343094954928985	0.0268996679413118	-1.20004837969745	-3.12633240367755
NaN	2.39393303642109	4.43049349796796	4.30199740276309	-1.50824456902968	2.03859532584212
NaN	5.2087407345613	-1.16437755049785	-0.0993290580734795	-5.59160705030446	1.32713417961045
NaN	-1.07716047256381	4.42974937467022	1.59243070897434	-2.30051610053369	-0.0842268442607921
NaN	0.0609209819085257	0.365028671021896	-0.0930539175650803	-2.61546698709684	-2.49342845134725
NaN	5.24682081844003	1.25819064307695	0.35284622375742	0.33855458240735	2.92412840438475
NaN	-2.92851545429398	-0.248396359324537	-1.58034776063126	-0.862469199140283	0.308224913134565
NaN	-2.68420612262324	0.522976622275645	1.36443705787577	-0.833422513533308	-0.497225302260487
NaN	1.84410695877806	-1.18218034653074	-1.31910508859663	1.67202319823226	0.441869321713523
NaN	1.62665849577241	0.183977411613435	0.58196742494451	0.85371805650387	0.904395297689641
NaN	1.06937675378829	0.841942933820327	4.38628130106841	0.762034013424562	2.38450123342872
NaN	-1.17149086012627	-1.03965471344734	5.25461775892352	2.2136818423556	5.68731192957567
NaN	-1.60544707557413	0.407471254675656	1.2156089505753	0.258654641574533	-0.737492209981998
NaN	-0.0405944983309394	-0.14296462141941	-4.49732330933443	0.523505804328116	-1.53439662036126
NaN	2.40915846922265	0.556859843868859	-0.652614078305373	0.278035743767413	4.98915967103281
NaN	2.73602028095948	-1.57435418992859	0.264948801296481	1.91058774008424	4.06338515513279
NaN	2.85600319320075	2.36136900773186	-0.365422400557824	2.67919245359093	-2.26077630763703
NaN	0.796105475530828	3.30578745649265	0.879104069063152	4.81945726705795	-3.00993226024366
NaN	2.37129567053228	1.00828935659476	0.171072533438588	3.37717711832286	4.19218583124859
NaN	5.67216791407119	0.566373777104146	3.68260896958399	5.38142420668575	3.12883540079659
NaN	5.22704036013984	2.10044286410672	0.833155187954527	-1.32399029704573	3.21048586123952
NaN	-3.95521919976455	0.278451061505375	-1.74023326867338	-2.63949877285361	0.781868814590093
NaN	-2.14457191151203	0.912605007769593	0.776511177181029	0.733340885786332	4.52798743973039
NaN	2.99380661611802	5.24812305135523	3.82894562593077	0.6539849019746	0.891094947897889
NaN	3.36641114767212	5.47408267759492	0.244606980616018	1.59553401350657	-5.76933954916207
NaN	1.43148486188017	-0.0269860863665512	1.93758087210998	0.835072382849158	4.14657850100394
NaN	-3.95253578279539	-4.78642310801074	-2.80819326367049	-0.687586700357868	1.59113100049023
NaN	-1.54174105105965	-0.165366371445562	-1.51715991429194	-1.7176209939964	-1.67618732647639
NaN	-3.45347023306594	-2.9253503279015	-2.31660765073386	-1.17994668225305	-4.64507851809791
NaN	-2.18133551238001	-6.37375235054435	0.360562223804827	-0.405562245658375	1.34060413320935
NaN	1.53402052544105	-1.82147648877956	-3.91767421915048	-3.17645623672195	-2.71465930986809
NaN	-0.279709631194245	-2.49135243305906	-3.97626272248675	-2.48706656170852	-7.77458357138427
NaN	-9.14430950828845	-6.42301450562252	-5.1371303270389	-2.43447707503165	-5.2799977528589
NaN	-1.20546626848575	-4.07106273295701	-0.500338354020868	3.77760418909033	3.43640383896846
NaN	2.98959278936879	-1.73008781152579	1.81762356534965	1.09260084343288	-0.478648481084437
NaN	-1.12692737304031	1.69253199952352	1.92031838980131	2.15418898763073	-4.56179751519262
NaN	-0.850391912392944	-0.550137864761946	-3.44769562771842	-2.59966775200707	-1.88353150097502
NaN	0.195158957462682	0.390585267270341	-3.07418883681235	-2.33248764892784	-3.20806507003282
NaN	-1.20909298893085	-1.27398780955857	-2.83503801345998	-0.376921027090178	-2.16970413300317
NaN	-0.359055428483238	-0.809253389525751	1.22619691871262	2.47745200365224	-0.224512059264114
NaN	0.640945006371776	0.844398968371934	1.04276222555871	-0.751228788021809	0.869984570249237
NaN	2.97001187563279	2.18146263234275	2.15751044560562	-1.30677388982282	1.09803089302616
NaN	2.85304882274074	1.55854883977981	0.449272245304779	2.14398290134973	0.845269577496737
NaN	1.37120337589925	1.25243960543973	-1.0309725986453	-2.32500791931277	1.15036490705563
NaN	-2.88825991614106	1.45640693007619	3.4157916101397	-1.42814655991179	-1.88536005101359
NaN	-3.22241927608366	1.6076965693726	0.276392440263651	-1.11136114518543	-2.08991377716931
NaN	0.868493798295393	0.738106898182786	0.277302720228413	-0.863750526011267	0.00869465872248087
NaN	-1.34522395604481	1.28299979717804	1.50378590656093	-1.46316270087579	0.483597016949973
NaN	-5.73386830210689	-2.96937990289656	-1.21298062583243	-0.694791155983483	-2.54131495453393
NaN	-5.02636856989438	-0.812063625965705	-5.42830361041046	-2.59870947733862	-3.45645915455947
NaN	0.637909878462929	0.442386012739849	-1.51504513318191	-3.27992155697909	1.07122166890332
NaN	0.42062790747867	0.218740520914159	-0.537673998931652	-3.36487659322005	1.35123653989003
NaN	2.37928470980438	2.35777511810621	-0.0887146525988091	0.139179730093438	3.01090893054532
NaN	1.86040665164403	-1.14436623857765	1.688306342287	-0.178471354138521	3.25849968779266
NaN	1.02488411437551	-0.632002722461438	-0.292181178643951	2.72152673289318	3.67844376030067
NaN	0.0696599127046495	-2.42571491921601	-1.795760713467	0.957108448647156	4.290018817326
NaN	-2.91004854852471	0.554401861321023	-0.208812635863326	-1.20000220069428	0.531602131587415
NaN	-7.17083930049781	0.253226491825171	-0.643338668975139	1.58460905887351	-5.83437663075187
NaN	-0.971474404742612	-3.55337740061579	-3.53698870372232	1.21968835912211	1.26962236490741
NaN	-0.708785101935315	-2.45000022618638	0.293088378554806	-1.13579456587893	3.47345006823175
NaN	-5.47554035592278	-3.33943300710311	-0.59399509446088	-4.16046861981387	-0.661550653695409
NaN	4.06541807125132	5.15335162283954	6.5326411946705	2.86520804477008	-1.9206119848814
NaN	-1.08482081213978	-0.689236240447606	2.25430838353367	4.28492011094783	0.541914296747078
NaN	0.951790636808838	-0.516357926483428	-2.68713808521163	2.21913676873405	0.341338803320301
NaN	3.29057075641808	-0.696784406480853	2.82119671359477	-1.92210841627196	-1.01575593088202
NaN	2.18634628975612	0.706095285922777	3.42749989237508	-0.360384033642168	2.33102688284427
NaN	-2.50536939249867	-1.73728452559325	-0.170077062927668	-0.550431942531964	-3.11226661361329
NaN	-2.3259686669973	0.39741126613314	-1.41127452608598	2.16553948001369	0.980393821514873
NaN	1.01424278943303	3.25888196840841	-0.688200007051442	0.667135358943121	5.86340087568201
NaN	1.43424256673207	0.574362241843439	3.61765150436349	-0.304036092836308	0.949484517955594
NaN	-1.07537192767221	-1.30912085330433	1.58954193620279	-0.58751266282646	-6.24197234749056
NaN	0.676560682508937	2.04839646513046	-2.23362080241644	-0.54687888063591	-1.01178256003473
NaN	0.885673405426597	3.46429232003951	4.878167652061	3.73938628926874	1.98921204623654
NaN	0.502470034624002	0.586545418650699	0.714264376045101	2.27181577585764	0.0289943202949852
NaN	3.78940523728913	0.881075853008272	-2.76179165895444	4.1288358930704	0.803446400300942
NaN	3.54029970933666	3.72787370082671	-0.921551176044558	0.0951699468147643	1.13033731381974
NaN	2.25817801486286	2.37297882639288	1.81102602050667	-2.45071550958037	5.8576144374491
NaN	1.88346619140913	2.86718022596464	-0.926173701926175	-4.27304894448562	2.24833244549748
NaN	5.02791751258387	3.83933991830813	3.50490848865871	-2.59870033799457	-0.0416547408772288
NaN	0.0856023438369553	-0.321054459293079	0.956455918826719	-2.46621835773481	-0.690073373921833
NaN	-2.64871835727258	-5.54510826366432	-4.7342123511987	-3.86103685215468	-0.568622100836615
NaN	1.6793765512481	-1.96537690868138	-2.38058542681778	-2.90711071244163	-1.92250146469268
NaN	0.87872689923466	-1.08411435889586	-0.697225110757083	-0.380555000681144	-5.42337475814618
NaN	-1.83168791328583	-1.4128985779726	-2.84442731821806	1.45744333015631	-1.05312915698098
NaN	0.0900176630575722	-0.773497887661175	-0.508633562471401	3.39579497445102	5.96651748694745
NaN	-1.41292481037372	-0.820584148052661	-0.742588731200061	0.35760269331767	-2.4845193446696
NaN	-0.400208416104198	-1.04847608726821	-0.242519079577433	-1.51926970296728	-12.4305064833266
NaN	0.165956217569567	-1.77027245329744	4.01962714271523	1.92477524532153	1.05177533579155
NaN	-0.46326798858957	4.42878427792327	5.14395371464149	1.74220462231326	0.693372813975647
NaN	5.60977652246124	4.22683329919582	1.46795671066604	1.010931352646	2.99720254647071
NaN	3.92873562610544	2.93690090060971	0.0699994914645458	1.43852556298478	1.42116376834424
NaN	-2.67927684860072	-0.721040506347311	-1.04954632287543	-0.457773956556632	-0.696684459736875
NaN	-0.390966089813894	-3.36997171067508	-0.739079990330592	-0.0510482036242926	2.728646304797
NaN	0.449582455653003	-2.16830102687933	-0.603978279786207	1.07069935712096	-0.0466049620264074
NaN	-2.91569876867584	-2.78018308909125	-3.32021994558602	-1.22716278832308	-6.08878246021634
NaN	-1.8205577541034	-2.33103140135537	-1.09533915978823	1.48936675250485	-0.579169991417705
NaN	2.21261673229973	-0.430284059867208	0.672686675065312	2.81382253461755	5.00952029819914
NaN	-0.0451077883497921	-1.11861137639157	0.319746371717944	1.2225367231883	3.19765945617864
NaN	-0.408436561728607	0.395314293028538	5.07670438827776	3.12002098167573	-0.0770475687096048
