NaN	3.00886540479075	1.44816388530498	1.45627153504778	1.53122286019951	1.38853671276318
NaN	2.05546325094623	-0.383800695452958	0.0938575547760299	2.0021351962982	0.69267906886187
NaN	-1.87432183811062	-2.2494626015405	-2.79780444584563	-0.92826543868979	-1.88764612982123
NaN	-3.03441238355401	-1.34227220944976	-2.35229829974068	-4.08829929075208	-2.10446288837301
NaN	-3.41872835450082	-2.13488505767164	2.72915331698459	-2.27623791122498	-0.775356325966606
NaN	-1.81108043390783	-3.76935140673393	1.66385372040246	0.744882875869012	-1.65576821507723
NaN	-0.786008393181548	-0.341446669486524	-0.265827077405694	-1.37183792904337	-1.27378169963095
NaN	-0.783717164767664	0.317567802269357	0.480690771828146	0.0373973087568982	-0.336787929395802
NaN	2.68950599866288	1.01390505074005	-1.19077274284422	4.07516898050145	0.270548150857683
NaN	5.04993037383099	4.12638891929651	2.64352275871762	1.24992893984211	3.31645597095524
NaN	7.35568611068568	5.55666865153228	1.42527537066726	1.73003362075143	5.62348035564244
NaN	2.56043155959135	6.49928353953446	1.13291771657556	2.1327622269166	2.96067454752569
NaN	0.311674577443594	2.53204920880187	-0.495041670078681	0.768844421452887	-0.455315287475905
NaN	-1.27170322157755	1.63799820668798	-0.700039216900469	-0.975302312492918	-1.47426669591601
NaN	-1.48892644439377	2.45483675409867	2.85801409761229	0.222883690812853	0.050003414169099
NaN	-2.23078261025573	0.348919871025266	-1.47499438795326	1.2633231721985	1.50277306437749
NaN	-2.07324718480975	-1.23442725578751	-4.19533819822895	-0.228067838509006	1.99713140554931
NaN	-2.13922925445672	-4.35862032221816	-3.1741323361035	-3.88022467287478	-0.0363263961971818
NaN	-3.55830384318435	-3.30851347008207	-1.64314899217713	-4.2410511066358	-1.80267526884311
NaN	-2.58538636563295	-4.28440211792433	-2.62014292994369	-2.37886023902211	-1.82748636307802
NaN	-2.16153375300183	-3.32384714384169	-1.91142644029655	-1.25342197792699	-4.15897915843669
NaN	-3.33223149921833	-2.52783241849183	-0.248443196603881	-1.75163861962647	-2.30992454826213
NaN	-0.71462068154988	-1.53233487886312	-0.0766056008777001	0.885031124209705	-2.42743420577701
NaN	1.39392323989401	3.7475578514985	4.76033263138026	2.22231679850217	1.1809899018483
NaN	3.98561226370454	-0.289211353666644	1.37142301415214	0.515329213306016	1.37030797807752
NaN	2.31540142702929	0.312285021423951	0.679818328789168	4.09996944781208	0.863402770061076
NaN	4.0709546183529	1.79785573758891	4.8831440495571	4.6035412977038	3.26115028420712
NaN	2.72844753010761	0.951095349349456	4.45640373986541	0.909938424246685	0.79616176118342
NaN	-2.85912673770355	-2.37133672443091	-0.336690653405409	-2.11524475701182	-1.06492542879044
NaN	0.603301190177352	-1.3479746180905	0.634953096429047	-1.10516218431941	-1.97058626369811
NaN	-2.81801753449808	-3.16916833151912	-1.06702497848175	-2.52167212258158	-3.04256723509075
NaN	-4.34389583164786	0.287097564639368	-0.590385175066084	-2.23257983104246	-0.596277428150418
NaN	-2.9228396530178	-1.88598450535475	-0.870809363851199	0.0272778848011677	1.23155515131459
NaN	-0.0677903057540029	-3.30526407760782	-5.31542941989725	-1.36206231420926	-0.940827819348254
NaN	-0.951340438535394	-1.07176827393163	-7.95825913879797	0.474809529499847	0.438698058208509
NaN	0.121774654168134	-0.330068774643697	0.428460315760262	-2.49366179109884	-1.6506365054381
NaN	2.21954533114571	0.26069089992287	-0.0670066043073645	-1.35058181832768	-2.07872487821718
NaN	4.92736455830677	3.64893559053399	5.07073630894392	0.910881152658639	2.80841899305452
NaN	3.4764002943778	3.30567031015467	5.97480139402176	2.53636393601948	0.824179214233781
NaN	1.40815699108016	6.08627218663024	5.50612556263761	1.80048942796165	3.67545860659918
NaN	-0.459242592785942	3.98607644340409	3.94074881220872	2.48967665039266	0.995506235384225
NaN	-2.05648118377925	1.9730255143139	-2.38645329977041	-0.787701138718881	-2.11225846921512
NaN	-2.04862736093585	-0.441686351519525	-7.86757205169229	1.61482931690993	0.711374579277548
NaN	-0.39387528763388	-3.67531314293826	-4.05829954879957	1.48256457948348	-0.70222679195351
NaN	-1.61126531639388	-4.23016935592874	1.69697267312061	-2.44917995510278	0.25353053756302
NaN	-1.43437819952723	-3.15297353511312	-3.08911605204232	-4.6793880868242	-1.33271017015495
NaN	-0.686931350968596	-1.55860725009075	-5.55890345987518	-4.89627903498143	-2.62217089355079
NaN	-0.952155122017668	3.7777104014447	-0.625362458408397	-1.03508656997451	1.28636353642068
NaN	-0.590260919004163	3.57079442040986	1.60149191971852	-0.252063314612576	-1.56925906234416
NaN	1.25065963046148	-1.253049822865	2.79647260783554	0.981439207986993	-1.29580209166485
NaN	1.37362267012648	-1.76451002165097	2.36602356780748	0.087361036316018	1.15902071016313
NaN	6.30717720595752	2.10924985551018	0.354070493055229	1.18062191781932	3.27535205649326
NaN	3.90717033547045	0.629706601806849	0.568512451172253	2.5800445245027	1.8807096197862
NaN	3.08722243039608	1.32323235551293	2.68142072411367	3.32341630747845	2.23580083589174
NaN	5.88152128617122	4.56763058830783	5.97818474623989	3.92780758091287	2.57023995659295
NaN	4.40942148400412	3.9013116449383	2.05068147877219	1.50484292818694	4.19580217480385
NaN	1.26849070388798	4.10780796015676	-0.262418451385056	0.520020936069271	0.297453300879344
NaN	-3.83630300526307	-1.65633326876755	2.60362078831078	1.6371605592152	-2.43817659524997
NaN	-3.66246242619554	-3.08367517007617	-0.242917886179969	-0.233724603853478	-4.0111089512052
NaN	-2.05501356972029	-1.50017124081711	-5.14947358900766	-1.25223862248631	-2.65312922941827
NaN	-2.53215517195597	0.357059040941021	-1.45633506854997	-0.982491033269312	-1.34226666726424
NaN	-2.69668686113205	-2.51670385910442	-1.65712355356186	-0.774108956525677	-3.44303309088595
NaN	-3.04967969557784	1.06756503375233	-2.97095994550288	3.00206361359153	0.96922697925229
NaN	-0.846905109431144	-0.780163177417825	0.471544844175468	0.960903771885744	3.13748955404994
NaN	2.00378130708325	-0.47617761409715	-1.00217755887753	0.296033190911919	3.77156574261291
NaN	-1.06381343936424	-3.57239772143863	-2.6565639417547	-4.3957532941499	-1.37036322743169
NaN	3.69691727686729	-1.62921853637707	-0.299469988577622	-0.690011205263885	1.26250164895119
NaN	-0.320159459858786	-2.46503658902785	0.33168730147013	4.83586729166985	3.3248761451996
NaN	-3.24960262303532	-2.72504482762509	-0.677011822837401	-0.643373704631912	1.954249637505
NaN	-1.72422704003562	-2.12384617779919	-0.174342141529269	-3.06700311874913	0.198043502092151
NaN	-1.86704768552818	0.228439853605123	-0.576530849087144	-2.30964106147274	-0.638048780410199
NaN	1.00097358612417	3.48397224036255	1.25109752383544	0.189981568821865	-2.63039628352315
NaN	0.31366968667381	2.31643546104011	3.69758722290585	0.612018879786021	-1.7070818760848
NaN	0.334331335431823	0.601519741514858	2.70165529534802	-0.36902738117664	-0.872875974327413
NaN	2.0995887800606	-2.82127092559412	1.38000957268461	1.99362687441355	-0.0630870551285784
NaN	-2.17144175786354	-0.408477326065608	5.45601183559658	2.77389264880706	-0.428598933500836
NaN	-0.142951485683259	-1.81823634217716	1.06007194884323	1.92927874440607	-1.87213619224378
NaN	-0.440067542893747	-0.919233919209218	-2.72792036534974	1.19927093372485	-0.951949013384153
NaN	-2.20261044264679	-1.55124349101837	-4.75316027403974	0.0947535789420821	1.68502348820468
NaN	-1.38222608314217	-1.2017643570305	-2.44637596952463	1.01318669727331	1.68253120318439
NaN	-1.71321672333686	3.47494589050123	-0.632060092971392	-3.21951861437214	-2.4878724835682
NaN	-2.5334100974454	3.7390897955001	1.3909136626658	-4.67975047161855	-2.77627755575693
NaN	0.553642098296657	3.79783895027531	-0.368760090279754	-2.32689355378626	-1.26722850491131
NaN	0.66274686602668	0.248908786733029	-1.41792290024958	2.23391721208833	0.547848080766016
NaN	0.601434046050675	0.65972446893078	1.31922078456462	-1.54641693869574	1.32399229428521
NaN	0.462726975746941	2.98733466616353	0.990348139733296	-0.861182960853625	-2.41268045390668
NaN	0.509801295003611	-1.25887177195803	2.5127878494866	2.86512245330897	2.38926902527515
NaN	-0.379973900778125	-3.79613794056246	-0.088916202394105	-2.26231175273767	-1.07786483178195
NaN	1.320467069537	-1.28583680389873	-3.60956183805096	-6.81168546947615	2.83655456228364
NaN	-0.144277606508862	-2.47459017074772	-2.90320257029852	-3.18725775102108	-1.43472371475461
NaN	-0.189717205583091	-0.146243102946917	-0.0674322423909315	2.81101569407552	-2.56659006896877
NaN	1.19274295926871	0.756075856618805	-1.84384977212508	0.426943585997983	-0.840920682685539
NaN	2.73696608084864	-1.33468069584629	-1.39060623562754	-5.41532826831287	-0.745189948860559
NaN	-2.45719136074012	-3.2119096569134	-0.843051042469753	-3.559727368657	-4.94694415488128
NaN	-2.01423391609922	-2.70515217031471	3.97703630548269	-0.0715874649533002	-3.35999155073489
NaN	0.547176938998703	3.06175447953317	3.28536738285289	2.11145069247214	0.198051663279383
NaN	0.832815194572809	-0.555304650866008	-2.88962937520842	1.13762590419734	1.78060458223099
NaN	1.02881478823077	3.45343911397562	-2.00848436878965	-2.05567894832772	0.361472101354106
NaN	-0.0623345102554407	4.471608047024	2.39841771853727	1.36219220596545	1.5875970117587
NaN	1.18648358026084	-0.995743118744659	-0.673439939886442	-0.56759051993848	0.312510638102114
NaN	0.288682691963377	-1.09653774352476	2.59501595706632	1.753994247935	-0.23068460671108
NaN	1.88521733144158	-0.211581212051684	-0.951182097996003	5.30432599957638	4.7911439076655
NaN	0.701726945362746	-0.325049468351305	0.510965711397245	-1.27815388822054	2.28922838898972
NaN	-0.476774041373912	1.67324824430211	2.82904992068297	0.00145379536666429	0.273066887337672
NaN	-0.0993934606252448	-3.00888827065374	-3.55480983277481	-0.193703333738086	1.32662524575352
NaN	-2.21856990861657	-0.15688009106538	-3.34223278562895	4.21436429454951	0.137917550063425
NaN	-2.98145828008826	-1.11282298169339	-0.455678115487208	1.90454541648803	2.09860777357644
NaN	3.75533961108604	1.63663265196223	4.5559658397632	3.53881431477101	3.81878161342619
NaN	5.21303545021769	2.17361850243319	5.79036040210859	4.36077396437943	3.80939615252451
NaN	5.04815390973268	3.16016114515367	5.57817763355208	3.25582093113255	4.24603682419975
NaN	6.91593759871628	4.652550455502	-0.118961921733995	-1.93534224689216	4.38767127634023
NaN	3.89396685965028	4.36731444751009	-1.60765600438928	-3.09979599910087	0.812320062268489
NaN	0.541895495924461	0.181367442014765	0.288057213292435	-2.09030269988514	-1.52570625652618
NaN	-3.02502847910194	-2.34226523808004	-1.60250583539773	0.912047355575328	-0.368310487248989
NaN	-3.78831513820678	-4.32792503789043	0.57225482929138	-2.07013424191123	-0.241892754934692
NaN	-4.00525078741781	-1.69431413869702	-2.85232980253345	3.37836215679905	-3.65309680557325
NaN	-3.42382779215934	0.699335258487463	-1.75802372703891	-2.23376891321189	-3.21320880249393
NaN	-1.3165810865193	3.42721433325146	2.7580683912655	-1.9519829930278	-4.35668222686827
NaN	-3.66256523780467	-0.0977020986932969	4.30524225171264	0.891658883925553	-3.84543343421974
NaN	-2.54021822475425	-3.16780981925104	-3.2016857320729	-1.88146389744236	-1.24862050659781
NaN	-1.59862652074809	-0.7534676647219	-5.90630529202025	-3.52541771163278	-0.655544636132002
NaN	-2.26204058391723	-0.9378611374104	0.458643559528349	-2.4620355262098	-1.15438763746002
NaN	-0.805319077640259	2.46941278545401	3.12227384943797	1.82220738286927	-1.89905766099097
NaN	-2.13749089392072	0.248352628265415	-0.796381101338057	-0.0827396702272779	-0.183403094662118
NaN	-0.346478943221994	-0.74395987781815	-2.47862156152061	-0.0971632330259997	0.956043881188894
NaN	1.40207126029276	2.20290754025916	-1.31688538274142	-2.68117212384815	2.03291274694138
NaN	1.28366890102648	3.12233647196382	4.17693900284709	4.74277761900338	-1.50945490887009
NaN	0.329858176854232	0.354326945684486	0.844840197572085	2.05197517682497	-0.660949799145268
NaN	0.044175160227413	-2.19363394077201	-0.0393955859956131	-0.997091034566758	-3.25672509441712
NaN	1.5929927766867	-2.93876981731839	-2.54275625603433	0.191725186009066	-1.77354771492088
NaN	-1.13961502036896	-0.677984024416502	-1.92399865594211	0.226769647383627	-0.770175074993544
NaN	1.14066993466381	0.152217106411784	0.474379894997668	0.953494297895608	0.735987719208497
NaN	1.96102406692117	-0.165138675158509	0.0654273143627075	0.778407160204967	1.86309664479663
NaN	3.21265712132136	3.12457692032078	0.99243277549145	0.399434733980624	1.01470957960893
NaN	-0.401517981065588	0.330818878424846	1.29653308800653	2.35673502367743	3.72000207802472
NaN	3.64869773547835	-0.557563651400919	0.267833118417219	3.2768834465881	1.85463678916978
NaN	-0.839227569140931	-0.581283564882831	1.21080736631854	1.48322383561234	0.824510713948915
NaN	0.296617417883246	2.88501937127082	5.32896091039483	2.40634111457429	1.06857859040938
NaN	-1.53561739470255	-1.39247890250159	-0.603873217364447	-0.479292746980411	-0.449225109238403
NaN	-0.816293916031188	-1.82505160276386	-3.18459415496097	-1.74844889868036	-1.29468999351941
NaN	2.61655725686959	-1.38388338838763	-3.6526348427416	0.314145461385837	3.44740998906241
NaN	2.02043489532118	-1.76210514776427	-3.11151270524544	-0.77342008569425	2.87561595627695
NaN	0.0155076544575267	-2.75205581290072	0.34975211117966	-1.0699559589227	0.298224709626055
NaN	2.15678835336558	-1.03402775578917	4.11484844646453	2.10199372947407	1.58482573802668
NaN	1.7725637300045	-0.069984872193756	3.07449411967796	1.47899869748353	3.95070826175144
NaN	-0.344918702897491	-1.69274800336112	-1.38544975291534	1.72655808644191	-0.504767914146119
NaN	-2.70420311994292	2.20209106842377	-1.04762072443743	2.20695479008654	-1.49411129872672
NaN	0.0764862740027404	0.848832314820983	2.41169206026345	-0.865638297396992	-1.61584126003771
NaN	-1.1670906093504	-2.87040333469029	-4.317663662432	-7.59689714281473	-4.16455115653768
NaN	-0.693042317608938	1.40355440957503	-2.36957511428344	-3.45766862632001	-1.03013305893271
NaN	0.0929234983519764	0.0987571794216746	0.0928883368941984	-4.92958800052026	-1.3013492291171
NaN	0.162568827853335	-2.27733141698576	-3.87194320852451	-2.42682942990989	-1.03048932436277
NaN	-1.50033797123175	-3.67965420235711	-2.19573391123569	1.88023319762289	0.407440366528882
NaN	-4.55998924721643	-2.74557584221455	-1.55277327669504	-3.93669828353272	-0.361298418259964
NaN	-2.84308081142459	-0.943447782281563	-2.5046704632131	-5.55242758454577	0.994016678935989
NaN	-2.01096285424612	0.697248040573347	-1.67816338176464	2.73763972160805	-2.4071193468971
NaN	-2.6122879606915	3.43568999582765	2.14813044524458	0.876106775207545	0.194490947141377
NaN	0.60563433318631	2.42440752237708	0.0088890145934335	-1.23768477576628	-4.48696107004224
NaN	-1.13036702258254	-1.74664214969283	-2.0671377351593	-0.59064452714067	-1.57800785230927
NaN	0.587247370049508	1.67205115456363	2.24433645276238	-0.769583418082622	-2.19871510411364
NaN	-1.5284262036869	-1.13445852767664	1.38778512320505	0.0207499248910552	-1.10312095321642
NaN	0.701264627490279	-0.830700469921356	-1.37674705872594	-1.06784068693244	-0.52536146994206
NaN	1.06773643332681	0.194033639597143	0.249685567376258	-0.974957423843344	-0.685136720724018
NaN	-0.0187275820748396	0.606017686666098	-0.0261324871575177	1.26995633576197	-0.69834155176087
NaN	-2.91070713527901	-1.21668404886221	-0.178651862992218	1.70520826527047	-0.666703412571202
NaN	-2.80093619375637	-2.01568174285469	0.465570631395698	1.15423648057563	0.0829558623717184
NaN	0.127410864595104	3.58093579007411	6.50659769220416	3.53822691188028	0.970173342021979
NaN	0.612378135557406	0.435672133387149	3.76597837159038	-0.363149682505976	1.78555162061799
NaN	3.48446002331087	1.18589913306997	-0.354541257663397	-4.46310504959679	1.1504422487242
NaN	0.654180775909839	-0.355463941285353	1.72920875992145	1.81558631850084	4.15066761300871
NaN	1.70608844118188	1.86295295927255	-1.43023494382567	0.343818113592476	-0.503021546209516
NaN	0.8017558056155	-0.555697475468998	-2.02472634115668	0.088849021044227	-0.682577604279753
NaN	1.71574143915193	0.568008511916571	5.80307005206334	2.03727294311522	0.725869307601485
NaN	5.19902190147028	5.03420398512914	3.92016586026798	0.969682963065475	3.20837634229882
NaN	3.64808124896842	1.2691677872318	-2.26181498748248	-0.182127680451828	1.09750605125463
NaN	0.262101412294098	1.24475474134757	-2.28643260348848	-1.06616865876181	-1.77937205570213
NaN	0.531918851231846	-0.690096245387582	-0.264481741067509	-0.913957186808371	-2.40846064362227
NaN	0.233438401565992	1.28317664260227	3.68610060939152	4.29873361963092	0.331857280247509
NaN	2.39619973424062	2.16311108755285	6.46032010735622	4.28343132708463	2.30644850808372
NaN	3.033345472873	3.13085361070297	4.25372621625027	4.16786232580922	3.94714422382419
NaN	3.02636343284691	4.73716392235912	2.83720468020342	2.87078805345159	5.68662275297467
NaN	-2.94461959709889	0.780269394252525	-1.02570959509539	-0.599317633916826	3.38411788574823
NaN	-3.08211468875471	-2.79084172434573	-4.69310225950998	-2.316524167998	-1.82520134019453
NaN	-3.05373177522928	-2.3150058039797	-7.95149367762544	-4.50009938817227	-6.24072276946507
NaN	-0.588341881366892	-2.48807924572773	-3.79090683385948	-2.43242924680449	-3.73842173040054
NaN	0.600256200444112	-0.421909882862352	-2.65558562975503	-1.50224385915543	-1.12419056670723
NaN	1.75582239210063	0.419285465471405	-0.261203021517079	-0.134234192730915	1.79373611760133
NaN	-0.895131704786658	1.4566777046895	1.25973969014838	1.54605956493962	4.32493952624936
NaN	-1.35335989457976	-3.17669015130375	-1.01673970304116	-0.798574453269158	-0.739951095472821
NaN	-1.44703153379475	-2.51817784136633	-4.33292182303434	-0.707358849617306	-2.2246072362837
NaN	-0.0410643587432183	0.0466281256676236	-0.0589852461347611	0.424887132546116	-1.65730223089501
NaN	-1.25688028847164	0.53978025579165	4.16186468228	2.61122439810179	-0.937078854752126
NaN	-1.55105741886288	-2.46206704897529	1.52186499387569	0.253625899384321	1.19012187600401
NaN	1.78818131839807	-0.972962652360992	-7.3377870557281	-1.79159289784083	1.53894726164233
NaN	2.95710606098354	0.877868390651915	0.218967648063691	1.78053077904178	2.90363304138854
NaN	1.56892454261166	-1.0620158860634	1.95145091986566	0.703398148963878	1.13352718463165
NaN	-0.938933478126573	-0.875891401768165	0.0805126176529622	1.72888760087221	-1.47148958671012
NaN	-2.54576360165656	-1.54744257794356	-0.229044506942815	1.81456242823791	-0.192637137796716
NaN	-2.0490949489142	1.58472947591074	0.841116696984173	-1.46728456296186	-1.99721640567801
NaN	-1.7970999207532	-3.28229052168312	-0.40287977604449	-1.64762338757886	-2.45503541009352
