NaN	-6.65224787030737	-3.7211978837754	-4.01424774664304	-1.40388395854263	-4.25188750637057
NaN	-0.562263968954667	-1.44656285918332	-2.24287691813935	1.74492078942888	-0.500091366328486
NaN	6.03671854323635	2.87527261350369	-0.0586517375368586	4.35657434936906	1.72277338520209
NaN	4.30861106918931	1.81996848693712	2.03038284228381	3.39944432748562	5.50073753378572
NaN	-3.05434500742433	-1.24037942261594	3.01133870886777	-0.842279745112632	-0.920525065843389
NaN	2.44884887071731	2.03166758352174	8.31571891456271	0.0234585869039199	1.44505822808015
NaN	2.39326341192658	-0.0685089150996823	1.51491662803203	-0.591684950930176	-0.58951147095427
NaN	-1.26447410778408	0.68792498043059	-1.73467850149705	-3.71253374072487	-3.10682772647624
NaN	-2.7420012146414	-1.81790293437358	-2.92934499561607	-0.794117382208306	2.11754447553667
NaN	-4.04300452473275	-2.30750252739	-2.56236750680146	0.545926451907001	1.79247653752722
NaN	-2.7767980394458	-4.12666681106577	-3.65072887189881	-1.54348813286698	-0.438396053456072
NaN	-2.67125194744938	2.24431244861078	-0.331867654455986	-2.41176244835904	-2.07176016837685
NaN	-0.00184760405260675	-0.619263802579168	1.32972450195941	-5.0602416149824	-4.29272778349261
NaN	-0.648401858430093	-3.72797057039388	3.08759243507478	-3.70149090200542	-2.66062597542713
NaN	5.30347582701531	0.87087451327751	1.78809650637399	-0.335149140726462	-0.270793115858769
NaN	2.99300186108989	1.50178791246393	-3.18341793942523	0.133958889038776	1.067784152906
NaN	0.805755581335207	-0.774271346933861	-2.2590136763672	1.35692635428351	-0.801512345414147
NaN	-2.04037537911595	2.35336518952869	1.36260006276935	-1.80048095811033	2.08678128997508
NaN	-0.915544195178499	2.56440283159932	2.87809430970357	2.9283097522623	0.368345527924781
NaN	1.00204738969061	5.12547702086362	3.07980392982708	5.614163096505	1.75665480874439
NaN	2.89329627970623	6.45369045362493	1.74515448957337	0.333441456851754	1.60800332019726
NaN	0.448125551013405	0.519390919311575	-3.78262969112321	4.22849832130139	3.66561918716359
NaN	0.511361187478059	-1.08673282167125	-2.06973216841961	3.6790078885035	-0.8239459343458
NaN	0.0464675910011247	1.67595875998817	-0.608105603010799	1.15315793910192	1.12582341081191
NaN	0.347414404056551	0.889123250191723	-3.01926498012015	-3.04730554818687	0.920676371951468
NaN	-1.44730855922712	-2.50599826452617	1.55292514758543	-3.0011914393727	4.0966830100087
NaN	0.144595048338745	4.26278029882283	3.23594686312869	-0.226162914664976	0.0154411002642877
NaN	-1.91538913691012	0.203796868288881	0.118742469625427	-4.14925061860001	-4.50206412277448
NaN	-1.09327359078631	-3.10605884221504	1.66001377664453	-0.158845365975255	0.333185752035528
NaN	-1.77778825158772	-8.5513901144902	-1.72586321848085	-1.15629015006293	-1.99877263370211
NaN	0.848257558185306	-2.11333077102711	2.17262711629608	0.341373940250187	-2.09019976406871
NaN	-0.307529706324307	-0.0188304123549232	1.20956667400714	3.22230016882132	-1.06289059570623
NaN	0.0215770803371172	-1.25000948697335	-1.33248855979114	-2.1949994626185	-1.75125187888833
NaN	2.09740461011846	-0.959967452630868	-4.2732788552822	-2.20798369636388	-1.8836143043775
NaN	2.14972920164651	0.297770532908744	-1.6772192303931	1.66374214023306	-0.218660007774063
NaN	-0.346047361647857	-0.780529380736729	-4.49803715857669	4.15888922231857	0.645862802364322
NaN	3.9982018633176	1.42546118847734	-0.752018162371485	2.87934613805959	2.09855357869285
NaN	1.54843910348335	-1.67814207599734	-0.213059424052874	-0.116052290557579	-0.198881046574312
NaN	0.203594826756224	-1.53197409481095	-2.22807424993742	-5.03375830190198	-1.72484405355099
NaN	1.87088552614484	1.94610021734394	-0.939208073627625	-5.07884451434664	-0.125710241008045
NaN	-2.44681772870694	-1.17127223257003	1.25910361960499	-0.000899768196583883	-2.91223050248323
NaN	-0.385462433201217	-0.802683404417064	-0.237869104126927	3.68231549187406	-0.961831683207765
NaN	3.302921457562	1.06236404603736	4.15326231397742	1.33836262347689	3.78484384428811
NaN	3.50328444718278	2.91510730045399	6.09383022425854	2.63000404275068	2.3554137409968
NaN	2.19768272985985	2.20650984601942	1.23474507056094	1.50622465383677	0.138475762737457
NaN	0.346396755387069	1.14820567679937	0.357605204728013	2.17772882422161	4.7984793964288
NaN	-0.918790066250126	-0.905165777756559	-2.38756380684934	-1.87797666897327	3.7471302843583
NaN	-6.94773944530943	-3.89970846585276	-2.30879511165716	-0.77967691449206	1.69447704160912
NaN	-7.2321327808985	-2.16238027645152	-1.73666590096975	-0.298796252049402	-2.14697746460699
NaN	-3.92348413381774	0.356110381497484	0.842438123483942	0.519255251696041	-4.34850148651677
NaN	-3.69151232281319	-1.49678009761624	-0.754676548382629	-0.789289298640176	-4.0403292032785
NaN	-4.8374378227047	4.01775144858826	2.65503378053785	-1.41878927111785	-2.96267638987876
NaN	-0.901525166909916	1.90148862172837	0.995384421965055	3.11556808978621	-1.04950811051673
NaN	3.2984023039551	0.0216855363511672	3.45003224884093	3.3703122928022	1.45338228551854
NaN	1.64871629082064	-2.35911029090355	0.718242370169422	2.36687606024901	0.925016123448843
NaN	-1.52087769003318	-4.00007133233047	0.232957213455066	-5.89436809098065	-2.21492777027616
NaN	-1.56580928229565	-2.3336492269327	-1.50827957850474	-2.90601084665963	-2.00432583948699
NaN	0.107891641997008	-2.00611605648901	-2.43477186404288	1.47378369893339	0.120892138346916
NaN	1.0146975189925	-0.387869773350239	-1.74657105513723	2.07314783213855	0.564589031621087
NaN	-1.79510055512707	-0.858146525675622	-2.82064284864168	-2.4331678062981	2.20735552708767
NaN	-3.68116718620961	-3.92783755739099	-2.62034467986484	0.0751519774501165	-2.55125488124683
NaN	-5.17569898121583	-2.34095590197683	0.711635773467159	0.427112958799019	-2.1537469774546
NaN	-0.611055312904841	-0.675983060665977	4.12895179595534	-1.80097405600309	-2.1364158796585
NaN	1.39898944233226	5.48942733364387	1.09796403023817	-1.32740615236167	-1.56765282981546
NaN	-0.470569410675958	3.57153808847797	0.509178581536484	-1.55002503199817	0.074972456937898
NaN	2.02553988399854	-0.767926785573615	1.78995119788935	1.15634525050798	-0.255357912305241
NaN	0.785528596471588	2.65669167577024	-1.6573262490834	-0.954335790025607	2.19129342830555
NaN	0.428879919182783	-2.24138836339704	-0.947066819314037	-0.460756164130498	0.444124105178228
NaN	-0.602050672029968	-0.894837316071061	-0.905282823461804	1.3608347115733	-1.26210390018037
NaN	-0.138925426239018	-0.288299486551249	-1.62851100155163	2.19772003481056	2.89920096995138
NaN	-0.0681027114442272	1.41503508839408	4.17473158223035	1.55471758982227	0.700246830439827
NaN	5.04458476277408	1.73226162920531	3.50166134868902	-1.27086029624681	0.778443265270455
NaN	3.71951648775857	0.106129694784292	-1.664122658556	-4.18469427131709	3.27664001394562
NaN	-0.782583932342426	2.03240290053469	-1.58665860946615	-1.82596861285769	1.93813739186522
NaN	-0.758301812118545	5.64008892747219	1.36272157806043	-1.74695979403946	1.58854737573763
NaN	2.71357018178756	2.58236637195402	-0.683649656343745	0.552158171675241	2.55187578027372
NaN	7.46808516561759	5.57558990975573	3.17148408738219	-1.02115743954884	1.37705670816338
NaN	3.53349451925878	-3.8426159145728	0.627423261151432	0.948033553195232	-2.59123002901324
NaN	0.243228356857968	-3.89942997448741	-1.62838408104262	2.16964785588803	-3.48237052585476
NaN	4.15494962931288	0.402099684135113	-1.19814221586898	4.20725535244403	1.74045982978473
NaN	0.912118942198428	0.7711364763397	0.31280944693381	1.57293240505925	0.505244755203149
NaN	-0.418111649547686	-0.0913468630146338	-1.86148251528243	-2.72955134398733	-2.42846031784473
NaN	-4.88868759076184	2.87983660634424	-0.183352125738214	-1.97823466680092	-1.98273527386098
NaN	-4.19869172277351	-0.659580441734441	0.198357330985011	1.69210270513955	-3.13022090683801
NaN	-2.89371413846068	-0.861507429232726	-1.3605106400447	3.36691514377044	0.949720147976639
NaN	2.60364466592493	-4.56746351627338	-0.0992747130325698	-1.59384257886778	-0.402331048307791
NaN	2.9920225933592	-2.37040103143224	-0.781871203217112	0.108686210918284	0.749041731347197
NaN	1.28766355426122	-1.50663325485513	0.996841418289303	-0.120409608991326	1.01245181992396
NaN	-1.33936922546643	3.29811380429508	1.59419268302666	-0.378982963934279	0.770998954302441
NaN	-2.79993863502208	-2.51788393429881	1.0137257296795	-1.18869911543341	1.06170519953193
NaN	0.296210596110377	-1.21964385363902	-0.728542253369618	0.793113061984405	1.44284028211539
NaN	5.24398193674074	0.435162348198332	1.69429572505738	0.732019869763209	4.01760968670646
NaN	2.29077880667765	1.80452521162932	0.364131193326235	-2.70090907970119	1.25396869445843
NaN	0.31136307525626	3.18460654372947	0.549535917691868	0.611502372662418	0.985511050641014
NaN	0.0540993998638782	-0.221497828081188	-2.22159163201025	-0.994287328142073	3.36608501268996
NaN	-4.22310366077955	-7.60092606495063	-1.7769922170196	-2.55012382244492	-3.03547241686408
NaN	-7.57339253493997	-4.51554025347672	-4.34399833966578	0.71742382667985	-6.82343933395339
NaN	-5.16484680554568	-1.67538638366371	-0.409462678593108	2.76643133029818	-2.8230969821691
NaN	-2.05080273793514	-0.439013552542949	-0.404226552643641	4.75857378792941	3.13329208371549
NaN	-1.82929778636561	0.967284171723828	-1.977869259035	1.50424716786176	2.97574762737382
NaN	2.99436894715884	0.245012451211269	1.2562969476171	4.02630425596361	2.06640420423008
NaN	-0.444013818904286	2.20744477264659	2.44896098721678	0.908754668793957	1.50700773313462
NaN	-0.513837039192303	0.728588352320317	1.93416149550062	-1.46956173131542	2.1433014701935
NaN	1.62941040164526	-0.353104562930222	1.5116701318326	-4.06920942259536	-4.10558492457794
NaN	4.06252386226211	1.46643756090411	0.835185734843252	-0.00670038834451444	-1.21384600984724
NaN	-0.466571565096415	-1.92403936427034	0.418241150839907	0.227227365129599	-2.95926226322359
NaN	1.24212188342437	3.83586278605637	1.31914927236137	1.63219782647151	-0.0375455980218923
NaN	-2.91842987593633	3.26249031704498	1.4529391117889	0.0409506348752517	-2.20927977097005
NaN	-3.23243488123667	1.02120025957661	1.69602620376168	-3.03216084702971	-2.95773895712486
NaN	-1.9360375868427	3.52006831751107	-0.0707260625841112	-0.0345185398215336	-3.59548883551928
NaN	-2.37179402027295	1.02922389841685	-0.266983418926027	-1.03448156421077	-2.5744914365075
NaN	1.26574327979962	-2.87185659143855	-0.420735650016307	-2.58133324541211	-1.24711785559426
NaN	2.98740627665564	-3.17019013665527	2.97756336176544	0.0648185530511147	0.529924852317704
NaN	3.43075629666464	5.16254819824514	2.53818954382541	1.73025909546064	3.93671059131865
NaN	0.498812900905821	2.44050946397814	2.51773564604814	1.05323729979703	4.12619036128452
NaN	4.23140918988645	0.7409186350846	3.19056295120852	0.965863276574159	4.25599015957157
NaN	3.89100975749102	-3.16199141325691	-0.063145436412286	-1.78768591720044	-0.7323207993595
NaN	2.4649459441521	-0.470074217660502	-1.61531348308437	-0.314476056922166	-1.66729002393694
NaN	-0.762161360522574	-2.20513270999823	-2.1499883244074	-2.01467029107172	-1.05376802985187
NaN	-1.76051958113931	-2.72469287311349	-6.14743449687429	1.2427381433133	-1.28619913786519
NaN	-4.70231551972856	-0.892272282327105	-3.59859894221312	2.7929864166977	-1.27265423981432
NaN	-2.08258090910439	1.47062203174248	2.05151389539644	1.23550478918075	0.937297136503538
NaN	-2.59552650502072	-2.76065623988857	-5.73840601776896	-4.0043594185408	-1.51912523677717
NaN	-0.884139445202408	-5.23857777120216	-5.91459919329017	-2.42057824721136	-3.41998625082759
NaN	-1.22704274209191	-1.40635739263553	-0.459016606951592	2.81789873012955	0.792372172791646
NaN	-0.750792336075669	-1.5037623055756	-1.93579533048989	-1.24169552481036	-0.0923776530238098
NaN	-1.60657648740009	-2.04778737840273	-2.51438874469514	-6.30823971396174	-1.37042587550811
NaN	1.51646061507732	-1.12080216267159	-0.104216119194714	1.48001445529566	0.840945863053121
NaN	3.99123749554289	3.84561659921914	0.571605454786803	0.0373687449010109	5.39383720280114
NaN	1.57255408216319	0.514950090428274	-1.06058969797964	-1.63305851174562	2.24301577844331
NaN	2.21553833610483	-0.473878987773329	1.10047000253358	-0.735350030563366	-2.47512509197158
NaN	1.44435853825377	5.20914852254432	5.09608272142994	2.59784045742836	2.18936286587152
NaN	5.43863770544739	5.11288264847747	2.57289879309181	1.38510252759857	2.3849890889859
NaN	0.416373980236927	0.178090937865221	-0.311448311407321	-4.01574563339463	-1.23705797981306
NaN	-4.76092374790404	-0.419221871461201	-1.17236634759102	-3.2440799146291	0.200154397799813
NaN	-3.02159064089404	-2.56810471778575	-1.22604647929609	2.97925401881437	-0.915183627916546
NaN	0.630924304912606	-0.459356723146276	-0.347773395264165	4.09711072486507	-0.0644280800418177
NaN	-0.0573829948978629	-0.738217454465519	0.596014808112944	2.80006365597371	1.45523541000589
NaN	-1.52754161281444	0.698575191630037	2.27323443542163	4.05500698965705	3.47837233863172
NaN	-1.22045322765272	3.27522618465896	2.1322765353273	5.75091005156303	2.18931252102748
NaN	3.30015278276241	4.72665978831921	3.53172915108745	3.50627286031584	1.57388662771242
NaN	2.47573492014969	4.06854146447616	1.88437938452082	-2.65257736749848	1.24398583375601
NaN	-2.46396620485881	-5.6223584660897	1.31791059977336	-5.24546190821989	-3.97979752615852
NaN	0.765640877960955	0.202468296373423	-2.49459448828158	-6.72325807670044	-0.567465521489917
NaN	-0.0375451560013405	-0.013659551805878	-3.51274683564736	-4.24029939969698	-2.36694714887543
NaN	-3.04753030954338	-4.48576841278138	-1.51138384904546	-3.88918558754644	-3.94237169603411
NaN	-3.28225183513644	-2.52659332556634	-0.522477768977039	3.66953945370724	-2.58037529557741
NaN	-3.7655910167963	-2.45485000077027	-1.15224559208485	-0.206380427702806	-3.36599886651086
NaN	-0.253489162853361	-0.406435988007571	0.558498005726804	-2.06078759802643	-2.09175015776666
NaN	2.23576723055838	1.51559276718986	0.9581750104053	-1.64451293406266	0.586138953878644
NaN	1.06911129319044	0.10206082455443	-0.573599300149817	0.334465145031663	-1.38329438583536
NaN	-0.958417764696778	-0.543538557504501	-0.650904480191557	0.976030693047579	0.672022688486126
NaN	2.82105222153072	1.15629990528654	1.03357183892024	0.254648778284845	2.57172702765192
NaN	3.61910308762649	1.29726590479366	1.03925522639612	-0.308457831980374	1.06334413982715
NaN	-3.89398567053473	-3.0614643697851	0.509611393779059	0.611703885470323	-2.85850250747628
NaN	-4.4854022077203	1.69124651669399	1.14861012226949	1.5215472031483	-2.80666607779998
NaN	0.354198519904359	4.86788881343531	2.10888398884013	3.82732842108538	1.10371232582989
NaN	0.473048036298713	1.34573620817742	5.14369546098549	4.06995094637854	3.15198143437439
NaN	-2.7315452171724	-7.49045603403945	1.9852941445153	-0.379961073928335	-0.435441593783413
NaN	-3.6460688934499	-3.36175220091425	-2.04559780792975	-1.24520820409203	0.89088291713565
NaN	-1.87830449211227	-1.68372552686354	-2.24710678197097	-1.8018173946012	1.74633523040407
NaN	-1.83400136957343	-1.46929184006788	-0.828867058006307	2.61348569682748	-1.25094691885328
NaN	-1.82706190569549	-2.93221961138555	-0.708145598762612	-1.27621253694839	-2.07400909701473
NaN	-0.0798289847271643	0.518277158339722	0.149895019329311	1.55178086036443	-0.0332450115161274
NaN	3.48449274322653	0.950530760801369	1.15889657876447	2.52312707761948	1.07394022172158
NaN	1.68797932958915	2.19493797946009	3.18620741789768	3.53405912280928	0.695411396809788
NaN	-0.0582583283780584	5.68026850147511	1.34476616885364	1.19495604956361	0.601136108789872
NaN	-1.75583455872637	1.9007227213252	0.0275020489530228	1.21090790884839	0.957694168589767
NaN	0.715428674889529	-2.73368293759026	0.257990789651475	2.89520639045278	4.67678963848843
NaN	1.22530307683682	0.157644271062004	-2.54159400404656	3.17257965792883	3.01868357333887
NaN	2.02146905856714	-1.23598462355195	-0.184334792785973	-0.530473658309833	-1.74053208168872
NaN	5.55207764261985	1.93030958025391	1.95763137610669	-0.219723041896151	1.20027282017389
NaN	0.6044799778798	-0.291362803036041	1.5246556947267	-2.03142571635004	-1.06359311966932
NaN	-0.551457590932732	-1.0246372251917	-1.13585518780875	-1.23477756287281	-1.34747361082833
NaN	-1.02629855169288	2.74172764786039	-1.99739854641012	-3.28732603906829	-3.57004701102232
NaN	0.706288203034449	-2.41357482847869	-1.49764251941114	-0.626830608050028	0.153789006617499
NaN	-3.66316761662463	-4.96424413430197	-3.78486729995946	0.521383679555518	-1.68453661212217
NaN	-2.4684393854883	-3.15324096491292	-3.48715800298562	-0.525239795218606	-2.74142468506399
NaN	-2.17015106142273	-0.720408709978043	-0.102659532166987	-2.95105715838018	-5.4995453531433
NaN	-0.0512755343487836	0.0997388460540733	-0.463777326694727	-4.383908143681	-1.53926846002597
NaN	-0.664116099602302	-3.70350564190159	-4.94932313471147	-4.6822891688158	-2.79573844994108
NaN	2.1665956629727	2.00715510017193	-4.51367718895827	-1.62247665262599	1.50497723516194
NaN	0.830639082645354	3.2208217931568	-0.485586508512298	-1.95387716097054	1.16879974330869
NaN	-0.744566633714345	2.5724358395323	2.40929565281909	0.800602885457546	-0.101407299092307
NaN	1.13413840521366	-2.20700629972328	3.59078154547338	3.29493937548233	2.40546529302221
NaN	5.45855350607459	0.568478158210815	-2.05428039940878	0.00383180063930477	2.8760929226773
NaN	5.15026557646585	2.16334259414475	-2.02676220185702	-3.70131392437345	3.36998167344761
NaN	5.55444346297007	4.75454529422509	0.211320362828539	-0.691540239934649	0.417779015489537
NaN	3.26884107259511	-0.587046132717086	1.09896560322487	-3.15463748909099	1.21794923215288
NaN	0.163979431905031	-0.487604862759875	-0.421634275406732	0.874605443354656	1.17890369538114
NaN	-1.72036020258755	3.39424692446641	2.63559721736929	0.56943625630669	-1.13161220140488
NaN	-0.663863793215394	1.09663147514601	3.6570543064779	2.03646738804082	1.30288448523887
NaN	-3.54211563421739	-1.53659267442361	3.71503117629237	5.49821927267402	1.12069144620844
NaN	-1.77052330085562	-0.196332720065121	0.559437020609446	6.54075973544418	3.85527293407224
NaN	-1.61438163317964	-1.48491028687487	0.907880372020102	2.14554610859032	-0.836709604657302
NaN	-2.98963432204153	-1.44850461751118	2.07782714756394	-0.99574362466175	-1.5837870786465
NaN	-1.75895654115412	3.52923210527379	-1.06242207783435	-0.674635638900488	-1.01994280037634
NaN	3.38164068290249	4.60972816398056	-1.44123651935507	1.04268875361021	0.297664318111554
NaN	5.36939567848535	3.722385916405	-0.503007722927082	-0.963361085478933	3.21799594899972
NaN	3.47232047790477	1.01808959056596	-1.35746913355855	-2.80981518427283	2.42152762057982
