NaN	-1.46682112065928	-0.541762610869736	-3.05041580091254	-1.11914939917572	-1.37829584329462
NaN	-0.396707291662159	0.710232334784335	-0.667445820811833	-0.630621372255788	2.2243095138866
NaN	5.27901201210832	2.08117547709192	1.40401717977206	-0.874511035374999	1.76037011012776
NaN	0.837373680096856	1.81960721883693	0.215174003803283	1.58904149617668	0.0536878884198052
NaN	0.471146997770499	-1.05921222383779	-0.808965535367466	0.825201731889397	-0.520339327167552
NaN	-2.41942321222616	-0.833223632706533	-0.878315280716719	-0.330028365510422	-1.27414016674258
NaN	0.586818047803815	-1.74747931274917	-1.03985564900529	-0.753904058767229	-2.8986107745043
NaN	1.1342702466135	-0.498043901793731	4.02756087952086	-0.664616535308641	-1.49955934173751
NaN	-4.8845377452676	-0.955188939264044	2.5279524310355	-1.54936801631579	-2.28857396198413
NaN	-2.53307768732788	2.12207979179993	2.00336843891507	-1.73462621861261	-1.84968872307211
NaN	-1.00608732598466	1.39135053182195	-0.496701466688743	-0.549324620726696	-0.526346978736297
NaN	-1.15604439395707	-0.205584931113508	-2.40787052581781	-0.465123274144916	-1.2087186495964
NaN	-2.47370141606041	0.795288670228743	0.638512317219954	-0.291094469255216	-0.693204866255552
NaN	-0.192962446562123	3.94126619606792	4.28051040493165	2.51120966698343	1.68055303731236
NaN	0.202983452984303	0.667007312744303	0.208855398330465	2.50858923176714	-0.0204053854138355
NaN	0.321538543972932	-0.152402504035638	-1.33468914309835	3.93707996285499	4.04337950526683
NaN	0.368805723003798	-7.37194185339722	-2.54753423110379	1.12298321449346	6.00592648654022
NaN	-0.651148327822153	-1.04999986794561	0.865104739472587	-1.90176170154591	3.17478379547146
NaN	1.72123488645271	-2.62851289253353	3.26529058773198	-0.114398454143304	0.804065443784834
NaN	1.50963331214769	1.74661340993992	-0.0642896803180497	1.19061798670059	-0.285396727771816
NaN	2.12561075517507	-0.4751811985253	-2.13091382187476	1.26864463506725	1.34020552806481
NaN	3.01149556320245	-2.99797168514316	-2.04677273589106	0.825253254640846	-0.641172559784165
NaN	1.09669059552936	-2.18269272385594	-3.07426246762711	-0.0664467672400205	-0.914177509621897
NaN	1.64925172099498	-1.76033382983225	-0.968285117120189	-0.356343356646577	0.153651168291148
NaN	1.09720228915199	-0.46155242728052	3.07373453433837	1.02786732085348	2.65860708814071
NaN	-1.01117183439887	-0.216484283002904	1.14200844014238	0.46283023645048	-1.61928548065615
NaN	1.40451622093148	0.315045900723898	-1.84418523451502	0.70398614570673	-0.83635081173858
NaN	1.37636074438948	1.73460079900644	-3.67838220414123	-0.0304951491349095	-0.105640289418316
NaN	0.181068112011515	1.66897685526012	-1.44028670819171	0.879572074675395	0.345539376489304
NaN	0.307525979631465	-0.204326221651574	0.594796864865548	0.549881536023768	-0.696412634515267
NaN	-0.215796709759409	1.78472133143421	3.89862350542017	-0.398857186416006	2.60181049774249
NaN	0.0400320701176465	0.655590364035942	1.1600829007641	-1.02875077465119	4.72067206572909
NaN	0.544837931823088	0.369713716905068	-2.6735814653606	3.67468188006179	-0.189816327494807
NaN	3.62765274977185	2.69638563380176	2.35409648055888	4.27573927646482	1.91432256004167
NaN	4.70854944407629	2.71066626204667	1.53809507626865	-0.198374423679042	-0.24875161695042
NaN	-0.0259026171460623	0.833866431113102	4.69922724281232	-4.26342621416117	-1.92388703072511
NaN	1.43712412159017	2.51473108044887	-0.283912485941437	-1.43581891971841	-1.93620212710654
NaN	-3.45884052322524	-2.71713980060917	-4.48768423557493	-2.33001904650703	-4.90315050825058
NaN	-4.78358543944972	-2.00377295950077	-3.87762273218824	-4.38187080030012	-4.98053338073445
NaN	-3.56877238272222	1.34594272026567	1.1230302087268	-1.05294153339051	-1.50048696615574
NaN	-0.0483517540675799	0.663484514881512	3.52679078693281	1.86662088846584	-0.731007593453635
NaN	-1.31292008617085	-1.72813938912944	-1.07521875751641	-0.799274163077127	-0.932624713451516
NaN	-1.41218393783724	0.301256633054746	-4.42316478979423	-1.37837720296538	-0.872927498160759
NaN	-0.207073743912362	3.36303089424531	-1.70769925760364	1.7103282258056	1.18576895073275
NaN	-1.89390635755253	6.09610526641119	2.884497646856	0.684101813157932	-0.623775779701628
NaN	-1.19071615239435	1.70422565841481	2.30026356453823	-3.14882219396825	0.455942126939962
NaN	0.118418914869802	5.41139784374703	-0.149167097358568	-0.394467514490766	-0.257252673549861
NaN	-0.101497057779651	-3.64732117568147	0.897901206124446	-3.75371940713113	1.54294979155186
NaN	-4.45807070460273	-6.783303059543	-4.80368058468663	-6.52173206476587	0.696878893804354
NaN	-1.05812659623597	-3.59737527126638	-2.42611558644134	-1.96609596663963	3.21676178767414
NaN	-3.46353648199723	-0.914008396435346	-0.451644073957006	-1.45466188598737	-1.79301800235422
NaN	0.468037960717662	3.24282622087688	1.06476887059356	-1.47982063507667	-3.3673458372657
NaN	0.506190234826148	4.79432396423542	5.57868642851015	2.72429122088325	-1.02344844473515
NaN	2.63330322456646	-1.23568908628564	2.64916942781241	0.749902743428703	-0.244039471229824
NaN	0.312468702417779	-2.49816543009284	0.662866327694224	2.07498794944346	-2.35134099227166
NaN	0.614531091582163	0.408135515978988	-1.44798711743268	1.26938758923511	-1.42161226119297
NaN	0.649448215009374	-0.632431166815704	0.406649261106595	-0.631204965674195	-0.539152275208346
NaN	0.135762272857771	2.94401089961159	3.5169563941921	2.10227781812366	-0.46318147046838
NaN	-0.19837057049331	-0.613445972888017	4.20548556084179	6.17924863305762	0.705041373199311
NaN	-0.680925997528103	-4.65325667855664	-2.68168137633114	0.70344368773652	0.0971630996966426
NaN	-0.614550153750267	-3.87617140000142	-4.18507075166273	-4.31662383418946	-1.1361483978563
NaN	1.66630919368923	-1.3674287214961	-1.24622303539636	-0.871905305086048	0.6360693836317
NaN	3.29480150856765	1.38651046483388	-0.442407188853565	0.158365710354431	0.496375089209335
NaN	2.02634422211125	-1.53479686397195	0.777776111482107	-0.261565888883108	1.32830811889004
NaN	2.63147813551257	1.04836869735588	1.21728775101127	1.38051481752758	-0.362328174577861
NaN	2.80998137168934	4.54452825676548	1.90595254813323	1.40178275978634	3.27184118543372
NaN	-1.82417291494035	-4.73481932837413	-1.611729002536	-0.624349139797468	-1.60364081305618
NaN	-3.50380067341664	-5.24407723238263	-1.81677851756799	-0.197820744205861	-1.65563063196349
NaN	-3.13596941658392	1.65749401738801	1.78756197936805	0.958536993541716	3.70386319359739
NaN	-1.40852231224788	2.3210671636717	0.828479596109554	-0.656429375327807	3.56825445464292
NaN	-0.201083726066235	-0.647020510048356	-1.26897037165028	-0.95860559396855	0.647582433878477
NaN	-2.19295393552329	-4.81275979509732	-2.72300606652171	-0.816546969241298	-0.493173496727513
NaN	-0.0354048652799237	-4.06965956335798	-5.1224655415408	0.390052407380826	-1.26190215989195
NaN	0.688867879210069	-0.893997639489792	-1.71611079021623	1.55777460967574	0.722804621317077
NaN	3.46035394475966	1.5485874658359	4.33221130405646	3.57565485643135	1.45926655942036
NaN	2.13003950757769	1.46771029987302	1.32297812504061	3.43151183565741	0.447506953890836
NaN	0.536138774991489	1.04858796390545	-3.48488381533219	1.74154920746335	1.09882680900203
NaN	-0.426039873228536	-0.998315384033099	-0.859420480567157	0.181111114485706	1.00490570410404
NaN	-0.110872004787226	2.02864306200568	0.377949303137679	3.667251995891	1.61796297847162
NaN	0.111082009964375	0.424345869337393	3.05265937181875	2.69470970997726	-0.549900379090801
NaN	-0.375301217634316	4.82008486987879	3.90330364390784	2.14820684867236	-0.260920845941599
NaN	0.384871413710323	1.23194440478206	0.491095524343283	-0.307982283402175	1.27205094575324
NaN	-0.692252291530747	-1.820541591963	-0.258794267600098	-0.324110226823379	2.18803351566816
NaN	0.085018202439304	1.99396438767311	-0.218027846011893	-1.31232474410132	-0.718059299420651
NaN	1.27553615141939	4.23855751514848	0.868519173230159	1.09020589449386	2.84131594548256
NaN	-0.816376012738702	1.12344383525673	2.67391533651545	0.54869860454158	2.49733728983978
NaN	-0.415850940062971	-3.48776684052906	-2.03304946199133	-1.89933846548494	0.839893247562008
NaN	-0.500953494159814	-0.0705679233645526	-4.75494971248414	-2.25583291758621	-1.7901654379863
NaN	-0.00164296807046149	-2.05678408828534	-2.95954116893184	-0.600895256452689	-2.2913675068002
NaN	3.49701239093731	1.21844368586581	0.519612408301877	-2.27513879204285	3.41994322238813
NaN	2.54500460546022	-0.348602515457217	-1.47612132049568	-2.56138070738848	0.109318850607144
NaN	-3.48300358762882	-4.83164548361366	-3.60008805241348	-0.878085586870769	-1.62611578394763
NaN	-0.819318237041272	-2.41672515432182	0.195865549400104	-0.428711685537859	-2.1430620016798
NaN	-0.517379390487838	-0.71827675014128	-2.87729533460089	0.613823032560624	-5.35396197346573
NaN	-1.73694652158523	0.350829013486065	1.421052593517	-0.750002401719821	-3.41996494560125
NaN	-0.219843773934908	0.929567719551933	5.54320179133493	-0.131726665392622	-3.09155595594901
NaN	0.153243198145624	5.35160168064402	7.71791478046361	1.74899338361733	-0.624126292364754
NaN	4.33829869669735	7.24023043819924	4.40098324101752	3.79638750316148	3.00040066276002
NaN	2.00207435180048	2.11396866615975	-1.76981569630487	0.075873435007691	-0.709170653910379
NaN	-1.0802764200368	-4.02318960170974	1.42285638956958	2.79819694221014	-0.437990069794502
NaN	-0.0597217152240603	-0.21864924936339	-0.559568787714525	2.56222874208292	-0.340043745483111
NaN	1.83190321244709	-1.14661220822574	-4.84601209112343	-1.64911592633268	-1.50153416344894
NaN	-0.753129534361784	-0.376419049877888	-1.74564928823993	-6.22543333268754	-0.701446778706026
NaN	5.36090033272609	7.35954163298439	2.04127837513205	-2.27182686552269	6.71737888716928
NaN	1.38925803733047	4.41267587727567	5.60053550672704	1.89547717685995	1.91506424502212
NaN	-3.3855647841648	1.82691002571999	3.62181419052374	-0.989235473286968	-0.459125810403013
NaN	-1.83005558317356	-5.61102794972346	-1.66496730787542	-1.34349525491889	-2.20977344309709
NaN	-1.64236949475679	1.09076727442631	-2.93082866267217	1.15569544198075	-0.888870157012691
NaN	-0.474905833425155	-1.20280017999362	-0.228017942736328	-3.48889977889996	0.711414106289704
NaN	-2.5116234638492	-3.03944649619918	-2.8417878987024	-3.11647504640695	-1.61522560245497
NaN	-1.82932839115686	-3.86431565815082	-1.82731067923226	-3.27300905702525	1.87767533236713
NaN	2.4061125569651	1.61544952529398	-2.90363659980545	-0.0952771559821587	4.16926512930527
NaN	2.10267283491118	0.598138093541945	1.25043748544538	-0.292196818927163	1.51414909178932
NaN	-1.66397291567597	-2.77541216196429	2.1581322986435	-0.644499156163713	2.13345693361011
NaN	-1.47518288967286	1.24102156895599	4.33647858928681	1.58799021306997	-2.15203906935816
NaN	0.633181678054239	1.75202518282163	3.8454664535859	-0.821906857274116	-3.5548714932304
NaN	0.0770084625551051	2.93024560873488	2.45863240626894	0.688299756412154	-1.745431333206
NaN	-0.456159740880537	-3.29886173583357	-2.22172687587009	-0.805402396907804	-2.36734041662664
NaN	-0.302924641307756	-3.756903836132	-6.06904990110405	-1.55709466837074	-2.8009000353126
NaN	-1.58819172479157	-0.889615931560469	-4.01313378816163	1.54825265783691	-1.78840328420825
NaN	-0.544061351171957	2.89294835478685	-2.18179015626199	-0.575535449546479	-4.82589743172511
NaN	-0.442060977394559	-1.4868217774569	0.748308512753636	0.462780623094277	0.170382859815512
NaN	0.384266651039012	2.66609048759678	0.318808017058344	3.0109309827121	1.71993554800284
NaN	1.4545605904583	1.87772088177672	1.35780623021034	5.65426769062744	0.0951570684627927
NaN	0.0379636231082056	-1.62439687109808	-1.83474153564388	2.85674539892356	2.3831069570317
NaN	5.64824415701727	0.565899557383426	0.944763651136899	1.53314369020228	3.2743561138064
NaN	-1.02324727658665	-4.61652763515935	3.16899395647829	-4.11940438713417	-1.09075227116003
NaN	-2.39291925427573	-1.62553202434602	2.484095191998	-1.37183897707999	-1.20967491171758
NaN	-1.43102524530541	-2.89256926513718	-0.273537307401628	-1.79214630709887	-0.999806409001414
NaN	-0.977706365705376	0.322721366697722	-5.03256754262079	3.4790080327972	1.40905728660089
NaN	0.100034194457242	0.170555134400075	-1.28226805132053	0.0345817674608309	2.49043321089146
NaN	0.502161184501132	-1.38194239359481	0.12277536922593	0.869471476965286	-0.718598107404093
NaN	-1.81829621872321	0.313007451239009	1.8313070699481	0.0515366022359518	0.42439055458179
NaN	1.76246898151526	2.33514182190784	1.93081341625808	-0.588015751156605	1.78179610088524
NaN	0.533271236459435	1.20057566290537	-2.34240320064719	-0.29505670811278	-0.226844414273513
NaN	1.44022739334456	2.74208202627359	0.0219484537556391	-1.62296662323022	3.60846996115951
NaN	3.09664470554547	3.46122436804224	2.44146067233429	0.0754436523080829	3.73137847688978
NaN	1.39816193965988	0.602941978178373	1.96386322753147	-0.00531113770434677	4.58155516922827
NaN	-0.280133018965077	-1.13181323417111	-2.77372423587104	-0.997816310013616	1.77218498108643
NaN	-0.187243207926503	1.76266359697556	-0.181940677216816	-0.368844731923181	-0.479201871848575
NaN	1.29140465550348	1.18619165282108	0.423815922173739	2.07116455840743	-1.01641450763354
NaN	0.0656548724135553	0.434635325547694	0.0051459612375232	-0.651582454034677	2.4639828466331
NaN	-1.07029447034045	-1.67068426178717	1.29682500263163	0.106797179402832	-1.80651589124087
NaN	-2.18108635515069	-1.95270458470779	-0.158639859005966	-0.109552754124369	-4.20830275574305
NaN	-3.68953552636526	-3.0832794053797	-3.17738106270037	-2.54229278930877	-3.71232390433726
NaN	-2.92962068867685	-3.51675232894984	-4.49732659514758	-3.37085046771785	-3.94839638048153
NaN	-2.00822655355053	-0.428261710315691	0.629753174367641	-1.06338322323926	-1.31035451782683
NaN	-2.93708146024907	-2.86680033521494	-1.52360708082974	-0.225990566064524	-1.80585323187103
NaN	-2.66815414632065	-2.65171364710912	-1.77549667520702	-0.239098870697593	-1.44721143300971
NaN	4.05177803527601	2.06003289347977	2.82077408795085	0.929670778752656	2.17502285446226
NaN	3.29487684045583	5.23031831567529	4.64420932543072	1.83715961532145	3.69426854111298
NaN	-1.09858362202563	-0.447919697373905	0.903767622853007	1.60382847988756	-1.91489975728696
NaN	0.758163314850345	2.76733569145083	0.673900135030859	0.569280851423442	1.58592741690172
NaN	-1.55887293670902	1.23087932227367	-0.0459537113739141	3.42419392075532	-1.56381479832626
NaN	-3.29065088011216	-5.29240226305847	0.142175209830486	0.13852928101976	-0.366791261009779
NaN	-2.01091415205592	-0.295491662402732	-2.35760416651213	-2.55453545112666	-0.371096594382489
NaN	3.30352618185028	2.68361543933201	-0.185287340152756	0.931558849645373	2.41345919055415
NaN	2.88591483231509	2.28157015482539	2.36980140353363	1.67705274997622	4.452960582271
NaN	1.53688076803501	-1.60157672777914	4.03372512346108	7.17409772858879	3.22936329611802
NaN	-3.39796971410134	0.475213586639555	0.999807685990885	6.22733344698658	2.50297941997708
NaN	2.12410880577382	1.7921693306031	-0.714172227129017	-0.257157796928612	2.04232424878114
NaN	1.2401482898474	1.93155095185246	-1.29942376890938	-0.197662984773214	-1.33665046107198
NaN	2.05801206216857	1.85514303107793	4.20466599237033	3.66135213906621	-0.190231496853664
NaN	-1.37530671259206	0.773413021131758	3.81259599238691	3.26824727249297	-0.386880739953769
NaN	-0.571030460219212	1.83116860565553	3.85261136915215	-2.72126318476882	-4.02751065744205
NaN	-0.824846830725048	-2.17099643561736	-0.00409404926306323	-3.47032375722076	-5.38741710230502
NaN	-1.53884216884649	-1.0160144246006	-2.61799203093276	-4.01159832772322	-4.11124244576575
NaN	-2.49441724603612	-1.78853538307259	-3.48789290608257	-3.38617902290603	-3.9132843774847
NaN	-2.6316722127555	-5.37239858910558	-8.23793938968263	-3.51663863038817	-4.12588986182831
NaN	0.366469246982733	1.72958517508738	-3.39671882010698	-3.01828916969537	0.746810049914556
NaN	1.16857695298306	1.74300195119146	-0.923740374268123	-0.819575428063182	3.2067753566173
NaN	0.927283413160755	-2.33554013303425	1.94643679414123	0.904932505671493	4.05115092765282
NaN	-2.20227237651603	-1.35943207075779	-1.79158861859834	0.366684361213262	1.87782695029881
NaN	1.83041624516421	3.22523442500251	0.97120174449721	-2.09768847568725	2.15193114883023
NaN	2.24442610184546	0.947541638923845	0.222709623745979	-1.48360521957387	0.27519438818146
NaN	0.955784786357587	2.24487488832283	2.88987678193098	1.29260017218301	-1.1523339044421
NaN	2.83939985688051	2.59915842216192	2.55045908820566	-0.501368901631761	-2.48367992619743
NaN	0.4381060726867	1.85579508741966	2.90100667393369	-1.68380613755942	-3.42446955660499
NaN	0.0712511350001368	-4.746126312389	-3.71750057157653	-0.146513912543078	-0.52249793049102
NaN	-1.9618471153436	-5.6336601279966	-6.77962506268648	1.21774262034497	-1.20977706277766
NaN	0.842566009258971	-0.283148594509673	-2.22472412605626	-1.15496931188149	-2.01354111307408
NaN	0.835014425063547	-1.74797071564073	0.47212781232072	-2.97671112412775	-2.68815583832154
NaN	2.16588553060317	-3.32087238648252	-0.0795692467431209	-1.5356106670548	-0.116374482154325
NaN	0.457528441150424	0.722389260332828	-3.42598748745781	-2.31671886780292	-0.901596672479754
NaN	4.42313677561579	5.06068462714659	2.35027091541343	2.90852970905464	2.62531673764769
NaN	5.77181564354893	3.73579914412662	3.5629914892966	3.97877054973558	4.13521367081106
NaN	3.46205375102151	1.44954479359786	-0.357388946023386	2.41975493509292	2.08770824563929
NaN	-0.531573395801949	-0.865634387500506	-0.23717638628423	1.44436236115714	1.51809329149654
NaN	-0.0627403823187413	-3.37675399311649	0.576665384562234	-0.367409389286155	2.93765880301381
NaN	0.841822925115217	-1.14263600376005	0.794486256027825	4.00600652220101	1.44165836108692
NaN	-4.11198747444421	-3.2954604763621	-1.48967042257459	1.76517970616117	-1.46370131837485
NaN	-5.1619940862665	2.99137837514488	1.52066011954706	0.350848078200704	-1.48050120332138
NaN	-1.55518859399838	-0.888599673251463	1.45965661630518	2.35034240835904	0.702896799087176
NaN	0.785988539048383	-2.23531114327015	-2.09389335535526	0.814936365560043	4.41570413252486
NaN	1.94482728057024	0.810281973077408	-1.17791725929318	-3.42079182382115	2.95944905014918
NaN	-1.10780881536024	0.750934991633343	1.95825758923696	-2.89619189902629	-1.75222390301831
NaN	-0.196084971795006	-0.414586234197004	3.44022937505516	1.31821121132067	0.776476100501023
NaN	-1.18478185388459	1.9259119198023	1.61393825398195	-1.43113829670299	-0.777218258615416
NaN	-2.19275594802152	-0.991946443645581	-3.38886885003193	-2.82478967811674	-1.91634769628049
NaN	-3.25847551490628	1.06412722366799	-1.85259890622331	-1.81847711457266	-4.88667006453407
