NaN	-1.01380312451491	-3.01565839507142	1.75200995792693	-0.594499072807836	-2.23305350691459
NaN	1.67493288759415	1.36182818992094	1.89313125083861	0.740413285034091	1.26015886935047
NaN	-0.0746849774957812	-1.46743055873652	0.629244377550234	0.9381731854744	2.2025533501777
NaN	0.420224237693887	-0.578910991061855	0.493333307882426	0.86343676448825	-0.0419962213124223
NaN	0.547222217429965	-1.20813148481849	3.60630447422136	2.02823202243946	0.462859445162284
NaN	-1.57446062680661	0.592321017719098	-0.155147229207754	0.635887361706419	3.04501936980962
NaN	-0.347967300093163	0.689813054662369	-0.422140673190892	2.82645883580072	0.0954263650925408
NaN	-0.254365710078888	-0.623236428388278	-6.35718955595368	1.51144777324306	-0.531789012001115
NaN	-1.1657747187632	-0.177150190698332	-2.49245231864058	-6.15355577562886	-0.572891428060115
NaN	0.752392802479554	1.33558633560544	-1.68198275415216	-3.62303621625207	-2.15037378508352
NaN	-0.695322921175587	1.08387865448389	0.0989964369323231	0.579269766373449	-1.87993722930941
NaN	-0.485684938438948	-0.290891999122403	-0.0527848744418388	-0.549477057849149	-1.23943857699455
NaN	-1.9204406917501	2.69219895679631	-1.36201567691481	-1.20797132571195	-3.36192943540999
NaN	0.149520337856465	5.89202476044377	-0.544117929640332	0.845204459652471	1.09258339956323
NaN	3.82916327868349	3.20815791610395	1.50708970878243	2.00082418996078	2.76651989876988
NaN	1.48637353372255	0.564703419913089	-1.60435475609756	-1.75238897470161	1.37356283858134
NaN	-0.545319787894827	-3.49965049468095	-1.21458517026026	-3.23227373351712	-4.18030752541831
NaN	-2.3181845794082	2.29356768301698	0.4837049761846	-0.448389678728255	-2.29482269407319
NaN	1.84624492354498	2.06135680439973	0.305786782816297	0.308441812062314	-0.740899788728467
NaN	3.34127115131651	-1.62085041695857	-0.985724623899389	0.698988397154078	4.29567416865763
NaN	0.38199878584351	-2.10890552742265	-4.47751043680498	2.44020423120641	2.51351351744505
NaN	1.8805928382325	-0.716271277030634	0.65970761564412	-0.687164812094912	0.952962964457343
NaN	1.05477434737204	0.156370004959603	1.25432984548381	-2.48328809958643	-1.54956857067192
NaN	-0.924336904385463	-3.28648441574557	3.54988548083526	-1.46451504343717	-1.2299417987043
NaN	-1.48319314980167	-0.295406644095143	4.76067632212394	0.830040312082385	-0.198828307765568
NaN	-2.56261154829085	1.57522018255635	-1.75983600414748	5.0000429462782	1.67794554032407
NaN	-1.53598728483743	-1.37954927819431	-0.443390408723294	-2.45641535800588	2.32048817165459
NaN	3.28535706795298	-2.06989374622282	1.32944248849606	0.108969946018046	2.21037117959434
NaN	0.283754373917213	-0.0889304964980694	0.229414989737488	0.886839002810466	0.410754151878406
NaN	-3.22979217111574	-1.69703506703555	1.33124947486561	0.171739507250384	-2.23177231971307
NaN	-4.35835721172937	-0.061923673991792	4.42855208259652	2.71617972103376	-4.80819588011847
NaN	-2.20559737903042	-4.00558523133642	0.960892224982127	-1.1616785891228	-0.93786343169271
NaN	1.35077782713015	0.200271920926774	-4.53633307637291	-1.12393785359239	0.548503701769622
NaN	0.119861741588853	0.00379883601323819	2.63030502932734	1.64422454366066	0.0526023178519177
NaN	-1.04543978156336	-2.08756263614001	-0.761575426845103	-2.00266304156842	-1.85209148476199
NaN	1.0082960395259	-1.84564632503988	-1.11327036746616	-3.19326588729171	-0.0322593682052374
NaN	-1.01955632336684	-0.735549581782713	1.95032477520021	0.827620858460261	-1.50231092780441
NaN	0.30336338821082	0.0646141358007954	1.69176224281238	1.46232757429093	-0.457732151379536
NaN	-0.123734491021954	0.0244073726638704	4.57932099344716	1.56223252387629	-0.775054040003202
NaN	-0.737928732907245	0.236924705942945	1.14640310544759	2.48017578781633	2.15651541390904
NaN	-0.225625528724986	0.0184123988956743	-2.21518368195008	0.298191578153639	0.977896697266441
NaN	0.827692324723016	-0.193828635595208	-2.18723605266787	-1.58639847930124	0.886603767219757
NaN	2.1367761797433	1.54725004564072	-0.0458468875287144	-0.443225022112876	0.276179070372191
NaN	-0.850210118150264	-0.417834326387078	-0.559398801628757	0.302457063457204	-1.50111136003207
NaN	-0.308272394564493	2.46951783830744	-1.96784918704184	0.45723576556822	0.822017849362229
NaN	1.23125417110308	1.83688950814073	-1.75675104041645	0.267733760118795	-0.229816295030746
NaN	1.1000293053336	2.49911410331987	-0.0585336808367649	1.56011658627709	0.433518797572049
NaN	1.0791416999656	2.3170841757444	0.744138713579221	-1.98814521958912	0.781708306929003
NaN	0.217615549773502	1.3564306699357	3.04516480069737	2.94778474164869	0.194732692116822
NaN	-1.07657286638083	-0.421495866697233	-0.958879774599632	0.218425502926773	3.22122990728921
NaN	0.0764903929904465	-1.27848221161396	-3.76306532456357	1.65207260696383	1.86447982417327
NaN	-0.105152130424675	0.451585231202802	-0.356053743424293	1.86946637270177	0.500651025490205
NaN	0.730554185201272	-0.477282729801283	1.58242987043288	-0.607495668082479	-0.943676695146771
NaN	-0.164746559899937	1.38713834144058	-0.411288132318966	-0.947486094823957	0.974948376341355
NaN	-0.552947506531544	1.63955966042297	-2.52787616830114	-0.4338410152874	1.04803547641988
NaN	3.1636652566565	-0.0218534537337665	0.207187250940219	-0.394979847098832	1.52472512763915
NaN	2.75878133607671	-0.0192085936987337	1.25212935984088	-1.33577646276653	2.51425581215122
NaN	1.72861568103904	1.31530001837	1.34231521110952	0.651250893719314	-0.264719586832816
NaN	0.551981764251416	0.385161719773127	-1.27394654871438	0.699041520130355	-0.965225951063998
NaN	-0.639987978915371	-0.966494538809322	2.96674596131406	0.501627505149322	-1.69079669980407
NaN	-0.894783682186125	3.06089179310295	1.40105307123408	3.87251735951607	1.35041680559389
NaN	2.47131816242441	0.5606255602458	-2.46337795272335	1.13130568655028	0.54049929109728
NaN	-1.29947933422427	-0.187252043683028	-1.40109127058087	-3.10358814016935	-2.45682880694185
NaN	-3.70429114424358	1.39105423974538	1.08368412762311	-1.1236312926545	-0.531004638673962
NaN	-0.35674085960712	-1.45345526418507	-0.147996556474048	-1.00046058518234	-1.47693086642641
NaN	0.465531926983416	-0.566726038103279	-0.583585437200167	-1.78285884223884	-0.995405581284209
NaN	-0.206904666946896	2.42080683130322	-1.6682030290683	0.258016527263334	3.35092402184
NaN	3.82781449126383	2.67080813580732	3.60208233216162	2.62068119318684	0.932831616392749
NaN	-0.0830785401151356	-1.43223327229717	-2.64782809222647	1.4893676289568	1.57233065747125
NaN	-0.470519896887699	-2.89464923388991	-3.43645099633303	1.3407992997566	0.146933852633936
NaN	1.03905139737982	-1.76579340291132	1.08661312159494	-2.62263837599886	-0.9451132581072
NaN	-0.114175630407713	2.0322462994758	1.46398659648285	-2.25455556112596	-1.02172294243656
NaN	0.759844999312808	0.492436462500802	2.14287538863537	-1.36053834140086	-1.82193780798977
NaN	-0.474668682160511	-1.33862803762889	-1.2449117890033	-2.77789154272437	-1.58973372349547
NaN	-2.13549884701917	-4.00788252433408	-1.85219227166549	-2.00180194959798	-1.48579597534077
NaN	-4.00050616072383	-4.8815173593987	-0.747182378734229	1.17532433115438	0.199971286188171
NaN	-3.46128983394696	-0.960977594750508	0.0620284279029986	-1.32542201772843	1.66167770574368
NaN	2.12520525416054	-1.00852003076709	-2.16883381837861	-1.65444154221091	-3.23780192041031
NaN	-4.73916478829218	-0.813032926006164	2.51461848218366	-1.0473114528961	-3.3271320386534
NaN	-0.841344903881797	1.53401104841099	3.38494600064614	-0.131442367305801	-0.724182577318839
NaN	4.2161376262011	0.0557192467387472	0.927622910794516	-0.0939690402242249	-0.15466150390137
NaN	-1.1412666736746	-2.62193008442438	-3.08686892373732	-1.07718167412407	-0.646266906130633
NaN	-3.67415617232442	-3.83498305881818	1.52169055639113	2.18300892652135	-0.0409360640269832
NaN	-4.78331961255431	2.0372299687492	1.71903367808341	1.32946791244853	-2.69159530586152
NaN	-2.433147699981	1.20229247628805	-3.04860200225624	-2.1708598520936	-3.75933592061808
NaN	-0.801198352042887	-2.91257318737601	-2.49170278492838	1.75073387035909	1.21512974748175
NaN	0.346623819592631	-4.56183705986432	-2.43870800064612	1.43321750757216	2.84771116016791
NaN	3.10124885377691	1.28980532952683	1.95275977572319	-0.551836085030025	2.78373540558422
NaN	5.43123111621268	3.48437100070299	1.10145094665272	2.15996512848306	1.31595105551812
NaN	3.33529780234658	0.557395546245542	-1.80142072416613	0.00605029080062609	0.0492632665576913
NaN	1.45009607181564	-1.31320604871821	-2.44802114329228	1.54445216014889	1.00478721866389
NaN	1.30565737193989	0.785045517170731	-0.900450030652407	0.454556470814875	0.442697984658862
NaN	1.88526483025759	1.57874938322977	0.639164933982526	-1.68767808083304	-0.0628658911473144
NaN	0.257818790867075	0.289916287261213	-0.0574510923641113	-2.4049733423045	-2.45390512252051
NaN	-3.63376400334923	1.22614359113607	1.62690930559677	-1.46027558804666	-2.65568558771225
NaN	-5.35082585040473	2.7453899568397	2.93807647091771	-0.65002653388459	-3.5504779354328
NaN	-1.34923469919871	-0.8608387832434	3.90308908434348	2.64986233703215	-0.561234641128393
NaN	-0.146094215794133	-2.34817677327326	3.73625045919384	3.0154950699572	-0.788261190310921
NaN	-0.651856280989535	-1.54637770025386	2.61718921947199	1.08634791943742	0.356976010686213
NaN	-1.20183153591797	-0.217601286690685	1.78480814026709	1.0233193061579	0.922116179974879
NaN	-0.573489804230809	-1.4156539898485	1.64031148365929	2.67074237398415	0.821343758691227
NaN	-0.317467094592898	-0.865693013169499	1.55309674493365	1.63686907529826	2.58875968986631
NaN	0.757389830126173	1.8945096691125	-1.35691539970164	-0.959379041676699	-0.731521001711295
NaN	0.0657224895621203	1.14437375833957	-4.53309028614435	-3.69757928360674	-1.49173988474875
NaN	2.33986339608024	-0.40494336945237	-4.09145787321789	-3.27502274393556	1.53646632005971
NaN	0.548970304084309	0.524643279945955	-0.616579518624952	-0.695672269616872	2.70712520576382
NaN	0.641356121580245	0.0748025852824644	1.24730803743132	2.62121280843572	1.51261258311207
NaN	3.77228417249393	3.15211503556104	2.75571510024941	-0.119618933179456	-1.12586101668135
NaN	3.77691313325959	4.4238209218546	-3.60254663267237	1.1510578729598	0.364954390839141
NaN	-2.86859682955998	2.2207866361176	-4.88309721865835	1.33493167684702	3.99589891097638
NaN	2.09806019836152	-1.15611157313134	-3.93736456663402	1.76339253365602	2.60148093289607
NaN	0.680522398964841	3.47026458915649	1.35218501385693	-0.551819959708452	-1.85070566113089
NaN	0.635846241399921	1.9441208743207	-1.9457939968775	-1.2112091085713	-2.36621451836114
NaN	1.40793432927563	-0.0507282794341873	0.637417685408355	-1.69340122108373	-0.688483001162148
NaN	-0.493760980824159	0.437990780029141	0.0728985946084534	-1.96283827522694	1.49423437543395
NaN	1.49081430116281	1.30050001614499	1.07238788147472	-0.156987946660247	-0.299872329515852
NaN	0.147626581825634	0.63448016181337	0.354139226296174	-2.94109594051055	-0.403561300242314
NaN	-0.827930110123992	2.15018166796288	2.62529142918992	0.0796517831210752	-2.43067958528352
NaN	-0.175479544652884	1.75973662453929	-0.160445103851198	-1.28666107924872	0.215518393982785
NaN	-1.31122252143054	-2.01510661965166	-0.831492098470926	-1.77193472168175	0.364435195153445
NaN	0.442191243863861	-1.00165075504177	2.33380455464042	0.972953199214781	1.61116657166727
NaN	0.88357849961188	-3.40789856975374	0.981415620268767	1.27317805359315	5.34388111654294
NaN	0.455727728204745	1.15406389354583	0.130001970636176	2.85425539952397	4.77203227604281
NaN	-0.0105600494228323	-0.418857763776288	3.60569288095041	1.38198975715039	2.00901520227075
NaN	0.573034513977742	-1.26974271080488	0.395240043842906	-0.871025817243779	0.193415413640879
NaN	-1.22705536959209	-1.21183680087132	-1.61762128439591	-0.524407062147928	-2.20854138841266
NaN	1.59744163566807	-0.124224011225925	-2.06081892129443	-1.53374417682506	-3.87389841311856
NaN	1.25897269793431	-0.551042412574653	-0.421031792591798	0.350169495166042	-2.55224260068546
NaN	-0.840177733929899	-2.43852602045773	-0.633718071602422	1.3800532472655	-1.3014503439078
NaN	0.455447076244319	0.231857119475514	1.52902507373179	1.38923073264862	-0.332553506390015
NaN	-0.462063454045548	1.6938646353914	4.67253026737716	1.84156709298216	2.79255753535461
NaN	-1.03919409944757	-1.37465353005806	1.31245046042013	2.26718907665055	-0.519872972194324
NaN	-2.00562662342585	2.15499124334242	1.31977568908927	1.69472586137396	-2.63378537552621
NaN	-2.69661795329557	3.30009273697787	4.24282394595111	2.90917023052377	0.745272919543565
NaN	-1.84419380424664	1.70812981859576	3.60293966542676	1.81737320116902	0.918261471972378
NaN	0.168876549111098	-3.327873976523	0.26231292953462	-0.80370871926033	-0.10324878550486
NaN	0.483530869637596	-2.33030431967778	-3.3159571194448	-2.84622771832293	-1.65710867203124
NaN	2.54158614252757	0.420893652030336	-0.998330981192987	0.731332787054673	-0.500359317158492
NaN	3.19723207449045	1.02558588182171	2.55055830356428	0.800647795744476	3.09624464584724
NaN	1.14520282002387	3.27897336137337	1.30942207377034	2.37403887639332	2.65749836322558
NaN	-2.35264786154213	-3.03745926076659	-6.06775888438151	-3.47200700528687	-1.38967733577027
NaN	-0.13879421170469	-3.28695003119419	-3.15186755813999	-3.34971217055233	-1.82684105864304
NaN	0.814497424568474	-1.82077241496328	-0.291991012182587	2.03117564263978	3.10305309429167
NaN	-0.276180943627287	-2.46906008671921	-4.36287791419516	0.065266391099849	2.16512961659239
NaN	1.160805150053	1.44931595931373	-2.22797815939619	-0.223353856368728	-0.859632168641975
NaN	0.0126487310528849	3.24649125261182	-0.329143156083752	-0.884243127409992	3.60546623375313
NaN	-1.83179107222286	1.68104145054969	0.32168087439631	-1.00396610289544	-0.98396392867608
NaN	-2.97949362651016	-0.100767446707557	-1.38428839311394	-2.99205967682845	-0.107778921812993
NaN	-1.07341431316307	-3.59271309072843	-2.41238519093315	-3.15954727980244	-1.34074528289121
NaN	-1.29400103906052	-3.40403754811477	-1.60679498861085	0.208934196735508	-0.325726179888047
NaN	0.568288544148079	-3.09746979080121	1.3725812671667	1.27633644465295	1.35393277416073
NaN	-0.290622755391556	-1.51989077247084	-0.285557511091745	-0.587087121334731	-2.18321904384475
NaN	1.25303383190313	1.31593422451182	-1.70746433905478	0.451385411326814	-1.67969122916305
NaN	4.92930578012892	3.68890917430824	4.22269967518116	5.09354158555269	-1.48011932667083
NaN	2.15513793256009	-0.84104038337008	0.710280941061055	-0.516933118913484	-4.81157780831998
NaN	-4.62389580854219	-0.202464309406326	1.72194786503187	-1.12520936936264	-6.6514153243647
NaN	-2.03239666676136	3.74810802556895	-0.440258251252487	-1.56766375011925	-0.699678447981745
NaN	3.39106124227693	2.26714258617267	-0.0333936388830877	-1.09246512741464	0.8626051018628
NaN	0.0549331240312242	-4.15433408969977	-1.85185376270748	1.19168134783297	-3.77721331050011
NaN	-3.4720650437697	-2.50226656673412	1.71608736035866	0.897082076126593	-4.047443301495
NaN	-3.3489389507739	-1.64064596317086	-1.1569020838739	0.0242496396875363	-3.7142123971432
NaN	-0.876581213179949	-1.89602500441782	-0.0830039330496114	-0.255665228837089	-2.17244959719635
NaN	-0.183691574717939	-2.20152096615445	-2.43635496757801	3.47511863513879	1.92319945161225
NaN	-1.52316795499753	-1.69433293454819	-2.77792264867094	2.65165155349167	2.444430190852
NaN	-2.42375006987935	0.204236243852813	0.211595416307675	2.19924982175994	1.72330562007382
NaN	-0.943883324086917	1.44766698964972	4.64108384201323	-2.18958057737013	-0.972289711072517
NaN	-1.44393871707443	-0.745617646439689	1.05241855880935	-2.12873136966976	-0.434814562796124
NaN	0.609979302099317	-0.443905245045063	0.787676274122682	-1.93430709598393	1.31280555374811
NaN	-0.318114060024005	0.254582591141512	-1.10186278080017	-3.12856273631868	2.16234107031882
NaN	-0.821583733762638	0.855182770342978	1.68537520425185	-2.81856481038173	-0.767881126341124
NaN	-2.46778150164313	5.31265458569007	2.01285739913728	0.493140926268054	0.696733607401675
NaN	0.801548174856132	5.84143052450778	4.37061471813405	1.09289583327462	0.504071894393042
NaN	4.39404092592178	2.07370422904481	1.84463360604096	2.21040852572103	3.42311469681843
NaN	2.42404343440161	2.220255204529	0.389068999911543	-2.37713545157363	3.18363122011933
NaN	-2.24507750836415	0.601600511473389	0.797358222829749	0.478616660579843	1.44957772291313
NaN	-2.30910895882849	-1.2544405339006	-0.765461291127453	-1.13903328617208	0.169502270282729
NaN	2.17320156366041	-0.0636022308971987	-2.00800406433531	-1.1056694728505	2.42804532132877
NaN	2.16778898573379	-2.94022632659561	1.79746789575297	2.85719656077782	1.91604257232367
NaN	1.22597682905452	-2.5876813850424	-1.38724781242795	-3.09500949961337	1.99905247673353
NaN	0.341510328596857	-1.58040109643816	-0.716750987203833	2.39195414213293	4.33673656871214
NaN	4.04424285786897	-1.76752835292627	0.818910384107634	0.551807133300967	0.955737210858638
NaN	5.97841450819395	0.777717103935897	-1.31955079663821	-3.71561069515572	-2.32550041637164
NaN	0.82026590864586	-0.783944382628851	-3.35501293979641	1.91510999980936	-2.43263434328143
NaN	0.582554315652848	-0.392305626082002	-0.168678446737241	0.805660329326082	0.236312279376527
NaN	-3.52458871725112	3.18663100161258	3.470043305705	1.90591171143336	-0.989898223608466
NaN	-2.66027200605388	2.65750738595246	-3.00815465972021	3.66369079634128	2.47117913561092
NaN	0.191167364740075	-1.88334053690141	-4.12415418721226	2.54399452241816	-0.326914647497908
NaN	2.30005125177598	-1.53017915972977	1.82887403507883	0.260037708149433	-0.573131928540202
NaN	0.187679820517504	0.249825783774133	2.34759300090603	0.102404777050577	0.741370788786551
NaN	1.05953647282651	-0.37665225667523	-0.492831641597561	-3.12815584971752	0.38217508839623
NaN	-0.586383638258867	-0.278502732580662	-2.42569663839537	-2.97738395412202	-1.58434472811088
NaN	-1.16117583924748	-0.927215144323781	2.50516400828978	-0.0961718208965559	-2.50055827603957
NaN	-0.353319118713991	0.864438503643797	-0.557098134354288	0.339549001013014	2.58700037108893
NaN	2.69133378309582	1.27996514222002	-0.910685907347377	-2.59672319864402	1.29266353080623
NaN	1.55843461741062	0.173820712507684	-0.394423257425852	-2.6742614930119	-2.58542189241923
NaN	-0.842441849592279	-0.46009289506313	-0.606684542898129	0.361669601336445	-1.90591040127993
NaN	-2.7540323608402	0.832253900405489	-1.3982624919308	1.95033191323673	1.69386549528402
NaN	0.443943103316234	-1.26650704262884	1.50606898722954	-1.36189066371314	4.1057842163505
NaN	-0.490943231744735	0.470793424726002	-2.51049311934897	0.62199031332154	-1.55002362788909
NaN	-1.40569765096301	0.81665333395941	0.233570898986181	0.289245702162854	-2.27436260845557
