NaN	-1.10564961067985	-1.40883889951962	-0.219384370186677	-2.6437274753488	-2.7599513025378
NaN	-2.48154608796072	4.45419869875946	3.05581921591654	2.1619977557201	-0.0391198051861966
NaN	0.971477141882028	3.89549739641564	3.7535826707514	-0.319715104520475	3.12433664782212
NaN	2.02668720256003	0.749833690847888	-0.148396076658116	-1.06275748125205	2.01896124184951
NaN	2.85371431420402	-0.865792169366518	-4.4505339931759	-1.61133601472101	-2.72457243844941
NaN	1.33346882730468	-4.39720642779685	-0.311921676835026	2.66746539799545	-2.36415130596324
NaN	0.854607581985223	-2.50958139483228	1.47827180797015	-0.908765843331261	-0.539795637736301
NaN	0.135667732908245	-0.795180537873667	-2.3184535481536	-1.00719044791031	1.12401523825834
NaN	1.14916223636659	-1.46406724275815	-2.56193203637145	-0.305269451658872	1.44993590567435
NaN	2.11140948646149	-0.355431930516351	0.31047106897724	-0.978652340279751	-1.10330362941179
NaN	-2.54788174976791	-1.32373206236187	-0.288597718449052	0.168324123637424	-1.42194758737526
NaN	-1.97531151703382	-2.16043187087821	-1.75474034140148	-0.128747147706514	-2.5123070163022
NaN	-0.74327933492697	-0.197102501282248	0.894908289530244	0.710884665915188	1.28273151239686
NaN	3.64653401352491	-0.739229400670277	1.36085234006349	-0.0603456381184478	0.0548905631612637
NaN	-0.169537519373059	-0.89199624965696	-2.2433320499901	0.685472817857749	0.942960592510263
NaN	-2.37578195836191	0.302499606914321	1.00534486243918	0.764930683229575	-0.46622621230677
NaN	-2.42685184224919	0.218251231344879	-1.86854478255174	2.81977145480957	0.327701448627144
NaN	-0.0726933843676692	1.6266035873909	-2.68853859905903	4.29031268702945	3.37162845118412
NaN	2.59723259098957	2.47462843151932	-1.5079391882423	2.45468514877269	2.31730488584673
NaN	0.694722882829248	2.262203757736	-1.93330591902906	2.44128289998986	2.75337230468969
NaN	-3.10211988908337	1.59524924365889	4.35925181277875	1.18788406173691	4.33767960776093
NaN	-2.75631819839031	0.78678799985014	4.62238449591603	-1.35235468291187	1.94498000229024
NaN	-4.11712431849496	0.79993690918735	4.97997961404036	-3.41118564031678	-2.24480608272571
NaN	-5.53496729524795	2.54675406747531	1.72165705526213	-0.683696609166657	-4.98920184223699
NaN	-1.98691960071144	0.139508277179923	-2.40218070262581	0.27944374618416	-0.0882437964867468
NaN	3.81656257568164	-0.595188371035484	-5.20201203062987	0.80948202686536	3.68813840442825
NaN	2.62108888287113	-2.66304802803594	-1.97255426433719	-2.48561638364322	0.583165538727783
NaN	-0.99000843221812	-1.29475224456365	1.70919488016909	-0.79665336778781	-3.12221674001852
NaN	0.157161024716615	1.14098975691931	4.20972178687886	-1.54373531905795	-2.99921047817113
NaN	-1.72118258331096	3.08539887227381	2.19088514926861	2.70371035856872	-2.53440416888327
NaN	-3.0865961672426	1.45372384821627	4.16313220691555	0.841160746737882	0.201701504836433
NaN	-2.28879044337545	-1.62092910240841	-1.09562635205824	-0.023391025938125	1.05480044434508
NaN	2.26479986425276	-3.84005504765726	-6.13266028563539	-3.17750816800373	-1.15474323877066
NaN	1.26407619521207	-2.37689855022472	-4.01205258611375	-0.414099749749928	-1.94557965956111
NaN	2.18239293548217	-1.81751787833951	-0.442783771116593	-4.42928218445948	-2.64768562883664
NaN	1.26291504135163	-1.55825513845043	2.16039068198142	-3.39731228500572	-0.522208427102503
NaN	2.53865262103821	-0.280419101078267	0.117112975218091	-2.89607894272234	0.178195412699343
NaN	3.29801099402043	-0.752349199270149	2.19761559909326	-1.15587325356844	2.02425420123936
NaN	2.61587422445134	-0.639406014498718	3.78652378833456	1.10385897542674	-1.72336518942623
NaN	0.956642638971491	-0.362090586193934	-1.62530366833737	1.03312450277903	-1.25313233704756
NaN	-0.427314905316946	0.515771199558958	5.75059013778447	-0.98403681957431	0.0558211866760142
NaN	0.390843644310469	0.534902950982195	0.705440780907351	-2.15443983287973	-2.42915775850219
NaN	0.373575117235998	2.48960617351552	-2.53497621000053	-2.51162444830731	-1.25867074889947
NaN	0.61855862531783	1.0839550757306	3.9025395617138	3.43926916245649	-0.622963218306877
NaN	4.60058822081462	-0.42733603289449	-0.814425588534504	3.84060295970161	3.51946714540338
NaN	2.87218541241555	0.610031595111132	-5.4180660115868	1.25960565787736	2.9856788108671
NaN	0.344666581315633	0.643754511214336	-2.65172114047776	-1.11106280510606	-0.539030640870962
NaN	-1.50129624174294	0.101530325052503	-0.120559840463493	-0.830971261573108	-3.99739865028545
NaN	-2.54516639687717	-0.76268907794832	-1.99080922287446	-1.03989798377458	0.725385547590329
NaN	-0.143890369239881	0.950243064409536	-0.0607077436611523	5.71747189337052	5.21047507402239
NaN	-1.43972976441004	0.262699424632218	3.78175834217642	1.16704799357795	1.68493129134388
NaN	-0.139411593169384	1.37441302822717	2.30515840281782	-1.82836230295311	-0.0462526908129427
NaN	1.59141685243612	2.52984413426846	-2.12855231132943	-3.57072192790967	1.54728822423707
NaN	-0.252925040181158	0.20457234656305	-0.376734510388472	-0.976170865387068	-1.41983630362485
NaN	-2.06778014673905	-1.07511880348973	-3.96659159437145	4.04068762880505	-1.91714303379562
NaN	-2.22929704409953	1.13615505097909	-5.51211162778767	2.90952905675189	-0.377369034972973
NaN	-1.20658883531334	-0.2939167972645	-0.199205011037851	0.0690135468166589	-0.106508958558387
NaN	-0.764093038391305	0.199874597968933	2.94034647133931	-1.88420212561743	-0.163310364640941
NaN	1.21328993397485	2.1948455567173	3.49966459931064	-0.106577378114469	-0.399039376370832
NaN	-1.22835209239188	2.72993283676558	4.49941204170357	1.57437853765148	2.7053070438337
NaN	-5.40226827250929	2.66077274055706	1.94677441951928	1.21505316052308	3.17421125175653
NaN	0.288006303107646	-1.3242887740638	-2.04516987631159	-0.510455759084163	1.4538458137821
NaN	5.3985152854866	-3.31245205966747	-4.34642713695945	3.12864654588495	0.0249251955668997
NaN	1.87831004864826	-4.39135996922057	-7.57844121129647	4.40958235935418	-3.21306242176209
NaN	0.547588647964815	-0.139485439255288	0.988233940587354	-1.71532604957948	-0.0406812607337068
NaN	2.62331101457689	4.87883058482548	5.79226587160343	-0.367647549245031	-1.25062954872599
NaN	-1.815634440801	2.16912941764887	4.37314385312113	-1.34645069347997	-4.43205959306075
NaN	-6.26676663770786	-1.08254530534269	-2.22629384625611	0.0619581236946803	-3.10525269565255
NaN	-0.989927457184285	-3.25236839876167	-0.6627682995084	-0.0588613375691825	1.16200148633801
NaN	-1.05691666293437	-2.0123033125347	1.46826982356801	-2.47249891509465	4.69110891022991
NaN	0.436036400588464	-0.573868302344715	0.763072333103629	-1.74369353571925	0.643844261894575
NaN	-1.4565442794465	1.24622777805466	2.02656387821387	-0.844635845702877	-3.21525593127292
NaN	-2.9560963129805	1.03491211433956	0.58118012754148	0.265864005837877	-0.589247257420607
NaN	0.739974488047976	-2.17620440510568	5.25971001522703	1.7720650230499	-0.349103508705821
NaN	1.18486638714736	-4.76288418306293	-2.68091740823369	0.242202862447405	3.55579933650959
NaN	1.9988824867144	-1.97467742248296	-2.05085210499947	-1.04147079349632	-1.77677201891808
NaN	-1.00126070822351	-0.117369296238385	0.0560354980541675	-1.21144959857005	-1.5466769657892
NaN	4.82715521611238	-2.50613696681462	-2.33348628896015	-2.14720784691878	3.00826585185547
NaN	2.6615826293125	-3.28733376806161	-0.965404392541417	5.32043094603409	0.141707827306669
NaN	1.30251786655543	-1.4789999381901	1.15492173991915	3.41778348116304	2.71165355538
NaN	0.971149509040661	-1.13935165358365	-0.487930829171204	-2.67403255299157	5.41557901543095
NaN	-1.10189409633746	0.364365476406984	0.336062777483909	-1.59317418050191	-0.609897714335766
NaN	3.21537146291526	-0.786161367563172	1.42685943474324	2.83684932773919	1.13986576894376
NaN	6.2154062961867	0.603328887946048	0.147781281016445	0.25048603339708	-0.363523417472157
NaN	3.77612720879877	0.819946936796534	-0.192783398573114	-2.45669052247392	-1.89248579079048
NaN	-0.323664918733517	0.411259579118108	1.92035495046783	-0.0386412712612297	-4.9466080311716
NaN	-5.2118923589202	2.86468766445717	-1.15397140585553	0.98868903326109	-1.97852255242053
NaN	-4.14062382799959	1.5475264639405	-4.12948833041188	-1.4998267196032	-1.87323018369725
NaN	-3.27324935518898	-0.684771100371507	-2.36469667098001	-4.25473170904685	-3.0495134769448
NaN	3.1017385210507	-1.06320437821966	-3.00436145235709	-1.81622015675682	-0.871143901182412
NaN	-2.17542130652318	0.305469335324635	-3.01890243195401	-2.3724191976267	-1.51107727654694
NaN	-0.687913872807746	0.994170148044267	-0.444452313834404	-0.356800990638276	1.23803367273343
NaN	1.38170815555074	-0.0783794253198824	2.44573763582365	-0.333793397410717	1.88934479941382
NaN	-2.15991098813905	1.05083558207696	1.49954949288242	0.151812101877442	0.611476336610157
NaN	-3.02795729892795	2.95796521966792	-4.87485792156659	3.33552026919569	1.28354389924155
NaN	-1.48389495617111	2.3150695296313	0.76527087815189	0.994506140307638	-0.832089023634165
NaN	-2.11227407169834	-0.387288158985164	-1.07435590238782	-3.29181572703491	-2.89870426122221
NaN	0.178701885172919	-2.58810161696979	-0.0156745316585648	-2.53919946005624	-1.36486084176947
NaN	0.17290671023837	1.95479936725941	1.4436900081997	1.36190472469113	-0.883633272523859
NaN	-3.40693978995625	6.64207613835998	1.05040179367945	3.44843584287065	4.9144051508875
NaN	-3.36150038772989	3.81352267383776	-0.0166389383565245	2.72270758587402	2.99737089245122
NaN	1.4367342052907	1.71626988851417	1.70253042514918	-0.0871830451415911	-0.106658105831497
NaN	1.98432708403379	-1.02611153906873	1.59940048142951	-2.57586987051166	-0.111914587903157
NaN	1.99904549325155	0.843696670030144	1.55201245634213	-1.79346279447004	-0.197163912152361
NaN	-2.31964586601343	2.00371845737552	2.31347008579264	-0.557175058461892	0.266437052807653
NaN	-4.19831051729453	-0.417103971916962	1.67296809681151	-0.249511108113374	1.77035331247708
NaN	1.18066836800097	-4.82795350733264	-1.85049142623732	-1.05253237720067	-3.09734917058201
NaN	1.41018509107812	-1.65497699711579	2.20836109222118	-0.37116995367143	-0.465030012487784
NaN	-0.510465979142169	-1.33417436708944	2.52380945801924	1.8330584393091	0.786592544391807
NaN	2.57364716167127	-2.38161717381009	-0.336690299776482	0.321001900472864	5.4445990628089
NaN	4.01993641311673	-4.54479700735007	-3.52186842664456	-0.16781421757339	0.749941383733026
NaN	2.11634865404081	-1.86662848242254	-2.16640943638724	-0.0387609464091311	-0.0818067504716757
NaN	1.90682687126785	1.260347493573	-0.286972200565127	-0.291134709219796	-0.697808580590154
NaN	-1.73503956063717	3.54033368313761	4.10343653828922	2.98483946192398	-1.99053994908094
NaN	-0.4604784481013	0.874132477450391	1.15895409502924	2.44606748447585	-3.27310395390709
NaN	0.380308056939442	-4.75355654877302	-4.88740075372961	-0.155097844047346	-1.51449049639408
NaN	2.29545391279875	-3.26008751952441	-2.49689701284889	0.83940901846421	-2.03833376983071
NaN	1.30926628599092	-1.23779555710484	0.211502153978955	-1.50013970586658	3.47130979525274
NaN	-0.442422123312443	-0.248877730150223	3.73875240048565	1.00367081384452	3.46646298139504
NaN	0.344019639382303	-1.79345236880192	0.690406777205695	0.979094683487966	3.46663608708742
NaN	0.580796373240556	-1.52584103372671	0.0474431162152675	3.95075431251442	1.02301710770153
NaN	2.87024782514724	1.14059594220777	3.36130455669023	-1.28217145478927	-3.06792044130614
NaN	1.50079643788079	-1.07968216474903	-0.270199193304549	-0.592990437760228	-3.88328855507484
NaN	1.08449962720037	-0.211503424848243	2.83343964528873	2.47094065291285	-1.42784830091986
NaN	-0.173098452934967	0.0416185633181602	2.93202754122383	1.45994714819203	3.44635230013979
NaN	0.585370851986728	1.65516628782253	3.6368941325607	-1.42372681260033	1.16651916072937
NaN	-1.04926915155827	1.44008511836079	-0.644514623280284	0.579821672907653	1.13951395121988
NaN	-1.16221406166381	0.684620678655072	-8.1586692335263	0.639836575427513	-4.31551093188391
NaN	-1.74013670561227	0.184940079893335	-1.8522880681828	-0.919996154327592	-5.12455850226055
NaN	-2.32064669343349	0.538600044463472	-0.501209628670476	-4.33149609074283	-3.00881398232903
NaN	-0.621007040843713	-0.62068765140586	-6.06549833529598	3.53004008057062	-1.208327153945
NaN	-0.0696549709212126	1.09801317793637	-4.58575810282445	0.625903023725575	0.108780321377955
NaN	-1.99753568798001	1.76281651128711	1.30044206509793	-2.50751183903528	-2.74590657558366
NaN	-1.33674129595252	1.62462992645491	0.197665395762173	-2.48370183927625	-0.0938825912466675
NaN	0.122955209158822	1.10069688347981	-0.995944992115462	0.391301851554058	1.00166808512537
NaN	0.36365705184833	0.704749264186222	-4.19801185317131	3.19688090841495	3.03957193815007
NaN	0.312586101351228	1.01197583115819	2.94235407765782	-0.342787747546669	-0.182606318651804
NaN	-0.222135119545662	1.09976797519492	6.9037210117805	-3.36599610507471	-0.964775627317442
NaN	-0.223175061266347	1.16422224037079	6.59256085419821	-0.133274001405192	1.07334760675297
NaN	-2.12241708918706	7.349931938305	3.55582419646664	-3.23226209402288	-0.848469777011921
NaN	-1.37411875655026	5.51213232893592	3.22252789190585	-1.85523177956659	3.451780527655
NaN	3.11932566490592	-1.24491921300164	-0.0105256726319142	-1.72476423872707	0.957520427274264
NaN	1.66142795925786	-1.06262987698008	-0.220198045196259	-2.2394237676869	-1.13635430594297
NaN	-2.21745930905891	-2.14982843723367	1.05808060285989	1.0963094787001	0.845037523119789
NaN	-0.251579578212051	-3.05690181611738	2.2458076901177	-0.0421625161110018	0.94674365727202
NaN	0.00602366417292163	-0.661583271641792	2.04170267198602	-0.955311209329661	-0.429916489672549
NaN	-0.168052732318762	-2.82248429909671	-3.04821450112066	-1.17500190906672	-0.331748389589165
NaN	-0.832035302693057	-1.4939556887428	-4.10366717040779	-1.22270170681146	-0.672263942603059
NaN	0.285616647289087	-2.49794237673768	-3.56820764927122	0.0112032637439171	0.132398936519139
NaN	-0.267910579636377	-0.484214204274553	0.487819499437336	0.0493087155947226	-0.185777484614297
NaN	-1.90293156862519	5.3627996352769	0.711568774605732	1.82118361720149	2.17650635968475
NaN	-2.20693191363026	3.07622662512384	3.42613798547554	2.44548621718732	-1.52517872845857
NaN	-1.5684242978967	-2.38234205769237	-0.317720380231371	1.00818198843482	1.78954562423587
NaN	4.55421867772684	-1.46404208192748	-3.35194078827244	0.320258664419491	3.60001237609747
NaN	4.53414917597207	0.0936825797992866	-1.41505721388537	1.61511121460865	4.20307444766858
NaN	2.27257161957088	2.59612311166519	3.37826243343377	1.2211686314096	2.63555186487822
NaN	2.1270700260725	0.399349782022745	-2.25824050747083	-1.56918099060396	2.95596333346858
NaN	1.98371305324665	-4.12751986113557	-2.54025149932781	-1.04956570223013	0.185193289507948
NaN	-2.035217531164	-3.0799262817098	-3.71828324616723	-0.941637269671375	1.467825358427
NaN	-1.5679810725158	-1.10860880873119	-2.50601096146307	0.546266289656351	-0.75116636905742
NaN	-1.93901002255917	-1.30675834159212	-4.4893812108555	4.81767711109851	-1.88360914123805
NaN	-5.0294664224252	2.72903908226556	4.60966769546462	4.17779308136283	0.965447543337465
NaN	-3.41995693239902	-2.81795348724724	1.01173713621637	0.0520875220760603	-0.347783170883023
NaN	0.599383372385406	-1.28357107427472	-0.317245151121387	-1.317816565659	-3.0097307242837
NaN	4.897435543455	-1.35932229670883	3.30935240552497	-0.443950157370462	-2.38780265550618
NaN	4.79557042106249	-1.71894630767956	-2.66449355495565	0.0996574083489058	-0.914336048436539
NaN	2.00783618513534	-2.25056766034949	-9.58229890356741	0.935064108044201	-2.12241471880252
NaN	-3.04076066013514	2.00831980984749	-0.515909289317336	-0.457570709174228	-4.54089907062
NaN	-3.06920381066218	-3.41914079404592	-3.15337537760088	2.41914651183208	-0.548227661383675
NaN	-1.98382349884155	-1.21429704374835	1.71305500859989	-2.34646853037644	-0.354568311347761
NaN	-2.01359102781738	-2.06151927775317	0.942480304885302	-2.54432142688836	-0.0504615026667383
NaN	0.517726713788991	0.326332037238074	-2.67172825473151	0.62364634553982	-3.52584432250469
NaN	2.48763914284666	2.15564234738777	-1.22441181996074	2.44290196661855	1.74264503068916
NaN	2.73069221985333	1.15673789396014	2.59575554923713	-1.97439272864668	1.01711938259994
NaN	1.40325592229967	-1.4240983976877	7.62539567369292	0.56867590727444	-2.86058450743171
NaN	0.205739258134517	-1.71875516553913	5.61965539121156	-1.63761090666557	-1.93847888112188
NaN	-0.750199971592866	-0.122398397216218	-1.09959493405849	-3.57065845022576	-0.424867111567238
NaN	-2.61388759732932	1.16795613993172	2.62757565049989	-3.05749633697371	-2.99873960007752
NaN	0.390086043014734	1.05474658004483	2.93751029297412	-0.401432821428709	-2.81155088402583
NaN	-1.32440143368714	0.788527683689757	-0.457150107857507	-1.41292716916415	-3.25922230246786
NaN	-1.81918641270302	3.46077236412789	-1.23414007704899	-0.0658525659394552	-1.99663516725058
NaN	-2.64835532115519	0.354978365305266	-0.833490123281361	0.146505493668132	-2.31769351788867
NaN	0.680208991454734	0.0973885443666158	-0.461929160212487	-1.30763453996949	-1.1030234168859
NaN	-1.89396480909051	1.1273662732618	2.89855289980781	0.984742080500859	3.75416959245749
NaN	2.28410602681186	1.35951410287586	4.8069948769879	3.81501511019831	5.06728981824333
NaN	3.52625884489373	2.23747037345685	4.91637549994133	3.16563486546057	3.97946378170758
NaN	1.713534236035	0.998291985074834	-1.15226465924707	-2.31541001431128	1.72619169260324
NaN	-0.593678200667316	0.998551060986016	-2.97411391248937	-0.350188646729973	0.584000484408052
NaN	2.69658569986271	-0.367669260979789	-6.66957547257852	3.31995916313683	1.78685706898871
NaN	-0.537883796547719	-1.46949013467476	-2.61302998991244	0.472118620608701	-0.2484653641457
NaN	-1.80387251188272	1.38701900479904	-1.68764384318021	0.790057319709616	-0.787893864392366
NaN	-1.67467019025714	0.329558605748984	4.42258875955064	4.69155798078635	1.75698398388482
NaN	1.19420931857703	0.926645513217712	4.21571009822016	2.13405299652462	4.77640639885449
NaN	4.16525756165709	2.6758573276118	-1.46507523306662	0.698126932393578	1.52682701686892
NaN	1.60425070923004	3.28426037810952	1.12533249889725	-3.57973680141447	-0.350631601194483
NaN	3.22353917025948	-1.20503386606269	1.21335887251571	-4.5455065410803	2.16778686513835
NaN	-1.86981798245122	-0.531399888034154	-0.881538038874045	-2.85180149962432	-0.297608928535213
NaN	-4.91151693483491	-1.14710136663057	-1.34466359159163	-0.166515259018479	-4.10985305794543
NaN	-1.05823565008216	-2.26587177010915	-6.90666570698279	3.27729059377699	3.11599275699854
NaN	-0.369473447341177	0.458424198587421	-0.950188109767521	0.971791800389673	3.68879444684132
