NaN	0.61296432633192	0.322497855184941	-2.60894039450313	-1.43364996524176	-1.51912683726771
NaN	1.47941219655633	1.77953120375521	1.10617970151508	-1.11517315772009	-0.00171168034117857
NaN	-2.4373748382277	0.448338551651553	0.980837336246634	-2.79257170385609	2.09448537147697
NaN	0.53869997452213	-1.60442811036523	-0.848832992446413	-1.16146675686408	2.27239128463959
NaN	3.44134290571392	0.920746624711744	0.540347461614397	-0.0811199690304544	1.42957313406244
NaN	-3.68818895569853	1.83982216911122	0.341862478036992	1.13354931497277	-1.58906190738302
NaN	-8.42331779334361	2.04468867258081	3.94034351496079	3.49531958914208	-4.85902242943469
NaN	2.17872902126031	0.457208705519462	-0.278025967916763	4.74164088758286	-0.31653389498726
NaN	-2.30469274354448	1.80767298130968	-0.584245573759101	1.45259872288525	-0.678377497746374
NaN	-0.198547352402867	1.20559044185293	-0.525308212556244	-2.11735088731998	0.187525355203042
NaN	1.93642071866621	0.457799830399987	1.33607696968134	-0.243568050250897	-1.50586891896433
NaN	1.30551483462948	-2.81970496075547	-1.76949491260613	0.496235550163912	0.476698881455834
NaN	3.63439812846339	-5.97608921555272	-1.51149475732003	-1.06275135673153	0.456683795381355
NaN	2.42930671598941	-4.53588623397321	-0.922215783110421	-1.14880940501262	0.377463220154162
NaN	1.02816156714201	-1.30929727643085	-1.43673451795947	-1.73226473810566	-0.28384834086649
NaN	1.31040702286716	-3.21694805504036	-0.495684569397356	-0.446649488514073	2.2761811480122
NaN	0.410412787269661	-0.433741223065782	3.6364607623841	-1.78647105193125	5.02186670475645
NaN	1.90400475888563	1.46402786257341	4.0193229838585	1.61162127167352	2.75996295043727
NaN	0.351338219925943	2.12703011866656	0.514025756368645	1.32147474862638	1.79360498607024
NaN	-0.687192123825294	0.191223961716689	-0.591165297136488	0.267648082667172	-2.07895679522165
NaN	1.22561848353296	-3.32203484765673	-0.878264127658873	-1.29621823794646	0.473998167700835
NaN	0.510469267025897	-2.08697613293263	2.7919971347759	3.75202240580517	-1.51248697107742
NaN	2.04701050702056	2.32115697562395	2.76779471458449	3.92262502950204	0.449926729703708
NaN	-0.512136800534204	2.22556030209315	0.24483650380484	1.15802949389016	-1.60183859357533
NaN	-1.09534537467275	-1.48982488630597	-1.30417645289679	2.01813229412583	-0.712569709654627
NaN	-2.06557981204362	-1.65437105572053	-5.98293223306134	-0.686157765173287	-0.630673960972783
NaN	-0.255663660645249	1.91454216453043	-3.32008490521255	-2.07373518713596	0.59954249195632
NaN	-1.72947811237075	3.02945468865814	-1.27779365990175	-3.56232745839775	0.466328267669599
NaN	-1.43466155714175	2.14122334537623	-0.302370230432427	-2.54415551322813	-1.64183162529133
NaN	-1.01332546817475	0.0672810590031708	-3.28521069393589	-0.0176568708271424	-2.09181254885403
NaN	-0.153652282210659	-0.582154349021418	-2.36433645913267	1.80468110294876	-1.15335536676977
NaN	3.53188505844049	1.11023283887354	0.554303274465787	1.44290698395615	2.22171097550056
NaN	2.36758116965356	1.928318925788	4.77662883177136	-2.35485827990792	2.09957784095084
NaN	-0.813282132039193	-0.969572075607558	4.49842684221901	-2.48432010133988	1.09840816575406
NaN	-1.79699552446954	0.231671914267072	-0.278475426352476	0.661475734076677	-2.38614435115476
NaN	-0.156681525956936	-1.19388550631235	1.46280795098125	2.22356803829522	-2.08834319641892
NaN	0.6655988734114	0.184970020051007	3.16879463062991	-0.40026796099402	-2.6127098617194
NaN	-1.30085258784676	-1.6579741590585	-0.814936254297523	-1.56214185638766	-0.434002664917072
NaN	-0.00663194271480842	1.16615302571574	-5.078246625565	-0.44182128657993	-2.22260050230125
NaN	-0.203456857746047	0.0137429188265963	-3.71020698366334	-1.54729888425782	-1.17161948503532
NaN	-1.28920191182744	1.3132921895377	3.96292273958058	-1.40850367526808	-1.57589041026065
NaN	0.306837432380073	3.06586868095723	2.38729184168157	0.293176837884597	0.693776337875797
NaN	2.29737429507745	2.04707145084766	-1.72063171917418	-2.19456176849585	2.46193216918586
NaN	-2.3431901728446	-0.974697383277334	-4.38881886213856	-0.902527477552707	0.947683598327152
NaN	-3.6048777079683	0.329165008730081	-0.887815609138763	-3.22345355031544	3.87786702952257
NaN	-1.18684721021335	1.06890359888922	1.85724959416367	0.419660811919364	-0.123455565995896
NaN	-1.07136918088453	1.74840312224526	1.54285344229259	4.15954496144767	-0.118177642385424
NaN	-2.15240224965109	-1.40329927755729	0.520002436998326	5.961341428238	1.22938990437487
NaN	0.826934886593153	-0.192284342691076	3.39127344761116	-1.13659169747806	4.17784336676828
NaN	-2.28234830330413	2.26872813130351	-1.16945218055039	-2.44817824838191	2.09573679663937
NaN	0.487759204923271	-0.930150553401291	-8.56816686624399	2.60347462918093	-0.630115445285685
NaN	0.799245666996788	-0.391216044941359	-2.89917289976953	-0.463177026841753	-2.62232102573854
NaN	-0.713088913809669	0.645047095367823	0.0544542450876189	-0.67800500213018	-0.834144473659529
NaN	-2.04625146019267	1.78870431826347	1.49926724541486	-2.54166948959998	-2.73826749316858
NaN	-1.53699071290952	-1.08526679681583	0.741835213338851	-1.67593962994776	-1.55906968879827
NaN	2.66259118422643	-0.462277837606571	1.6441983062169	-0.946284120260511	0.604232539959234
NaN	0.767390149264078	-1.49119993978403	-0.708736971711413	-1.37945593079467	1.85046470741125
NaN	1.92394033168363	-0.40156501952574	0.595783675330258	-1.40750975644933	-0.759185432966741
NaN	0.297017718285475	2.77618863051213	2.73673155295748	-0.836183783957962	0.0631639781679819
NaN	1.96524499700283	-0.734058348246541	1.89964973728132	-0.896359902099707	-2.85889767204887
NaN	0.928827045499192	-0.812744268471254	4.8042153391501	3.56592466255562	-0.801984327701504
NaN	-0.154240002552415	-2.14003448907331	1.04824996630436	4.14732849516678	2.98230227057294
NaN	2.27467094112755	-1.047933506172	-0.421226852474386	0.477898811276709	0.453314225284653
NaN	0.47572064887888	-2.59664545445101	-0.403572901490698	-1.15191130537987	0.472131184969518
NaN	0.401828455863562	-0.496415749504945	-0.53335200097201	0.281586015290849	6.13300951411689
NaN	0.341829964232237	-1.59535817973066	0.105095209128721	-0.760725106066377	1.30138767567087
NaN	3.8978350412994	0.267052810598718	1.7698624282287	-1.15540697589911	-4.59819924095654
NaN	0.528494078404324	-0.272847537157445	0.124278687428511	0.452297563755132	-5.34056829426096
NaN	0.222678479840896	1.4821231241387	0.67047808700558	0.371417118686522	0.113966408692666
NaN	-1.30523502392711	3.31092338524664	2.53030857150116	0.863912767274205	0.76413178980904
NaN	-2.99760573148337	4.04319852000777	1.14364201049216	0.298930940987604	-1.96784731657226
NaN	-6.42933818801306	2.68208499466165	3.24090113331502	2.30917432770468	1.8183696857265
NaN	0.705921290799158	1.51796342942267	3.01395251546964	0.57550282275815	-1.32129098439515
NaN	3.01320987176018	-2.14466169393758	4.41518079302561	2.21944250549888	2.78210054550554
NaN	5.8650806170594	-2.12004085191384	0.0384637635411592	0.226073819959184	4.06958985358517
NaN	-0.347487690568387	-3.31907277884823	-4.44913338372972	-1.11036702375962	0.824906409389339
NaN	0.504928568017453	-1.83871322786318	-4.06790070020974	-0.329795921041225	-0.86352984481909
NaN	1.65953892100556	-3.04960325241613	-1.05031410572326	-1.91007450245581	-1.30675169346049
NaN	0.727901066167274	-1.29438725373286	-1.57060132602702	-1.4996827764186	-1.59834503534038
NaN	1.8552839371212	-1.13326367447032	2.40987670017542	0.3467042596299	2.14268979848092
NaN	0.37979980064125	3.36426755217738	3.83052829499449	0.654821720681172	0.309097631509477
NaN	2.41370403260308	0.0346517378110066	1.04152943754088	0.570951659912385	1.64736662252949
NaN	-0.332657500865021	-2.77651076413525	-3.62978055224843	-0.0878729887006217	-0.256219294340454
NaN	-3.12774319124872	-1.7215985087959	-5.32773427097713	-1.16247794727952	-1.79060126289206
NaN	1.42237681294389	1.46771754854427	-0.436720638453938	-0.297808722322003	2.37194456216584
NaN	1.21875996615695	0.584666978948578	-0.975832115415759	-3.37150824590217	4.8894325244007
NaN	-3.49644638836635	-0.821607364233135	1.43399697120375	0.0469365062740282	2.07561749296541
NaN	-6.92140408120835	1.40539518231431	-2.03265297653296	4.3349713076125	0.439429112071659
NaN	0.782360304679893	-1.28894767486951	-2.07186486394074	-0.0140163712030987	-4.95680176885152
NaN	2.97731761624769	-1.13044228005486	-1.56613588194501	-2.69460072194399	1.25855570637068
NaN	0.521581587806893	-1.18192267408165	-1.6637473292133	-1.05039191244157	-1.61899950560768
NaN	-1.81894870846817	-2.96717442112958	-1.67988330497671	-0.801846295830163	-4.90442263418954
NaN	0.448428515884262	-2.19116226977579	-1.04905853817404	5.30220339382422	-1.8656338923556
NaN	-0.934903413173913	0.362931165820521	0.855955011838557	3.148917639395	1.8672811785262
NaN	-2.66234966541005	0.647451444400906	0.225663196581526	-1.51567583901832	-0.558599416008263
NaN	0.27506316957259	0.00759982181899982	-2.49151722976227	-3.56722700334597	-4.87878165660754
NaN	1.31849022950916	0.853963121725089	-2.06906309953299	-0.806740522910898	0.0581345448203589
NaN	-5.18283789339941	3.85819129455595	3.88516265550754	0.770779704887186	-1.90635510431021
NaN	-6.21658218867068	4.87673315751322	-0.210816424757469	0.930297073399098	-2.45688500830454
NaN	0.729250899224303	-0.143220559609995	-2.26079656418086	-0.0767468101385811	-0.00609226884810115
NaN	3.78943541570774	-3.73027423889114	-1.16118792891705	-2.75404498250233	4.96563302364011
NaN	-0.392049807599534	-1.85829501848461	0.0846401916266337	0.240138431025166	-0.635623142915005
NaN	0.585844089928481	-0.394423285824708	-0.845003414447472	-0.797630312936159	-2.2072466751516
NaN	4.66798307583864	0.290468767398622	0.314813925372473	-0.446599224040944	1.49407102200021
NaN	2.72581204598552	1.5650833252561	-0.436945234117774	0.827602871262122	1.93376723948234
NaN	-2.42591548010881	0.678585590289634	2.3387491672222	1.10224814527263	-1.57686145116296
NaN	-6.27132612823601	4.20130855447746	2.30762797793423	2.49465964180702	-2.8398958079817
NaN	-3.8336934319282	1.75538729300074	-1.97514398829985	5.39161436502076	1.81746901099782
NaN	4.02097383129795	0.458732239808812	-3.66724941858416	1.93148795922902	2.50487028993782
NaN	4.22581162502466	-0.856905290754217	4.17931036736036	-2.14475906026304	0.00150902186208286
NaN	-1.83291258109447	3.46916021257907	3.93202351350892	-2.00743014216713	-1.35857110490338
NaN	1.53468818800654	2.91562269784507	3.04264833892228	-1.25689803275431	-0.339679505896849
NaN	6.3933140709074	-1.24244637631418	0.864458016786245	-3.7603781984312	1.20237326458057
NaN	1.11375004486736	0.68093725284149	-1.60365425270162	-2.62384402911283	1.89705928720749
NaN	-0.825150109186865	-0.343472767655937	2.29289114352621	-1.11122697426459	-2.55169222917101
NaN	-5.15102203363923	1.7916722524241	4.63504205059662	0.992487254820824	-0.452057425266998
NaN	-1.69593971680109	2.31475641509333	3.63364487352709	2.01820234485343	1.74693981354504
NaN	2.74115167947587	-3.83981967206501	-0.659825167092368	3.13913260255871	2.80280738962428
NaN	1.43828999758467	-0.909377295343007	-0.878585770403028	2.12089207889544	2.22443478522199
NaN	1.4314980961527	0.258282965520626	1.93965746413979	-0.428923139564312	-0.689475312333612
NaN	2.97977588463907	0.991635116156324	0.121795816625034	-2.14195454370539	4.05828509865779
NaN	1.56374951369412	-3.16120839173093	-2.77284684825217	-3.55113063031531	2.03493099868207
NaN	1.63361931559969	-0.951903527545236	-1.04447712789612	0.0726004197660796	0.288988331949045
NaN	3.35174132346668	-1.24339998930274	2.35484984881965	-0.355955392511061	2.49794612314871
NaN	0.465926137906972	-3.07679524293641	-2.60708127723915	-1.6277261746282	-0.301758045259984
NaN	-2.57925960155092	-0.89479927457466	-2.44599163382119	-1.45392862805316	-0.651136135504203
NaN	-0.216774166581311	-2.41327179330157	3.23482564500316	0.891220567168614	-0.706509667048598
NaN	-0.549647808578792	-0.924955341918704	-1.24830103161531	0.949450702253569	0.235166676532143
NaN	0.0704136948120971	-1.44371114111249	-3.05041805514429	-1.25578686640594	-2.36760831165239
NaN	-0.0493631748643941	-0.0822337433986171	-1.02199304717435	-0.096420086749724	2.17983544583306
NaN	-2.95297192645127	4.53673024248519	1.81074370535318	-0.626093461845769	1.83534113219406
NaN	-4.46602070230905	4.46726445103047	2.01471486084687	0.919911510721168	-0.401352847519685
NaN	-1.3300441385207	-0.596457099439833	-1.05219771002198	-0.116564763463905	-2.05984475477995
NaN	1.79456887630377	-1.09474674766869	-4.05831812557101	2.51149100849144	-0.084065732523763
NaN	2.08181496741765	-0.256877399546721	2.00097218010606	3.24944745689009	1.40397582493058
NaN	-1.12779272522026	-1.25330846566292	-0.201053039384546	2.65936419251636	2.27482089126467
NaN	0.294936451264176	-1.03153454479615	-2.27388097749185	-0.102476571459408	-2.79405218638571
NaN	-0.0478818770284293	-0.96921258585015	-1.509177357832	-3.0099096409303	-3.88382372145625
NaN	3.22496493914597	4.42722553262583	1.08586557873862	-0.60425364296806	1.08018174996691
NaN	4.08638045976243	4.54396178083571	2.55960353516944	-1.7465825745815	3.12647078200986
NaN	1.86098851546276	0.126085035689654	0.602904465466451	-4.04108546337156	1.98511783582664
NaN	-3.12093986488355	-1.91768960447705	-0.12621315953819	2.22491541262121	-2.21250536565802
NaN	-7.49567690577409	2.93860822868331	0.525156138610998	1.89861550714761	-2.68559374550874
NaN	-6.81009729959043	2.45038226356716	2.66258524737572	-1.61647680197821	0.450004465817261
NaN	-5.36914322971677	1.15042792349387	0.00229372884131102	1.21189730345967	-4.66694500762583
NaN	-0.322303545405506	0.747656150551813	0.988091705401346	0.489212159879565	-3.18654568161555
NaN	4.04794592581812	-2.39100826091178	0.377533078079471	-0.122651618294842	-1.1482542629744
NaN	0.738497233241553	-4.24439659481568	-7.14916641890963	1.84926028428709	3.40177681235325
NaN	0.294850259683276	-3.16921734870316	1.38474105262759	0.0549613355187446	-4.47675744126377
NaN	-0.605101824334286	-0.273348609389872	5.28207060021714	-0.675977103414394	1.73563193958568
NaN	1.70829504052408	-1.29465998433783	-1.70014703187546	-2.14496954490026	-0.473986827857644
NaN	3.29268515652685	-2.55282562561371	-5.16326225491636	-1.23652996986898	-3.20895437989726
NaN	1.13286584591158	-1.00778000977957	-3.79655753193799	-1.25626544358766	-5.53965880229278
NaN	-0.453322661638822	-1.85236166352303	-0.568560583741506	-2.56996286495694	-1.42891385260696
NaN	1.50950461587184	0.189207877796559	1.88451972842004	1.52471140043983	-1.18253056488248
NaN	-0.877109208600252	1.19336252353999	-1.66628336812631	0.859717988725387	2.54367743225356
NaN	0.182279846238095	-0.748103894022988	0.119236438601212	1.05999239940077	4.51055779939551
NaN	-2.94921235606425	2.7661163030893	0.653627095828641	-2.11106107012614	0.19670480309425
NaN	-3.36020391488188	6.6127786560468	1.31968718120625	-0.480184038798572	-5.1890324293922
NaN	-4.10804484807867	4.05707701636593	0.94052237710998	0.617547112137801	1.22330835099815
NaN	4.04069373032609	3.13533683931607	-0.906802257252087	0.535253008233238	-1.81779777793575
NaN	2.8278941364285	-0.403728746983668	-0.743276670579876	0.536636155174507	0.00165051212121165
NaN	2.52921978565681	-6.85160178148552	-4.54074039118855	3.10123622756253	1.558279796279
NaN	3.14386753530856	-1.79467119979394	1.70420709812867	1.54926601135856	1.40886673166106
NaN	1.29664324172334	-0.0919296866432458	5.15543372711525	-0.158109517427855	-0.683564766946326
NaN	0.876235376973437	-3.12719929713553	2.45843954075938	-0.557508117569249	4.14203358323134
NaN	0.148332251205074	-1.70417949623786	2.49553992523671	-1.68405564905937	4.44098209898218
NaN	1.60470295456409	-2.52105019051798	-0.867014772089983	-0.0261441655859418	0.501246409921799
NaN	1.17142875535996	-0.146946194129473	-2.91976319678896	-2.28104000866623	-1.27963959875537
NaN	3.06579248938887	-0.246088597273797	-0.35594728229695	-0.445422799252232	2.14914331624977
NaN	4.31848393936882	2.07137878574862	1.47568474435889	0.717406618139107	3.12442773309486
NaN	-5.493452937482	2.66209092917284	-1.8192128729303	5.38623482925669	1.77078551225767
NaN	-9.29298595982876	4.75724803775851	-0.278413063760456	2.39071336805874	0.472821652549343
NaN	1.91229132839224	1.71598633926937	0.310517978260296	-1.8494610432208	0.185386161403357
NaN	1.90037676389192	-3.56904412449183	-2.16128915408705	-0.304729447861915	1.16362898307098
NaN	-0.611638057990342	-2.36311027020631	2.14323517360055	0.0256920166879303	-1.29068919114021
NaN	-0.275624056388662	-0.987172453356775	4.19565094573656	-1.74198440947965	1.32967461942376
NaN	-0.234291436045187	-0.537537081604144	-2.22898145681512	-1.1443117723685	2.67378604013495
NaN	3.39519019403463	0.552642794713339	0.664906227821215	2.91645208898067	-1.61303986133248
NaN	2.41578008251209	1.08840443155775	4.55690375877411	2.91212850213046	1.69792412896317
NaN	-1.77889964271475	-0.061443476799301	-0.266926146316756	-4.92582498062015	2.95081594696683
NaN	-0.201657583596177	-0.311599237606255	6.03252098883144	-6.25499626706378	2.7082099793513
NaN	0.485828218994134	-0.91459384521222	0.530857627889434	-4.35672977991691	3.27429807730185
NaN	-3.38974833707052	2.25593815867091	-1.73496623922748	-2.74224554898961	0.785770537433405
NaN	0.248913311560171	2.58730883763678	-0.908236724781682	-0.757640909961191	-1.78861288334694
NaN	0.922037554098256	-1.64299246161379	-3.43365843559608	4.80420336093601	-4.38664004528528
NaN	2.48373746511642	0.884785299327134	-0.676833896947521	-0.0723577463442427	-1.60470333439077
NaN	-2.48597263903855	-0.709893721126596	1.25938264677948	-1.44739075355807	-2.33575873236447
NaN	-1.49349453997469	-1.66994704568176	-0.120745748465518	-1.19442020335971	-3.56023346593736
NaN	-0.906363373852578	-0.201874366814394	-2.80118357116462	1.12909720954809	-3.09319716989503
NaN	1.05814445996782	0.321889350661762	-0.023351358914577	-0.160008121678646	-0.878408599057664
NaN	1.52266329209504	0.182707343392645	0.125966282160515	1.29247353430709	-0.290925844235697
NaN	-1.76311898895168	0.306269940068229	-0.625724737158946	-0.0979808284266923	-1.33045106201337
NaN	-3.965101872706	-1.26964568323409	1.04319773608445	0.917097810505327	2.59963144760557
NaN	-1.5845560635458	-0.598584290657945	-2.24404094920786	-0.633058619432421	0.743921951866066
NaN	-0.900107412945046	-2.41691700607049	-0.876012288915267	4.6269131600304	-3.24829476608443
NaN	-0.917850407145773	0.667477569018876	-0.0149037890659116	1.01138331303676	-3.09633222757429
NaN	1.28831664347627	-1.98050156027113	-0.629795235379402	0.618644580913853	-1.33923904743326
NaN	2.16777712158772	2.68989805725769	-2.21072177593346	3.13395490275653	2.03701669915287
NaN	0.001988252327863	0.469630674450987	-3.20045156859068	4.96281547788023	0.141654134405722
