NaN	-0.865729507533519	-0.352691879881687	-1.70705985564998	-3.64723297679313	-1.97630247433118
NaN	-0.240220730563552	-1.03435866782197	-0.77254466067266	-3.37888092019239	-2.55139269808691
NaN	-1.46834174778385	-0.880509069774053	0.220796145700373	-2.26148410265471	-0.0590894759418097
NaN	0.189323809494791	2.22909241015415	0.449200592280403	0.294526487049938	-1.38678817415101
NaN	-0.899738322326928	-0.108753646657115	2.00541698477879	2.99391574712506	0.0746114797268064
NaN	0.364807697853814	-3.4784240289989	2.42205116645932	1.65097000647203	1.17542308842023
NaN	0.545501737637025	0.0429370541544899	-2.42112713192677	1.54348205489039	-0.644959980217403
NaN	-0.0215445114327892	1.70887621893031	-1.16305920410709	0.460671428749609	0.0151614986224311
NaN	0.609773459291249	-0.313357776094501	-1.15720117287629	-1.12397897623257	-0.980819621901561
NaN	-0.825687219642899	0.0773925103158905	-0.103846578760247	0.147684436994466	-0.603978557098574
NaN	2.90285692100861	1.63833455698051	-0.965126169492673	0.744286429426108	3.17888908939165
NaN	6.56347831548126	2.77098069050168	0.918794081015799	3.02543211258166	5.51096597300488
NaN	0.252374485102506	1.15757120868362	0.427989761886715	0.961440656002506	0.197111463470596
NaN	-1.75771757518823	-2.16576280465979	-1.62861273101029	4.10558909380518	1.53923308833294
NaN	-2.53206932833732	-1.70445804743634	2.10527588424202	4.43225637928439	3.87119323619025
NaN	-1.32864808488315	1.21795831566371	3.52715281136655	1.80283939376759	0.905034666059816
NaN	0.883834480270679	4.78854955442914	-0.418836511127234	-0.030914165899188	-0.267653428966815
NaN	-1.16740770050242	3.32112566231455	-0.324209727631455	-3.55520218620199	-0.787122093900465
NaN	-1.93180314193128	-2.66593880666828	0.698969998613331	-2.66395846480656	-4.48265308700448
NaN	-1.59334533311602	-3.27644641730057	0.585000233855763	0.378434679599315	-2.61968937202745
NaN	0.551798067360821	2.33406909325215	2.61001706902142	2.33065755374704	1.56941207747149
NaN	0.299927997940054	-0.511878060473048	2.53265012198892	2.00580788757429	2.75978748138322
NaN	-0.191014111529283	-3.30468609925286	1.30411907057224	0.0527831477574549	-0.0665086149194416
NaN	0.738970224589669	0.914554095012607	-1.33999727189924	1.72328975188881	4.87150347649615
NaN	1.57715941542408	-1.50006019830076	-3.12696619557632	-1.04755148144004	0.743068172170138
NaN	-2.18477776001678	-1.12117145465423	-4.27780708336661	-1.73374836927494	0.323747049649845
NaN	0.519382382604832	1.4307150151446	-0.986621093715249	-3.72320638478785	-1.55553285057152
NaN	-0.49579041082881	-0.830761291820193	0.0697341134214665	-5.67109062301967	1.9421808134596
NaN	4.37523586660429	1.12767580586139	-1.22572326049584	-1.34776125323385	2.02506866615481
NaN	3.35487497076336	3.72562473330391	1.7180792352881	-2.15355415029521	-1.32905886875737
NaN	-4.30983367457987	-3.21458852244523	-0.666181784412935	-1.29707920213463	-0.882112641169519
NaN	-0.502912876278344	-1.96459587340113	0.132127941553666	-2.80125360021647	-0.23897445074625
NaN	0.504490017578097	1.04308150628229	1.20714804255825	-0.353265860718323	-6.91051443970058
NaN	0.536111607973492	1.36389578535052	-0.473851045497325	3.44273827733824	-4.21615750539283
NaN	2.43654728048457	-0.0577122699122335	-2.02886637171271	0.427302415935542	0.355634705308397
NaN	-2.04969720123794	-2.13600711328231	-0.219773530728097	-0.601540969789149	-4.35610725548228
NaN	2.83864517728366	1.78048749347983	1.55183570680829	-2.05843908908742	-1.81024878550672
NaN	3.4533544771489	2.29479463706092	0.862893725386908	-1.1482348009769	-3.21613469223272
NaN	-2.99757779696275	2.32084196999228	1.18432236975309	-2.14057692022463	-4.11774932212819
NaN	-4.0908276399896	-5.58392874857216	-1.88766008641985	0.0209104940373456	-1.39408001257133
NaN	1.39026099478752	-2.61344682314356	-3.03838403578081	1.41311297427546	2.4093353580427
NaN	-2.51454882334469	-1.77151255241421	-2.60168962369546	4.52809623191604	0.760828337255068
NaN	-0.726363829922036	-1.69084555912474	-2.95544085545515	2.84178004227317	1.2568284638448
NaN	-0.842881044545996	-0.862284837902531	-0.796320394229598	1.17026380104001	0.338394946459083
NaN	-2.0874826231488	4.47566470785536	2.11854267389202	2.03757751027011	-0.35075081583067
NaN	-1.36408618671823	1.19224656779604	3.58474371559989	-1.0821013053343	-1.43512912901915
NaN	-2.34738315065342	3.32712207391823	2.79802886952034	-2.32566516616972	3.87695309766158
NaN	-2.48083713135029	1.66355356802076	5.62464754912421	2.00637760876928	1.96166226311089
NaN	6.05160855395077	0.329233486608497	-0.181457780910032	0.444085066273449	0.93933723762975
NaN	2.25504128858538	-1.00844213715883	-2.62181552756462	-2.90403305351057	-1.30843180936314
NaN	0.134673056698848	-2.21463972111158	-0.0846640906800908	-3.13225282616692	-0.631999165369991
NaN	4.28497172535508	1.46680330937423	2.96599597602018	-2.53694290325019	0.745082830127929
NaN	1.46166468877625	2.38118121047251	-0.0371446053461193	-0.111693720229618	-0.133670734696372
NaN	1.0540226926638	0.263006774472249	2.31143297873392	3.17042487016377	3.08698320565979
NaN	-3.30909963600143	-5.94931022992828	1.98089372797919	-1.37572512098703	-2.55179043798184
NaN	-3.15195180117842	-3.28906027494461	-2.97837717589866	0.613645941308136	-3.29206720396762
NaN	-2.30077593922456	-0.356942993363215	-1.27374005737836	3.91797195556089	1.99369665754844
NaN	3.18234017722332	4.17094207401202	3.46783706549802	0.547020687076329	0.253174213252051
NaN	0.71216674844034	-0.721465289931555	-1.23609011170808	-1.99018305209055	-0.717460406348278
NaN	-2.62187073531591	-2.95411591815644	0.31301125806022	-0.688512479424985	-1.29789014528923
NaN	-2.22810253713286	0.205173106942489	1.07000290964355	1.4903174304042	3.69573909796268
NaN	-1.42869496478161	-0.130474181150036	0.0418983668632658	1.48816221950564	1.77234809899762
NaN	0.0280046727387427	-0.669395128229064	-3.52655316795283	-2.34707123482722	-3.19084104727856
NaN	0.880375657327396	0.219342384010497	-4.56694169280213	-2.76428694983827	-2.0788723465846
NaN	-1.20136034298732	4.32448327874398	-2.30202209491327	-3.01340981224389	-0.732597060601283
NaN	5.82407484087346	2.87126040258115	-0.256151740552487	-1.0228579772944	4.7436249998494
NaN	4.70872143947098	1.12520279916661	1.75838935555962	1.71343473356748	3.53359588233479
NaN	-1.75449211585477	0.272881651071175	1.53441353412272	2.28857790971696	0.052753959558967
NaN	-4.46992832113196	-1.58285235562054	-2.18724714209519	-1.16579034074397	-3.26836158527251
NaN	-0.655135310235534	-3.77878532687102	-2.88687879009487	-1.12111151395559	-1.51960450092623
NaN	-0.740529223622136	-0.153842907151707	-2.04874107603168	-0.904371430076292	2.26558134943428
NaN	0.802590771975814	0.702623907316608	-3.37590667538522	3.4357938082024	6.38551674740822
NaN	-1.35907867525557	-2.7809855670915	-2.60624691166786	4.71333397991012	4.33678383447443
NaN	-3.04040476331716	-0.0468804930928009	-2.46949913381408	3.19316510043137	3.56910279127762
NaN	-0.581319547702612	0.0640514119600907	-1.10371698716566	0.459868902573619	2.6324744423042
NaN	-0.350002226402718	1.81000397646083	1.96632152846915	-1.81203070014271	2.20783555821084
NaN	1.52520802868707	3.70950983355905	1.89587371129177	-0.271497637768428	-0.419697467075978
NaN	4.60769954393368	4.54085548722715	2.35034313436468	1.11617650911169	-0.244572385961604
NaN	-0.00153966384783135	-2.77442768720292	4.59998002192831	-1.6588890423266	-4.64836994886365
NaN	-2.66546490719251	-3.6033201115639	-0.00458178168938783	-1.21966383676883	-6.45033326914573
NaN	0.0876140043934243	0.465731015738382	1.49780848168548	-0.826438850270596	-4.06942708906809
NaN	2.14352164629278	-0.177385247891199	0.000756613279315088	-1.46627151068784	-1.82627254461401
NaN	2.05242264027729	1.23904858423712	2.33142993159728	-0.243610510284965	-0.270422854787783
NaN	3.77826338769178	4.14250587928802	0.323492648720135	-0.873168417336025	0.905495783008467
NaN	-0.122402856615909	-1.93162914944413	3.78113236879063	0.5811655132712	-0.564808662823093
NaN	-2.98637882286262	-0.706661130533286	2.47939025122241	2.14620480843242	-0.611542425812073
NaN	-0.837161315359071	4.31283570683269	-0.236563342786539	4.43410234493952	1.74661648795393
NaN	-2.55388251366051	1.46811352244529	-1.29728540284808	4.48704579967654	0.724563744827249
NaN	1.93373983164844	-3.30799283147298	1.13004262608747	3.51960224098241	1.08168181684783
NaN	0.65928585422208	-1.52823818084338	3.45112783587246	2.87217266343393	1.50262209776785
NaN	-1.23199194840704	1.59860042171258	3.47190990689967	-2.67732279495436	-1.76458641125795
NaN	0.04057534736799	-1.95179358521257	-0.512076018477025	-1.98671127522038	0.701187210542945
NaN	0.569132607670404	1.87006195573606	1.439652055437	-1.03598024919645	1.43810655050745
NaN	5.50520352301513	4.09090578273403	0.962258513288871	-1.6526800311253	0.645757026672467
NaN	3.41514062922399	1.86188527376344	-2.66478333718637	-4.38153294480403	-0.532314137878264
NaN	-0.712463284418784	-4.79130558872569	-3.97844420018721	-4.11744148736879	-2.86896349490713
NaN	-2.19845995261723	-1.73488427641962	-2.82323905630725	-2.28522708001331	-1.01275760504597
NaN	0.625906173724888	0.00905331156166827	-0.23068499897664	-2.34874643784336	-2.2797607301563
NaN	2.5665701402288	2.40510374583695	-0.432368838366127	-0.833972524890664	-1.9925101648269
NaN	3.30933126627807	-0.408020418447478	-1.68884539251503	-3.88648583397297	-1.11417390514913
NaN	-5.159569400715	-4.26831816200307	-2.59899106471345	1.49854756523823	-1.45404820874712
NaN	-3.91614470236942	-0.645738773615608	-1.19343326059399	2.9342036093953	-1.34689373673415
NaN	-2.44752064981626	-1.19109786641737	5.03729703315494	7.12079824010016	1.39186312637023
NaN	-1.64984839962599	-0.800137485306439	3.10337086936619	-0.0456691312928196	-0.131061197568974
NaN	0.693004427923206	1.34484057056786	-0.130183051110304	0.528819904091089	1.36677749892904
NaN	1.19676730216463	-0.347045988774016	-0.880777866344312	-0.897543586504351	4.13449672497344
NaN	-2.45515668293002	-1.02269257782774	-3.00868846265243	-2.72545438063064	-2.76585610698544
NaN	-0.696834408099301	2.22019434573235	-3.73825894513441	-1.56225102648668	-5.83013317559066
NaN	0.598156904042208	1.18280135129766	-0.829354711440887	1.6095387860325	-2.0458141974425
NaN	2.20517499797715	-2.06791575749323	-3.76333436855342	2.95499415536477	1.56625105133762
NaN	2.12507254746371	2.12547421159785	-2.23601643644561	0.42454394191239	1.53996632253256
NaN	3.0882830664797	-0.211957614405324	0.396694840245947	-0.58694657736623	0.336717796601357
NaN	2.53737805333637	2.9207732578145	-0.0528312767782044	-2.9904964722161	0.874353932592247
NaN	2.12346266286288	1.18537960176835	1.78204957337573	-2.02597313998897	2.74840411145464
NaN	-4.26636955875464	-0.457733180619051	-0.791609192766962	-0.884911840980961	2.24152461979457
NaN	-2.67159743207794	-0.0864880581871963	2.08717494770502	-1.15042557280651	-4.86912736559274
NaN	-2.78038655849325	-3.43248964206164	1.48838755990148	-0.770640106655472	-1.03279478508779
NaN	0.300339193293746	0.363415782081009	-0.144297576322529	0.0834138721124198	1.70740364608878
NaN	1.17657064991484	0.23201020135106	-2.38918939428244	3.89615393639907	4.03064155649611
NaN	-4.28371874850629	-3.19303868211402	1.72755806308689	3.33197387993392	0.885077437526403
NaN	-4.72202017785531	4.75675926545033	2.83965296887264	2.84962326991254	1.82784887984599
NaN	2.3049694402251	0.53639894619699	-0.326691013523989	0.267102584526722	-1.02505202568141
NaN	-0.417650790371376	-6.3386650764184	2.18182534690179	-1.56823007255407	-3.65533483455865
NaN	-1.89770933144297	-0.698216211513892	1.14508261546358	-3.35877773789816	1.99343190837285
NaN	-3.25102022563348	-0.0891078529571127	3.99796036375964	-0.825432994689856	4.35096547358055
NaN	-1.32993808616022	2.66723731514001	1.59398933481453	-0.36676784509043	-0.122189557841024
NaN	-1.17049170739634	3.29810146887998	-3.22171011078149	-1.27382700240674	-2.60981510826282
NaN	1.06329703033813	1.14020306408197	-0.156607769405345	0.565125391419322	-0.373760061961798
NaN	3.51268060085502	0.398377897630698	1.38611991031015	-0.224896269698926	0.308377889488943
NaN	3.35857092322435	2.6973166944877	-1.01389060471142	-1.53756619186778	-0.779792158774443
NaN	0.533674503725272	1.73084866538178	-0.100584702694168	-1.66174785354127	-1.61516885883581
NaN	-0.758630439481843	-1.56453008080809	0.557357995926511	0.94769566422457	-1.69545200747437
NaN	2.05624947399672	-6.38389476387701	-1.28661861126978	0.400583822931153	-0.996662301682337
NaN	4.53354652220294	-2.34326665087175	-2.8780476940709	1.88699324382812	0.421640500685774
NaN	-0.332729666849695	-2.73677692877752	0.440183765667311	-0.328350471508361	0.958328860378087
NaN	-1.95776237256762	-2.37742209641109	-1.23108869230387	1.85230378347257	0.166754353493008
NaN	0.183374694117456	-1.31073600449899	-3.26475567276261	-2.38876515457032	0.971157693068216
NaN	-0.317910138399535	-1.6889304568896	-1.19710860557044	-2.01083026453982	2.32235462714012
NaN	3.59410110081068	1.33765142534969	0.582162322082727	-0.0829722249978835	5.7973584448115
NaN	2.65765251930408	0.47697207470223	4.67793627097908	1.5322649782028	0.848628903664008
NaN	-1.49700290178547	0.190681292673621	3.11669422928747	2.43848884438914	-1.77885768162367
NaN	0.116905706522488	-0.110874926930972	0.629083174626825	-0.0542704322352087	1.45064637068462
NaN	2.44942410542271	2.57946117549085	0.649584314332821	1.20964554948631	3.30660154156529
NaN	1.72876456970227	4.07403692136461	1.77942859287761	1.13272884050038	0.410222965901952
NaN	-0.162012844801656	-2.57586527630299	-0.187164795347948	-0.0489377335582164	-2.9537439970607
NaN	-1.73750553598828	1.63200928654586	-3.64163347348077	-1.92387948500865	0.812433988688211
NaN	-2.44441518937412	0.0996736155348514	-3.51105257569097	-1.70289333794544	-4.19430515276669
NaN	-2.68831437913661	-0.448230874959022	-2.49512810329238	-1.15445325176013	1.35896676845354
NaN	2.8043592401774	3.8698078154733	-2.24775784566434	4.3531876157638	0.747823057984284
NaN	3.3000438985888	3.18724732309867	-0.741809682287836	2.95260867384547	-0.290021270488212
NaN	1.84611117477784	-1.02553122298172	1.45446080019655	-0.137238571293365	-2.59167642845806
NaN	-1.19608489386584	0.253285039480171	-0.316841152480319	1.33333216201991	0.857431119166644
NaN	0.980214033808591	3.82715709199363	-0.46103393531233	1.27441895356495	-1.4219555223122
NaN	2.20298247815983	2.55857168190105	-1.42020202751432	2.74230718060911	-0.377543919830581
NaN	-5.39017878433126	2.73618184585975	0.292667770541259	0.700456398308389	-3.7675749300063
NaN	-7.20942584430421	-0.261122379581453	2.01750612544072	-3.33886150847661	-9.98898167384693
NaN	-4.02388641390859	-7.22655109568461	-0.749352405806717	-6.28958256589084	-5.48693557949875
NaN	0.242292656941742	-1.74642400409655	-0.0288392062343721	-3.89325848337314	-2.30910059236351
NaN	-2.30008173502777	-0.168929231765332	0.433862184955772	-0.764173815043235	-0.521055411218762
NaN	0.963196472591955	-1.44181298933266	3.68524354230352	0.228871486771781	-0.0663081491956264
NaN	-0.460615256429711	-1.10584092102735	2.4976565013377	1.99037519513655	0.779431684859082
NaN	5.65203053944623	2.79584466247591	2.49180903727015	3.18895537571849	3.7720199861019
NaN	1.63695982375583	0.96271290296954	0.0598896847179186	1.63776886972783	3.27127740427665
NaN	-4.62499339404662	2.77861361211906	-2.80709891676208	0.0231726107065688	0.511797974068992
NaN	-2.42056996547284	-2.1688805278061	-0.305608000470238	-2.4411824274353	0.158556640299948
NaN	2.09943036613583	-3.01599691785862	0.118720348035668	-5.55899030645491	3.22378273955002
NaN	-0.621469504119697	-1.34300947753179	0.414383150446534	-3.12481026490166	-1.99940951867307
NaN	-1.05744850130609	1.34083452843395	-0.245746815928855	-1.72624259846494	0.249325031599439
NaN	1.48957268340443	0.486653586630118	0.321146136076089	-1.17241231346813	-0.163542578332795
NaN	2.7712086919069	-2.0968553061663	0.596553327510523	-2.21788520935045	-1.0729764221277
NaN	1.94867022772724	0.13853056043869	0.209646581396601	-0.791215770818552	0.987431863459732
NaN	0.00993346235585103	-0.749383205979259	0.0251196763775157	0.186803107640822	4.65111678898841
NaN	-0.32967195042199	-1.54624350260708	-0.604726861257956	3.08363617114647	0.172274951777176
NaN	1.96481728511783	0.787841635441397	-2.19413485741917	4.44551428161094	1.15328036567373
NaN	-0.560681659197389	-0.371818891818517	-1.06438664587206	2.14871288729968	1.69391544492184
NaN	-0.0320159061411633	-0.0652694825687231	0.800467143817922	-0.377410885825445	0.29545567382015
NaN	1.3827221674774	4.0624147135068	2.5316478247977	-1.22537954742784	-0.684505243671599
NaN	4.23190802623848	6.25312478934496	2.02229071982913	-0.338618699068526	3.15354956005825
NaN	-0.221129323439355	-2.23777743714197	-0.194471909791866	0.10089601065624	0.243639803158554
NaN	-3.5484764664007	2.3058941916663	0.0824901967384308	-0.869855585127417	-2.91135510108948
NaN	-1.49567130863346	3.57691299231705	1.74765374508681	0.20152010800193	-1.73185922273575
NaN	0.0732549984598331	-1.72317162756846	-0.617658937960068	1.44999291948817	1.83199922696604
NaN	-0.360074797465092	-1.33783389837557	0.0427874127436139	0.158127954252911	0.801100622756011
NaN	-0.591239921414369	2.94649444135863	2.24024311050583	2.18923773778464	0.0975493859691687
NaN	-1.69949866029429	1.35470775400094	1.04565527126671	1.08251184483379	-0.570338878696124
NaN	-3.04068645937031	0.268689617816945	0.649531991275215	0.219836560559337	-0.674529950972398
NaN	1.3502149118477	-3.06116265095183	1.09648964100748	1.44513576568704	1.08121065087229
NaN	-0.500585836088526	-5.57656917364153	0.239893345560308	1.2095998906984	-0.674094453757572
NaN	3.82102205601798	-1.95220510294321	-1.02958083478687	-0.0955224941000475	3.59615422124262
NaN	8.92414890633307	2.59181950786535	0.131805856851745	1.45160602122437	2.64005002914121
NaN	1.82943779448697	-2.66311757061235	-1.08423950035485	0.125108659292262	2.37967035390701
NaN	3.41803524574316	0.82810471283147	0.0935194062888369	-0.81002946035292	1.54574143313278
NaN	-2.00555211560278	-3.12113430478406	-1.78547342416085	-0.335035778886307	-1.65153407065474
NaN	-3.77893227600721	-3.35497908929007	-1.96710163836053	0.579832610531285	-2.59327006052202
NaN	-1.77571034288231	-1.65572185006449	-3.90528683792952	2.24476536249579	2.01554451319343
NaN	-2.20464056948644	-0.967181259873756	-4.00146943106182	1.57000521156987	-1.02665929811468
NaN	-1.70430975313257	0.0760112312934358	-0.179499335754265	-0.361535520077692	-2.17862828704057
NaN	-1.04904791837313	-0.188481065186711	-1.30317599208664	-1.28899297236335	-1.14034335732635
NaN	-1.86749787937691	-0.353436211067757	0.921883904779235	-1.59030474829044	-0.894199273658094
NaN	-0.765371828177697	1.56902247213649	4.17396653884612	0.745743656856425	3.03585196626294
