NaN	-0.0441381803826018	-0.691976084715117	-0.662746620347177	-0.896895346985358	0.0190945824045191
NaN	-0.819469302762256	-3.31616639368032	1.97413197648663	-0.702235700950044	0.288367681598873
NaN	-0.57129981828525	-2.13810543303467	0.549558638145844	0.689237238679384	-0.559069873712446
NaN	-2.45523877440495	4.90287704724106	-0.785258201407772	2.32668021224877	-1.43603803924308
NaN	2.6073166391272	2.36135241754202	-1.61411070532587	4.3766050324033	3.40961264972651
NaN	4.53695894333852	4.70227575467205	1.75058784419841	1.83962560176593	1.11924746151737
NaN	0.160487844260759	-2.8789990787219	3.51852161821017	0.0772459029158485	-1.41418552219521
NaN	3.33141139140525	-2.17735463169536	-1.32884322234808	-6.14856472539903	-0.203387828410416
NaN	-2.81943951264291	3.20871633626471	-2.88590376075242	-3.25916787062568	2.15949358751479
NaN	-4.77400031417172	0.790553187832559	2.00095291782881	2.49509704944664	-0.581531421281827
NaN	-2.58780453485554	-2.02674477726112	3.28056744897992	-0.199159686866119	-1.89924083667115
NaN	-0.261990198332911	-1.72996753828808	0.319541324267295	1.20010455986544	-0.968143710523055
NaN	2.34320889584066	-2.85651840338887	0.412632666663526	2.76628698952365	2.93677372159061
NaN	1.49663771350584	-0.617585990058136	-1.83563264089469	-2.12152037829192	0.958256553261369
NaN	0.612611886565283	0.706365195786916	-2.97836335436906	-5.508876558768	-1.98383875792504
NaN	-0.685919794384152	-0.763034832411029	-0.917106815374898	0.617840539886912	-2.97429970032799
NaN	-0.98439775304029	-0.439105807829474	-1.6887671680692	-0.466938359218515	-1.45620644552663
NaN	-0.601563486070826	-0.96286410594562	-4.06967303624419	-1.44329461886569	-1.55443453969284
NaN	-0.602117613768061	-0.00306767655824616	1.96664987243368	-0.820952133556553	-2.44505933696969
NaN	-2.71794670943357	0.877398992990028	0.250374766459175	-2.14676509811666	-2.87409991935003
NaN	1.80930687732491	2.09082641694103	-2.82791101489561	-1.51815564096893	1.16441312253477
NaN	-2.26119343914968	1.44642048663834	0.127737197413153	0.487102868268726	-1.00425186668064
NaN	0.45371376951394	-0.297722338634104	-3.23937714072199	5.66194079852418	3.5890138870903
NaN	2.11615845742741	-1.87800175359306	-0.390626024069911	-0.203657721600901	2.45746338962362
NaN	0.335850663722023	0.773012557171786	0.0179982225927127	-1.76391662288999	-0.510148623565316
NaN	1.01591815413867	-1.52163754898255	2.19548716821632	6.57972751242169	0.783330379645696
NaN	1.51954763664336	-0.129487009767694	4.24465624598101	-0.138262084334483	1.00093330996775
NaN	3.95736730241405	-4.2413364644332	3.76193322501778	-2.52770740451028	1.8523683586026
NaN	4.07118744110792	2.126967305183	1.95639584905808	-0.180222331595475	1.06311564959424
NaN	-2.11707882355509	1.23726527001267	-1.53777796920965	-1.61487425099081	1.7496040027788
NaN	-2.35217824622463	-2.02236918606023	-1.36643274337932	1.37597198298462	2.41439293952146
NaN	-1.79499802188667	1.14524513227518	-0.956613811850582	-0.260608104785387	-0.538314667226314
NaN	-2.8860254802783	4.99399913719926	0.308537714357418	0.967444044636117	-3.70589793860007
NaN	-1.10739723076056	1.50126542931053	-0.79942359730514	0.695877144746586	-3.57464764085924
NaN	-1.29163260119419	-0.824009584994026	0.460740542309278	0.30893893885015	-1.11665824982191
NaN	1.98985587340813	-2.21105297361557	2.33309351310759	3.32582117387697	1.37226889476134
NaN	-0.500995017596604	1.01025285469851	-1.41439266786494	0.164515891712489	0.985329334457383
NaN	-4.67216991170941	4.9274551923799	-0.554860493720753	-2.8955034856658	-2.09085601484365
NaN	-1.08596444523086	1.36053063726471	0.466676530502848	4.32093254355079	4.40346252273151
NaN	1.53295409983327	0.0988952171652659	-2.81962363530166	1.28552768605005	3.98411990249737
NaN	3.72611979188909	-0.979957730254593	-2.37842800502283	-5.67682790296635	2.36123721796248
NaN	6.99471959395082	-1.25109571430052	0.592939864659425	1.28797685881795	-0.283972251879303
NaN	4.42630021983707	0.413676634655934	0.442599721340533	2.80215954619538	0.949788982841733
NaN	3.83495853141593	-0.805388849057604	-0.151679264750176	-2.16931565662772	0.0107596161438613
NaN	2.7699333155886	1.31488098245685	2.29895007856764	0.629626657633246	-1.02802809527032
NaN	-0.792625010908653	1.87371438736437	1.80752108382984	3.55311191640864	0.78996626580856
NaN	-7.14942703633353	1.16486091503013	1.30060178598557	-0.53222522531986	-3.88897796087705
NaN	-2.04123218225132	-4.4772154350725	0.108098205795049	-4.17354084135044	0.917882720045328
NaN	0.379135339926795	-2.56728017653699	1.64906921756232	2.73771509879951	0.302481881915533
NaN	2.83000627900426	-3.57330935740604	4.17046383363758	1.02159620164892	-2.4052625887201
NaN	-3.13859798087035	-0.0595782136222856	-0.568148239623556	-3.23642020591823	-2.38487352165514
NaN	-7.3728164067809	3.64883528536724	0.0743129742669531	-0.419345871802826	-4.18653021448128
NaN	-5.83456974434826	0.520698847733739	-1.03574800250706	0.24681418792942	-3.71204002903454
NaN	3.39348311976537	-1.65893583374521	-1.20138694248164	4.49676164037208	1.74956527575001
NaN	1.73888961049043	-1.49788810648554	-3.13417510073048	3.02476440485991	2.61635911516932
NaN	-3.55804020761306	-1.07964925900452	-1.85577722837607	0.717575287197373	-0.395341688124263
NaN	1.49048288806224	-0.820137327960088	-0.702544464737881	-2.12899395765092	-0.55242481307697
NaN	4.11958296840626	-1.80234474543366	-0.172542081635513	-4.62182027578513	-0.0267622430348769
NaN	-0.0453515602098136	-0.905717488514503	0.600751412169112	-0.783034857423706	-0.955996558809161
NaN	-3.814434346876	-3.59485821531817	4.10990808309329	-0.0431498071159022	-0.494180801009916
NaN	-2.71601954101435	-1.70767570747044	2.49737830866969	-1.80210905762009	1.43110077682043
NaN	-0.854271973484725	1.10677082284339	-1.80685881487481	0.430194862222091	2.45947304525905
NaN	4.00691190075736	3.68666721814224	-2.77081273708518	3.21025262510644	0.810575814530802
NaN	0.933600375359857	0.359043827080691	-1.65112597786909	0.508639898262414	0.150319831503327
NaN	0.615955754133949	-1.13218638707752	1.28037727781597	-7.47065934447079	0.568697105402011
NaN	-0.450668978444182	-0.0526615585070979	2.26715344564571	-0.27161408421177	-0.550363367099385
NaN	-1.93875117205407	-3.10260530475701	3.22640788586829	1.29705459794413	-2.42033496206834
NaN	2.12800677557567	0.721174065903201	-0.507149931650549	-2.31451223347279	-2.66974177902813
NaN	2.80317152450316	4.18351753079772	-0.200478639754285	0.0893341112356811	0.378638203017639
NaN	-1.09802414297591	-1.9874678483771	2.95863428228129	2.30183782299367	3.27262926751784
NaN	-2.78474654303788	-2.47543881917175	2.60358176650625	-0.214785136783799	1.61466396861875
NaN	1.96274197717589	2.28733076224746	-2.15904327953172	2.88601587070566	0.499967676002967
NaN	0.0408020630696056	2.2123550671734	-5.91686029335002	2.94004922285977	1.954178442138
NaN	-5.32013395124103	1.91835957659573	-4.76255651905241	-3.52391021810213	1.60474866237449
NaN	3.79175225621839	0.0474589565398525	0.426298729630218	-4.3975348131224	-0.726450954508359
NaN	1.3314054063227	2.34277386278617	4.12843909567006	-0.421797049110506	-0.772473979776847
NaN	-5.60345234405188	2.92403546739468	-2.28104771644853	-2.8779860877316	0.462864579168508
NaN	0.757762671177795	1.37867569800576	-1.53967649667434	-2.46264193292262	-2.56757843767984
NaN	0.532603477338453	-0.871923068476194	-0.0520091297831254	0.83839213589232	-2.84563495122247
NaN	-2.34595827247752	-1.07210345867837	-3.35979970087161	3.16573294112178	1.07792580049193
NaN	-0.926078241109027	-0.429514493657438	-1.07082495792594	1.10610316626039	-1.55997274258977
NaN	-0.525055355163979	0.589822222144188	0.211698982656037	0.881605912234891	-0.37475428119834
NaN	-0.474184676064403	-0.234369493961688	-1.65201309619301	-0.832782828594114	-0.574806072735309
NaN	-0.625734301642236	0.348891918606555	0.968877121026493	0.81343133199573	-2.05674824804847
NaN	0.914236460662986	-0.252253290373358	-0.00100887471355035	4.53558478354633	0.593998781216489
NaN	-3.24347192811871	5.45122356559347	1.91001964801356	1.9685042788649	2.12741012893087
NaN	-5.23874311801924	3.63389129453703	1.64528878448004	-0.487684109219708	1.3156273207527
NaN	-1.42923585364469	1.95181431361083	-0.406105371473798	-0.464805366385058	-3.89976377287649
NaN	1.89710119444211	0.719805625974917	1.31802518316299	2.02778823705526	-1.19748540704994
NaN	3.63690614340623	-1.22385261572942	-0.5063546873607	-0.24348417469454	1.72440396997015
NaN	1.08746993615025	1.43649458596726	1.49208791379132	-4.45140768822904	1.98924202028819
NaN	1.01902388669332	-0.855868744868676	1.55759263975224	-1.44761364043551	1.52362409547453
NaN	5.75488826886226	-4.80338645931989	0.853568523971064	-1.7272580758608	-1.27407408324201
NaN	3.63124197914334	-4.85932650531626	0.0491488814386863	-1.11244628999038	-1.66490240144073
NaN	4.32830695940145	-3.73513578789363	0.567848327627171	-0.612348304262316	-2.74167515798472
NaN	7.89404160484026	-2.15235705920716	1.6247824771284	2.34016780909129	2.31706781976077
NaN	5.90483880189741	-3.24804453406303	2.25025069079131	4.01666419326352	1.30970062562873
NaN	1.72809638288729	-3.29494632217475	0.340233698081642	1.49356900255904	2.22305641762854
NaN	-0.795213868609674	-1.75149901197535	-1.17468065687584	-2.3430705376723	0.985185323449482
NaN	2.24515668090516	-1.82688070285024	0.0771876697783272	0.29935551919762	-0.411108737713196
NaN	1.6386293009975	-0.13436526181647	0.889222443550338	2.74525774113488	1.60902276035342
NaN	-1.4135734022311	1.78913541628346	-0.155670264366958	-0.961533901757195	3.79653993751789
NaN	0.556565908974853	1.80432351340265	-1.16915694063104	-1.20350485767162	3.11639735428993
NaN	-0.42846091638393	0.15387726428566	-0.789442515396138	-0.354726937062198	3.83928942092165
NaN	-3.23454799008536	-1.70585390936877	-2.09039973264744	-0.100042182834042	-4.0642405446514
NaN	-2.6265867012358	-0.46073099596306	-1.72933825748577	-0.414017228194492	-0.82228096287637
NaN	1.91645619608711	0.940519386482456	-0.200370855055725	0.723223132798161	0.0770717871126635
NaN	2.10062881907794	2.01592878867835	-1.5978747263535	1.62347178027122	0.85782618755642
NaN	2.09636666126651	1.4626326890092	-0.970263274547881	2.61662907602173	0.648937373376981
NaN	-0.214776466474058	0.200532120324313	-0.615924025781108	-2.87163937981973	-2.45201876181585
NaN	-4.87207980956386	1.08156119682573	-1.81340427137968	4.33511306261489	-2.75455953831924
NaN	-4.94387085814802	0.215877523990394	1.47794162945866	1.68540590734666	-1.03501589504325
NaN	-6.40125570045678	1.62510004373536	3.45508638755973	-0.58592425974284	-1.89654203758646
NaN	-4.03609167496852	1.2425862323603	-2.32939292614084	3.61996407709126	2.78739146801082
NaN	-2.07745889999672	1.24150955729507	-3.43551234003252	2.6821835355949	-0.373476598373154
NaN	-1.2033930574199	-2.07600285043928	0.378217752470473	-3.90752002018728	-1.16213843996631
NaN	0.353128354629116	1.00776432929495	0.39432605582415	-4.01111072434315	-1.83974890987425
NaN	0.51485079106375	-1.33232101140801	-0.168272457391243	-0.803113321164159	1.55956900231437
NaN	-0.997611588015643	0.339356235758916	0.373540621890629	4.8164303009879	0.173671534174014
NaN	0.741341392596314	0.415651596626295	2.93055373879837	3.04153696628812	2.19057802370337
NaN	-4.28810809946693	1.38184548878048	3.69994384693686	-1.25461374241008	3.85755041196173
NaN	0.370105243150253	1.59472142109183	1.56060628218921	-6.33483965535283	0.551371121928362
NaN	0.287597199400983	0.709810686970073	-4.09929142940728	-0.104453947293367	1.11928503778526
NaN	-1.63919523734959	-0.0896106317055604	-2.32530812421993	2.59568485326326	0.451286771445325
NaN	0.505742693523518	-0.0448622217868652	-2.48961082447395	-0.0453548351209759	-0.529304352602669
NaN	0.0558692897103061	-0.692536768616745	-0.284944873703318	-3.5871045450242	-2.15656049784413
NaN	-0.180336828168902	1.25419843121236	1.07073821740386	-3.2984444027497	-2.70677810804569
NaN	1.30471858353504	0.322254931598275	3.14018663496924	0.836793322682116	-4.6043771863083
NaN	0.356428290930296	-0.343824250705734	3.22608495894442	1.80908671577122	-3.52819757823281
NaN	1.67014289076612	-0.853536175834326	2.10557600028252	-3.74501039681768	-2.32283517421146
NaN	-1.58292512381609	-0.628581849685161	-0.41472874199817	-1.51639363220377	-0.717455803335637
NaN	-0.670709968807729	-1.12072673877137	-0.751009843396809	-1.06678362732801	0.485164778724138
NaN	-0.448632632315228	-2.12063234227796	1.2370974118671	-0.951315524160475	0.738680989337915
NaN	0.631103767228526	3.60153289282353	-0.000733017190348902	0.348743027669797	-2.59324651495745
NaN	-0.339073638750364	4.90176362726985	-1.18696548416511	0.401547208864637	-4.19651882878917
NaN	0.818668405736684	0.204878109136014	-0.681080630746759	-1.99742391437852	-2.67694541244835
NaN	-0.901655300813986	-1.43220863430225	-0.983974282629146	-1.01617624825827	-2.60893634309291
NaN	1.95075674700877	-2.33028052945047	0.017159851512491	-0.355347449174501	-1.51488067890635
NaN	3.37514786113833	2.13341977286944	-1.39778131452844	3.84153820229908	3.49444037110041
NaN	5.47141084072902	2.11535210096077	0.565622916018533	5.36884586560215	4.74410367247819
NaN	0.861309481641922	-0.0426556262739443	0.599282506591245	-0.480577638563944	-0.655496058860685
NaN	-3.6167857829192	0.739041074487298	2.19839388025187	-4.76158680906099	0.311654488409601
NaN	-2.97070034987711	-1.64619926411365	-0.959538843307151	4.6932763767957	1.68141751783979
NaN	-0.919368881569896	-2.2298375491778	-1.63211553534613	1.87769347321639	3.36749684525182
NaN	1.79896049048649	-2.33289874774037	-0.0700866997840892	-0.16470854659938	4.49484387778317
NaN	2.81770682831759	-0.293258261871346	-0.286747582432375	3.08973905344088	2.31264811539104
NaN	-1.50645097100745	-3.26892546815261	0.190364256895903	-4.19606095756218	-3.66229386016322
NaN	-2.57975426431457	-1.12005191543586	1.02561619524235	-3.67084998795515	2.32458980348796
NaN	5.16116195239607	-1.34958180724509	2.6219378061741	0.53745791024137	2.36761535668126
NaN	-1.45343996112308	0.816634661409551	1.94232665765156	0.386527118631358	2.38627945295834
NaN	-9.06188181089055	3.09815112699216	-1.29327520742404	2.72322045804767	0.0626253043606355
NaN	-2.58223026492596	1.5804063760715	0.44179037063517	-2.5314847163101	-4.53590702757126
NaN	0.14669074113056	2.15631722247114	0.20313044129893	-1.17372402397745	-2.68544251439372
NaN	5.92332325233178	0.440558319183657	1.68919956008673	3.65293201491006	0.151416250665946
NaN	2.12298866864722	-3.69988756304146	0.18489748712199	-1.68134522268657	-1.15943445304043
NaN	-3.14644682927666	-3.3511968766287	-1.4641288337381	-2.00309957952768	2.24387354721281
NaN	-2.50538027529672	-1.78046534218216	-1.00728315236743	0.697385689454144	0.0825139596068401
NaN	1.71907727579837	-0.175125571431348	-0.785664758468876	-1.35328508171969	-1.91125410144778
NaN	0.583677280535506	-1.54420109030864	-1.35444448100098	0.863890692143821	-1.02846179520111
NaN	0.365143708002836	-0.0812702168938265	-0.0395068309873338	-0.575606755705284	-1.23763604801294
NaN	1.98618238982752	-1.47920442632057	0.67996214268576	1.97317047167155	0.605339723669866
NaN	1.43651761116665	-0.906326161243657	-0.525395924623504	-0.339661351378921	0.732804843482466
NaN	3.57931801378514	-0.70844063796058	-1.53034498138631	0.275788064779276	0.745116128387878
NaN	1.09110495802561	-0.541093671819799	-0.316229549120697	-0.405737757891325	1.96791983084582
NaN	-2.88137260590577	-0.0645122302027891	-0.364103191339714	0.793496514981736	-0.730016877712117
NaN	-0.585947232094737	2.05260117275045	3.98930704855202	3.88129990694177	1.69499191924892
NaN	0.500048370879361	1.40760688227348	4.05031730287236	3.30565845434369	4.42266385047948
NaN	1.55046225128013	-0.556714643459924	1.99940845446043	1.36504913822689	6.75824858633963
NaN	1.43692886069284	-2.40035266026086	-4.54517825058824	-1.52536927910634	1.69900634640955
NaN	0.507572535311722	0.582598758525962	-4.73790246809769	0.743286886021397	-3.1885618826484
NaN	2.55861156697278	1.35307021015629	-1.49220727211665	-0.688241607318251	0.129635493994008
NaN	0.0318646304155143	0.301672819526965	-2.82300753442226	2.49580834796346	-0.64706505910257
NaN	-0.804031606185667	-1.07949670487132	-0.137120706031089	0.0504209476109117	-1.89716354013284
NaN	-2.07766716294609	3.472674322568	3.38711556109842	-3.01488341799433	-2.07014946728291
NaN	-2.73055904337941	5.23751504647217	1.29956645221128	2.54944297993399	-2.78805921782564
NaN	-1.86614673719493	2.8946245565972	2.68742310021465	1.66330578372464	0.481919515497821
NaN	-1.53839206600208	2.11743276193971	0.534767189892087	-0.730285854436752	0.58039991756169
NaN	1.79949273991102	-0.545688554902904	-3.79572844075467	-0.623230978322142	-0.908811375089972
NaN	1.02810318868621	-2.22354179487167	-4.58581094005384	-4.07314088148037	-1.1496655090194
NaN	1.42610013252797	-1.89972499354216	-1.24059013634121	-2.74131936196185	3.13007944367308
NaN	0.669053757855257	-1.63364587645028	-2.36784784011663	4.23454286810228	1.39869204777992
NaN	-0.456260179143951	1.93845306887271	-1.4613964866426	-1.44639688572893	-0.973262816530552
NaN	0.400699972918197	2.90391125884975	2.00299692596046	-5.16623803219181	-3.19297154791707
NaN	6.36156530449606	-1.67839281823686	3.99229927734879	-0.569636365757027	0.0853760911859651
NaN	4.86886921618084	-0.0648100685687919	1.71432283755789	2.08329387432631	1.66664426032213
NaN	2.21465444018046	-0.897823751803716	-3.82028767210795	3.17370972542295	0.391777815566276
NaN	-0.797416278321005	-1.50401390773824	-0.202731025620219	0.731559546536151	1.37392190759938
NaN	-0.303144359111405	-3.18664750786182	4.0929915078887	-1.82286113267282	-1.53635990176418
NaN	-3.09417650147411	0.656778916535089	-0.0614183132815699	-2.0937958848037	-2.1179646230828
NaN	-3.49095167879125	1.09577647923839	-2.90857221708389	-1.85938837118372	-2.79309739994005
NaN	-1.92401999842164	-0.696507315335998	-2.60437229038687	0.194987498545037	-2.019562651909
NaN	-4.00288914657478	1.01845595526816	-0.576745416053009	4.58901281666882	1.78980093238082
NaN	-3.28789798180288	-0.459188463881259	-1.9601851422998	1.58482927847772	2.60116021271948
NaN	-2.15805360268922	0.0861415833301272	-0.758881982231677	1.2427310777467	0.110340626438933
NaN	-1.67756437530883	0.27765884998346	0.559617792415971	-3.80070566918311	-1.70474121495544
NaN	-0.154291391567637	-2.93738271037569	5.25798179277434	-4.33113638564793	-1.86174835641579
NaN	-0.543932632874474	0.00902471965590487	0.947463754005603	-2.78192030038971	-2.20248378696937
NaN	-1.69802376209007	2.30505526571164	0.346911705344825	-0.293090493685797	-1.23390499222234
NaN	5.24276812457749	3.60587105148017	-0.348735862428336	3.53641873338266	3.50711949019563
NaN	3.58157486364714	1.21248579208565	2.96214792262694	-1.84412654953367	4.39823109163001
