NaN	-1.43513656733035	-1.55970919209312	-1.05881460931031	-0.869709622537005	-2.83133083709225
NaN	1.07469359762872	-1.43814514311502	-1.16688297772555	0.407075405136451	-2.73910364474817
NaN	1.37863740813992	1.24362296007177	-0.330082974175364	-1.97438141561885	-1.10318052645425
NaN	-1.93455176903513	5.17453545832327	2.08113845105043	-0.204529491398208	2.33363785031944
NaN	-0.677015602566325	2.06802219039127	-1.87922475188701	3.24520943876203	2.56676119605659
NaN	-0.17601830200838	0.00970712130844469	-1.43342846006422	4.31766125909814	1.79665329039679
NaN	4.178682514568	3.42181201145634	0.740888006715481	-1.84036294910139	3.66550006899064
NaN	0.720809568630782	-1.61889029930319	-0.395279650452913	-2.32592641298443	-1.13198286592337
NaN	-2.66990641915455	-3.03954168111135	3.85213065908984	-0.147982016737503	-1.62975895076416
NaN	-1.58988406161317	-3.88926233418568	3.24727536900889	0.153414331014827	-0.597391102547103
NaN	-0.562720045136911	-4.45671895603628	0.0286283587658441	0.855786330529901	0.0553722202523637
NaN	-1.1455529596743	0.393238374442947	0.906715305675647	-1.65006194925284	3.47552480270947
NaN	-1.12167365901482	-0.753181783544969	2.03134191091101	-0.191637851343685	3.05521343373093
NaN	-0.839627221146701	-0.826517960186207	-3.96401795789322	-1.83078224132711	-2.01316629071981
NaN	0.633153737902818	-2.2685661764036	-2.21589507776222	-2.1746413140901	-0.929111301418355
NaN	0.6917923135228	4.04634439372506	3.46022504459556	0.108190306635929	-1.44468588192945
NaN	-0.974313608833238	5.05355726302606	3.57489990081742	0.791529756731537	-0.831868186113809
NaN	0.676006459717743	3.94239746458678	0.549989102532277	2.2545144487604	-0.916394623404397
NaN	1.86468271079311	1.44065977694123	1.54238998947171	0.930278860213807	0.514959199271832
NaN	4.14757806697935	-3.32232225865333	-3.45993449230822	-0.661023199009769	0.834991215266676
NaN	1.57504844771689	-3.18027425655038	-3.571764596426	-1.50450557045033	-0.869017025888303
NaN	1.15831402319511	3.62977266635323	-1.21581227968119	-0.445008320449606	0.90487002141653
NaN	0.487700876351959	-2.44999016176878	-3.51802220411423	1.2878047386867	-0.0934829649815115
NaN	-1.70170674201725	-0.0730326714662311	-2.9384197943184	-1.10153527465587	-0.0528681467947063
NaN	1.89897469202806	3.41312604456414	1.06401843020505	-0.0900733890963822	-0.425843189344076
NaN	1.57803941086214	-2.19621048020568	1.51451530852269	-0.590284925830552	0.878409816721742
NaN	-0.591385991292227	-9.59869633506155	-2.63182767046948	-0.681465005381683	-1.02109020474214
NaN	-2.42626644306815	-4.0121821216768	-3.4805736245652	-0.512089640176137	-0.156856989482981
NaN	-2.02935166135887	-0.381066335191827	0.257762080057815	-0.449430832278667	2.45581009619228
NaN	1.08250079522884	-1.10876166904275	1.22999499846014	0.840726055696198	-1.77807424341789
NaN	-0.403792785864894	3.09408656658108	3.39672565046002	0.400403803842499	-1.11589572357778
NaN	-1.0479835253529	0.645813706395324	1.11388973036028	1.91361778364415	2.52791736154273
NaN	-0.844305661826999	-2.19348259520555	1.21062439934593	0.336973947667475	1.10570495812696
NaN	-2.37672485699678	0.593447093663202	1.4642124302234	1.89750484219875	-2.78012757126686
NaN	-0.340401269200621	-0.690813217348437	-2.01884713705229	-0.211466374886812	-2.26891161264566
NaN	-1.95609761100984	1.74808240234179	-3.70397625451775	-0.23259235265538	1.26196611727758
NaN	-1.29531679207266	0.337098404641778	-1.62041329768789	-0.0543117788649165	3.74594122497881
NaN	-0.457232411097608	0.085357516766791	-3.63776881843444	3.73140976819279	-0.920782813020633
NaN	2.62589516768337	0.886144848600747	-1.1485982876171	3.96199820276699	-0.778181527053332
NaN	-0.537101494629906	0.767136611958364	-0.253292550601085	-1.50124056206407	-2.29576492795628
NaN	2.04378185600591	1.46890646680533	2.03955333177618	-3.90104586569656	-3.39112529611043
NaN	0.949057506287725	4.01341144471011	1.71078436353366	-0.0514721766205812	-1.09310544859147
NaN	2.97863865584143	5.18740999385539	1.7024596809745	0.150489260087617	0.417136503896035
NaN	1.60789662884272	0.592658801390366	2.1462256952326	0.134502087914673	1.0235448791092
NaN	-2.6024065751819	-2.22657930918862	3.8276777227674	-0.602217752944359	0.271727533464797
NaN	-1.97552093770189	1.21385894262777	-1.54450387793804	-2.60682497733778	0.750425425363085
NaN	-0.59202386310447	0.947933911692585	-0.579095034704241	-0.566114486402001	1.00229400144219
NaN	-0.454196218952753	6.95254853246024	1.81360575043323	1.00010192496061	-1.29725979468601
NaN	-2.08904308323457	4.25158311660132	0.961491880337144	2.98959596217757	2.9557294203888
NaN	2.65867638377724	-0.528503911248736	0.841036470904215	-2.11201239469525	2.65555859886446
NaN	1.40753358384514	-4.04576051948035	1.23863861731598	-0.0591633078102623	2.91958315437661
NaN	-1.26200291328648	3.4583980103124	1.86446682922627	-0.010116014739985	-0.274006814769912
NaN	0.90649873559317	3.68071515928873	5.39033638800173	0.194136493771272	-0.827596096589713
NaN	3.61433158988947	-1.52709256920522	2.62466609019116	-0.521022215566236	0.6899151356376
NaN	4.21686710491117	0.197003896156616	-0.544646907752277	0.157987114904857	0.461718671426156
NaN	0.28194108485932	-0.155431405727492	0.229483194357395	1.25707929553157	0.520043249880856
NaN	-2.27961302505017	-8.31245932790355	1.29143340248761	-1.09445833013084	0.873648709450167
NaN	-5.8128233694317	-2.0099057319489	-2.52719319039891	-1.38222313072261	-2.84125138089732
NaN	-2.04573867404754	1.47174306468317	-2.08972750846456	-2.26933505199021	-5.54775504707495
NaN	-1.50411681415636	2.70643708617192	2.5783809066612	-0.355352442266337	-0.552035236257774
NaN	1.76079133582458	-1.55222413034774	-1.15132441907066	0.0127792991123866	0.536639721277611
NaN	1.75037286479169	-0.608954661564003	-0.761978614465544	0.0482617218716105	0.262914097010606
NaN	3.44062692075705	0.845065404966681	0.486995752405672	0.141737080786947	1.85315447799482
NaN	0.661181170131708	-0.209204509598044	-1.21514200448061	0.756234803920275	2.46238476981267
NaN	-3.82440887089933	-1.52344799941911	-0.844076199367602	0.340883027467646	0.403837498372556
NaN	-4.39378964204511	-5.95806905466625	-5.97191631384333	-0.691226277592671	-2.93390505970105
NaN	-2.56166419345583	-2.34887053132519	-3.97282056826535	-3.76781853305036	-1.6731953779139
NaN	-1.9129948510936	-0.270994303680413	-2.57084842876397	-1.92777858149945	1.97687886207192
NaN	1.83966788803599	-6.79695949513385	-2.63379981562033	-1.12914244864868	2.84796204224438
NaN	-0.517179098958746	-6.55467931444649	-1.89040163994369	-1.93938773838753	-1.8572539520792
NaN	-1.51730454376447	-1.75813463694125	-3.24353539592586	1.42563509111968	-3.27057624694823
NaN	-1.42097170310727	-1.70092768111126	-3.38316685912631	-1.15858568412802	-2.18801726946762
NaN	0.999053471449569	-0.815984405767645	-1.75963796092173	-0.668667543018922	0.0628003308321116
NaN	3.48712518689809	4.16884420527514	2.0995474620769	1.14938274148637	2.80243775246845
NaN	0.249220765425751	-0.768751884080855	-0.862059660122534	-0.0179306866929431	1.80570463105174
NaN	-0.780392705424705	-4.25621668341565	2.12339386535596	0.165949491490364	2.98776301993375
NaN	-0.549063066337457	3.69119518357847	1.47573844238918	-0.762687644239444	0.834325384144189
NaN	0.239265097630656	5.84717495239391	1.66133186663409	1.63885118130488	-2.20874011014301
NaN	5.528361225458	2.67509341678185	1.1991876424361	0.692714923996255	-1.31219393463546
NaN	2.5427532370271	-6.19218152858968	4.91091299424849	2.54690408428023	-1.26820639629546
NaN	0.298927671054543	-3.29686367117762	-1.26259507288297	2.13449704173867	-2.40840760448344
NaN	-2.83895635292002	2.25538875456612	-2.47142231313014	2.65938980291283	1.17530010929458
NaN	-0.345691877781293	0.516533537619808	-1.1411471041813	0.575774846544105	-0.181896912030168
NaN	1.72572417562871	1.76182904344047	0.814472318356626	-2.43281228474352	3.18585577295904
NaN	0.50656939107546	0.870544136068986	4.09022389741426	1.49204628429798	1.84350582431105
NaN	-2.19794355050395	-0.193219999204515	3.29615022813402	1.91025707592803	-1.72955672123941
NaN	-0.905752929180709	1.39029947480513	-0.281166033389543	0.446625746083959	-2.51746612368197
NaN	-2.31278780633187	-1.05545113622404	-1.40884849169258	-0.420455614604117	0.7949911391685
NaN	0.84103105718007	1.5008040982102	-0.876945698871426	-1.2311664409486	1.06517920018861
NaN	1.45531635373864	2.49293116010015	-0.242285499475704	0.0936260613376806	4.30682414237817
NaN	2.7582831588118	2.31279842104584	1.40902450850945	-0.123777018805579	1.79745511901015
NaN	0.13644944014936	0.7060624946003	-0.50020931971135	1.74331146447402	2.02905960424202
NaN	0.748596689019959	3.79491100875457	-1.11513877678448	2.31618240057034	1.89218849989326
NaN	6.27047708860216	3.79822512118453	2.33978493832458	5.87991665244203	2.10781749267222
NaN	4.28319272625089	6.81867049374042	5.82747976695762	0.0391950321659634	1.31891077298068
NaN	0.0382721966540664	2.92198112674957	1.99315166132101	-1.14097770853004	-1.27610967543518
NaN	1.12740696015201	-2.1067319178102	-2.43708002644183	-3.74187672797327	-2.54156320283002
NaN	-0.106265622867684	-1.82246165376303	1.5651621163127	-2.1807367659212	-3.7097162481155
NaN	-3.33978497264985	1.35317887370655	4.12266312820911	0.308818495588557	-4.85723738321046
NaN	-0.836279032684029	-0.458537531915621	2.16244412415282	-1.02462094939053	-1.86368850557785
NaN	0.0403575288957384	0.55299165434257	-1.21114649296876	1.36535560680976	1.22163710492642
NaN	-4.11786728922595	-2.85603527763612	-0.678032905194081	0.47444955151147	-1.03618854671126
NaN	-2.61621022681435	-1.00601493461209	-1.73315599674503	-1.97311747509489	-3.04000211139529
NaN	-3.46597554855769	-0.737605641616837	-1.84566025712432	-1.81407413763254	-4.02792517308627
NaN	-0.99035428815211	1.41900990540107	-3.10270547558641	-1.73622529118559	0.850663682221023
NaN	2.34221482472581	1.98879096072052	0.393230288085769	-2.49019915787912	-0.0505524034173749
NaN	0.719254780644241	4.79625928147453	2.41476006211559	0.834986306890456	0.814203194627345
NaN	-2.61087324208442	4.08180714288026	-0.648078131470256	1.89827358201113	2.82497520242739
NaN	-2.37230272515783	-1.80996624071771	-1.10933396875923	0.276334728011789	-0.581235121706906
NaN	-2.55697313447739	-6.3447680723258	-1.80869432705152	-1.23080357024646	0.104350796759427
NaN	-2.72182708651936	-6.06947892063286	-0.721190986599146	-1.30242777459732	1.47655097429967
NaN	-0.387042304663273	1.26383608940854	-1.42488942598445	-1.96981372948771	-2.24574338222103
NaN	4.1093018876046	2.27546904912812	-1.74925025095256	0.488813435601934	1.32432119683962
NaN	1.88960752945631	0.548121480986314	-3.06586240296968	4.70651742880396	4.24802174846335
NaN	1.6006832867703	1.61228942816269	0.154507274557485	2.78111702170348	2.68113526517239
NaN	1.24139056124397	-2.02712362303395	3.18616043480869	3.15040402788743	2.80052263156934
NaN	2.07658725591339	-5.59450167662756	-1.22960534372012	0.879779309399984	2.87134665660541
NaN	-2.69555838959681	-5.51716995982783	-2.33645876895947	-2.60060263436595	1.56871942376298
NaN	-1.83002991067519	-0.595508551561676	0.204603733635667	-5.64138094831468	0.959960398189734
NaN	-0.536264800893733	1.36345529817681	-0.736748120762054	-4.38011950423285	-2.60706861007119
NaN	-1.42860803427424	3.05866282768826	0.909816469562494	-1.64734564003242	-3.80480121144847
NaN	0.62192288144388	-1.8959019816041	-1.04003214981491	-0.507519100160752	-1.76181939341011
NaN	-1.51451708338914	-5.17342386816581	1.23386714140274	3.7636379575371	-0.483240602227741
NaN	0.41416584286394	-2.80186401534773	4.52213197655043	-0.00699222072025452	1.25538192060347
NaN	-1.35367172505565	-0.316200201501887	-1.89412858384178	-2.65913304626855	-0.820188260931676
NaN	0.361189142754553	0.43957445012693	1.34016014551955	-2.40941487235399	0.940080857252654
NaN	-0.623308787622527	-1.14252300364358	-0.481980050404144	1.30354327482237	-2.58081453655384
NaN	0.518496967433221	3.51577006833774	2.54787454458817	0.578396916302467	-2.66292490392853
NaN	2.95441841076537	4.77219461055765	3.48196607675371	1.63132991165459	-1.50190166164755
NaN	2.13879817670732	-1.19712513072838	-4.93803990908073	-0.534055235779894	1.97262592973621
NaN	3.74869964969706	-2.21980786773943	-2.30463839774577	-2.08419315470744	1.84569521494873
NaN	0.241623748990563	-2.24209579269062	-1.95106129232534	-3.43194153318738	-0.546296320981798
NaN	0.854343642990408	-1.66665977626102	-2.48331578407195	-0.4688545740317	0.299924471576987
NaN	-2.33292683552097	0.650845910361604	0.358218894738336	-1.12252742672394	-1.95452544944817
NaN	-0.895182491371603	3.13246141100234	1.73886080803907	0.293213124502085	-1.27037600752306
NaN	2.15753114185721	3.02310278770831	-0.0783090354108009	0.665480982489664	0.518180729747977
NaN	0.905999886407265	-2.31377180278531	-2.12487757179308	-1.32766853434665	-0.657285138858707
NaN	0.238980984023152	-0.897195189127512	-1.96100703672318	0.789604058123807	0.10377888359415
NaN	-1.61994879197017	0.158642954361385	3.19925814845309	0.816766667179325	0.531100568830041
NaN	-1.15159948614108	4.52984974275068	5.28314211640027	5.82523245370804	1.75902762268545
NaN	-1.04786581962121	-1.49147657681367	-2.5828088387019	4.61034132795483	1.62997877000054
NaN	-0.808300861868711	-4.23620849575108	-3.9128491134078	0.882311626615503	1.01025126136139
NaN	0.52590835673661	1.75689429428219	0.0320658585962972	-1.49590167980736	-0.437789602033351
NaN	5.05266542287808	2.2814226743573	1.68916867672761	-1.06152880261488	2.0675187740306
NaN	4.19215765766218	1.10071759921963	-1.82073169332955	-0.132104975001994	2.43775194070702
NaN	0.309459069404304	-2.23322617340515	-0.982998053448021	0.471568121071524	0.220626170143368
NaN	-3.79456050924273	-0.76966379530361	1.26313364302014	-0.576618374367924	-1.67800374125191
NaN	-1.2022456618373	2.18490332518342	1.81187668681918	2.11179367757685	-0.559740548391781
NaN	-1.2876210860111	-1.27704812109941	0.74365599983369	0.0560087212818309	2.72542182433674
NaN	-0.708681682952306	0.400359025884579	3.24776545811135	1.22511513164054	1.54821251936625
NaN	-0.962217764230343	0.429343260591342	3.09306948506105	0.912492743467898	-0.474737798935436
NaN	-0.260162010343515	2.79335484023661	2.0074841126204	1.95450376847233	-2.43835000368601
NaN	-2.32677166605374	0.601681901445099	-2.66948025765398	-0.384126347479146	-0.816307778735466
NaN	3.53621867877103	4.41953515516179	-4.28081301848921	0.623889752301288	0.220084976343427
NaN	1.35777511182827	2.12795021951187	-1.82695485632619	-1.00326890574734	0.697072515218973
NaN	-1.68669365224742	-6.17043711830023	2.93795013044783	-1.51275505271733	-1.89132055866863
NaN	-3.67353892968691	-0.878996981468815	1.31843596408292	-0.199452915243574	0.683872971695305
NaN	-0.715144161213552	-0.665055390696343	1.18502155370243	1.56559955636707	-0.34424635106293
NaN	-1.35724103095944	-1.97157421403405	2.31490114964133	0.731918321461122	0.0873418232790155
NaN	-0.477982184030786	4.76514115537226	-1.71201896482904	2.79836703390052	1.33750726671409
NaN	-0.124739959173835	4.44543014419286	-4.27647905634473	2.07493582803598	-1.46298706647042
NaN	-0.622425299167188	-3.38542691015294	-1.98214168059473	-2.35994085136203	-0.0106974467338644
NaN	-1.16441012665801	-1.1172715791689	-0.851951877432741	-4.43162215934878	3.99423800276004
NaN	-0.289236333632783	1.65261436649214	-3.36888712639305	2.20404467549262	1.60248936117668
NaN	1.48336922682262	4.57075853586269	-2.09854281163931	1.90898709159991	-0.297037676700793
NaN	4.02991525926612	1.45535202724556	-0.551993994131192	1.07091724087891	-0.120154061379977
NaN	1.85041531710884	-4.63379663644041	-1.79396374971658	-2.14705465533351	1.49140007796036
NaN	-1.05918601543138	-3.00227847560322	-0.14924682547334	-5.72638693203943	-1.90036290236311
NaN	-0.423534883415784	-3.70945624058112	1.05571590200361	-3.37171456959745	-2.5392908969472
NaN	4.24921902572187	1.97324371668473	0.977039811480081	-1.59157862024292	-1.20105530359291
NaN	1.73211354278069	-2.13720648698703	2.2203597764173	-1.77019502294958	-0.0899835540585052
NaN	-0.119564709604474	0.712650273774532	1.43881860199849	-1.04738584993098	-1.45431852653541
NaN	-1.21325860687927	2.50913924641405	1.02235970890773	0.373361503908187	-1.18398651380236
NaN	-2.03265978220463	-3.07957365686095	0.969701539325768	-0.140568252042718	-1.93419769249177
NaN	-0.526309545450536	2.89570823639573	1.68081116492483	0.604182721048672	-0.458699497279715
NaN	-2.17451769335612	2.43225530629291	0.180472942072874	3.33526359797746	1.39755474152761
NaN	0.436716793992007	2.1932220474291	0.735349532899255	2.03518512279497	3.10763689397947
NaN	0.182895905170875	2.97522764381667	2.18045605005308	-3.00551216572432	1.04516408527968
NaN	0.452440263082835	-5.63802169139695	-0.362281295778684	-2.27171445629973	-1.64253356170058
NaN	-0.731140871965755	-4.75167339364473	-0.583716748852279	-0.795200010303363	2.51114717142429
NaN	1.44562081244121	-1.58216346655293	-1.34635665631856	-1.52560547747553	2.89242710270132
NaN	-0.0292912448592453	-2.68378212328839	-0.161844695308562	1.59353097511132	3.78136880184357
NaN	-1.607297723301	-2.22803149913848	0.0466259235851898	4.83187864874608	3.54159861218779
NaN	-1.41927372032356	0.0162423170293004	2.0286794517481	1.36612845715758	1.75944838909688
NaN	0.346038663611764	3.26509633237105	1.92748685071592	-2.40850436315579	-4.80575690217443
NaN	4.26260177652575	-0.107492507234051	-0.929090776287402	-1.42654142809046	-3.96426964696558
NaN	-0.858426468834878	-6.34101287455426	-0.169584917534478	-1.91807208082852	-1.70631421219377
NaN	-0.427247508528667	-2.7108124461495	5.08534670588712	0.214627206084843	-2.0152822271892
NaN	-1.63687218523393	0.503333179939784	3.93860951634258	3.31139565025905	-4.89710855657538
NaN	-1.91629623913742	0.552056140083401	-0.330287747287643	-1.26155799843419	-2.61910062728992
NaN	1.52552838677553	2.09549349336016	1.05193585366576	-0.516674717067913	-0.119650051934804
NaN	3.33879105311314	1.09428346389539	1.50773765882841	2.03291257649899	-1.32535136370407
NaN	3.51178454892248	1.27937230219709	-1.17392508403093	1.3173084223945	-0.219961576129809
NaN	-3.34863380340449	-1.62932483572229	-3.80946810967749	-0.121440247976051	-2.19621105577149
NaN	-3.37687490283696	-1.36731709766718	-5.35902214001427	-2.80720913718708	-2.03999802620893
NaN	-0.322519539999097	1.94091319663631	-1.46879974794919	-0.767313309082805	-0.384471486465445
NaN	1.15439613560284	5.70861106061865	1.22433174008574	0.0753179079412659	0.454964154347799
NaN	2.38612945505477	4.42255694932294	3.25901818130828	2.72983302328227	2.00986206667474
NaN	-0.67172490388823	-1.65435404079887	-0.443048564561155	3.19189933326398	0.80117776558366
NaN	-1.32583256180675	1.3932887946767	-1.66613263946199	3.67618632470565	1.10613170560194
