NaN	-0.933783544299051	-0.502875418012502	0.235326640003304	-0.939661382885523	-2.18051721147558
NaN	0.244450089950618	-1.95910856900819	-0.126267893454855	-1.57533495688647	-0.469882842265455
NaN	0.565859263955611	-2.04779535694231	1.62402207789213	-0.945712231521398	-0.595255098748753
NaN	-0.0564676674300626	0.422864378557185	-0.660492757847858	1.59545702569174	1.02203605247099
NaN	0.2618179932557	2.17785650697842	-1.47122567198643	1.29721930943588	0.940595336215106
NaN	-0.629988450228929	-1.20671889745765	1.01361096283067	-0.296825356883211	2.70227621939298
NaN	0.311240392123394	-1.35799139377144	3.03484281781988	0.695458631213469	5.40484747920924
NaN	0.991803162137805	-0.41415718548441	1.64619526602527	0.02269213444362	0.428209487595147
NaN	-0.910396089298595	1.69373420061169	-4.09857258496391	5.16309797604838	-1.64672013254115
NaN	-0.667923911568063	2.50938136150687	-5.6536524345405	3.13914003124709	2.89237308135576
NaN	-1.15791693672976	0.388002406934866	-0.444276825632826	1.36661699192259	3.23833238421324
NaN	1.44685957018053	-2.13856552999421	-0.488678366581664	0.472524082220186	-0.448199324251879
NaN	-0.104808521165122	1.97710666119642	-1.70547903420408	-1.38583499101368	-3.9488286283834
NaN	0.87591232386161	5.26867221617956	2.25632047799993	-3.66837038481828	-7.00697834981848
NaN	-3.17006860306701	4.32099130063707	2.15912076533682	0.503076973085211	-0.952398361999538
NaN	-0.539642548088622	0.0843686490120693	0.779596174435042	-1.22152284337301	1.23005940475446
NaN	2.64109903747051	-2.88533214289661	-0.440479086208315	-4.27980509240909	-2.09146063718761
NaN	1.24706596861087	2.85988689394501	3.0222688597935	-2.83110148388457	-3.21886099676403
NaN	-1.63222174930329	1.7030372904487	3.19726671758355	-2.02764268129856	-3.43157794196729
NaN	-1.13764626092886	1.99704198642241	0.104506968496867	-0.989436266520342	-1.05333388934392
NaN	1.1805850411369	0.734103319469526	-1.31952062089009	2.92121633466842	-0.486923579764669
NaN	1.84274478871247	-0.83248122436523	-0.833650974244587	-0.0595026374895236	-0.3480923160239
NaN	4.92227017469711	-3.90901516145345	1.55603738024918	-1.39538633294506	1.61782312794482
NaN	3.1641996745443	-3.27352387618817	0.630806074063273	-2.15284990702387	0.37457404036452
NaN	-0.537849878627702	-3.79538426728805	-0.862153077680779	-2.6965065694093	-1.39821133209119
NaN	-1.57303495003469	-3.17303912555512	-1.31739454006257	-0.184197194480356	0.102264858542196
NaN	-2.07060592471749	-0.916505773315693	-1.51055692169136	0.165294889548305	0.0837270264880916
NaN	-5.45259392284201	1.58530074123258	-0.110195108091753	1.68689195681145	1.48863311442053
NaN	-0.960700315445021	2.20213725780821	0.395732840413789	4.18186454132899	6.71303270614987
NaN	1.32628856468606	-0.0102327515140592	2.75259314253092	2.13127732670319	0.451487552498907
NaN	0.960083151666229	-4.85429452497935	3.87401656559875	-1.95141338731761	-2.44871931814243
NaN	2.26373891739962	-3.45365679401569	2.21098367152384	0.0436031146711098	1.31311220847728
NaN	2.25004238550285	-3.65927936592778	2.12592636548106	-0.726855023727146	0.0992802114096353
NaN	4.73548871315747	2.86496871118406	-1.51348856393843	-0.855652490151467	3.19800956165785
NaN	1.1684771611401	2.10939254604544	-3.2721481484241	1.52223585287825	0.951248252795
NaN	-2.51078498222548	-1.32992510189118	-0.695814041167971	0.196113925285215	1.17170467080074
NaN	-1.98926982764375	-4.59937853274072	3.64291688967504	-0.475775516322853	-1.70877066319168
NaN	1.49475396509957	0.172322099903987	-1.72901785818759	-0.0399250873583919	-0.560983459197214
NaN	-0.768101945331009	2.11677580998369	-3.22827221951449	-3.13980956250216	-1.60223939373626
NaN	0.588130510378477	4.17117439541134	0.0539351921741589	0.910778378098292	-0.242227535554175
NaN	2.66933833387689	-0.272562772866412	1.90882127164749	1.21602034836491	3.14520057487291
NaN	-2.89863415173203	0.0646148862330963	-2.46280233320251	1.64005317526887	-0.995244302000634
NaN	-5.28387367876413	2.54338382273426	-3.85975823996326	-0.0871805887389055	-1.48641065227703
NaN	-0.241048772122035	-1.39718892766518	-2.95225814769295	0.388615903305108	0.883034728994653
NaN	4.02142924615236	1.57128022474427	-1.53184601101162	0.232404446847545	4.37814579309667
NaN	-1.58351297833474	-1.45244700412775	-1.69238828482139	0.833486922334962	3.27847989708718
NaN	-3.63806263138536	-0.277648111521422	1.20798905454993	-0.40359444431488	-2.54575086222226
NaN	-2.4218109222814	-0.0617619354437784	2.28178820396218	1.86283994961128	-3.936160069399
NaN	-0.188526995970409	0.661400370545926	-1.71293212348093	-0.673375304817013	-1.98287512064561
NaN	-0.776511905784047	1.46834140920145	-5.02618968218048	2.08907569011897	0.385587676300886
NaN	2.26042884134162	3.32525662358748	-1.7958287590462	2.44102547097614	2.66951181763764
NaN	-2.95967338900265	5.5879483746215	-0.267247757382291	5.42673661369623	1.44732849478526
NaN	-3.4324703159336	-0.260541698981826	-1.57569329654992	2.37328454532839	0.349854865943328
NaN	-2.0320234018114	-3.50991602215398	-1.12710542534112	0.841001792905512	-0.45938731950077
NaN	-0.606531514496196	-1.76312214004168	-2.19791459127584	0.65921258379931	-0.658604724268122
NaN	-0.339172432982774	0.562896565320947	-2.34959718494536	1.25410999491188	0.539326671516943
NaN	-0.748002691664916	-0.246624382129634	-1.05212016903965	0.987700943325788	1.04565800766943
NaN	3.49800011152248	-0.275012353293236	5.84734711054985	-4.88477843073609	-1.01656764658416
NaN	3.07334655126515	0.315837768938351	5.74750476542798	-4.30403109239381	-1.50649139570399
NaN	0.428794647586913	-0.234177684223632	5.20474262168999	-3.87553230369329	-2.6659995336493
NaN	0.745353973053453	-4.59258277168805	7.00572426173742	-2.81552833188174	-3.21105471492052
NaN	1.40599916542331	-0.866760778692718	4.04870249650729	0.124613260168173	1.9724294867959
NaN	-0.510128691464793	-0.567289234511166	-0.309970168503015	-0.4896374022254	0.157009209370998
NaN	-1.62878289775083	2.55823254962819	-1.03919183060257	-1.72478334316968	-3.69851860572449
NaN	3.67971652978309	0.824563561629012	1.25841476404225	-1.28803889678248	-0.0974305683112311
NaN	1.29260595968532	3.63127289421967	2.69974200438181	0.662129690533973	2.31542920526141
NaN	-2.41480808226628	4.74592976642722	2.2936499686669	0.81941035288839	-0.447896982045355
NaN	0.420609629719118	3.84281987551234	0.215880951195769	-3.2445094095914	-3.03508955071363
NaN	2.8788174154874	2.73036408300863	0.502202381782107	-1.62042807442139	-0.359802263631431
NaN	1.50478994462035	0.16907499878864	-2.2322470413319	-0.462910490582177	0.24206035932584
NaN	-1.2840400083988	-2.5963428896894	-2.56678539625572	-2.60539812896132	0.256786271094871
NaN	2.31445652930794	-2.08259038387574	1.29733804686039	0.0448026019666795	3.76879709548089
NaN	1.23713114057042	-3.96699821405538	3.0212668374596	1.2610863513136	2.84180133944562
NaN	2.18148002950777	-3.12234338342381	1.66589817366053	1.83462437710623	0.332898367142494
NaN	0.646796125431185	-0.0656050947232523	-0.578285175240853	0.847935617586152	-0.156109632082655
NaN	0.0714502603521733	-0.904548626090375	-4.22364599916754	0.212530285403048	-2.42630530256947
NaN	-1.05383532055659	-0.449776838363665	-1.1522084926825	0.780634238586238	-0.686137711926976
NaN	-2.1035511248514	-0.970493852573289	-2.74835630601178	-1.0168087016932	1.39327450045492
NaN	-0.544982172071084	-0.0979556315307034	-6.34681966296118	4.75529542160104	1.20996236450704
NaN	-0.170525967235475	1.66986479966054	-3.90134019002441	3.90073250555295	0.595749061603094
NaN	0.00909188921618191	0.729770800572265	-3.27293935814375	1.80108891658773	-0.626602208498163
NaN	1.46240584887524	-2.93289601233694	2.51604740060159	0.333590862999006	-0.181074255662748
NaN	-0.951884277907482	1.4710504438837	1.21542178186817	-2.73015188480477	-2.0153224144748
NaN	-3.7323187244758	4.06612837382662	0.124415376472854	-0.43948657321848	-0.0248768541076051
NaN	-0.46806656310649	3.10537011937853	-2.0456110753451	0.397234305315138	3.81836902193614
NaN	1.09145324673166	0.0527261561637038	0.163483712719342	-1.66698073320405	0.0591692621243273
NaN	0.799544623981437	-3.94394539969166	2.53404234707139	-2.95949631892175	-4.41485749890034
NaN	-0.833410224502147	-2.86284074108061	-0.0382122887382827	-3.39900050617655	-2.80843562173037
NaN	2.38734399041388	-1.39883590790496	0.171618051499183	-0.37394024646543	-1.34389786284519
NaN	1.54375720867772	-1.60741477880759	2.14049922061568	-2.29219708993523	1.13693118071809
NaN	-0.658184536803109	-0.421740047449277	2.18474154242578	-1.06926955470437	4.186204717513
NaN	3.54886825014312	3.80945832285331	3.33072400854538	0.240294713541871	4.09195496908269
NaN	1.81078908849712	4.63826327906566	2.57994914648351	1.70608699907048	0.374449329823358
NaN	-4.13921937857837	2.71984790376151	-0.596982323435285	3.84035387782038	-2.55558064117698
NaN	-2.80999711220515	0.428458223584665	2.64585722548971	-0.071054465205689	1.93319484357416
NaN	4.24120181802625	-0.88286060228505	-0.70580982084709	-0.589348782711725	2.44287356679654
NaN	4.5571278094524	-3.89255301378615	-1.49752459355348	-1.00926918767542	-1.75041192681637
NaN	-2.74398113192581	-2.28636270124981	-0.905894550909926	-0.0394182026607491	-6.7544473610149
NaN	-2.17240315604166	-0.121610727982338	-0.138089645309575	0.0422122835815958	-1.76013665137639
NaN	0.444974994350108	-2.16605331953205	2.78465552876731	-0.0368707689698017	-1.32025350354128
NaN	-2.70948337547346	0.48876686186525	-0.222050828992848	0.129690371926718	-0.346550529739475
NaN	-3.58319024435727	1.18431550688455	-0.993908368908881	-0.031280044503862	3.72361473604021
NaN	-1.62892078374052	3.40983767478319	1.59462978851017	0.727801512822284	3.83344635154859
NaN	0.04793202467148	-0.985950231226923	-1.92757053846424	6.34914076796861	2.97080660826041
NaN	2.40685475599481	-5.75838252139074	-1.05739637323363	2.84705347181015	1.58438841864896
NaN	1.89025343467249	-0.765704533931478	2.07905101576856	-0.702261464277695	-3.30121265695022
NaN	-3.26942462055914	4.31270681064845	-3.28887269161166	1.17142782701761	-2.77715002662625
NaN	-2.69682810895166	-0.169183027572496	-3.97721804029861	3.33422078620854	-1.84455899616994
NaN	1.1020717603625	-2.31994473053239	-2.70210495605384	1.10497271401117	-0.466699295938717
NaN	1.35808385107657	-4.748908129285	-1.79153894547623	1.59752821113317	-1.72911978887135
NaN	0.123576565088321	-1.49296835661914	0.949898361226617	-1.93238003811172	-1.15296287745253
NaN	0.569307225132107	-1.23388629911919	3.44310313658458	-3.81808537424283	-0.242498003262232
NaN	2.52584506893478	-3.82323534627425	-0.0207244562727267	-2.61750334038484	-0.371550203805937
NaN	0.881083196644354	-0.581424795710718	-0.969357422796019	-1.80608018917544	-1.9978620493226
NaN	0.837236960811792	-2.84916459693023	4.58609217516061	0.432601157739121	-0.56102323575484
NaN	1.35527089883261	-2.38521577317622	-0.686114055863825	-0.3291779912516	-0.431245370688823
NaN	-1.14830050710215	0.942482848969506	-2.50863894211998	-3.1430382364333	-0.73753677928194
NaN	2.84526325416799	2.01329990379216	-2.14337391075698	-0.560714824500028	-0.132475897418257
NaN	3.24017512131483	5.80781396715908	1.02962075083858	-0.891754513568863	5.96561396249685
NaN	0.599484044347124	4.39642152704346	-1.21434693367377	-1.56257739330279	2.31082240147293
NaN	0.723581950733536	0.536711936139473	2.26357377879511	-2.53155880964755	4.35804436028893
NaN	0.792204361230084	0.942231684070261	2.30449494356213	0.421757499272003	4.68011333146754
NaN	-4.09543616690606	2.24015436802261	-2.14368532923346	0.28074010552391	-2.2180658832298
NaN	0.305497200523761	5.94902799982037	0.956889573734823	-1.14564031093601	-1.14213133629018
NaN	1.0490033681399	2.63225228323828	1.37413641253172	1.9545684091072	1.93221699435151
NaN	-2.93558045805002	2.22482011245702	-1.20002000829147	0.0493807652076928	-0.294054480574649
NaN	2.11729533642263	0.901422467852753	-1.63643794704057	-1.3540631011241	-0.274422134102804
NaN	-0.813362069325753	-1.70717047919003	-2.40154647421675	1.73678435028901	0.25437079474911
NaN	0.76138181225416	-2.28962890120971	-0.510238664808726	3.72052771003277	0.856086261459867
NaN	1.56218059927586	1.2621368649934	-3.70557833295384	4.29144426850744	3.33546669088701
NaN	-3.3498629337201	-0.696688733084282	-1.36594707805293	1.15092204827189	0.828076577817219
NaN	-5.88739221134434	-3.65489418836751	1.54081129695727	-2.73062912958221	-0.179737554104733
NaN	-2.29687190064468	-3.85681613754496	2.89471004092649	-1.34849544353012	-5.06165944264232
NaN	-3.34596627175872	0.609727345629853	0.390727529750696	-0.83509804255086	-4.62811055443078
NaN	-3.62478131005383	2.27979225335858	0.993133789257504	-0.235948945642199	-3.12495876890083
NaN	-1.2630321598666	-0.0761751052964602	0.644735119327265	-2.91216776009988	-1.11986638108425
NaN	-0.144981929736712	-1.08934700034505	2.33524170396776	-1.11299349209732	1.40073535526507
NaN	0.94769928891335	-3.12811005209045	1.57839970804789	-0.138903128299939	4.06999645329653
NaN	-0.730700016062502	1.2073141928335	-1.25821881757984	-0.304766392176149	-4.48915092879715
NaN	0.435368698652168	-0.454297876337296	-0.00512135454479261	-0.493124405401387	-2.98573600264307
NaN	-0.252927815087788	1.26543028234427	1.39917033312046	0.103764054346222	-1.09025837535294
NaN	-1.37724471476011	5.06978576791023	1.08015492302293	-1.67953683309859	-0.230985152713043
NaN	-1.25763955988397	3.69697617989993	1.33542414473356	0.562320482087995	-1.22451624922417
NaN	-0.931556720628693	2.17497219491979	0.380161259236646	1.00478077603855	-0.550300097739987
NaN	1.76541763073499	0.0420140417539337	-0.395833451305304	0.679838234164115	2.76710233403632
NaN	3.72532578974473	-4.33104599526492	0.309693944989602	0.552608773096681	5.47958444007238
NaN	2.6217471777257	-1.52563597944029	-0.31580099511949	0.889516822708366	3.7104582076241
NaN	0.0972341800798359	-2.22950161980881	1.09231008130918	0.110253335407677	-0.14958592944239
NaN	3.75733250894394	-2.67360535197794	-0.222847045851884	0.661657023727594	-3.38070280982245
NaN	2.52903789905775	-1.69391345658074	1.43617698553985	0.544103507932776	-1.87009084319825
NaN	3.31424763991487	-0.786497133614426	-1.19049852461245	0.973173953304305	1.85234457093732
NaN	-0.867220264653036	-0.459070776255289	-2.89156368797316	0.204624096481686	-0.545077315044919
NaN	-0.0684350040787832	1.03026935235953	-3.86890811131267	5.12140889418774	1.57569730097752
NaN	1.01167754912639	2.35054279059123	-0.432695728651255	-0.581804577943556	-2.30313030174382
NaN	-0.55542000119165	1.38667166072551	4.29465074576324	-1.28969923016621	-3.72949810508037
NaN	0.493077248979974	1.42656029426109	2.50066630249631	-2.74703463893392	-0.129063951331658
NaN	0.0627678421807269	-0.414261025959864	-1.60067248021135	0.63099535945797	-0.807488479185407
NaN	1.55141427365447	-1.92875572169133	0.18528429229184	-1.98730481473937	-0.605177497864603
NaN	5.03249759695829	-0.548556135883152	5.59435154527576	-0.179716885212102	1.40008471416159
NaN	3.05741486903772	-1.15313092719671	1.97230756338645	1.71703626932328	1.95863306757634
NaN	4.83401897229423	-0.569069804360805	-1.97519964863285	-1.15212554856398	2.05920974898094
NaN	-0.648863492000525	1.86307247107399	-5.19788220611764	2.80577103893314	1.8800473671786
NaN	-3.99020234313787	0.87958596276119	-2.47049888988433	-0.279190164966595	-1.23072430872824
NaN	0.261963209684635	0.0934052478855553	1.64521544525614	-2.29226845263793	2.0639924799699
NaN	0.947282567548769	0.450272257246503	-1.046912960845	-2.55740609863524	1.06140642397413
NaN	-1.96407843032931	-0.994637811344586	-0.475285392983054	-1.52243727016209	-0.242844410795386
NaN	-4.0870490099056	-0.626420419426801	-1.575205623362	-0.518423845403208	2.01848440710147
NaN	-1.98953621708202	0.693839049360051	-1.56427988144233	3.00535538250671	-0.562792433642518
NaN	-1.23536335161523	0.274243526283505	-3.63383548101053	2.1048184007975	-1.253947720065
NaN	-0.78550251759822	0.326130336851598	2.53340799522716	-0.843362326553225	-2.28982171690257
NaN	-0.920755296494931	-1.25826341294456	3.64117416314898	-1.82417874901407	-1.03087042635093
NaN	-2.26545965346163	2.47663731194388	1.79456398483807	-1.07753300058777	-2.05958102330566
NaN	5.10087587446698	3.5151096408153	3.79790068287385	0.480359697260151	3.29134438915521
NaN	2.65442647681496	-1.99130579335709	2.07382601056461	1.54207936899018	-0.669770089176278
NaN	1.54900625839971	1.32599780486618	-0.474736605187327	-0.43952513284388	-0.186986293296455
NaN	2.19483147658248	1.34308669713586	-3.31735701567949	3.83090525239028	3.99516810527892
NaN	-2.66258199318444	0.804680708818122	-1.25072609869241	0.663607993992661	1.14847401793298
NaN	-1.41669824738596	-2.55060793536508	-0.225404660115403	-0.522863226334137	-1.39711153062526
NaN	-1.57089833399065	-2.09552495541791	1.14194454732496	0.256043377665808	-2.65528337268711
NaN	-2.53486092278055	0.204589891807682	0.989904790960761	-1.76370263600395	-0.564645002146737
NaN	1.99592775778665	0.240149983962383	-1.41031380184305	1.17603998390252	5.35388458737456
NaN	-1.61293953335333	2.15978506351847	-1.30146713425377	1.75109813867461	1.53933017565594
NaN	-5.02286163774448	1.84647003608628	2.42047818476481	0.174764908998416	-3.09400425456906
NaN	-2.31205101121918	-2.66426732014916	1.00010306386628	-2.70008577892954	-4.68766590503447
NaN	0.608197834995234	-2.66553200520046	-1.61979528769024	-1.82005909502834	-1.81824699228279
NaN	-0.984449487775466	-1.76415050207092	-0.169761195627634	0.947445846336621	-4.50435811067241
NaN	-1.1812288673577	-1.69996590160935	-1.76988125952392	-2.08662888497776	-1.75505878371943
NaN	-1.31797911721001	-0.964486092790312	0.873157377366758	-2.2382405240497	-1.67824067581354
NaN	0.514191096338693	-1.12329051743892	1.87661236673043	1.91233931499157	-0.115499492707502
NaN	1.43119140024888	-2.96517327296093	1.0017353524863	-0.0854455233154527	1.7054141430577
NaN	-2.26426465465436	-0.0839088340909104	-0.227074506037926	-0.0530660780199664	-1.73049872831417
NaN	0.745325721858981	0.672470696824983	-3.05085878639776	-2.6411292126178	-1.82973169378033
NaN	4.96235002765913	3.28479239939314	-0.149877597738884	-1.51968919583128	4.12557488350705
NaN	1.11515173819185	2.93212160237112	-1.63871587313225	1.4520391325316	3.3057667346741
NaN	-0.557211966489159	1.74570759932221	-3.17597709154472	4.74020492214471	0.187887989735119
NaN	2.76569411234511	2.12183657960464	2.6490601966008	1.87336862168608	0.98153053662296
NaN	-0.296030133280886	-1.55506772579203	2.99740788901364	-1.47278796293124	0.263006837949587
NaN	-3.3098697406093	-1.80109598012317	-0.485427327698726	-1.55886257206063	-2.8141910427401
NaN	-2.21777805367472	-1.01464398359521	-3.87369316396395	2.58753025678803	1.63407621915555
NaN	-1.72943722061815	-0.622570790100002	-1.77665676374552	1.75929155385709	5.02860062650039
