NaN	-0.733010208937464	0.113380720899196	0.284511604646518	0.0247729309431445	-0.231151881131272
NaN	-0.331364334479451	-0.228078607837691	1.43778815650298	1.01222756551843	0.930648509250166
NaN	-0.469534175581904	-1.00533849195202	-0.647389043524131	-0.407738608998511	-0.0690307040373109
NaN	-0.0874334292886722	-0.443073833591512	-1.52813170738662	-0.783061464110784	0.88625312701369
NaN	-0.145907389832004	-0.126845988058179	-0.736432356871842	-0.701514208636026	-0.0189855977984532
NaN	-0.120824567783507	0.278195154446973	0.971832002419835	-0.763019114902559	0.239816643654445
NaN	-0.0460652925013241	0.0756091437332849	0.434355592585455	-0.601150841572866	-1.43210077989294
NaN	1.90944982252911	-0.242265171410834	-0.934973945529323	0.0793037981944986	-0.425470925776227
NaN	5.17845130618775	0.803720559775069	0.850372998399682	-0.252417221961269	3.32417667174825
NaN	0.884480530435217	0.212957584145445	0.844678814490326	-0.263561509186474	0.295613944479825
NaN	-3.72938051074042	-0.451423249287288	-0.948318570849529	0.960484203256212	-0.896584306748196
NaN	-1.7995233351029	-0.0262341160162241	-0.766479086555041	0.219011875508218	-1.90121712271934
NaN	-0.340389308336998	0.256089219616967	1.18192996801322	-0.598172182229478	-1.94818655114893
NaN	-0.556428492094554	1.00822080949032	0.879689636434396	-0.329711119552608	-0.36390755033616
NaN	-0.556884586563703	0.888230518327788	0.804055201814416	0.0606835699565015	-1.20911440518081
NaN	-0.468077925335185	-0.7292562286683	-0.8092296709119	1.17280407648743	-1.06685314971452
NaN	-0.186326514754785	-0.220948880221683	-1.51164308279729	0.815141160184756	-0.348534874775648
NaN	-0.203791734986221	0.0739615805512706	-1.05452481504903	0.460641660667284	0.777495751264291
NaN	0.193487032694804	0.049334278996942	0.0834266590636534	0.330338235899192	1.89627449326187
NaN	0.0164496193429195	0.0674061387934062	0.105147189739405	0.601588370734493	1.38240898992223
NaN	0.107434533362031	1.54424806411072	1.41954712065715	0.115088336153953	-0.203926286588316
NaN	0.0959308423480751	0.187659484079777	1.38292240584791	1.41595794731827	-1.35873690579282
NaN	0.244459258757905	-0.788291326718683	-0.368108136903259	0.674951690913611	-0.586328588847678
NaN	0.236675707914259	-0.0878346764427598	-1.48136129043779	-0.499270812733151	-0.0949196027762877
NaN	0.679941212912457	0.0198297184512815	-1.15092628985558	0.406078936668187	-0.216858655540886
NaN	4.75267500299302	0.72660144690573	-0.370790981571811	0.852713073629622	-0.639760332170006
NaN	0.813872243083717	-0.0236778587355784	-0.392423313989754	-0.366437670804214	-0.134383803833486
NaN	-2.86168505192013	0.462135696922475	-0.420489488455496	0.0177659724074331	0.270595841411654
NaN	-1.1740009880373	1.28736544387049	0.546694309089846	1.03622760759832	0.263501424515067
NaN	-0.0263016765412224	-0.922937496718973	0.811836308227455	0.37518239733126	1.42905531752652
NaN	-0.41360749710793	0.0706835723406985	-0.168996870410812	-1.12143112968818	1.70209430191263
NaN	-0.264510048520824	1.57820607650059	0.224659947160587	-0.0193770511404958	-0.383571163124875
NaN	3.28060877563161	1.20327631363231	2.19255625488985	0.464715391529404	-0.672927415951873
NaN	5.23458465878193	1.06580415947096	2.36582498639739	0.381346613324189	-0.191476306310203
NaN	1.46207316474793	-0.0743776364333898	0.632426321475375	-0.650457691591977	-0.0119972489394028
NaN	-5.02561524819318	-1.72404535128981	-1.64953419605419	-2.0556762573527	0.289708126542687
NaN	-3.35019929394837	0.021232546007324	-0.0561750785650338	-1.94485554848874	0.28758116182465
NaN	-1.00936264917412	-0.0861884705232236	0.653513689930282	-2.14945085483183	0.329648159411725
NaN	1.67555471757541	0.424617374991835	-0.603092929045809	-1.6059143830156	2.02274815001862
NaN	-0.473209336380569	-2.15266145159935	-0.178223616592681	-1.3425868103039	1.15282657056888
NaN	-2.49647941758088	-3.20224590717329	-1.27912689418581	-0.660512205294758	-0.879151398610656
NaN	-1.4895409045742	-1.5498523602535	-1.8661850379764	-0.296265098918465	0.383438306472124
NaN	-0.823136427310474	-1.14102889029438	-1.42860043562944	-0.159824890084401	-0.1728656379775
NaN	-0.689110123424609	-1.19197204905246	-0.828470223968577	0.0969785207029058	0.514178401403604
NaN	-0.461264661727371	0.280143376069156	0.563572146149276	0.88451415792256	1.20043911491945
NaN	-0.569291430452499	0.422363340684181	0.610160006147946	1.21322418570783	-0.917622439813945
NaN	0.05433065321542	1.22456935499093	0.131343484247462	0.723924424315889	-1.09941236211488
NaN	0.0904647251922196	0.685177756821062	0.233238043046258	0.403371101578253	-0.379717459220995
NaN	2.70041988241648	-0.371906435763513	-0.474521246586325	-0.251584781955405	-0.575689463524357
NaN	2.73716847672771	-1.2682726128324	-0.825919040026879	-0.190406712444738	-0.638400089205399
NaN	0.0534449725293145	0.301330408128356	-0.054845427778879	-0.207892424184459	-0.271237246240922
NaN	3.77235703661552	1.07214801380055	0.321253908451408	-0.341879200591127	1.18963507105018
NaN	-0.684443650044345	-1.52489259897949	-0.186152231921196	0.064213183840127	0.303082482259941
NaN	-0.398266954856011	0.0378651620709467	1.8146780138918	0.0167903201936049	-0.363862193395414
NaN	2.81313815367051	1.12540309247767	2.45580207212013	-0.916552856557376	-1.37910015797257
NaN	0.0282968972192433	-0.955915347447975	-0.432287575000156	0.68016885788816	0.530269262196191
NaN	-4.8819696947261	-0.282303440097669	-0.769632218049206	2.3609311966361	2.60753462396425
NaN	-3.4516012215721	-0.232977576463934	-0.541620447487961	1.96402212262254	1.95421421885605
NaN	-1.26571839087106	-0.491167729880077	-0.908705046071272	-0.160436965172819	-1.79148163743806
NaN	-1.16084006565402	-0.224857324269666	0.311228425331679	-0.557927705754212	-1.87580422073094
NaN	-1.07794179558297	1.53889475962988	2.22471846086441	-1.03141520719605	-0.451601565987983
NaN	-0.539934904151408	1.74148615825342	1.57543216962462	-0.754952557379309	-0.808575919606988
NaN	-0.371272901178807	-0.696245058667752	-0.846933368495005	0.156378814496149	0.561295440093152
NaN	-0.0937659608561525	-0.487913421232716	-1.50207958343132	0.412823467072421	1.25545026087676
NaN	-0.0305376323695086	0.079766420594016	-0.753760780595182	0.459787635930838	0.0483932572128413
NaN	0.0425160210575671	-0.0243313700413051	-0.251995805484422	0.451048250657738	0.247916345694605
NaN	0.342246991175356	0.253681367472388	-0.343433838300441	0.477473732252556	-0.485171788672731
NaN	0.332861778980199	1.58285772550816	-0.173191086612329	0.434597012074519	-1.96831738838805
NaN	0.708955042528167	2.21076114615543	0.240333390700243	0.061911649389737	-1.68915435310361
NaN	0.622313949778944	-0.128157878360455	0.706819575390127	1.00425748835253	-0.257478668946849
NaN	0.603176286280552	-0.880404439519301	-0.288998156528202	1.34506666241235	-0.686719726952955
NaN	0.675863698246527	1.7921916154288	-0.0295868751080438	-0.235043291640796	-1.09946196522554
NaN	0.644800771703232	1.66583951576768	1.47209600985346	-1.07874946455358	-0.661714136677672
NaN	0.808639082080144	-0.771064995133421	1.46731506814258	-0.968949657496188	-0.466647845651525
NaN	0.745680414439252	0.69087063148715	-0.159451552712995	-0.0295895170960438	-0.154982275975128
NaN	0.672239483385539	0.237667364757964	-0.882469703974643	0.180547920265753	0.304132816571505
NaN	0.538721595335175	-0.628683584155028	-0.531773508046937	0.550844054306352	0.632599436752315
NaN	0.810993294008995	-0.710474511765214	-0.175513254926957	0.36735156503097	1.41899739432633
NaN	0.671595700371221	-0.754224997744726	-0.656324732434516	-0.00932686951093342	-0.459330532521516
NaN	0.344448525335526	-0.57468523635883	-0.618826519720512	0.227674500696214	-0.894294287044182
NaN	0.504411908730193	0.80508680006791	0.267447186114772	1.55109821182263	0.0167931965199198
NaN	1.56080507098661	2.61271000489926	0.920042074623122	0.760289196429331	0.918340522496584
NaN	4.06822014382556	3.60035609821973	0.862938311384106	-1.02075803680379	3.22721781021561
NaN	5.10389286923551	3.57549316446863	1.52669596085794	-1.66956429417232	4.08855227792367
NaN	3.15979706214194	1.11316127451437	0.615257187892241	-1.11895489648139	3.19669074823442
NaN	-2.46046029955852	-3.00695911142194	-0.576061019407828	-0.30127079928805	-1.35696042579292
NaN	-3.45249533218954	-2.61083920502186	-1.02939889493936	-0.0334347266961367	-3.06863020734075
NaN	-2.56195691057443	-3.23445077801304	0.347593699727963	-0.670861883661052	-1.94920632169939
NaN	-1.85992618434382	-2.68305091414512	-0.0799947735075033	-0.26289818617517	-0.282351240790378
NaN	-1.86557238878535	-0.826568863162017	-1.1846169134297	1.62398667571917	-0.274302500318776
NaN	-1.67973722598306	-1.21721314923731	-0.862309665064571	0.455838123847401	-2.21324136689727
NaN	-1.35550839633203	-2.25838936563614	-0.901771530863002	-0.971706052592619	-0.569103521290345
NaN	-0.88669992887908	-1.38093110825441	-0.803488176392089	-0.588374572254027	-0.733631695919335
NaN	-1.10770004779839	0.432662438536109	0.504844669432099	0.129142453732304	-1.16479277159609
NaN	-0.836152099659192	1.20800103878527	1.77533143264326	0.406650733967801	-0.819655190884817
NaN	-0.441464864929764	0.440943515167215	1.34349703894618	-0.347011392078229	-0.461165692408626
NaN	-0.485836268430327	-0.196222865300026	0.092356303217893	-0.824726647541034	0.156561159303213
NaN	-0.150089557354246	-1.41417072245294	-1.72940477988671	-0.575044366655349	-0.192760632410898
NaN	0.311546897619162	-0.954191551904463	-1.36083549909398	-0.201101933514973	0.382492986449285
NaN	4.86939193943752	3.60672460917546	-0.0451213136639007	0.270520909703386	4.17944866171759
NaN	2.52728435113101	2.01097755424492	0.356970921278529	0.527399376914193	2.69277189646082
NaN	-3.39544547181962	-3.04157803516794	-0.379846486873874	-0.124759510939051	-2.1721474503942
NaN	-2.73530486618536	-1.88741214005826	-0.884369549412358	-0.66157332300963	-1.89271217973269
NaN	-0.532737604307983	-0.258692904477196	-0.965350321982156	-0.538879048470772	0.108528859929086
NaN	-0.566592590572035	-0.555697550510704	0.0767521789491576	-0.0145823306711594	0.107431621929062
NaN	0.614842808842203	-0.311517288026441	1.54649340606873	0.886600536599033	-0.0100184223089324
NaN	1.12917032877722	0.178244714517153	0.0563324599828892	0.0903514710081026	-0.37037629810146
NaN	-0.509053516752862	0.892805677646848	-0.915905469513687	-0.839964086272891	0.0281587816714794
NaN	-1.23232506697984	1.0627292371038	-0.379975983629559	-0.574530318065743	0.953597948522435
NaN	-0.433709517955732	0.753209494709365	-0.27979534982767	-0.308303515767017	1.4592605922757
NaN	-0.255627563371692	1.39543957309952	0.676363771865436	0.42372956839626	-0.432495769328973
NaN	-0.156541232967361	0.0925649969518278	1.2191568105218	0.718849843380489	-0.337159133418876
NaN	-0.00774201001032395	0.840937058927911	0.174674736666368	0.206374085745852	0.125889072396872
NaN	0.211017092986199	-0.404818092868697	-0.687548378127956	-0.588252248901817	0.230616727286486
NaN	3.13380139892704	0.183719708496514	-0.245837919353923	0.853290999789527	1.92902974383274
NaN	5.4349051994482	1.06092817947411	0.771891307751882	0.292363268379785	4.78317169474498
NaN	3.9511248427887	0.815623341288638	0.782194314108444	-0.417845036447878	3.89757051885815
NaN	0.356020711775315	0.479018465635376	0.756021766970012	-1.25771050611784	0.777421645989147
NaN	-4.71629871069424	0.739798708209618	1.16456224486559	-0.817857759455467	-3.81757895716261
NaN	-3.51331646658051	-0.380751366472385	0.949244112642351	-0.166359830793064	-3.08683287326058
NaN	-1.40580617405297	-0.502999700239126	-0.959536412405101	1.23921701120663	-1.48402502114618
NaN	-1.19200159435246	1.02095810219088	-0.387848537994924	-0.00628864211705088	-1.74375007024314
NaN	-0.70071018778295	1.17211320324999	0.515426188586671	0.270271077662294	-0.693704480850943
NaN	-0.951236698258181	-0.483983715550755	0.356334565681107	1.69590896071714	0.62029527204893
NaN	-0.893293383060746	-0.899967927889027	-0.438217428219494	1.13339224106083	0.268929258918485
NaN	-0.425737828688082	-0.339963974194466	-1.31957177552587	0.235260139956875	0.737776160761634
NaN	2.81555917763392	0.192540635307997	-1.10089173336474	-1.24403667346892	0.968452313707375
NaN	2.35345679011697	0.0884568387050729	-0.409448280634957	-1.34181515924781	0.309756179727942
NaN	-1.85708211298676	-0.525121754233676	-0.84683156252042	-0.494747639928706	-2.13922946585326
NaN	1.44611797918832	0.171414013571989	-0.167323357371892	-0.680909920325222	-2.03573878895677
NaN	0.286183186793488	0.247406252997823	0.0339974238025894	-0.531728306097178	-1.40159973557611
NaN	-1.81315270451102	-0.503400601607991	-0.504067496130052	-0.173274148890208	-1.19635490660102
NaN	-1.32273480885897	0.12722958467429	0.608999157981987	-0.47945086170935	0.57146371178534
NaN	-0.517540696034615	-0.158995263448312	0.652141040788927	-0.196290723796041	0.268233773176504
NaN	-0.151954564018443	1.27146877962409	0.481491451994065	0.0950030108346598	-1.30429918611218
NaN	-0.139904095700968	1.91804825545567	0.394800498690698	0.700886095318794	-0.842895206968151
NaN	0.407752755168886	1.4400143492396	-0.135656646271305	2.2210486865476	0.39650901395681
NaN	0.316857786930404	-0.377252695166521	-0.301852979021281	1.93692219836869	1.56131346820958
NaN	-0.0985983776668028	-1.82361659157334	-0.497722816942145	0.263359080062226	0.137855602921144
NaN	0.0583363484220119	-1.37863435592662	-0.446528996740432	-0.51661799621583	-0.954998423297567
NaN	0.358339341164295	-0.721440159958588	0.612251266738523	1.64040786876484	1.75036379835801
NaN	0.418612916186907	-0.0664300690065571	1.94826501225017	1.37870501131153	1.28380943493099
NaN	0.320106082410369	1.08678366106771	0.650852382294002	-0.538206628798431	-0.167072323297004
NaN	0.421121366852958	-1.10559269188623	-1.11491693294946	-1.62694362779038	-1.10865798354846
NaN	0.572934827706637	-1.1553861499025	-0.817211565348873	-1.19453947899733	-0.790057666273198
NaN	2.80478053219211	-0.0313415038237764	-0.419769504215995	-0.716284102211128	-0.421106027942845
NaN	0.914843964971654	0.650641454008239	0.101350877617599	-0.185908388520707	-0.204121435322792
NaN	2.11888769436567	1.46845696326906	0.274503923446125	-0.299573885941043	-0.132977426040599
NaN	1.22525760089678	-0.970239117197026	-0.138952419954657	0.949288608274717	0.0770869990124616
NaN	-1.57213774113327	-1.50222606131716	-0.413655777228032	1.44245360611836	1.94732138785137
NaN	-1.34997964047501	-0.645560947264144	-0.264156787040476	-0.182209148301507	1.89784769595717
NaN	-0.447025438810514	-0.399852482949068	-0.0123691148075775	-1.45687283067492	-0.381313478900307
NaN	-0.238099097088682	0.782459517250165	0.669505075973434	-1.42000957400715	-0.720658634680407
NaN	-0.470144966772327	-0.855570250110305	0.870967833670944	-0.866902129394756	1.28185232496248
NaN	-0.463097748082009	-0.846295071897154	0.91458554478215	-0.680425430526639	0.202384278194049
NaN	-0.161194964349449	-0.207652220506592	0.380695469246002	1.30668374698464	1.66079351687665
NaN	1.21025317983734	0.185395099940093	0.355418163511715	1.21669847840762	1.88035385364171
NaN	-0.210388223410839	-0.127355611883157	-0.499472452482109	-0.368695050684311	-1.41349449918769
NaN	-0.610438660911813	-0.0739838083383781	-0.48570963484817	-0.983494647156382	-1.78808071202228
NaN	3.9427743988618	0.755723677894596	-0.16738030512387	-0.362013768158194	2.22790787069151
NaN	0.63728588727155	0.278812340079625	-0.0724255511652028	0.814946391687507	1.82096099889481
NaN	-2.94307584215821	-0.302473110096684	-0.282685343149822	-0.45191156784534	-0.63624468929569
NaN	-1.44201111579707	-0.067855616253877	-0.0477008426996362	-0.715127077443891	-1.67295195649911
NaN	-0.445146199851471	0.226175724395159	-0.223575671512512	-0.306340933819023	-1.88729635434508
NaN	-0.59243231683024	1.98775472510238	0.462467625961956	0.416679832283225	-1.08533429417405
NaN	-0.590449012820508	0.409142287864383	0.140535053775838	-0.00384854304980667	-0.216357057654874
NaN	-0.463056663626194	-0.528974616544061	0.16884307093143	-0.193050072908267	-0.741676148785335
NaN	-0.247903236514594	0.0355530777233319	0.321370463705538	0.789478186427348	-0.815853068076185
NaN	-0.337479422420887	-0.318474543099298	-0.4091201196572	0.0690152684624386	-0.527465207093032
NaN	-0.263407516720241	-0.318166362059073	-0.25449078122871	-0.450194056983123	-0.28705084371845
NaN	-0.10889948658138	0.10328733360675	-0.200226580522191	0.924735399534058	-0.185837642166463
NaN	-0.0401370518154203	-0.130383282426956	0.0950736904425883	0.678506718592877	0.581542824859905
NaN	4.02887386375493	3.21651705531656	3.3065282938379	1.78476089165682	-0.293564235151838
NaN	0.874487303695233	1.01062088971842	1.57224759928687	0.857559414209263	-0.415709580354395
NaN	-2.27798163275342	-1.16933316580532	-0.559339706965643	0.654011889502985	-0.0306462434989412
NaN	-1.218623055574	-1.12900212482738	-1.60160533600188	0.725347892069841	0.864403608456772
NaN	-0.340465156055123	-0.472629903958977	-1.01845913573227	0.179393796815423	0.59891619546935
NaN	0.64617654844135	0.410110281085212	-0.126382565878275	-1.05277884128489	-0.434592277042583
NaN	2.92646528034019	2.50972683854839	2.44367076579865	0.271392068869176	0.0304713866850567
NaN	-1.04527268991531	-0.824006710057604	-0.662134166131106	-1.33323348847579	2.10361833840393
NaN	-2.02921635352245	-2.14984475630321	-2.25203720668427	-1.89725372313835	1.74686766417428
NaN	-0.50202648458563	-0.555688136861545	-1.3136133841341	-1.41765366348228	-0.728143696243017
NaN	1.36910308913626	0.880034482852443	-0.825699852205617	0.234119931308947	0.856131088365327
NaN	4.13284655638094	4.09645442836796	1.21292407151345	0.722932569437003	1.40753712289743
NaN	-0.716460318771597	-1.67882404081065	0.60168398273059	-0.43896943165266	-0.322299816275841
NaN	-3.88098590548547	-3.49788959813896	-1.43350800177255	-1.64212694192108	-1.37426398039008
NaN	-1.50738164255459	-0.664092667266719	-1.51776832729544	-1.35937922992882	0.0843869557665164
NaN	-0.585883345585376	-0.521710824753137	-0.952102302949753	-0.947066635510603	-0.354177425405809
NaN	2.07036368266297	-0.532157391790502	-0.315350854168648	-0.55236160359418	-0.631071692501888
NaN	0.913614017395912	0.33061288302384	-0.259078228074806	-0.465857785008633	-0.297745109939456
NaN	-1.38362625053702	-0.424626565597849	-0.284554439032082	-0.245521511036304	-1.05862109507052
NaN	-1.81642326952293	0.223967425548215	-0.15584316372747	-0.293822541709032	-0.797321994615366
NaN	-0.816599390188374	1.77670535164645	0.301384898435774	0.734523274442477	-0.510412174541916
NaN	-0.502439677515112	0.153626701821092	0.1733337195578	1.82025225545224	0.0428146236902875
NaN	-0.37214309605953	-1.56561721257151	-0.0965200349091834	0.83790833690084	-0.117902975808312
NaN	-0.223760848492824	0.854565357072098	1.96513589133355	1.04850528359561	-0.28474655031683
NaN	2.50164518170252	1.11562540699242	2.41552955253918	2.29355949847479	-0.521171202266158
NaN	-0.0031328264358665	-1.56973448619557	-0.832293219430329	-0.364753135299216	-0.0587201186406474
NaN	-1.33007884830891	-1.14025564645438	-1.46988587755295	-0.281189629142862	1.01472188859134
NaN	0.465530391371491	-0.146206348642928	0.890037901938118	1.36857195062577	2.15600577820776
