NaN	-1.0101455190238	-0.803295189931443	-0.70866206680761	-0.901783998881565	-1.35589086441564
NaN	-0.757329884646354	-0.535394020592122	-0.52930836488931	-0.551681304830518	-0.953325997120142
NaN	-0.529891437197714	-0.243269760735516	-0.417312898293702	-0.399532529038905	-0.77959064166871
NaN	-0.278561643923358	-0.108299882095836	-0.252932646402589	-0.621031374174606	0.269303325895596
NaN	3.20621032301811	1.63483969059714	3.36210182913449	0.989349677240476	4.78587303259591
NaN	4.16659288100444	4.08979576801417	5.08827118304461	2.37549179308687	4.91960714097455
NaN	0.772410813822888	2.53237946686695	1.48041926568131	0.163316258243825	-0.886108071031167
NaN	-2.54228024122004	0.0970596303770154	-1.6903511564875	0.0976102576471148	-6.03951044888856
NaN	-2.00573387223945	-1.51095284601232	-2.8320898692054	0.793447089462007	-1.06287809026123
NaN	-1.37728338525335	-1.63740950895177	-1.84661208467871	-1.11802153903813	-0.597221306698434
NaN	-0.973359009617712	-0.628014287946272	-1.4519510609734	-1.28312052938297	-1.38627277103821
NaN	-0.721656623760197	-0.320031540028331	-0.850955854821736	-0.800119993853069	-0.770524187027314
NaN	-0.628034850907462	-1.27383981328047	-1.61878441849909	-0.491973413164858	-0.216390731023474
NaN	-0.336946596372337	-1.75467140291943	-1.28822660135446	-0.333996986651865	-0.170239403373975
NaN	-0.113839819259053	-1.66604817835641	-0.666562178774772	-0.31761908987597	-0.162042768619389
NaN	-0.159100794756605	-1.31188321705344	-0.452261866560554	0.86951152960185	0.179876699939908
NaN	0.140518146971633	-0.93136459778386	-0.345672431041466	0.691977560503024	0.614660248169835
NaN	0.164134046966353	-0.0301958849641848	1.26623376916415	1.29498872478322	2.4373729489479
NaN	0.198826913995522	0.18975537925114	0.307064257354449	0.327514963322397	1.54816187392421
NaN	0.409188518307598	-0.405938308413528	-0.457507985847087	-0.121748482734746	-1.10528786117849
NaN	0.263460149909305	-0.272979220809455	-0.349435957580583	1.36247732600973	-0.488655961352609
NaN	1.1536010693778	-0.0482910983299165	-0.17837267891625	0.123222595227994	0.449956702708326
NaN	1.00857917360701	0.644230263201529	0.286858565702107	-1.09809718609895	0.240651543862718
NaN	0.114633442207438	0.703186874119476	0.781085737629271	-0.193676975980345	0.558091417671785
NaN	0.248723572950072	1.50772102254429	2.4593590273942	-0.439447794869797	0.48053583083254
NaN	4.14466545155498	1.3638582829822	1.46642330494557	0.0862840166944971	1.64874634713971
NaN	4.24728830639333	2.37110350448354	1.84114424970929	1.91860565127713	3.46018581403487
NaN	0.0747899186588308	1.17486950654142	0.936529663626265	1.08290658466357	1.19703885436396
NaN	-2.72278696386407	-0.910408338172669	-1.38764402496164	-1.58389126721241	-2.34687501374048
NaN	-1.93493302394972	-1.33675789351762	-1.67438101786797	-1.51493506326859	0.433978405552276
NaN	-1.22371797533837	-1.10584520118613	-0.858237090310387	-0.347608543394655	0.894360709647644
NaN	-1.24015433208734	-0.684551341019228	-0.588298575151284	-0.826038087938944	-1.02200710560836
NaN	-1.026314029516	0.0157882856944781	-0.376517222086637	-1.00044509690716	-2.79078277258127
NaN	-0.88934860551584	-0.190884184645951	-0.327229744905692	-0.809802741739826	-1.63971339109587
NaN	-0.665524743218563	-0.529818896423289	-0.425606992348418	-0.530157420629564	0.829584598441428
NaN	-0.398371268059806	-0.451365965309879	-0.0581036000393598	-0.393811726185083	-0.575529158573293
NaN	-0.341850484526603	-0.0700632733217577	-0.0239218064230039	1.51741582604535	-1.82905353180585
NaN	-0.0358135710470345	0.124888380523067	-0.0143582261206229	1.42025091550798	-0.752625142312956
NaN	-0.0727564305973289	0.0790078753193918	0.193194472073127	-0.0733912682703176	-0.597183501547954
NaN	2.46424704181208	1.47110100199507	1.09945113949999	0.542795206184234	0.116956281748826
NaN	2.12007416401071	1.76845695762053	2.29794134425536	1.54267685421585	0.616601197842541
NaN	-0.996326441920822	0.205648817420282	1.98395611952926	1.74954169093531	-0.494748980298765
NaN	-1.11368087938447	0.0279740810165823	0.479755119130375	-0.196016460730504	0.277888087665866
NaN	-0.564574677191549	-0.108957818588372	-0.712534381183531	-1.23418771430582	1.86030758260989
NaN	3.065997776571	1.64138103504154	2.48042205972901	2.19078532970356	4.45643804976174
NaN	0.492972744744703	1.02616754730974	-0.0639057115046551	-0.635454713797933	0.579223114454625
NaN	-1.77563358484018	-0.430018535227168	-1.96805687005491	-2.21477894950682	-4.9313276929809
NaN	-1.49573015526293	-0.660307877976292	-0.893829708621483	-0.823273465227491	-0.487310649287169
NaN	-0.861128406922372	0.329352279415843	2.26942287912589	2.34464666418978	1.10174713347399
NaN	-0.665725133237134	0.0888258453587034	0.683165728293152	0.771175874077305	-1.90686359157857
NaN	-0.278420957811097	-1.07930300164401	-1.35314848585495	-1.10316211849294	-0.565757624113071
NaN	0.408596251525078	-0.965553933483079	-2.89330066589122	-3.075835812008	-0.160159664969727
NaN	4.14309900550731	-1.42227898741248	-2.33266720058279	-2.1065700874681	0.0492998049743607
NaN	3.85776843891368	-1.26503816402991	-1.90903980782382	0.0905861259527293	1.98506960177917
NaN	-0.19696577475332	-0.876182998229011	-0.857489493274689	-0.937717767092341	0.0398662240438118
NaN	-3.20130541814631	0.159485503019197	-0.542299843951289	-1.32113385628133	-1.10537184113593
NaN	-0.931706819704243	0.501989090134115	-0.326340895882886	-0.410703264120952	0.864270179299129
NaN	3.01303766628629	0.47900761161341	0.115692613662213	-0.850054566594831	0.417995820056282
NaN	2.54014917518157	0.0130859961213524	0.8178855039883	-0.564030778371592	-0.557245540358613
NaN	1.35551671285391	-0.560637893555922	0.185021482443522	0.643079903330316	0.157101388015256
NaN	-2.49681062514498	-0.181417309143603	-0.683441224630354	1.09108075124611	-0.486721582965615
NaN	-3.95292604872567	0.287337183225156	-0.499362526072077	-0.362403327978844	-1.1886105940637
NaN	1.15790077991888	-0.146210066680991	-0.39667001078559	0.539509323551666	0.97874794636309
NaN	-0.235665585851182	0.174128754529808	-0.0634162562103319	-0.428823866153117	1.83194891469949
NaN	-2.80618570202509	0.302412698690912	0.113131923929898	-0.475894850370025	-2.72115372049665
NaN	-3.8314456843043	1.54301634391556	0.644475985125501	0.575813577962377	-1.81360103772012
NaN	-3.08624677812548	2.21329869532596	2.1784997454915	2.34922052593197	0.712922467324391
NaN	-2.25518423950951	0.831789987109283	2.09804857857888	2.34656688447256	0.317495088932503
NaN	-1.59777953167141	-0.354368573855277	0.510402681911536	0.326845260283553	-1.14440949714798
NaN	-1.29049941970508	-0.375116051139252	-0.294909652924852	0.0197478221579599	-2.09358416487082
NaN	0.332952737869178	-0.381256074757689	-0.401017835735382	-0.620158856021796	0.0481932137446273
NaN	0.19761027066856	0.00785419354724798	-0.0988655034363004	0.574543036054911	0.939150135195826
NaN	1.9554971972894	1.73605846142217	1.48958035148066	2.36413484007021	0.723272606063261
NaN	-0.116114941733468	0.822778122054425	0.367209633167727	0.584949586865644	-2.05359056797319
NaN	0.732838101126399	1.31937682606728	-0.708000411095093	-0.569910499509814	-1.06745631859464
NaN	-0.197440927741816	0.647461799100345	-0.802481139306933	-0.320958348789621	1.14050491779892
NaN	-0.368724511375145	-0.589168445550081	-0.924301390450637	-0.457986792923926	0.0331585895201306
NaN	-0.0734533051735577	-1.38171469207293	-0.672886292991433	-1.53626695597489	-1.55101469775452
NaN	0.30327132973516	-1.13307538577293	0.38218289299601	0.0403011259191384	-0.400793880536192
NaN	0.307706825248979	-1.32114868695937	0.335915963291775	-0.280837021979139	0.83438867332976
NaN	1.12258740001064	-1.19234663723298	-0.877022662556033	-1.16529822293183	1.73953980341633
NaN	5.17764768255968	1.67000367641803	0.685495076320757	0.179988632573108	1.70559658091759
NaN	5.06108596163853	2.60645099687549	1.6420789307883	0.233832410466977	1.59452054464532
NaN	2.0575975491735	1.11674291791497	0.787859488082915	-0.321505726135428	0.298417966318724
NaN	-0.75040056998122	-0.0933986376581263	-0.307091248708633	0.924303983191832	-0.59248164838814
NaN	-2.04191849842196	-1.902120170119	0.791534271893437	0.737088771747204	0.535142590315711
NaN	-0.189110059328105	-2.27012499007184	-0.0745511352697448	-0.430074037189004	1.93922437059549
NaN	0.0816270282386639	-2.56890001838421	-1.78633067599383	-1.40798762108956	-0.516964741543791
NaN	-1.07036305496782	-2.24758271196749	-1.56697523823032	-0.662628296217483	-0.46825955159665
NaN	-1.00637148178282	-2.00597899177415	-1.0061672422597	1.36947902732086	2.07815110012833
NaN	0.22936802457034	-1.27603648998305	0.16251721476307	1.72042536038653	1.10778497035821
NaN	1.53791021286977	-1.22238310099288	0.416154783361912	1.34287089637078	1.21359656859619
NaN	0.12668589462784	-0.780258878472132	-0.262593450555546	-0.60369729126725	-0.0191031259237052
NaN	0.573538690325238	-0.730244212689458	-0.981642656412939	-1.75866934765927	1.29912701058771
NaN	-0.288706948848099	-0.568624305290934	-0.700180343693659	-0.798828639089827	-0.871557293072668
NaN	-0.765083868494765	0.0311285606294501	0.374572315273696	1.44938511196411	-0.214224440131721
NaN	-0.441297599702924	0.0381367056271545	0.789959323234342	1.11322629370616	-1.18573355232027
NaN	-0.470533343585616	0.490914615932135	0.707696681257811	-0.948750555835064	-2.2069368212453
NaN	0.885209085917565	1.5321652327454	-0.229897696411751	-0.106624828938533	-0.439038447186615
NaN	0.581206303438159	2.0092462669017	0.28536101626704	1.15189809595559	0.546725491833008
NaN	-0.453754534986195	0.41303716706761	-0.486717762826623	-1.28841314061059	-1.74918969573944
NaN	-0.263626694958545	0.0684110553518399	-0.800227725369838	-2.01138913026088	0.102934190655009
NaN	-0.287752340896279	0.942685172155743	-0.0553504259048662	-0.986857398911556	-0.604851890707362
NaN	-0.034472950001265	0.882059928994045	-0.0826684571554437	-0.679684988913206	-0.773735475799603
NaN	0.0859640127618502	1.03944169935451	0.158680265416206	-0.976624654738247	1.018002435876
NaN	0.19730918935052	1.54176761776383	0.302093297902556	-0.571002800235861	0.563156220242766
NaN	0.125948885912577	1.54012758880398	1.05740962003623	-0.391316674601422	0.666054704983687
NaN	0.135653300936698	1.22728026519355	0.764787237390095	-0.0825868821304015	-0.811146196928476
NaN	0.160122646931638	0.175403555280213	-0.438617108423652	-0.195323069460759	-1.48554811021583
NaN	0.236456058163718	-0.424299116149086	-0.340820561868929	0.83086406812699	-0.215195643839048
NaN	0.234681814753684	-0.723830505521413	-0.135384799692936	1.21619762795898	0.779060230889894
NaN	0.184482518999517	-0.896870416478672	0.458087650808979	2.12497970610477	1.47380542948105
NaN	0.157782143592934	-0.602969791836758	0.745183797248178	1.20590369955975	1.02980426587471
NaN	0.265960374449004	-0.496005232772347	1.39718399921758	0.8025220154061	1.2657790690478
NaN	0.239346528780692	-0.330347299665877	1.37713359715337	-0.0574992514757417	0.600220338402505
NaN	0.0494662215240511	-0.0924431876440264	0.703202017046553	1.4854860322641	-0.669918395179245
NaN	0.386118903262564	0.139527290310882	-0.263497161964213	-0.357445929085493	-2.23387398115474
NaN	-0.117234845837853	-0.154615952921273	-1.51923064610547	0.163164545623849	-1.47809004984413
NaN	0.174786195719974	-0.0745717105687795	-1.30059221796797	0.857064174734509	0.835971402359963
NaN	1.20970091023071	-0.0514255785588558	-0.941563122125189	0.00959385559280069	0.677489764027667
NaN	0.628107896654648	0.055980831940433	-0.313013901160001	0.00118207080253286	-0.716355128581873
NaN	0.764823501991751	0.0445550873943132	-0.725552808487803	-1.52183798316381	0.0143138467173911
NaN	-0.691499007679912	0.824883999973197	-0.334704952765098	-2.09603811142282	-1.47136256260133
NaN	-0.49789113800717	0.740753746770349	-0.303301389308775	-1.50739696693139	-1.18480351209585
NaN	-0.843272831615687	0.328857357731053	-0.282309250886414	-1.32287721811248	-0.866939926813308
NaN	-0.7002748064664	0.792891357309781	0.212802558891752	-0.883552166170694	-0.861818280964583
NaN	-0.99559497009992	0.458376162664319	0.0816827770322839	-0.688790608036438	0.256975432530574
NaN	-0.731912628821257	0.711496078929027	1.78214371435014	1.21198402034039	0.0659521369741041
NaN	-0.488650685102344	1.29906878145688	2.51157123207006	2.22149364520476	0.0354993902056963
NaN	-0.473433733034951	0.562018504954502	1.15561655792058	1.50523994061726	0.76453437108032
NaN	1.12235990777537	-0.562560483009447	-1.85311816828461	0.0952408394879617	0.214237077263105
NaN	3.66283195171615	-0.625528544779309	-1.26310686148776	-1.74600956495886	1.57922787492491
NaN	-0.171098675951174	-0.71912507988144	-0.878857275960523	-1.64955440681304	0.208565105635994
NaN	-2.36020560276414	-0.698624224273006	-0.897085385044045	0.289288604947178	-0.916323956194134
NaN	-1.64624897556079	-0.517472536044934	-0.63382532108304	1.49884366877704	0.019020778791228
NaN	-1.1666461065109	-0.336127233383101	-0.577467164701951	0.1419752983248	0.765945363355297
NaN	-0.905353747055334	-0.177940214612277	0.36924933225014	-1.19010104435824	-0.322581831274192
NaN	-0.13369794577621	0.383487435383629	0.414690824112567	-1.24244932035951	1.0365739791036
NaN	-0.112108341508275	0.0266902804004086	0.119015233307844	-0.00843333775922666	2.47802445746102
NaN	1.08889759349347	-0.262276676181189	-0.280399589254157	-0.518541251336543	1.41986910070323
NaN	0.437525264225398	-0.587013636680868	-0.368478976276749	0.804853335321649	0.563350620448424
NaN	-1.55034588214904	0.228049121316823	-0.427508260416857	1.85584151459475	-2.19244432057342
NaN	-1.25552191017145	0.0549819839202817	-0.27114858275286	-0.202321924968447	-1.82295098316527
NaN	1.21797463912144	-0.495861170791136	0.15747717037204	-0.542743657827364	2.67587146441978
NaN	-0.598862072382714	-0.109920028362278	1.25597378631157	-0.188075237456144	0.0638376810665327
NaN	-1.39314973006388	1.02293374592674	0.947839807625555	-0.480807869650746	-2.61936729652515
NaN	-0.906929909129098	0.904230805980094	0.615577602199378	0.498079444736498	0.688993659462859
NaN	-0.437731956951374	0.285524838812241	-0.517556337266423	1.08321568334825	0.648772129871389
NaN	1.87850087735454	1.02697311022475	-0.404765866531505	-0.221908348895866	1.23528303416722
NaN	1.61830419219837	0.679156925340557	-0.236367708303002	-0.693818173690169	1.74632893890863
NaN	-0.969426800415923	-1.24623258822195	0.610601571947812	0.244568779826849	-1.54942363775913
NaN	-0.205193392099182	-1.15061883350963	-0.199784768267809	-0.603504143442573	-2.53562241712335
NaN	1.50256979082787	-0.358645096068144	-0.38285953431008	-0.000972478591066073	2.01139887369131
NaN	-0.750899633946278	-0.896419073322588	-0.570672295605305	-0.379606940729017	-2.09037372913413
NaN	-1.41363782916717	-1.50448962355864	-0.665466083897333	-0.234857326296354	-4.01466801640113
NaN	-0.552140528059748	-1.29789207594796	1.350681839688	0.245745364467059	-0.95433428414638
NaN	0.617112711590642	-0.909279092601939	1.84140635374442	0.434545044580463	-0.235057645081287
NaN	4.10694302024712	-1.32094827465302	1.0069288183781	0.384473801926402	0.783110295251412
NaN	3.1805646045093	-1.19798235129269	0.343893538133703	0.569547009174056	0.971725073597878
NaN	-1.23781745972637	0.0291128642930139	-1.06460677963249	0.266280920297725	-1.00741305392319
NaN	-2.91846495779585	1.65408838955193	-0.5222756490452	1.9359246546845	0.291154034445314
NaN	-1.96146291259096	0.935127790292565	0.0177026510641234	1.47737247548538	1.29100653946061
NaN	-1.16790727328881	0.0605530066525137	0.439745439731298	-0.33072537749442	-0.379380003593855
NaN	-0.990000758588041	-0.0487058278388741	-0.322181420988056	-0.984016035072236	-1.68592530577328
NaN	1.71674359876531	-0.494359979911634	-0.502350409055555	0.839139139484294	0.999135312752456
NaN	3.15839086164836	-0.7531951994486	-0.903760324709231	1.2660211704546	2.67491201711412
NaN	1.99068249445092	-0.357084379443159	-1.83520407016348	-0.540825665438455	0.14811511435216
NaN	-1.47784871241188	0.0332896058723918	-1.21141753922855	-1.42462884261532	-0.362622494687266
NaN	-2.55412908825633	0.227717035030942	-0.789086205206612	-0.868724786040234	0.757658783614945
NaN	-1.41838106974651	0.831430188249496	-0.521421935801004	-0.85538318960652	0.224523999354842
NaN	0.381978362023816	1.91508264169516	0.0746755807497532	0.0367822156214464	-1.47724256863032
NaN	-0.342427693617513	1.62263306567792	2.05575273283141	2.01212940144355	-1.56873918428915
NaN	2.57325290449511	3.0715242573004	4.32260303833888	4.51493262509206	1.71108152888601
NaN	0.972522545407659	2.19079784808137	0.999564635923805	0.683272260867371	0.0850140850151731
NaN	-1.97140896880397	-0.655803022642965	-3.77409480648687	-3.59580351447826	-3.00027477411103
NaN	-1.8382578665413	-1.76383794182896	-2.29405895585144	-2.49088117857406	-1.66975933155927
NaN	-0.864450786718834	-1.45356259907742	-0.887767138995166	-1.27769645098032	1.08342415278165
NaN	-0.162804038155138	-0.994764341224248	-0.932834546244918	-1.76522105391426	0.0647126321235544
NaN	3.96387252947476	-0.728461708707383	-0.811285070040835	-1.51583752632632	0.406437877618275
NaN	3.29723563464412	-0.2796488638389	0.495561936212895	-0.959774149791362	1.20613646165836
NaN	-1.08246968664779	0.904505316775155	0.989404127592247	-0.524819501069853	-0.458005196605183
NaN	1.90564992811301	0.0933224624614567	-0.582895121171201	-0.71274297531259	0.465135990076668
NaN	1.08621327120483	-0.829415842857598	-0.0968980746225396	-0.329523735106625	0.656669357244494
NaN	-2.57209461457502	-0.0843957778665502	1.29211385005898	-0.171148236778743	0.0798562974568209
NaN	-2.58811215232869	-0.350455531897239	-0.246795378191544	-0.238454864129354	1.32165588831824
NaN	-1.74158919396622	-0.726862044857965	-0.0198194630843541	-0.0989733463057111	-0.319016899421263
NaN	1.43893122107695	-0.141625695389872	-0.0940798851569864	1.61655440693963	3.28841878926561
NaN	2.45469402599547	-0.825224304778851	-0.81322159518226	2.42793675193227	4.98774301565404
NaN	1.1933106785556	-0.655114709852598	-0.370362414586722	0.8596881142291	1.6149969581986
NaN	-1.06994310039021	-0.352460268860771	0.0957412704456432	-1.18472486542782	-4.38136409794767
NaN	-2.50619402967576	0.0582471270712098	0.664833277790581	-0.578239904671906	-4.77972247373079
NaN	-1.74028867246289	0.629321881439015	1.58791833235424	-0.301428320614856	-0.413288494830615
NaN	0.544000692655625	0.461509077535025	0.380538683603079	-0.189678060944078	1.12330456807442
NaN	1.22559321684764	1.0537254470639	0.387580160175658	-0.0411959945066289	1.347576853716
NaN	-1.12075531360799	1.74159987559334	2.51364324950334	1.48513593707088	-0.988103989526359
NaN	-1.46096911813454	1.68267766460573	2.13574009798033	2.58296926334291	1.77395288167708
NaN	-0.88243692771221	0.716796098101892	0.831791140524078	1.43117299968576	0.855191428645381
NaN	-0.547105712999419	-0.699952297121415	-0.969702323009461	-0.942365986834374	-3.61529693808019
NaN	-0.108513590816495	-1.10276122712591	0.0114531731082916	-0.0488245693963735	-0.317939962101836
NaN	3.06290958418827	-0.963620188285677	-0.501498093258668	0.734061322415006	2.765938909781
