NaN	1.27987435591509	-0.111104890498848	0.664611043813602	-0.935893418707323	0.505409402747121
NaN	3.58126396789096	3.34690621803464	4.64957798394204	-2.8835827967053	3.7642553448053
NaN	2.68169105062758	3.73175241885005	4.16897049074208	-3.0942192925374	2.68889326230417
NaN	0.603186633981677	1.54553684362504	1.40703426270783	-0.172682111436346	0.312201400134632
NaN	-2.14748386832802	-0.692420430744186	-1.59717188511158	2.98614082707235	-2.24614535169844
NaN	-1.9989133701771	-1.88830254817666	-2.49731860321406	2.79570457083968	-1.94300208135906
NaN	-2.88469650394648	-2.62004447405649	-3.33699743237455	1.14217412948292	-1.99688544664944
NaN	0.257642782174392	-2.60809429148845	-3.25020053859791	0.689406968274597	1.36009122903409
NaN	-1.4276583594931	-2.14359651962441	-2.41810460333104	0.33747292655501	-1.05304928557057
NaN	-2.53483213367936	-1.78835223138851	-0.773449886810312	0.0255280554795782	-3.02700713122543
NaN	-1.78971998352304	-1.23773923866365	-0.710589993722589	0.0268190128860091	-0.967400593336358
NaN	-1.30341453859238	-0.616581805540067	-1.13934530422157	0.902108565793008	-1.35380764719297
NaN	2.15090595927635	-0.812096460739354	-1.22216452103919	1.0914198894915	-1.83747835577329
NaN	2.61347181521517	0.0254957602445451	-0.102809579489828	0.849125769137961	-0.49832197278494
NaN	0.384672478583561	1.30425738956949	1.6220173325216	-0.453860992445734	-0.555014271513888
NaN	2.73260060500598	1.63512010926181	2.23188043328213	-0.923970243183315	-0.158456884724085
NaN	0.0475528200543173	0.579728763340711	0.335812921940312	1.28137809337446	2.66542575979436
NaN	-3.20712954394408	-0.550581073663448	-0.370721880182454	0.338397927552304	0.700514147281239
NaN	-2.35187078003238	-0.617468725762798	-1.22668171179547	-0.825877929312841	0.384996462144633
NaN	0.209872824722314	-0.317896735152723	-0.629570017980537	0.207558471462445	0.122231100322269
NaN	1.44506275552418	-0.0992952895959495	0.772884676781569	0.938072418478548	0.829997579685509
NaN	0.0269053930052504	0.221570603258788	-0.241452798383912	0.86393184053548	2.23098260310985
NaN	-1.72861506078299	0.00900970243965247	-0.0875575304881322	-0.626460210078428	0.991575200236114
NaN	-1.36743674530936	0.454113891653721	0.392262971539297	-1.73799859433238	-1.15054827444643
NaN	-0.590558220708094	1.67627863595565	1.34090050812467	-1.55567344730659	-1.72947319749563
NaN	-0.482879451226456	1.32861980098132	0.495960423078344	0.603365801927186	0.754932322645032
NaN	-0.155780929384069	0.409446168225253	0.71583288429219	-0.139980525264152	0.304974161290887
NaN	0.149377353115384	0.715222704808017	2.57338935362345	-2.11006555382679	-0.651137210297847
NaN	0.301650137882143	1.80036486966197	1.90481619927164	-1.88319814459061	-0.45643465021319
NaN	0.540630143901187	1.77059260384569	0.459486773435796	-0.953955923638903	-0.0854321594508769
NaN	2.4560589405824	1.15292737281141	-0.849109466640418	-0.129976222350703	1.11252201452468
NaN	1.20372273188691	0.892438518256003	-1.49403036660428	0.520335925570669	0.754662590856764
NaN	0.825461952447602	-0.0297669333619909	-1.54973334033214	0.251853553017818	0.201119015298124
NaN	0.237709111941314	-0.717816393270744	-0.0512652050683449	1.08044267228161	0.487594363260588
NaN	0.333936810916068	-0.087771404727849	1.43172773874479	2.41145573911291	0.642900771428367
NaN	0.413751453620211	-0.391024132024753	1.05245036700527	1.5849118620595	-0.583018949500457
NaN	0.39179871110031	-1.26133362907698	-1.04963659166708	-0.164587373347706	0.0211083366099034
NaN	0.49609828966884	-0.969494087342521	-1.71770130637549	-0.46066687213057	0.81166463843964
NaN	0.414603424222216	0.220804592218304	-1.2412082346387	0.882229868552254	0.283977774201743
NaN	0.727955712375706	-0.379261624131538	-0.898798564197863	0.62918919020319	1.10945163664194
NaN	2.31412071184311	-0.349266397912752	0.580124220059827	-0.123635265758785	1.17680026626199
NaN	3.31278303182761	1.59213541239651	0.685282124373302	-1.00169180752442	0.11003248510196
NaN	-0.303416771327575	0.0427113701989338	-0.198499097874267	-1.40773151224848	-1.14763135169952
NaN	-0.822350080663633	-0.543431589775363	0.673992334920082	0.165628844575295	0.740996949264734
NaN	3.59778997528284	1.00659853415876	3.37809840642488	2.61612878402803	2.94148635685838
NaN	2.52897810286185	2.80594006870757	4.20294732163705	1.7064728496024	-0.0666599778937064
NaN	-0.355772149657069	0.909694500812243	0.306080314556081	-1.22159671609985	-2.66830554576689
NaN	-0.106092323968431	-1.71511653834455	-2.26859362063585	-1.88115199254765	-2.00311256210236
NaN	1.89964775232735	-2.75670933374013	-2.46873754114683	-2.26469468291308	-1.56410840357093
NaN	1.28739281441141	-2.36604254574033	-1.80601804625633	-1.54163967301922	-0.770186152373377
NaN	-1.96410339016461	-1.88725947806043	-0.93734032146799	0.102757880611485	0.921701400589024
NaN	-3.96584355497175	-1.50666982708019	-0.309924500719133	0.202703467709146	1.25243715146002
NaN	-3.35808293354503	-0.851041487777874	-0.851509613879937	0.188820941487404	0.755377784418979
NaN	-2.54195173875335	-0.973589943574621	-0.764215895887089	-1.23835930355145	-0.527138288188687
NaN	-2.10390028926193	-0.575593939727437	-0.370444016836807	-0.868302090510618	-0.88514481333984
NaN	-1.80183162838044	-0.425369412425016	-0.164060701485388	0.388894697306819	-1.37608746294745
NaN	-1.2879899623595	-0.137300677953712	0.103521588226288	0.591048933928921	-0.88905489070098
NaN	-1.05879873103895	0.284926817063632	0.249805712507014	-1.03918135243802	-0.324012378695203
NaN	-0.876610598076447	0.26340952540307	0.23912480185234	0.0282793974792225	0.088536300635982
NaN	-0.498655645309361	0.439065950904832	0.643453976192652	0.787275580600222	1.69232042576807
NaN	-0.174631395897848	0.257247067988923	1.10840867028204	0.374120517834486	0.938892093021376
NaN	1.7116983597645	0.497992041331384	0.478499672352647	-0.191594120558974	0.923560127954448
NaN	-0.334158755380258	0.491840887780336	0.453857645386779	-1.15509003699978	-0.849613828659042
NaN	1.41438040360909	1.60930847877966	1.90835990808981	-1.76973770541032	-0.11741148712421
NaN	0.751574020047875	1.91361698332892	0.945994702319734	-0.857067092838791	0.506521876333617
NaN	3.19047113078829	1.30160979465559	0.0839806311286062	-0.443121066067818	2.17873831055468
NaN	3.69156742526795	0.073492065233085	0.305808330990649	0.230810764205916	3.9274269881296
NaN	1.89150061306458	-0.12398241068127	0.949058413333432	1.85381442784546	1.95784881092111
NaN	-2.13118845556645	-0.0610796354251527	-0.0498396173485716	1.35379315814881	-1.83858239874819
NaN	-3.14943186984699	-0.0200147735665245	-0.473940238924644	-0.0963706102459582	-2.82297805176108
NaN	-1.97717867554242	0.130218180011899	-0.37118084766466	-0.326111832228578	-0.976103840706371
NaN	1.65928098200567	0.242654972175713	-0.108830980038591	1.05356891987112	1.27444255569724
NaN	2.54486659263515	0.20916178710276	-0.189451599468184	1.38989144904744	-1.33881894230242
NaN	0.744535948938662	0.532264668416008	-0.150155766139952	-0.0680336871249019	-4.47709718778344
NaN	-3.06639122912498	0.30706357015455	-0.103489228617682	-0.246540871714622	-3.15998710480227
NaN	-2.96720747517124	0.361749918542553	-0.0228824787330112	1.19729145202942	-2.03817319587136
NaN	-1.81363045466654	0.296874921074033	0.457729522854176	1.37288015176827	-1.12117694893503
NaN	-1.23138875781934	0.369232972782237	0.0581044615933095	-0.0570095289403571	-0.893749684159429
NaN	-1.03734699845258	1.13147905645327	0.617463625458758	-0.482379315503074	-0.676945646402094
NaN	-0.882967789487884	1.62408388107551	0.378925158071839	-0.0528925926552316	-0.479590484407405
NaN	0.75101265383801	0.43485847188824	-0.242919790910103	0.389020258839232	0.478759961364768
NaN	0.0423206468704537	0.0746672939470515	0.332527037362789	0.660712780125479	-0.170874055083624
NaN	-0.36226974727188	0.251768327616998	0.855273167164169	0.840656206765803	0.116548799607662
NaN	-0.0313626593221453	-0.515201072612238	-0.464593545070086	0.196647900187538	1.3240141673655
NaN	0.461806548774457	-0.0972147678554622	0.273726477706997	0.668982522418984	2.08236838912285
NaN	0.578801794885958	-0.368382124812465	-0.230906477518637	0.033200698849959	-0.0420378642377321
NaN	0.601996864445005	-0.947958672336853	-1.01194849763037	-0.223905442536374	-0.0731048314645334
NaN	0.921288787003195	-0.842314818102866	-1.0382304969802	0.484181836684298	0.844746390016931
NaN	0.815248832564935	-0.0859059588243808	0.972461376591535	1.31232001825006	2.16684194944205
NaN	0.656546313646583	0.671646733192048	2.25988274760994	0.765798934412809	0.420665864161293
NaN	0.713242104588946	0.45205632674408	0.345015169522426	-0.464881577565051	-0.184425429997794
NaN	0.666296728928608	-0.646031153356713	-1.6633007604515	-0.716534961596118	1.78679241434415
NaN	4.50058573050629	-0.502386266770985	-0.525097935653512	-0.539481617278267	2.60924141166121
NaN	5.07576292571143	0.103758325426095	-0.354464370107896	-0.24606503308362	0.184175984852509
NaN	0.676015356528155	-0.929433427206507	-0.957718954199034	0.482716276523443	-1.84010172297936
NaN	-2.20361052010439	-1.1097514317601	-1.546883035183	-0.367502126074256	-0.478423553656926
NaN	0.209134365426352	-0.796671027632341	-1.54578275275857	0.621087606651743	0.482055982439779
NaN	0.832353897976218	-0.670998375095284	-1.09456666445804	0.509358796222139	1.82659066581321
NaN	-1.38282176445768	-0.610531035121499	-0.436412433807959	-0.357177288058971	1.08516384753624
NaN	-1.29879238095585	-0.329524808817081	1.19352192504094	0.201041856251823	-0.208875304541731
NaN	-0.923431791006318	-0.173927258701191	-0.0768171171039443	1.05302801944832	-0.267353259676622
NaN	1.10218712463502	0.282702519163406	-0.225939660755361	0.38954003070474	0.168768522521652
NaN	-0.733908960076075	-0.00441252582536713	-0.825876449130385	-1.38151700993986	-0.423093298905585
NaN	-1.15071499015903	-0.153953485612281	-0.745142160628015	-0.79747671137754	-0.776724107554257
NaN	-0.843903450045942	-0.163546334034555	-0.777231159281139	0.567601190281256	-0.739040975130936
NaN	-0.540480334360315	-0.280030774363082	-0.263598540309401	-0.482553871094328	1.17836359090472
NaN	-0.267445961073257	0.141630645640537	-0.191361000554658	-1.53047068046506	0.387873887496843
NaN	3.28302046070556	0.433671770746832	-0.0641939580334823	-1.5810813115246	1.98658050312811
NaN	1.20582341464671	0.191548561800274	-0.0961373065393996	-1.06449401929578	1.24964883272457
NaN	2.18209500578916	0.133159045600701	0.24476117498083	-0.76712139387165	1.56076313126907
NaN	1.6997261260649	-0.0550097551000605	0.241308388891033	-0.458325204273797	1.63886905586832
NaN	-2.46644007668792	0.123606255937466	0.246462138234949	-0.495431922657176	-1.98301415613554
NaN	0.935080759339341	0.273268708777713	0.345583913161975	-0.440987982401415	1.21200939557939
NaN	2.16768890407052	0.244938347643058	0.509477598183549	0.381200993928081	2.30286038799591
NaN	-1.7354144199673	0.145461798354757	0.444530840576731	0.723567946318347	-1.47266272260258
NaN	-2.07794413670659	0.387377254754755	0.503256348408445	-0.258124976342604	-2.74493885864956
NaN	-1.56471685537441	0.742250083124093	0.469320153982455	-0.545012966189785	-2.50580717952634
NaN	1.82108577299528	4.04189044730744	1.71930410971923	-0.561028739554508	1.29428880287528
NaN	-0.801954496293321	3.37529278063759	0.970280017284224	-0.241144742099546	-0.0482825507626456
NaN	-4.05799485499232	0.422548908390255	0.395094209102686	0.0746501277873342	-2.20398094720194
NaN	-3.20598600610637	-0.26883640570908	0.232361296770917	-0.154314007925493	-3.6613542853955
NaN	-2.14677697505512	-0.279459789041046	0.797763799732393	-0.260658215907288	-3.13412319294009
NaN	-1.50470195723632	-1.66757015361463	1.64487242656035	1.18311127588918	-1.42931920319019
NaN	-1.29145026278056	-1.96153290706088	0.539546976909377	0.816115964950906	-1.13461710221334
NaN	1.20165245687721	-1.37131691141578	-0.246002276044287	0.399206770592052	-0.204375954355202
NaN	2.73580778698956	1.1079265490226	2.13911829497332	1.65417727914391	2.95716495465124
NaN	-0.457875387966518	-0.639698447288151	0.943183484740334	0.822870260712145	0.106830536708371
NaN	2.00975496671002	-1.07899030130839	1.71090958444196	1.47748007214543	1.23473030824431
NaN	2.63525411796144	-0.190182371728737	0.786341083626595	1.06737816823105	-0.680369790616958
NaN	-0.875811889562551	-1.08008842458441	-1.72168726708703	-0.808954650425472	-1.84822066205907
NaN	-2.84662822485995	-1.55556723759851	-2.36132164866908	0.0255959417177253	-1.0807522862534
NaN	-1.81665975701938	-0.859057407009826	-1.39210050988686	-0.108664704378273	-0.642015856308339
NaN	-1.06975162159282	-0.960830564390521	-1.62280278211726	-0.241799192717132	-0.538620762562939
NaN	-0.727168628530433	-0.883883182901072	-1.56511905244134	0.669807524380014	0.807431018405902
NaN	-0.283500085859269	-0.0804835979780025	-0.270806151862573	1.05105084444847	1.54144858234481
NaN	-0.000204447450199742	-0.155104117073524	1.04287886185533	0.5636710144784	1.22060795873153
NaN	0.143311586191754	0.289192021965458	1.71979348442175	-0.0363202204975429	-0.352806276863912
NaN	0.327974190139819	1.0172718559736	0.894546789689038	-0.675155300894558	-1.42234633390199
NaN	0.586769567218596	1.15316375360241	-1.26264469618368	-1.78328736758051	-1.09276562287572
NaN	0.605610950464405	0.451511839018795	-2.11722160237948	-1.44761133554137	0.855821613474688
NaN	0.750586662135518	0.0904063234748145	-1.90891156152443	-1.67481859983686	1.65230696915735
NaN	0.831641000378921	-0.501230905982487	-1.5082792186476	-1.59021693659483	0.740935130077972
NaN	0.835624937700543	-0.427145262708385	-1.12665352207733	-1.0425835196566	-0.971580975357892
NaN	0.921340246050379	-0.181228030614257	-0.690086984941221	-0.940448909627273	-0.548197830265792
NaN	0.98111970635169	-0.0687654347632531	-0.524788088648697	0.058960432043434	0.203563544475036
NaN	0.892549710297328	0.0664695159140443	0.0314308188303644	1.57672642964238	1.17421556870182
NaN	0.877104803973141	0.189455209162403	0.696449240793144	0.514295036079641	1.78652431558449
NaN	0.862533381372173	1.07274996545434	0.0453280304334298	-0.161409782080932	0.247375927214696
NaN	0.940768877217503	1.63996317197103	0.239171783037859	0.443252213769967	0.167618810516356
NaN	0.787081924785235	1.62162700155917	0.295910889563117	0.316606831124394	0.748710068196371
NaN	0.656917636604687	1.35638923586911	0.333355435539141	0.951329998777379	1.52626508750771
NaN	1.66037919131698	-0.348435285613392	0.221484129438505	-0.406163612080291	0.00747409816540819
NaN	1.19551276909043	-0.929895572524659	0.369636591619294	-0.580999306487264	-0.344668375506006
NaN	3.19914587010582	-0.339866180755109	0.68956087264596	0.514900772439426	0.875376582208908
NaN	2.66046727611156	-0.268277723882852	0.322206665189873	-0.58967443615021	-0.0961806811296993
NaN	0.1953421431013	0.0613952518698634	0.446491584026757	-0.94642929235362	-0.398049278081886
NaN	-0.735609831004627	0.173053710419615	0.549119239520192	-0.608128863521447	-0.125154370704517
NaN	-0.918929383549951	-0.207319595849164	1.92809410585321	-0.542256159667589	0.0426292299167631
NaN	-1.6220081401892	0.137612520001069	1.3529922509676	-0.155784758460061	0.231662640571089
NaN	0.713053832023328	0.83439824280308	0.133388284529971	0.80428820216224	0.186099163619501
NaN	1.18166636004887	2.62972977003022	0.24252253268145	1.56619287205743	1.04677941907098
NaN	-2.20296566351901	1.56060194349299	0.257150368361338	0.738590174200724	0.230046831348228
NaN	-2.22563068154138	0.887689618649573	0.260083237359529	-0.241704118498827	0.0382518353078119
NaN	-1.47842876874285	-0.239972281146202	-0.121214115730291	0.662354879233089	0.0616692780115096
NaN	2.15685052982378	0.330958895434019	0.36993146912401	0.988556846509927	2.63129499479937
NaN	1.35395565934902	1.68446846170128	0.66894020386301	-0.146540281480924	3.2142245291862
NaN	-2.51062631910394	-0.597186890701925	-0.213953462710655	-0.26600949155671	-1.2160531697233
NaN	-2.4455967613245	-2.27989658274454	-0.268939977391434	0.582875241338035	-1.35509689120525
NaN	-1.71372374087977	-2.16662454018341	-0.122468412063862	0.269197923082064	-0.690813793106918
NaN	-1.22580830232967	-1.53511871015203	-0.165260357774648	-0.150488958571675	-0.669395506139015
NaN	-0.145019850651149	-1.36278456492022	-0.111603725679764	0.200253271850349	-0.249416354807603
NaN	0.846380002133117	-0.359666077816242	0.908513921119411	0.869296467337761	1.77722629017624
NaN	1.8476602208761	-0.485976247403003	1.80186838862626	-0.171265316717272	1.34504865480687
NaN	3.15689858368626	-0.606094397066463	0.0889544844072803	-0.189931446502452	2.8176662327751
NaN	1.56758404889361	-0.571634462203966	-0.987207575144125	0.103874358677507	1.59373432948127
NaN	-2.90066544969565	0.208510551619716	0.957099440223045	-0.48915643471322	-2.74659693231203
NaN	-2.89117285615384	0.976911444494473	1.61225400286525	0.836811458835009	-3.51844057536283
NaN	-2.08130145296388	0.088648597089567	0.368070759689078	1.05004888851845	-2.33651173527756
NaN	-2.01277884718744	-0.534659015913638	-1.37552910674648	0.0683030206759552	-1.76638274068579
NaN	-1.60305070749611	-0.745425367931168	-1.72804608318193	-0.177677277264817	-1.61753510543471
NaN	2.52831127872042	1.55613710131768	-0.405509026597319	0.426973790920091	-1.80861394550441
NaN	3.35128317854497	3.98197744666265	0.254090378763718	0.798567425736867	-1.98990190070488
NaN	2.09474913109024	1.87193039275105	-0.353892896575416	0.339865468871161	-1.58540612194248
NaN	-2.01922988190953	-1.19633606165478	-0.412267067557741	0.462833708734144	-0.757858831962645
NaN	-3.49495114597861	-2.0607206158335	-1.39598471735458	0.215614714819309	-0.0560572771048603
NaN	-2.30181305677584	-1.4744354738044	-1.6489642526622	-0.680212730809158	0.286342493996634
NaN	1.28677545539133	0.237004535358907	0.442802242990949	0.173734904138575	-0.146901601233026
NaN	3.23550670191666	3.31517857174859	0.969802360492567	0.367281279421609	-0.198153922053426
NaN	0.169093802489901	2.0829085477801	-0.339482139375938	-0.77775813332448	0.0706171004315633
NaN	-1.85995813694938	-0.652935047672701	-1.30811174915092	-0.129450460582337	1.534161629951
NaN	-2.39509429194211	-1.93481017909165	-0.71435949608444	-0.600981398929867	1.34566473403673
NaN	-1.89598363361873	-0.763180621818867	0.204320539662337	-0.767678077507225	1.2194114236305
NaN	-0.413755108346184	-0.903975854070268	-0.500542016663027	-0.737025876645148	0.184984987899191
NaN	-0.0301211790348563	-1.10299334050551	-0.900268839953305	-0.620235271145784	-0.315063965290984
NaN	-1.00588126372445	-1.01010316759239	-0.0217069159737046	-0.0630418842082032	0.864172648865718
NaN	-0.514560736202449	-1.05825347101745	-0.418598959967741	-0.199356174029436	1.04423897788414
NaN	-0.173510383994416	-1.26455598451745	-0.798393207900734	-0.283041361557835	-0.519790918008759
NaN	0.26689200646975	-1.35223239545805	-0.491313231271795	-0.455759895050654	-0.249107275846002
NaN	0.725733765229444	-0.673028114972163	0.00135217893615698	-0.505528195625592	0.010866861107604
NaN	1.34599584515836	-0.364843784132937	0.702182022621995	-0.715147983076811	0.517854015469652
