NaN	0.766663680184942	0.428140487630249	0.687703954823436	0.467808892407539	1.85906385291261
NaN	2.25182468966464	2.53316077195158	2.61540372797142	2.67545084545961	3.48931886763684
NaN	2.94912587154604	3.48427664977651	3.65115764183197	1.89579264284497	3.3865149509825
NaN	2.1819050482493	2.38452238003532	1.78954242802263	3.00288830131353	1.12177414831156
NaN	-1.9632801456062	-1.29490952154889	-2.86800967286304	-0.684664980663449	-3.3804531004415
NaN	-4.87263089675427	-3.51592685573782	-4.35216493895009	-4.55994038732804	-4.06400040601339
NaN	-2.00685586034376	-3.03802896201673	-2.37126694519729	-2.74438731214793	-2.22929862327766
NaN	1.84492742015208	-1.97331314558587	-1.31842978235698	-1.24838219273968	-1.72439360459446
NaN	2.85617954533931	-1.81890707244038	0.661238992586896	0.222281990956031	-2.127637922109
NaN	1.02031917503573	-1.55321494955327	0.690732565021158	0.760923498005256	-1.73864823593009
NaN	-2.23053447339777	-0.653975117505759	0.0670747557981633	-0.0662510817761239	-1.37930083136818
NaN	-3.49082753248578	0.556953736803634	-2.11811583292437	-1.80151978240711	0.0325292192136381
NaN	1.60539139630899	1.06845239454456	-2.06624790221105	-1.93283672233662	4.54164181389059
NaN	1.97895069905378	0.271000733565989	-0.930598402367828	-0.966176661825255	3.77080076775427
NaN	-0.717582529182983	-0.846140467158206	0.463009162465502	0.385622362787871	-0.472628025502953
NaN	0.717022099121334	-0.8551689449765	-0.26828593802464	-0.385010334220034	-0.337151039331418
NaN	1.01500269817675	-0.577668357043495	-0.780931539156737	-0.68237323287187	-1.63811641116964
NaN	-2.14075926504434	-0.185118658178477	-0.0590813605578305	0.0350759639445882	-1.68473967175307
NaN	-4.57096766822673	0.0178227361506063	0.112681335983222	-0.0789025480516106	-0.966922577390831
NaN	-4.20424782001538	1.27725448494564	0.179908573562721	-0.120815568034754	-0.0387829489055865
NaN	-2.5948024763663	0.659513048898888	0.437764141643815	0.236001364776786	0.331594494645979
NaN	-2.10190774655934	-0.0866743241514368	0.607955031957223	1.02986625591607	0.565712669686228
NaN	-1.91171326765883	0.486736129512975	1.9234416084243	2.85046886665597	0.149839787386996
NaN	2.2631777602005	3.24596907764155	3.63450301898784	3.71378426753509	-1.93406004015348
NaN	4.11481347465084	2.30984694000959	1.81649386524411	1.05219460201618	-1.1760567866313
NaN	-0.180693829522738	0.776991003550223	0.68266406103616	0.617699269704295	-0.419069460179464
NaN	-2.74160748613005	0.687038422430324	0.851858101382317	-0.590322360682233	1.59994245692134
NaN	3.10073365459338	0.466445163276694	0.72406713721503	-0.321369903046066	0.374950906665408
NaN	1.54133971068191	0.205196405654281	0.506046256360357	0.760758181494105	-0.605596990889481
NaN	-2.1202785142833	-1.14255093447851	-0.0597087682652664	0.475823586544591	-0.202092064567006
NaN	-1.86319682069141	-1.58294725101173	-1.65441692398791	-1.69398062780549	1.93095841742477
NaN	-0.608791091753719	-1.35931470249286	-1.79103761685831	-1.16033081149712	2.47093273167211
NaN	4.0403413041702	-0.934490900095363	0.202515705948927	0.136485391250494	1.12319550009252
NaN	3.67027965375161	-0.726009416446797	0.680193485306751	1.39113868901324	2.35922951295482
NaN	-0.901025592779184	-0.641793153427072	-1.32360271198192	0.799125860757092	1.06806473744646
NaN	-1.86887010049435	-0.0232315385417466	-1.36906066037107	0.346588669244609	-0.630011660899727
NaN	-0.492658709806766	1.27138374558373	-0.464931896571121	-0.63000871855842	-0.59951985893837
NaN	0.123365075316002	1.25750411277405	-0.302324034847447	-1.97888250107293	0.228449998900977
NaN	0.414188924599106	-0.139560522359628	-0.514204396564304	-1.50241449637019	-0.212158332407731
NaN	0.344794588042252	-0.439123263534425	-0.247045980334439	0.446493351769265	0.44375205233725
NaN	0.493734949568334	-0.488483478414574	-0.0737996795708734	0.126742044054846	0.536784950579658
NaN	0.761699698194531	-0.0708326358106355	0.052274220264321	-1.02749073229135	-0.356748989276771
NaN	3.1040495043349	0.498003138766881	-0.0680906214829965	-0.650940000827975	-0.0784302222675524
NaN	3.92477529209086	0.0461715901160415	0.101317249736418	1.28232986759105	-0.761374589389133
NaN	-0.149021925846953	-0.321821431161911	0.486007632023591	1.44551816820582	-1.26311347567289
NaN	-0.990935607307546	-0.235659348265194	1.73370960287121	1.22732428484289	-0.590997013466338
NaN	-0.247348911352666	-0.0126964395001344	0.2540985500138	-0.551058873803327	2.01789331842793
NaN	0.00969678113827206	0.0406180247792702	0.911212248703199	-0.701919584851275	1.86278685405012
NaN	2.29685990595358	0.0105329987292554	0.99350555757304	-0.83104209926902	0.816091345312251
NaN	4.60561668230335	-0.0701548951579012	-0.948624325874891	-1.13156546437091	-0.225465071889035
NaN	1.33671817205402	-0.0304137355705117	-0.817481672762701	-0.648193557946717	-0.463478556590809
NaN	-2.29696740321389	0.211970997324898	-0.284527865123934	-0.357411824255405	-0.737371768343591
NaN	-1.81117547962036	0.202270624082078	0.253957420061124	0.0391845780079166	-0.356905775387488
NaN	-1.14364945064511	0.459331459535093	1.76002992198693	1.84020911597434	-0.273914783980681
NaN	-0.816662890693247	0.249779207778627	1.59235765376393	1.79947922142051	-1.71382875230193
NaN	1.87969272254964	0.184494425195746	-0.611295767077289	-0.128411954474229	-0.27372705682398
NaN	4.51466373039715	0.0841966374520278	-1.87012877964834	-0.185964363047289	1.49669937887036
NaN	3.6094626387753	2.47730362688987	2.29352951537295	2.31466260411147	-1.22934669592772
NaN	1.11648297971593	3.60778342818746	2.1091308257964	1.9208604584791	-0.533642576674919
NaN	-3.6984517987825	0.0349593921494932	-2.53438635353136	-2.39859966551895	1.11825134789116
NaN	-0.301183493014489	0.952802009367952	1.19413536403662	-1.74459531727919	1.76596076556875
NaN	1.75852237772837	2.73487254808783	2.88478831817828	0.506783600560951	1.52349285218546
NaN	-1.59401205601504	0.600063670422946	-2.22521853756828	-1.18404910589336	-0.785299918365105
NaN	-5.69247761021847	-2.92604165034064	-4.64888508775184	-1.6032968557707	-0.776300751098686
NaN	-5.10093408062013	-3.28454307976045	-1.09646571208615	-0.907674225237335	-1.34705504310915
NaN	-3.39090498779926	-2.33650723177225	0.876371047454987	-0.153478908206591	-1.28061114775649
NaN	-2.58685927105092	-2.08393183773268	0.132907245367182	-0.0589285014505624	-0.856573090031553
NaN	-2.26788479824106	-1.82065449847593	-1.21882682856317	-0.330154745677565	-0.929466453751879
NaN	-1.74452007207432	-1.26353877691761	-2.37121252393914	-0.423087913386033	-0.331328959322364
NaN	-1.32160637808915	-0.993485805281677	-1.76363827000653	-0.349803266757275	0.218002168435926
NaN	-0.909137216834723	-0.828821963010964	0.46716133066439	0.985315291965416	0.731231303298807
NaN	-0.495339836755667	-0.80558706584027	-0.561792385068943	2.04606411246516	-1.31907450283035
NaN	3.01989593769562	-0.319908961784703	-1.57929005092157	1.23934456035248	3.33081983263363
NaN	1.26860602198767	0.984570871424702	-1.16689704250888	0.762979176947109	0.0252379544135734
NaN	-1.19609650000446	0.267463786356287	-0.254035768026276	-0.614006094230816	-2.34209600682316
NaN	-1.04800452547784	-0.442985652934155	0.0175227277716426	-0.416968158838874	-1.21251710807284
NaN	3.1590098060124	0.205955161686964	-0.0683384153424331	-0.691098024923763	2.84333763961808
NaN	4.72202879395773	1.6556071137112	-0.0183044240484504	-0.945872142577492	1.16458291895563
NaN	-0.17131896222661	1.13200432758448	0.236334645415375	-0.0368752186460968	-2.70603270459695
NaN	-2.91258767342478	-0.263128873002591	0.438976207174352	0.966747981567678	-1.9358806408995
NaN	-1.67125566124416	0.0185961174482748	1.71261865939637	0.989144519428948	-1.09029826125765
NaN	-0.596946361781358	1.13172669909948	2.42771660771782	0.654214837448452	-0.935631384686761
NaN	-0.528935181554734	-0.0285491617223669	0.55284064087617	-0.470382722336473	-0.153758027337191
NaN	2.56344347101631	-0.421394983195681	1.5699334363693	0.00358018877291031	0.112751377294506
NaN	2.17258808642113	0.363300764480566	2.97035046775028	0.767018135210248	-0.0044946308044869
NaN	0.593573514265848	0.515865733601008	2.07249551489951	-0.225268386213337	1.42510121244974
NaN	-1.53910850321436	-0.207320757413608	-1.00151525474908	-0.729097498134019	0.391227419112377
NaN	-1.05266583325074	0.389918272022758	0.367276096931766	1.76347276502228	-0.209337524065524
NaN	-0.645537386671594	0.566963390480581	1.14440268786928	1.4367413836743	-1.26031275894128
NaN	-0.418936620148414	-0.431681276321424	0.480828380707265	1.76860480630393	1.2756677834655
NaN	1.74523405763824	-0.52905025475566	0.67345141833266	2.09541793555811	3.64306613255881
NaN	5.02706316814612	3.39001073700187	2.53627119870819	2.90005854138363	0.320545823787497
NaN	1.76513539850504	2.00396218962807	-0.155682921231253	-0.699213358683364	-3.47139726033985
NaN	-0.230464874968566	-2.13550096777277	-4.22098076859918	-4.89346188061794	0.329659602314001
NaN	3.09830482530247	-1.70418835426011	-0.479185212593267	-0.441829145344013	1.68654512789293
NaN	2.70108085912661	-0.327715603598227	-0.881562645836272	-0.89397022236498	1.62272894779701
NaN	0.771651847549933	-1.44293949276842	-2.98873371538788	-3.64526486765213	0.652950084638391
NaN	-3.69075068993865	-1.9422459388238	-2.34900130037901	-2.05123313679226	1.62985114400939
NaN	-3.63762410144709	-0.767350865614306	-0.755787696863708	-0.75880231883085	1.19955853682803
NaN	-0.654539892848279	0.877707548615806	1.39642727950376	0.92409914575498	-1.92894441202353
NaN	-0.363735244205857	-0.542995087028134	-0.460109618038828	-0.289156615808975	-1.78634030641175
NaN	-2.37733536374044	-1.31007878997937	-2.94566301929854	-2.67405346258393	0.265186142904539
NaN	-2.53871204047459	-0.922989207122465	-1.78877321156088	-2.07807555309864	0.629219647840643
NaN	-0.333371007261592	0.634294584895071	0.516664155270796	0.224373078620085	0.913148095780584
NaN	-1.66229561181499	1.3232298836581	1.62617642872485	1.53150028326517	-0.286624189144465
NaN	-1.9072280811654	0.5867685508045	1.72220146596671	2.60323326824713	-0.49663578891854
NaN	-0.009782982837854	-0.821389286098638	0.0375317455941449	-1.33147867363913	1.65489487931888
NaN	2.05740893841947	0.120579995856725	-0.809672165931866	-2.44785446521479	2.30397859967979
NaN	-0.787562799878511	1.44907637740357	0.676278189763582	-0.441537643450825	-2.05488745921331
NaN	-1.6738014457181	0.745310980971275	1.21914870698507	0.30236396940147	-1.431091406615
NaN	-0.808413767336809	-0.681943702379737	-0.52534121145922	0.408002758798143	0.648590042285847
NaN	-0.226177688979168	-0.913616353787697	-1.68049886715239	-0.326379536469879	-0.835425045887491
NaN	-0.137369178168858	-0.303619255921813	-1.2983409142949	-0.54995976747643	-1.11266685870105
NaN	0.544728603240206	-0.0710089496913896	-0.673489285863207	0.273126753452265	-0.412098518168182
NaN	4.96366521628875	0.0350498542651459	-0.399241567129231	0.868543900983768	3.65405509496019
NaN	4.87048072067952	0.68181476896984	0.51552148564723	0.62258700459661	3.23083347678728
NaN	-0.525613741459726	0.307419443589916	0.0242699700899263	0.0912955974550007	-2.46612315719713
NaN	-2.9668136270146	0.213128229994602	0.0909343931065286	0.314182150286337	-1.92405044462244
NaN	-1.48389874608948	0.384901852061889	0.511963372537731	0.687255401188062	-0.204715744145185
NaN	-0.469720620128629	1.42199229528748	1.81134233395092	1.0212106453411	-0.685813657053687
NaN	3.58803012765706	1.68985045713889	1.89852764234289	0.984439491590887	1.63640346283946
NaN	3.1344148511394	2.6813780802493	3.02965475994265	1.38745100569636	1.25931230485013
NaN	3.08366460763907	3.82122995729182	4.38918173339859	1.91760137320837	1.77420542697174
NaN	-0.260462132658655	1.61018951977514	1.37863984232937	1.10218592377309	-0.485559432130522
NaN	-3.68411515756893	-1.29968583383851	-2.00859006562381	0.143259875777088	-2.21332673980396
NaN	-2.75945606697786	-2.39807622322537	-2.56166853206851	0.0616859558664422	-2.49852704504693
NaN	-1.19771081629564	-1.74370611949859	-0.885083500234895	0.690333514774505	-2.71452573660646
NaN	3.68950713710306	-1.09064198502071	1.01441708894037	2.84232717989808	-0.330351031934089
NaN	1.35253988362137	-0.894069495010612	0.771000929934356	1.75534644548953	-0.707192245214075
NaN	-2.6861165468266	-0.121272382724181	1.56368644392035	1.63303859325734	-0.809636624130795
NaN	-1.17150550507561	1.16165308077077	2.17167037635949	0.378224364317756	-0.94122257350955
NaN	3.61827306297861	0.94671951710085	0.781961239469378	-0.225375479792485	-0.363548868077627
NaN	1.76161573932776	-1.41907718767837	-3.56204172787649	-1.91599000601399	-0.682975122489271
NaN	-3.31928287985209	-0.62847083895042	-3.39395060440615	-1.71751459611688	-0.615933648810998
NaN	-3.93883962756774	-1.34973733758437	-0.0324473593635705	-0.823615063921487	-1.32230656102957
NaN	-2.04924099331941	-1.86000853076943	-1.30988505299238	0.140647271212369	-0.33147296467245
NaN	-1.28679844887295	-1.22627027634889	-2.21090795758287	0.126600215694677	-0.421566620853278
NaN	0.708888345466493	-0.853008770836947	-1.25183887015564	-1.38245931490732	-0.532378658775258
NaN	3.98037589965904	-0.793054267206877	0.151187887371365	-1.33323646865575	0.656964943114674
NaN	0.0423981351412313	-0.621479234843935	1.47792533445505	-0.171546301735996	0.516589649753794
NaN	-2.83469485425541	-0.281823955891991	0.908737536302136	0.110489659247051	0.88090606507363
NaN	2.03653679953366	-0.228582532512959	-0.722064589422838	0.0519046162424635	4.93644610763613
NaN	3.95870488314148	0.00375744189935281	-1.29428261809982	-1.23366546466869	4.4184030408406
NaN	0.266794534237852	0.192097784152266	-0.78736513606891	-0.825935369055019	0.537672901037819
NaN	-3.69014278755797	0.798740610612899	-0.532836544253234	-0.275277628209077	-2.46758113972003
NaN	-3.07859363094659	2.11585254055957	0.0354387720483942	0.0935605241452769	-1.37879930765264
NaN	-1.64176346448022	1.02506483083487	0.418821757462435	-0.660674611825405	-0.933969857827585
NaN	-0.0546754474653365	0.321005977110952	1.33696417396316	-0.3242074492332	-0.351483437461831
NaN	4.29198864903555	3.79288829357708	4.27737884752861	3.29875933385883	-2.09719563910632
NaN	3.21727364077849	0.990411937764625	-0.016084516816014	0.457374963212497	-0.324330555989959
NaN	-1.50745559924453	-0.906203274409727	-2.6977557284834	-2.31039515850011	0.40881156913689
NaN	-3.88149869846524	0.238105038886937	-1.37004160369258	-0.593517087826209	0.0341307501792314
NaN	-1.97342271083866	-0.652581274535527	-0.293979273293918	-0.241307287662961	0.539087438755067
NaN	-1.17745183453983	-1.61751610660732	0.839965036577974	-0.751227609764814	0.638909618183999
NaN	1.8858017574371	0.300886420363518	0.335589953996321	-0.500463684969265	0.951595988923619
NaN	4.46469324598386	2.99198674517899	-1.47560750905428	0.964757719668649	0.984430001748124
NaN	3.55239758299107	2.52175507379765	-1.06832569932017	-0.176116415915883	1.3007032148118
NaN	-0.0184764034421642	-0.0932736188360293	0.0545735464907039	-0.138169736762613	0.386460563021248
NaN	-2.89657171258898	-2.59422247344738	1.90716000750009	1.12477863872268	0.510615317440312
NaN	-2.2561358286097	-2.17510164901489	2.50674928446696	0.150861086485798	1.03795928505629
NaN	-2.38734923951573	-2.04653501803884	1.73028713504513	0.0368812554732188	-0.237349824597781
NaN	-1.93010249135922	-1.76019827244556	1.32177062295509	-0.358854161198154	0.318585761516066
NaN	2.23975956266344	-1.90802314152228	-0.462032602019289	-0.245623252516223	4.00132874970021
NaN	3.03743205462791	-1.32081836380519	-1.00814708142426	0.253839717617483	3.67713787399108
NaN	-1.67784406249396	-0.941523302114383	-0.0488187804150838	-0.0175597621702234	-1.15436365441621
NaN	-3.01611254522668	-0.593222868130892	-0.830474266749646	-0.728037001982419	-1.89635314453257
NaN	-1.64981137963324	-0.496968658847437	-0.776107512244728	-0.89959520858425	-0.524866240064232
NaN	-0.594847987994453	-0.00177943131946598	-0.548894842144479	-0.45989183863133	0.807905175073052
NaN	1.25521689518821	-0.0807068068121708	-0.404894801354664	-0.42688562204433	1.45526929557239
NaN	2.09621462184209	0.296724118696879	-0.457653773735678	-0.192056280959799	1.49654494468326
NaN	-0.67889186425556	0.336899541023488	-0.250709459632501	0.463583955591747	-2.50216616294308
NaN	-1.2411111894269	0.24944795610494	1.82476713237023	1.68223212413348	-1.13616392437865
NaN	-0.287020013844096	0.412321133555465	0.798623860816263	1.06986139503741	-0.767121866198584
NaN	0.0670999639776467	0.58701759077068	-1.13159919328771	-0.772247088777649	-1.52651687579666
NaN	0.143936078711577	0.720259605365793	0.518278317114148	0.857263574899511	-0.51024492231893
NaN	0.1249033441398	1.67788254333687	-0.147864907729366	0.22607043955549	0.431651849454666
NaN	0.402227789853811	1.72791588351435	-0.968295029821555	0.188275569229228	-0.97463289019858
NaN	0.505067085274859	0.383667090496137	-0.601251945952667	0.613653388584582	-1.84509108789422
NaN	0.585874274082918	0.0313700032239676	-0.335401023765181	-0.914570041804501	0.824668491043873
NaN	3.15930460272532	0.352450267532751	-0.344045771943785	-0.765267784329169	1.16922119675924
NaN	4.37581109071261	0.265256073730598	-0.11759730252674	-0.367872534727689	0.216795421625252
NaN	2.42256442355336	1.67954286539278	-0.34326379053675	-0.304983139382516	-0.309385153324605
NaN	0.245982562215014	1.55699428589385	-0.242818530872108	1.13468263580336	1.02913130710932
NaN	-1.86597119569263	-0.0183880136340444	0.239252002349394	1.81952439404761	-0.290639316271841
NaN	-1.62190205082758	-0.584055698242676	0.128119921166095	1.044969080973	-1.31858330326919
NaN	-0.865936517684594	-0.455523884702533	0.70702231721258	0.918709572871914	-1.06153894327197
NaN	-0.627302163780623	-0.3592052751332	1.08534181997376	0.840336540229292	-0.533809202529342
NaN	-0.673469241962775	-0.0737104510977163	0.292572205743851	-0.313534050754235	-0.494474620517984
NaN	-0.47004677211803	0.485509595959442	-0.790069416427008	-1.97917747785276	-1.30729016329387
NaN	-0.44374855667992	0.310908259715219	-0.511553289670223	-1.50528570361524	-1.32173252991019
NaN	-0.0183258026050481	0.663312694848702	0.581554208930364	-0.875395719157547	-1.09803455930048
NaN	-0.0808416850332012	-0.112673274846518	1.59049068669964	-0.464564017928046	0.493575136146443
NaN	-0.127900287899711	-0.44737771340672	1.16123689745229	-0.537634797569082	-0.36203292348535
NaN	1.67456002386505	0.863360730738368	-0.425178733384617	-0.507819600963607	0.0148190085928669
NaN	3.07230501075157	1.7251551582253	0.141331187025098	-0.201837112644786	1.62307457082327
NaN	0.254454732478952	-0.14166366638953	-0.957307769150826	-0.327927346987427	-1.11510248662867
NaN	-1.79779701815106	-1.69187164652966	-0.929375479775067	-0.36785966743972	-1.51433069723691
NaN	-1.38044453421392	-1.45520486080149	1.26665631964953	0.308233975801066	1.09603984098441
NaN	0.130599326419039	-1.05999246377095	0.365129954489887	0.321798339872598	0.684941353294251
NaN	1.52666406175272	-0.830000552033444	-0.871197271259749	0.0518613222392921	0.67827907133451
