NaN	-0.933568095541045	-0.230815077819101	0.36855808713922	-0.233457822372764	-1.01515465712285
NaN	-0.613844156107496	-0.0825702898249262	1.44586201919419	1.15614855383128	0.489987427917187
NaN	-0.479085320433813	-0.090564668297523	-1.16217982188472	-0.792531696873606	0.411225704457971
NaN	-0.465755173861538	1.65189044190963	0.536124713170569	-1.56276720027519	-0.996343817375925
NaN	2.79906640730362	1.47708209440698	1.73927167103414	1.81252363031987	0.473275786161469
NaN	4.41197956995394	3.83416267915078	3.65416545196433	-0.34230134715547	-0.368163818897487
NaN	-1.76683867543863	-0.338354860155368	-0.909417206606872	0.310248708226401	-0.664175366289765
NaN	0.848153141796447	-2.31398905485127	-4.13069253784703	-0.411809544974687	-0.461869560031296
NaN	0.237952168898633	1.24716161901795	-0.824625995423057	-0.344261553054923	0.366486700991464
NaN	-3.35776106100131	0.0298620783808407	2.11132666530116	2.05426070984734	0.786894377317294
NaN	-1.55401141578259	-2.34662355940305	0.223732898789157	1.01861549004529	0.0620024796646096
NaN	-0.994658371588896	-0.894447714175205	0.648748726085498	1.97710223603329	0.530081247876897
NaN	0.0170533765876328	-1.4405731171185	-0.131672933453206	1.56646683814011	0.749992154018721
NaN	1.02407043072052	-1.36891688575494	-1.6765621270755	-0.998312730027725	1.15594022380398
NaN	0.183249059990226	-0.467696331447446	-1.60080934296805	-2.51804134667387	0.0768684885771357
NaN	-0.656248446209799	-1.3066335948053	-0.926398287941147	-1.06552571120532	-0.00229030920335703
NaN	-0.414142761596645	-1.14217356523826	-2.00500162726407	-0.474132705168666	-0.112178548897333
NaN	-0.82783953047232	-1.22304972975666	-1.99399946861935	-1.87575941590974	-0.524634759520013
NaN	-0.56058086914181	-0.789388107963936	0.954025668868592	-0.662555132421884	-0.459661696250287
NaN	-0.318503697222799	0.474014678887614	-0.146376171976643	-1.29309984126403	-0.470257478740102
NaN	2.6914487608293	0.797892158151254	0.546654615021683	-1.79509119421107	-1.01664729974218
NaN	-0.252668638277161	0.83819502584454	0.0870471544557698	-1.07788521168608	-0.762233333954575
NaN	-1.75407394797621	-1.49310240131427	-2.1122432297828	2.07988587478324	0.323375619516465
NaN	-0.273028989356045	-0.988687787852372	-0.928321143722787	0.62053676241729	1.51250687299667
NaN	-0.20367750820821	-0.0430100688519606	0.344773030021116	-1.63742302476195	0.50175136055531
NaN	-0.201882107482803	-0.140091315206946	1.04095906887757	1.55146847591265	-0.36145387561323
NaN	0.202020142759208	-0.314202989630961	1.67096013935681	0.437984260173688	-0.0663325131107676
NaN	2.0879279615459	0.695521620833533	2.46722592053326	-2.47669902403703	-0.482184101516965
NaN	3.94213860051135	3.38001190449961	1.8005265299031	-1.54879544823754	-1.52502678437355
NaN	-2.20128581649378	-0.63910333013446	-3.02111937066798	1.45994163468305	0.360325788420208
NaN	-1.75633696059014	-1.64715616704036	-0.37682939463765	0.940669639059056	2.02914221435421
NaN	-0.00841146735049893	0.216560625036402	-0.477617604701548	0.620736811253108	1.3407323935407
NaN	-0.112764885598239	1.38288498648549	0.875126051041655	0.461974556709366	-0.229383241454841
NaN	-0.339911772673044	0.387398397753265	-0.617559911440134	0.663015804139383	-0.466605171840889
NaN	-0.0502432797245099	-0.996898675921163	-0.237404568339563	1.02016868846315	-0.368876785953366
NaN	0.0530917468651765	-0.124809159346263	1.60736317550157	1.13946776081498	-0.229850607399038
NaN	-0.0433730013029896	0.385634946967204	-1.06996118683742	1.70216547313605	0.164422014378111
NaN	0.13464072852767	1.45745705515752	1.23184638227023	-0.324513748509864	-0.218729549400932
NaN	0.101119246509235	1.80759032221529	1.30800033699217	0.0430458562273824	0.267074045625138
NaN	0.224312657865585	-0.771101982955936	-1.58649139541253	2.55700084075662	1.51662204111614
NaN	0.354583127765622	-0.902746061115192	-0.787401024364993	0.135509873766471	1.44765947291664
NaN	4.58379030847478	-2.4123254816399	0.189300843996704	-0.395822971448794	1.28356565491364
NaN	4.2013278578082	-4.28720878913497	-0.0592204125609545	2.01492949984851	2.43958625929311
NaN	2.26003864350398	-2.01845704698627	0.490256228317636	-0.373246022433121	1.69852908811115
NaN	1.5322930967952	-1.05422656634945	0.017102420687529	-0.775007990979181	0.994334752591451
NaN	0.864865256173002	0.781654892331004	1.68733114442734	2.38345440910544	1.06215587621748
NaN	-4.39156267009826	5.12072606402204	0.71294350793246	0.255527398060979	-1.05778044205912
NaN	-3.20560941852038	2.46359393458713	-0.297029155942945	-1.81828383213179	-3.36992336307242
NaN	0.470288939284781	-1.43734916034786	2.11350512190238	-0.326726421374918	-0.699175266802674
NaN	-1.47907991426229	1.72553222021716	1.52517627389551	-0.769963451852532	-1.5449037627939
NaN	0.110423851378273	0.250618279342153	-1.15971604953109	-0.539470801304425	-1.00067445471893
NaN	-4.74506167083837	4.40063304166884	-0.430357491677214	-0.24991439947082	-2.17858094109407
NaN	-3.41054159164883	3.90233216155243	0.193285131961096	-0.375980176548817	-3.38232023650633
NaN	0.50952797322155	-0.554195540141014	-1.90634000044316	1.07058824104999	-2.04595818935152
NaN	0.5198633903243	-2.14788666148016	-1.85175357420505	0.864429900293151	0.236757335431564
NaN	-3.92731317008736	1.93171915825924	1.27930981645303	1.07679880840315	-0.899559462194032
NaN	0.909683869544524	0.657507993636089	-0.802747690361915	-1.19834049624766	-1.41190117960529
NaN	3.44812632469593	0.521319438686369	2.49570439329029	-1.46098007473096	1.12345443030779
NaN	-1.22308174603747	3.1348469298385	2.68296657965486	1.27756746340843	1.61784996918559
NaN	-4.73580399044501	-0.730510682521937	1.32683735580189	0.164075634281566	-1.00642347120873
NaN	-1.15595810908102	-1.31154304450211	-0.505460499299368	-1.53964182202995	-0.899171536019666
NaN	-0.504678802139367	-0.110673775595167	-1.06676965061591	-0.551537257993488	0.0280969306318409
NaN	1.40718262180553	-1.10172786990793	-0.330880507950939	1.5064779181752	0.172598242294138
NaN	2.47392930079804	-3.32695422968453	-0.274678079091111	0.0359133948921174	-0.670058287846611
NaN	-0.668098905350091	-0.108323419086724	-0.490694671460254	-2.90845949350191	-0.972270853241861
NaN	0.405357469049221	-0.904223965783573	1.63577142696898	-0.919822452232148	-0.954290469545527
NaN	-1.70729149974581	0.164566411202624	0.634607759515028	0.23030860572243	-0.287212324997136
NaN	1.54182108611978	-0.397286645828031	-1.66903413690389	-1.74669290722426	-0.668129963363463
NaN	4.19494143442383	-4.33662020032908	0.0500655107528673	-0.98350894326143	-1.29577618866669
NaN	-1.76423290845209	-0.742693255072366	1.6312463925077	0.699694599806036	0.290762932783185
NaN	-3.01552098274961	1.8676700888692	1.07342952074779	0.97388603318299	2.28901602885045
NaN	2.68408164444595	-0.456363058890512	-1.51141552902109	1.21716920781861	1.95609393750241
NaN	2.46021808870993	-3.23127287502594	-2.48412859377334	0.699143068720702	1.15324178326359
NaN	-3.21935957374698	1.57442903660459	-1.12305803832835	-1.15733799049648	1.55854017815475
NaN	3.62527636625059	-0.734188384546283	0.594401276011361	-2.13081270363198	0.168277467701259
NaN	3.16336106420189	-3.19444111475159	0.539918360400376	-0.0502845331214266	-0.891601788914211
NaN	-3.33051873406737	3.94786041241916	-1.8246482157352	-1.14271092521772	0.651301641836361
NaN	0.672424984282076	2.74729707430304	-1.3562489091474	-1.65762607585627	0.555367198483672
NaN	0.299435698406455	0.942502120421442	0.0622602497237021	-0.961861236913286	-0.746564422549966
NaN	-2.8768485942419	-0.590414700971231	-0.944013700860552	1.90148904510712	0.751235331726207
NaN	-1.19963821429053	-0.347454353252388	-0.920771938983934	0.864018823562003	1.94432255648268
NaN	-0.412954673395882	-0.0705610297370673	-0.564212596022076	-0.589874447227815	0.678490996640072
NaN	-0.393379490515581	-0.175103077282153	-0.39581670963222	0.31824570129296	0.986619962967124
NaN	0.090151497632611	-0.233306121742983	-0.06545681544921	-0.501427826299624	0.145273853741059
NaN	0.0875555217321516	-0.202706317703263	0.735790638652999	1.87506195000841	0.0992045960087506
NaN	0.212580676604809	1.39130094973464	2.22918047082853	2.33701033621356	0.72580015242838
NaN	0.483285912980438	1.48544339423217	1.37916753190589	1.75117703653805	1.43286791900294
NaN	0.406156530382966	0.441428441361756	0.937232150911666	0.312895263492784	1.36855547262643
NaN	0.716598411367134	-0.102655081833615	0.38230042430156	0.663213745534986	1.19470050269209
NaN	0.771394412322105	-1.78325767665372	-1.4123554129055	-0.871647632593006	0.805940514929981
NaN	0.514729125690233	-0.170934337198746	-0.576489184455226	-1.6761592941468	0.0158887785546316
NaN	0.424881569948721	-0.0280592548714485	-1.5118933662578	-1.63027576829094	0.303214288394643
NaN	0.491723577730364	-2.55464432867158	-1.37521011173961	-1.11434053123211	-0.899396581393121
NaN	0.660591402621599	-2.79428875046195	-0.398825313459683	-0.65217762228102	-1.35442301830339
NaN	0.489394919825597	-1.4021159764555	-0.593446958740883	-0.554550825054167	-1.21282297218541
NaN	1.5640018693897	-1.06431908763592	1.73403753367199	0.955928062869335	-0.501222738635531
NaN	3.46448062207511	0.963185368735086	2.6795927590558	2.75201581670932	2.53558442999008
NaN	-0.612155199176115	-1.29776550420125	-0.390000715529592	1.29285837814201	1.47655870980427
NaN	-0.935458155251132	-1.8631779189041	-2.7384224126371	-2.11334704547217	-1.25638334887291
NaN	0.923903762642901	-0.290637582924009	1.27706500741488	-1.74677922278309	-2.10328769951361
NaN	0.682008713530674	1.05476180770732	2.59745222718335	-1.46489212098319	-0.737198638523948
NaN	-1.30281164737646	-0.558168026101303	-1.17968046014806	-0.00835523706186393	-0.469608806385216
NaN	2.45661430473136	1.0153902454712	-0.0918297747796282	0.0637896537702386	-0.202669625775027
NaN	-1.59166066162012	-0.763702443236567	-1.00912838370391	0.518800943338215	-0.345051907409152
NaN	-1.75084242558463	-1.74350293384657	-1.43449521889092	0.677330725090465	-0.724008201127924
NaN	-0.628225850158443	-0.481620559427604	-1.3010248849183	0.963119855054239	-1.39395622959183
NaN	1.33771792051933	-0.511211535675812	-2.03396201942564	0.78832256328616	-1.17031560963124
NaN	3.79001045020655	-4.04990779612109	-5.82132298152012	1.68020731103473	-1.64087062358913
NaN	2.27959246483954	-3.92619631765043	-3.55016464396186	2.4273666751448	-1.76125830801057
NaN	0.422721357998373	-0.959396369217171	0.175257503397405	-1.8040692562999	-1.51465633602257
NaN	-4.73392910811731	3.24217732904457	3.68510280770193	1.14960970551961	-0.111713415862731
NaN	-3.25087034879611	3.42475488088918	4.63953256568047	2.43409296261355	1.0209795120603
NaN	-1.895295068723	4.15080789940661	4.43493506818345	2.03514489849168	2.40319455575234
NaN	-1.88445061355309	1.94540473869806	0.334151200551288	-0.00646372926333133	1.5573473050669
NaN	-1.73072701615073	0.842590999874774	0.433086777081088	1.14718563185849	2.16270720006176
NaN	-1.42854915609686	1.5524934648048	2.07308971076849	-0.519409660053512	0.748870723827067
NaN	-0.597854065960501	1.18833949519178	0.79695376321798	-1.60830076449249	-0.711489422445915
NaN	0.929954415408737	-0.214174185513976	-0.781905628112283	-1.70455564982207	-1.34489935928073
NaN	-1.71656477484175	1.55597084389836	2.5948087090565	2.01692962042818	0.765440540350652
NaN	0.173539293751979	1.90577870473065	3.32733890736721	1.61266266224374	1.92095498588081
NaN	-0.38785497044689	2.08299712372276	3.26358902978028	-1.44286848558303	1.12036975517392
NaN	-0.321020002141561	1.30218970451585	-1.10668863141418	-2.79540140295715	0.170468571794654
NaN	1.11124926342572	1.00246166180962	-2.24935313145928	0.775647840958341	0.313298703411312
NaN	-1.3243075787379	-0.55296191214075	-0.407382607579841	2.09859541329004	1.41646000416569
NaN	-0.526532829647039	-0.481768857870239	-0.351278962209387	0.997886578153442	1.31944871488054
NaN	-0.136841099537384	-0.1590448149125	-0.533794843522674	-1.69134916210552	-0.38291921013413
NaN	-0.122899906718491	-0.400566425590383	0.309669083346302	-2.00448387251271	-1.14215942608886
NaN	2.14097564955925	1.08619117746578	0.331947913825365	-0.277416422150589	-1.26603780311361
NaN	-0.184983753672452	0.516394818263061	1.85553224303914	1.04437983846261	-0.523600280736928
NaN	0.987101864464845	-0.0250519462141348	-0.350387552853951	-0.561146060372008	-0.466053131889993
NaN	-0.655455191992104	-1.02078447410769	-2.47649496805085	-2.35803383149911	-1.17531346949082
NaN	-0.482276706552576	-1.14501444889153	-0.734333461148518	-1.36813040380816	-0.855166346865546
NaN	0.0665125949562422	-0.663747752170065	0.296450006120681	0.241009674569792	-0.530986160137367
NaN	0.978818040034324	0.131295096497603	0.524517782816673	-1.47993901986123	-1.66902553655635
NaN	3.23513742462387	3.16684890212567	2.5557109925608	-3.0700772386002	-3.60589492362587
NaN	-1.49347910941602	-1.31170433807595	-2.76028638275548	-0.00305970416619296	-2.64686531017004
NaN	-1.26425160783072	-3.42255716094619	-3.23467071357876	0.909835974637181	-0.671862073633305
NaN	0.0838260560323478	-1.13418298717063	-0.934346916061555	0.067891618400728	-0.204164612647116
NaN	2.80639743188428	-1.3446104729206	-0.899787697761024	0.511719401186007	0.036081798543324
NaN	4.40453571690004	-5.34806685287898	-1.07854901670745	3.01289658841428	0.883537006272913
NaN	0.552112880981039	-2.91056691421678	-0.862414599831973	1.11760453899034	0.891858026455853
NaN	-3.91716376559622	2.72456925202962	-0.276697596130968	-1.78467187756182	-0.0364861113517062
NaN	-0.874131347988169	0.8465520151565	-0.628481947789619	1.94164608872006	0.984580477705451
NaN	-1.14970126881093	-0.191791870668568	0.353488407331261	1.86259453884987	2.11569029388648
NaN	-0.74882132071431	0.820632811273119	-0.234573046582292	-0.540644814022717	1.68729336655005
NaN	3.36264725070911	-2.05346043721047	-0.64932613056738	0.784334599949738	1.40594213059382
NaN	-1.47322380591163	-0.13560497187712	-0.0313931824783562	-1.22109371908119	-0.294782662499899
NaN	-2.52979509041889	1.84936852894527	0.217977601511339	-1.90191512019282	-0.733283988065215
NaN	3.11848413491051	-0.814077141552942	1.00770692210869	0.0944161190450456	0.787974964564569
NaN	1.62581980721902	-2.65807152940021	-0.0889160881453179	-0.208641364293733	0.578050985015474
NaN	-4.20396073745542	4.33424388613415	-0.0834334735850186	1.49543232875286	1.20029751180253
NaN	-1.56906519816302	2.71494997258687	0.293044054138155	-0.647926921233808	-0.0507028424830058
NaN	-0.268553983600522	2.13096493191051	0.43895238466152	-1.3366506439901	-1.02939550842506
NaN	3.8722252591559	-0.681853851097681	0.808028314978956	0.530543154605566	-1.39431468091316
NaN	0.125654630468983	-2.77525156038041	0.0968193179402998	-0.827979401196441	-1.17158533899572
NaN	-3.97683098079769	1.53242089268562	-0.346167582618945	-1.00587286118412	0.181124498774794
NaN	-0.895222152153831	1.665803042676	0.0962420695953774	-0.154697754370281	1.16766958557698
NaN	-0.393519185020075	0.263067019289497	0.0713323119840033	-0.0852398884951439	0.185631543347625
NaN	-0.66369638970742	-0.706452619029764	0.259577321005955	0.070843653492368	0.0196858385802883
NaN	-0.254972700286883	-0.114714550436435	0.276294563181754	-0.121106138989814	-0.0465734762608078
NaN	-0.124080137103972	-0.253286215861169	0.0859707905804548	0.224153069430985	0.242506955232459
NaN	-0.00188098277279349	-0.318759358789009	0.27212812940123	0.19383478116414	0.361141635270493
NaN	2.84432335163586	-1.53004352817419	0.143666025740046	0.40719803502972	-0.0625208115856641
NaN	-0.219457590694025	-0.664048690476497	0.326990089203999	0.351198244943974	-0.0426364215780539
NaN	-1.17951637691028	0.668827109918513	0.895031539115081	0.559793146615168	0.36264875140514
NaN	0.126955443656015	2.11937725445343	3.03904033138162	2.35467722656599	0.721429764783816
NaN	0.234570097946558	1.7880189013779	3.49068762031664	2.90719634496241	1.29574033914287
NaN	-0.0690497090223763	0.217026351177546	1.2585051784147	1.95073284247023	2.28042687494624
NaN	0.0804784866455835	-1.96708485317895	-3.42453296583497	-1.92006436379684	1.6649258706691
NaN	0.27900770283987	-1.32321126174531	-2.0398104186813	-2.16165712982643	-0.398814524836164
NaN	0.31232514327997	-0.848766984321448	-0.747509027922522	-0.597562321533476	-0.48195358623669
NaN	0.340390078782829	-0.998404845696836	-0.891220107423433	1.21068143742138	0.750885375852029
NaN	0.464994991710348	-0.752525069235602	0.0731797678949461	-0.279232157924192	-0.0504190720394904
NaN	0.376423746151588	0.829834100705812	-0.0954762478832865	-0.501323964813301	-0.716988321922254
NaN	0.254186920886121	1.52846306088789	0.0318215981375682	-0.106739638373636	-0.89155649809358
NaN	0.359149314347333	0.568308094820978	1.65951820720324	1.30562265316078	-0.604531194671925
NaN	0.366212303695656	0.116148708989807	-0.320742943183977	0.209565819825882	-0.323012338139873
NaN	0.375873804277071	-1.41508827495771	-2.7318250641753	-0.709878429197972	-0.442032150624937
NaN	0.308431330308232	-2.13249030115284	-1.04972865603128	-0.836736837969532	-0.666873348911828
NaN	0.350844654826041	-1.24498657047057	-0.615156233025105	-1.12709350513245	-0.293019344392975
NaN	0.253186776747132	-0.912570974620274	-0.667862620255699	0.892306749634184	0.06168436549729
NaN	0.237218649302195	-0.59292727333904	-0.526958235309601	0.624364324009431	-0.114668885400882
NaN	0.356976808999181	1.44098585033477	0.795684396261551	-1.33631793593552	-0.779538581783407
NaN	4.71331796802419	-2.74807331949795	1.8335894534115	0.618444844477677	1.44370878077551
NaN	3.95581512462936	-6.62935808444899	-1.20030075413448	0.521581329106065	2.75897410251635
NaN	1.28460010813622	-2.13207082387908	-1.52453566954976	0.360873758067104	1.97447231604955
NaN	-3.78062247801458	2.24175067181878	1.69312320335923	1.11445515037529	-0.569552673385397
NaN	-1.77287985774043	1.79795744179427	2.0588068834762	-0.0602539325619489	-1.97563337418586
NaN	-1.37176218988383	1.0098719647666	-1.08850794807658	-1.46175659962735	-1.75892293588038
NaN	-2.0446934191657	1.84859917047529	-1.69887345122008	-2.30860958494703	-1.85360625904191
NaN	-1.65155383147416	1.63616168487307	0.309368319422458	-0.477103850983129	-1.82678659012473
NaN	-1.14565980171398	1.24745090598871	-0.303126309841897	1.82042825384131	0.0169507175635065
NaN	-0.989717363077865	1.08961466097856	-0.638106173490146	1.23893000297578	0.751672906966765
NaN	-0.881972308476967	0.963205721193106	-0.108267935268764	0.267833935032154	0.499264702963796
NaN	-0.888274157268131	0.869022414479653	0.378425896877372	-1.13239908269009	-0.156095124771269
NaN	-0.68184032479574	0.736252925701883	1.4277559579761	-1.19770560732574	-1.27622810746087
NaN	-0.497440135694587	0.507407692174223	-0.462665088830473	-1.4145371669562	-1.64327197782627
NaN	-0.428748029931352	0.951253521560178	-0.478469578429007	-1.27968815175684	-1.50518578635125
NaN	4.10176421998444	3.29743421492278	0.259277844037423	1.2574170565623	0.680870659781493
NaN	3.64093391341356	3.38818213356259	0.756483821010045	-0.45331730324176	3.34816661986943
