NaN	0.0482786203784273	-1.18570046196411	-2.4385429422843	-1.45894404928266	-1.67696303569807	2.6581274624516	-2.2790704730706	-1.0282573521443	-0.771267871219669	-0.879094733279429
NaN	0.00380810982155175	0.217044626957956	-0.387949626259398	-1.49136035646965	1.64668301298219	2.59426028854147	1.41480105833717	-0.20711100720948	0.267964896326083	-0.711707714043314
NaN	1.7442365530573	0.413184744878989	0.320965520955342	0.194663161030278	1.05103851142425	2.49934531010936	1.88901316082549	1.47526718926408	0.906631364352034	2.10842864371413
NaN	2.00311841047493	0.103029020566333	0.140025260689859	-0.14017057060736	-2.13782057878638	2.06118822357139	0.457118731645414	0.977648437116835	0.698981122048269	0.827658934679124
NaN	-0.770908447801554	-0.764689378006958	-2.03537275273797	-0.360292629849222	-1.07937152190961	-2.37186640523816	0.374400899175394	-2.12274191842861	-0.386980220800473	0.711833124022904
NaN	-2.72145461698806	0.0847372978425703	-0.00637292608560264	1.764993118185	-0.255512161605234	-5.782259862089	0.0764654846125614	-1.16170018761165	-2.49581470466045	1.51834239583737
NaN	-2.05239608775427	0.878291505815853	-0.556833964989105	-1.47942890079834	-0.148366355633687	-2.34872390511914	0.936293105835014	2.83458073520627	-0.315406289263795	1.69198003152411
NaN	0.16593515793732	-1.51479873087608	2.34461464093514	-0.617850007321551	-0.185694174472033	-0.371042848934095	-1.86685166720638	0.0416360622267156	1.8781150957392	-1.09486011702569
NaN	1.21742632218198	0.0139458689236126	3.2697193608911	1.45934597590497	1.26925631524597	0.12889861687213	-2.22031983987366	0.925454284382588	3.16273460988662	-1.36318294210305
NaN	-0.426382014752169	4.64217447575289	1.78856240703116	2.79425561630537	-1.07143458613686	-1.04320500196028	-0.961691646165662	0.453739586483455	2.37943783677752	0.589848149108625
NaN	1.47762671747742	1.65423695704638	2.33035619572812	1.76935816781803	2.23892064943526	-2.04746475293662	1.28674279124003	-0.288720444862189	-0.150852096683031	2.34965067660579
NaN	-1.01294810614327	0.892333487023462	-1.52327938292028	-1.00679272749813	-1.15075591075215	-1.21398468557421	-1.07638186761889	-0.6284781416242	1.45425500122544	-1.10980409277329
NaN	-2.70619421787453	2.44012243061762	1.84743181637853	1.57303078232006	-0.621602975130233	0.216928916127287	-0.426431280613713	-1.17339501852132	0.870770270912187	-2.28160775678434
NaN	1.10946343394413	0.392904196712972	2.87168233749255	2.55611518984924	2.00727947959579	-0.116618715953706	-0.0572847626889872	1.44635139036813	-0.817014658025305	-4.00368491812198
NaN	-1.25435506927534	0.666133863266256	1.03113120576127	2.15440158638004	0.103315004109675	-0.263685355660291	2.67449644318142	-0.349904665703524	-1.04461904690283	-1.18628264517733
NaN	0.871994258573997	-1.2130683180677	-0.624431518664459	3.45588258863978	2.45453148475561	-0.093651329433494	2.02522744090256	0.383562355625492	-1.57875999066308	0.207950615198111
NaN	-0.453697437413154	-5.88745308194054	-2.05360678916824	-1.07582214215018	2.81329045967931	1.85636779646297	-1.67409430032778	-1.21788416909061	-2.90344615541319	-0.415447627063853
NaN	-0.727783876285092	0.994659420719386	-0.34981598316661	-2.97792361034611	1.89706467695318	1.49927722024543	2.5247141135302	-1.10787788270241	-2.2699898459288	-1.5993944430877
NaN	0.987236352039633	-0.995011730860293	1.72639964057017	-1.41649115759787	-1.25629640324689	-1.01240813025612	1.43370167813803	1.79904219920074	-0.515492444228377	-2.41861674993177
NaN	0.238148803122775	-0.41246703381199	-0.630195472896195	-2.35210570509762	-1.50569105035571	0.935790977609868	1.37411341838229	-0.791005145764345	1.07128175820893	-1.07884928569703
NaN	-0.245444842191147	-0.0813182806136008	-3.63559732949371	-1.60985683578599	-3.53455068975232	0.57123288276173	0.919876502897747	-0.707524817345175	0.808345378329284	-0.0812071341758377
NaN	2.37279337492864	-3.03694688429074	-2.00497963089457	-2.6785657962946	-0.951571916864997	2.49232813794143	-1.66997018117009	-1.14515645228727	0.775487324036049	-0.845578455263546
NaN	-1.16507721497599	-1.78807345531221	-1.26052831250602	-0.723475672605072	-0.167629588012392	1.76674049483657	0.0565656001800129	-0.40333699260763	-3.03928635120023	2.58603435338294
NaN	0.954818710540124	-0.794922153427973	-0.656926939024747	-0.926430922295879	-3.34672321531513	1.00127714292653	-1.06001450838352	0.904510048419853	-2.07816699957064	-0.366739467037612
NaN	1.557326712226	-2.4616320700336	1.49145456828559	0.343598670562234	2.62097238452621	-1.50354720539031	-3.66671298157756	1.58267740826847	-2.95494018790486	0.0485884101089169
NaN	0.409076166206411	-1.11924457426434	0.76008700573596	1.0489907787029	-0.00998584351767001	-2.16310727653634	-1.90805755121393	-0.771692771607273	-1.77580907009724	0.610979665830114
NaN	0.569764930715969	-0.301116097717459	-2.71480364070716	-2.33246240242902	-0.743028257039479	-0.902301631215852	-2.22171631654119	-2.63332135706793	-1.43404327981118	0.674695000750642
NaN	-0.480272752406005	0.440392866808741	-3.96648756421863	-1.11753793301353	-2.76650737044244	-0.187753727908812	2.33454709811515	0.265070601711241	-0.35015101826057	1.15604986196507
NaN	0.159421484968283	0.263289410988579	-1.69085456939555	-0.616928305415732	1.06330493195923	1.4328752082398	1.41381931860357	0.113004547453244	4.91706898175952	2.91511811760676
NaN	-0.261214738059761	-0.438564089828159	2.23859521422782	1.37538965006059	0.722825742313199	-0.424219632369146	0.837671384649811	1.0498045636548	2.3696844082466	1.45805040270256
NaN	0.133466017529506	-0.141785516809254	1.18583112403809	1.0777627048615	1.20233462332636	-0.669115357890946	-1.03683149798411	3.01338558670553	-0.552094580807418	-0.368657191991391
NaN	2.03884605194468	0.900904981663134	0.657240732427376	1.93836352825778	3.64072520739523	0.612948696628946	-2.12831659025269	1.77374829100027	-0.908638567109033	0.862728688310965
NaN	0.0123663371714131	0.1569707491062	-0.758125461194711	3.14581064789813	1.17195873269283	0.687249896762818	-3.90027526755636	1.09770619947529	-0.806244964373959	-0.425746052111986
NaN	2.74453285996006	3.19400077839309	0.35969364069309	2.57982940654303	1.06615102495592	3.10164635217703	0.352253099916103	-0.265345028120062	0.667046672558747	1.4932459572495
NaN	3.37480709694524	2.83919638327983	3.34376358380648	0.737061155072316	1.46224328230823	2.04388321375033	0.492182869131246	-0.395070100905784	2.0966209994021	0.707572382940307
NaN	0.65316784629329	1.79994847779733	0.907659748533664	-1.29273568909683	-1.1948030868668	-3.16935695628063	-1.41016089479199	0.359259380757923	-0.463815708171804	0.844310100777393
NaN	0.831010996396845	0.846152798848814	-0.585947273656839	-1.10840196351797	-0.961208599351972	-1.67775396945509	-1.61260539882962	0.967363391379676	-0.0400438185110511	-0.92038375775105
NaN	-1.81970686691274	-0.868266068990441	-1.30714384395964	-0.526530059038406	-1.70255056761464	1.91558220214092	1.1048658055705	-1.25004688424487	-0.701638514323702	-0.512654973917353
NaN	-2.82390409208834	0.24250062690065	-2.21583774037869	-2.48738162275443	-1.76489368182713	-0.584465087410605	0.0890289106092819	-2.67990308755406	-0.814904556364085	-0.454820718320607
NaN	0.170904592158801	3.18168941662123	2.58284309880806	3.14631947072816	1.80279889978475	-0.0331512200642117	3.25383091883239	0.186713449649531	-1.234185653283	1.75438716628916
NaN	-0.263917402593421	2.30345236443711	2.82544068699181	3.21190249605919	3.3918915122733	2.77983529207328	3.51888778031663	1.61751791586597	1.48902878766008	1.15484298031044
NaN	-1.8370934854756	-0.103879245628384	-0.294256781175989	1.63399799011894	-0.616017484629979	-0.809407243327929	-0.713148206310373	-0.710932310146457	0.2287087751983	0.668567037571698
NaN	-3.06179264691558	-1.49075193017138	-1.12470552520704	-2.54200600044362	-1.44293531057638	-3.85877468906347	0.655143374359115	-2.99285343333466	-1.06686869824122	-2.6203250110575
NaN	-2.76860575166326	1.84813067412776	-0.361191529791699	1.4275362668208	0.494586549506272	1.21673441143782	-1.07622435471877	-1.96610468562	0.0363822617642034	1.06799815919668
NaN	-2.04564563372256	4.29755633013155	-0.0139163807263026	-0.105779192190556	-1.39265967610514	2.9530566365988	1.43145117240637	-0.20189874034749	1.51468954166133	2.3615915533692
NaN	-1.08053348234887	0.922793438966251	0.680170678779715	-1.56496665451595	-1.03157036173062	0.267936781418326	1.50985064762716	-1.11102073350609	-0.680625068356291	2.51911429621788
NaN	2.35957986146177	0.288413030746152	0.841195082611493	-0.0648494303325326	1.19300438249283	-3.54101703081084	-1.96751530790426	0.11914777926853	-0.213232297445292	-1.17239104269868
NaN	1.56062471345315	-2.28713535594236	-0.862441404758066	-3.40206712133657	-1.23928150889907	-2.02110233318849	-0.156783684579572	2.37723224143439	2.01569880066834	-2.13549683923942
NaN	-0.95333354594234	-4.26840900926119	-2.47393700103067	-3.835559559966	1.49514582607172	-0.432675183766617	-0.351480976345337	0.792936988958313	1.90093071144207	-2.52833974606871
NaN	-1.84365421194496	-2.63989551208974	-1.93479697557668	-1.07406277709533	0.746704699819405	0.803372439293217	-2.86773875316377	-0.773172311146878	1.60392304295612	0.567432989493421
NaN	0.287442239490116	-1.62387113562691	0.497185519404153	-1.51349663598921	-1.63809682192496	3.04558414210459	0.96113968837804	-0.779137407990908	3.08576874413173	0.714757555985865
NaN	0.782688098071548	1.96666030232828	-0.36729638746601	0.901241374061502	-5.11661891021089	-0.942344602160831	2.35321555015954	1.69247612998458	3.36479490201065	-0.716901918411224
NaN	-0.0350442966943358	1.95291747462712	-0.480094234874376	-0.452189227502933	-2.64462218387904	0.285653359797263	1.11249945474741	0.320774029909805	3.46346038038602	0.446075786396009
NaN	-0.182528165868666	-3.03858885333256	0.104542768429255	-1.9373627921346	-1.23066801637777	-0.717198800168513	-1.43156791302131	-0.781478867918699	0.213614813615285	-1.33361902888029
NaN	-0.914450065271495	-1.93026304874979	0.0930961459167611	0.224485534215925	-1.25990073769372	1.09955440727939	-1.39362599942593	-1.66631592777609	0.0306540756819493	-0.519256595289833
NaN	0.686469881344906	-0.3623756638739	-0.406579817071661	-0.623598986698807	-1.37466604978618	-1.78087116263632	-1.13824060239275	-0.820603052272694	-0.491394989038308	-0.703837706029763
NaN	0.271529069095588	0.207836776130307	0.934225673621322	0.462689572336701	-1.13506258957815	-0.450633182398955	0.0732777644644894	0.290701572440301	1.31214020166474	0.868252014058515
NaN	-0.731678921984355	4.12793110048868	4.51447885577891	2.95717106331818	1.03983610014907	0.939194238554062	1.17133509936129	0.13642923240802	-2.89391662298865	-1.62030476300097
NaN	-0.116705236266676	-1.47742651453257	5.21753911798814	3.97099757971076	3.36158431880449	0.918650993167351	0.197595023601792	1.4514838672943	-3.74182096917641	-1.32868854850997
NaN	-0.343666976142048	-3.54888912090371	-0.941969412067503	-0.00431718078093468	0.28551593303496	-2.58767046741862	-0.748362354137267	-1.11824293102382	-6.74352527252956	-0.971541403896211
NaN	0.504987382451618	0.308709064591411	-2.36213993932816	-1.93957476825568	-1.72255108088971	-2.26185069892728	-0.113281261307375	1.96272781780318	-0.465521362518723	-1.41136720609708
NaN	1.48809116790304	0.898333569504606	-0.776069987452579	0.113332287851511	0.957084732658148	0.202533858484197	0.769456876875859	3.61089011714485	0.770840168978596	1.07584357148942
NaN	4.20143676212541	3.42712836220311	0.0648618643298378	0.227643733344561	2.36275999836993	-0.00962533750607295	0.718795186810391	2.37700877988487	0.160693549086975	-1.10247095172858
NaN	1.68003737212401	-0.425718393615409	0.655404074602406	0.332321850633529	2.57942271897918	-0.188479913821837	0.601973009730976	-2.22462679788581	-1.71598034167682	-0.899039696512833
NaN	2.41410849424672	1.75857900401779	0.88167439114852	0.112897363910962	2.53195626254141	1.84364056649835	0.0652671427102623	-0.588741028578403	-2.18279370893198	0.477826980820166
NaN	3.25847943123078	3.1236418694612	1.9907742732146	2.60794956802983	1.78198550579517	0.521217760672163	3.11202664849502	2.70951164403687	1.94209422489762	2.20399295679705
NaN	0.239227799050855	-2.71714443250486	-0.353662511847583	-1.60699398614282	0.342828690243745	-0.873429738665857	3.15467121533576	1.13110480348214	-0.269942117516447	1.16947071824752
NaN	-2.64078468287084	-1.31661282133069	-0.630495005694994	0.565599531084781	-1.74334395606867	1.53941165041373	3.38347710563559	0.87010548441882	-1.58744925133081	-0.633034071452847
NaN	-1.65960346925869	3.75825754755336	1.56154175292313	0.820862219415513	1.59898146616158	3.77799177304178	2.96327193819218	-0.449132800270569	-0.668911646127031	0.923055899883826
NaN	1.63011034148561	2.85474292109621	2.63497444790338	2.4265905155168	5.86122971634677	-0.689816305290658	-1.73145647546913	0.0692291405723776	-1.12709654449078	-0.0217512820968149
NaN	-1.10118942882956	0.233612995085388	0.114453450171618	1.5939549589965	-0.835901193388418	-3.48252325484252	-3.41501707505768	-2.11236500721826	-1.50501894144715	-1.97492834959515
NaN	-2.23932961203511	-5.08241515845888	-1.86027271501818	-1.74040158201704	-0.31372988805792	2.4033888150132	0.511982439848608	-0.931277201125067	1.4520567252316	2.86309673411032
NaN	-1.79309678982706	-6.17531177775593	-1.60514166385367	-1.56278324425096	-2.42082444085558	0.646282059889131	-1.67770541935972	0.792358421553979	0.606543611916435	0.334064638288242
NaN	-1.17357478342486	-1.8126197132531	-1.84406447363056	-1.64608850652555	-1.43383880951436	1.98919570886751	-0.484308620492289	2.20639630420907	1.29507630555653	-0.948303566079849
NaN	-0.964061055238414	-1.92614565731752	1.13369058143755	0.479253092182747	-1.1815669867712	1.0878832206973	-1.64886001593386	1.56431100276194	1.11932661404908	0.446635698018672
NaN	-1.89586248418675	-2.13245479618952	-0.959844262143084	0.579417246173922	-0.718703779017922	-2.38788300453835	-1.97838155534153	-2.12216829555106	-0.85663446465202	-1.23472764127065
NaN	-0.694881144362687	-2.45468378378929	-2.07635593114228	-0.294479951671303	-3.24692676706774	-0.947611667138721	-0.351699884785734	-1.40836761652921	-0.144244213847757	-2.0854350879897
NaN	-0.871311527607906	-0.639883614873503	-0.801435712116965	-1.37203874942623	-0.364680760735118	0.557343713132748	-2.43238355039907	-1.4629976451231	2.07608225318202	-2.05943049931139
NaN	-1.15402149328626	0.349053764021716	0.849992876755894	3.0164504258534	0.207795260008962	-0.388434995699657	-0.0897726668568201	-2.42304154090842	1.43281096453245	0.316434055470742
NaN	-0.183860509594841	2.09719510227582	0.792198872044069	2.44837410642191	1.67684280302027	0.931838931455997	-1.04564709826165	-1.93979677274723	4.17599065186649	1.82757617581366
NaN	-0.757515473320049	4.0795524945712	1.57735012458316	1.21327657789647	-0.30023540315504	0.26184620059796	0.2521766481177	-1.0049194253801	3.06814827821835	0.565421165176469
NaN	-0.0659168153896166	-0.300512329164474	-0.989853367333972	-0.664782621256567	-0.281709083730894	0.528175773832915	-0.650945092613702	0.425503515671982	0.408185406996567	1.25730392065336
NaN	0.175450789954658	-1.42572428213627	-1.68759998370529	-1.89236943221045	-0.309973447565048	-0.928555218968759	-0.0100374588223276	-0.506157885455513	-2.39328802740051	-1.26466221240896
NaN	0.593690514695259	1.50929691951203	0.881629706109041	0.492875358767615	-1.49547915909022	-0.314410094806167	3.6908846905544	1.21813914004498	-1.36061955193093	-0.188209846282053
NaN	0.065767933876096	6.60604115993889	-0.269130997727926	1.5225375376349	1.79677610236588	1.39205291846646	2.9146439742603	-0.665913596844056	3.8215949579391	5.31504697548813
NaN	0.672741774824262	0.732777520352383	3.58480073697158	1.00069502262245	5.70083458596723	0.114290491903707	-0.185654781648592	0.0111837798424555	0.688263480359782	1.07862869274029
NaN	-0.0221125791853659	-4.37739992035579	-2.02467725219365	-2.31347968839514	1.41230317685002	-0.159454800718793	-2.23639346903248	0.0669326892227449	-2.60923149366167	-1.27811427280658
NaN	0.408864050188085	-1.20527655935539	-2.29355282538303	-1.27123597887653	-2.03222334700936	-1.04447806256536	-3.35710226641508	-0.308314836069953	-4.89053287683147	-3.07407353328773
NaN	1.5772593692778	1.53101574833283	-1.6583356442312	-1.07926241952632	-1.66807558916492	0.61307562820214	-0.449029263353135	-1.15914842271249	-2.2376070023948	-1.36407726112517
NaN	4.92480655239163	2.55341631613487	0.18106963761698	0.208293075678457	1.92972472212671	0.178594014760635	0.00714763844446498	2.01971877071054	0.811997056978907	-1.0492844220968
NaN	3.65055889009775	-1.49477461658113	-0.530902401706306	-0.625641344403671	1.79565626591009	-0.792203900333609	0.575241839320938	-0.0396358184095373	-1.84262549855832	4.00568923512464
NaN	1.33976404871834	-0.857552600364472	-0.179036334139521	0.568509800447844	0.990270152909806	0.939768092773784	3.70466191158936	1.67060597642904	-1.46580709225876	2.02953285973439
NaN	-1.16317053908186	-0.380880906982473	-0.0736521966477965	3.05471037750485	-2.22218463495278	2.68682209376941	3.24005239466016	1.05554131575221	2.42240698665361	-1.22182676007894
NaN	-0.419795606101498	0.207467361568696	-0.235556303446109	1.47651662713771	-2.70845129890657	-0.178919545746318	0.898767306099777	0.127898768153351	2.26037945397498	0.105790029626264
NaN	1.26411710055181	1.22744225290878	0.345043291193946	-1.52851659194255	-2.0033759634563	-3.28457465565297	1.77635344887561	1.25746277496698	0.784751132779739	0.880349980076915
NaN	0.838837790275114	-1.28932542042482	0.660196592391172	-1.95389113414651	-2.41983529065939	1.3806703195612	0.837925374133383	-0.258612136555497	-2.01163461098825	-0.542850434542909
NaN	0.875464329603879	3.66789553660035	3.73349700958752	2.29816486279345	-0.0421882818385521	1.71084380300622	-0.703393696199775	0.727757653760955	-1.52132098117468	-1.00698213285468
NaN	0.904682939571779	4.47128016558233	2.36649383713484	4.16080973425633	1.15201066680368	-2.73472171569302	-2.15124663461082	-0.985274621872956	-0.739358571990621	-1.43297439680259
NaN	0.958441843716595	0.402548067218565	0.52356507092882	-0.468393717341911	0.845247146201404	-2.12510065181511	-2.87678783063606	-0.695013509375958	-0.628191204251815	-2.85418873405618
NaN	-1.2419096664035	-4.11282934809923	-0.184735177574594	0.0899223223532684	0.340584618561033	-0.437889545656489	-1.66154207445358	1.60484974260576	-0.10323559924929	-2.37497386512392
NaN	-2.36028014860929	-0.500663652253782	-1.94376573863477	0.680057527934715	0.248869800346971	0.111615981597323	0.146787425141928	1.80421740911135	0.404234225383257	0.410936901578474
NaN	-3.48671780858111	0.4893712963998	-1.23922336988109	0.304228718899902	-2.21693487490126	-1.61911370667744	1.34669175114097	-1.14471073252797	-0.537648366158559	1.46499346653819
NaN	0.589101317308665	1.14483218764939	-2.85702223816812	-3.95090808458393	-2.3670991602252	-1.31528496804931	0.561104854291609	-0.712518927038524	-0.612129325783339	2.63760229421615
NaN	3.69193472432553	2.81237698375165	0.0099557476260792	-3.76738084533875	3.33985912855474	-0.454674745781505	-0.720086319819864	1.90830317375913	2.43208373379413	3.96780301963928
NaN	0.205117186082982	3.32427296466226	2.22402597315681	-0.121857051547167	2.35441965620714	1.66507523823332	-1.85662036201668	1.44998184921904	2.63789310014346	2.66200340359044
NaN	-4.54947638948381	0.521565352844837	2.00266362427343	-1.57296838520982	-0.739064955079374	1.50820821072429	-1.37842864295816	-1.64030536130771	0.450760668644071	-2.46892608156288
NaN	-0.851125016645283	-4.98076848029588	-1.989565350248	-1.08989516238651	-2.93799943588232	0.524934422518241	0.227752994646016	-1.70606681402567	0.696576549001738	-2.02328205776664
NaN	-1.21125639734487	0.21624570419129	-2.0001358951512	1.1159161636232	-1.51350992796246	0.226903117714113	-0.104642605423076	-1.21025184111753	1.30979145477072	-2.67474852104713
NaN	-0.581478449212044	-0.759774024626079	-0.313672086318569	-1.02974003151185	0.211849953922542	0.594878567722939	-2.04550801068683	-0.943624846274261	-0.489282408059717	-0.392103107150745
NaN	-0.967127301083012	-4.01244999240483	-1.58881114345911	-2.09515754145322	-0.307573559792324	-2.38570530772459	-4.48886413271159	-1.64104392021206	-0.640651029385738	-1.94206371503166
NaN	-0.952118227445801	-0.792598224434429	-0.839741787159034	-2.23301376922915	0.0490898815727844	-0.0195511543145483	-0.744837344537177	-0.572060423313576	-0.556918922539887	-0.676119296789098
NaN	0.941639227391757	-0.112067893483902	0.643989568045404	-0.198668231576749	2.99687906700629	0.664774360678108	-0.313308592225016	0.632584396374379	-2.220712874308	2.11744579311473
NaN	3.07735317836072	-0.475670120097987	-0.643258848636217	-0.393381422497153	1.56237958542332	0.185895856183957	-2.81294978606244	1.58629854730256	-2.09063162805435	-1.09803175954431
NaN	-1.37947334626512	-1.78418908642217	1.64901532671398	-0.664910088502974	1.16378149155799	-0.0843744200211775	-1.2855396154392	-1.16770866352848	-1.44624229734412	-1.01960301017381
NaN	-0.994224590521311	-0.772476422476895	2.73515989362795	0.483460111583651	-2.71502491966369	-0.0146844593789415	-2.61284109422266	2.06931994512578	0.782145082551146	-3.44202083543542
NaN	-0.914495039509083	1.01714163309891	3.21660979194671	0.884747574577589	-0.859745762724884	-1.10838367515284	-0.408308762158736	1.35790499377921	0.864401929691434	0.594069924674672
NaN	-2.49659570355529	1.36682009536147	2.92205152803952	2.19660876845633	-0.814782060450227	0.708719664681128	-0.630925237462632	-2.31620901911473	-0.317692193450303	-1.1188473344311
NaN	-1.21373810370152	-2.5779989494881	-0.94815295175459	-1.02402527425937	0.788714977037284	0.899543549624232	-0.124417684710939	-2.4863393765633	-2.58013474141382	-0.959267943176491
NaN	0.00628584070091159	-1.35335839047245	-2.59665445326198	-0.227012047604534	-2.78165848175384	3.38803577634012	3.71845085217997	-0.264075907017514	-0.433764852750805	0.846108307271808
NaN	1.85542458221131	-0.229565929763067	-3.04665911993881	-1.81415002858573	-3.13870464660908	0.800090829034955	3.20679744016919	-0.0134203340976944	-0.48380715701868	0.0557090022635731
NaN	0.222417685174048	1.5705597567717	-1.39872697148414	0.775176188324518	-1.2286736340267	-3.07680242222374	0.640497844957588	-0.996737733599854	-0.940319993512336	3.15753288420943
NaN	1.52246560079839	-0.624473258252405	-1.214410357792	-1.02564480899464	-0.164233155892121	2.04626186658272	2.34837795488038	2.14411764419268	1.70759051859757	2.6173765139968
NaN	1.00058797305094	3.80895002455684	0.833142178470808	2.76418893546418	1.73281105751144	-0.993050331006663	2.39615123765953	0.698592576570912	0.387224447016097	-1.60942793886313
NaN	-0.852297986653811	2.2694511019451	2.2784259878749	5.6323978825663	2.06222533700664	1.58052122834163	3.65799914356399	-1.81732561128276	0.147358454443875	1.06348113425893
NaN	1.85173037256121	0.725229211326137	0.213255422546131	4.1440897714697	2.49824985047657	1.58284582934437	4.74554730600523	2.0579375179808	-0.0431928219664932	4.37057577755809
NaN	3.60815718883784	0.781481809895582	-0.144613553630845	0.209381188583668	2.71128478427982	0.69220878883498	1.98958242228422	1.85469525851689	0.594451514979553	1.67526663177766
NaN	0.582050105391674	-0.384424973383347	2.62326152285479	-2.61120203361748	0.236932751131099	2.22963433326886	0.154494886318225	0.777796467955805	0.494116953785277	0.501426808175308
NaN	-2.13264554941175	-2.09127045799796	1.83296188199077	-0.350675984298506	-0.719028302885992	0.0258151897849568	-2.84057844328698	-1.17408201334997	0.244060898429123	-0.309221275875188
NaN	-1.73425723695594	-0.490188247699167	0.755402363724855	-0.164470709411453	0.871519830333414	0.0392282066001528	-0.434246831255393	-0.230461240989992	4.22023236455928	0.946582025396525
NaN	-0.220822456612022	0.034369871841951	-2.83792310419802	2.3079472975211	0.0540281877277943	2.65547655687817	1.03565749280615	0.507098095710622	5.33632009681918	2.41192531354809
NaN	-0.70935038444265	-0.976830698435056	-2.90005849548416	0.862615570786658	-0.82186619821695	-1.29093174155773	-1.30255301732139	-1.03586634705573	1.06072103285145	3.15203790148206
NaN	-0.0483143158563094	-1.56311698778149	-1.92911772878309	-0.277683954974231	-2.59215266943947	-6.90891118541706	-2.18201720538952	-1.76698630249945	-4.74676693472161	-0.259447868374732
NaN	0.466725416244631	-0.563597868468303	2.68713718467197	0.450188756910523	2.41750859502521	-3.24851736875911	-0.572481439481938	1.61276373392022	-1.55344145061575	-1.92304869210517
NaN	0.0785247718633679	1.42085153415419	1.11583040119516	-1.07792708791023	0.244652866936492	-1.21748312641746	-1.49304357324653	0.937269701291989	-0.26563385843048	-3.25402850877426
NaN	1.86497259822845	1.45369244896599	-0.833053957329609	-2.31244932289262	-0.887745672876181	-1.56667605191467	1.0950499409852	-1.31463937445506	-1.23633852306408	-1.67680076119739
NaN	2.85077897008286	4.15242350567622	-0.194352696990108	0.510309077991422	2.89395030793046	-0.286595783758237	-0.938683145569418	0.693971022179163	-1.12388050304648	-3.1282233573541
NaN	2.960381490371	3.0187495701361	1.45719116167328	-0.628776865717911	4.11519257586664	-0.813627846394111	-0.328828694740015	1.32771794417914	-1.31651889476711	1.48331310717606
NaN	3.33258965268463	0.040068284781676	-0.0654558285147864	-1.06953513202639	3.10407930413595	1.25356299728167	-0.0482389696791206	1.69046972110285	1.59358475511614	2.28584177637307
NaN	1.32070279670433	-0.554489808876408	-0.570560186806946	1.76380295443824	0.968862446327271	-1.08720327155062	-0.293230807773839	-0.451506841975879	-2.41456307512558	-2.45029866038819
NaN	-0.239237239554587	-0.863789731097759	-1.06324021761672	-1.09795427682884	-0.571076952603511	-0.566745974552592	-1.70629019843453	-0.864483781313677	-0.985973550503928	-3.3008890254474
NaN	0.809623151834411	1.29678511603337	-0.225811746506084	0.681739771273676	-0.716438405853115	-0.335950871589042	1.74004552299188	-0.39662546184326	-1.26632849735817	0.414158173957214
NaN	0.626127619009895	0.00510598497901904	-0.69498994118659	-0.687780828763436	1.05677899691184	-0.237222962120586	3.41545984662282	1.17922792334439	-0.993716003412366	0.918467789338582
NaN	-0.496395773209267	-0.82007962649662	1.30528611938465	0.146291007634196	0.108436009639033	-0.221444504365936	3.57864890896569	-0.863022237628619	-0.131125369296945	0.596412927459764
NaN	-1.79890031440557	-2.41016352951516	0.352410427501587	-0.168121614717578	-3.42362903970558	0.175885357292017	2.83749478547675	1.10323523932444	0.666181684115447	0.116431444807662
NaN	-5.44439021261306	-1.40046809045924	-2.56146611599985	-1.2687073036061	-3.758254686137	-1.06399532236316	0.816178216435991	-1.35754587224	0.424926352401199	2.05778401931942
NaN	-3.51445323517758	-1.31568197747793	-1.95329451493904	-1.13798951988982	-2.75598602185961	1.15946584893072	-1.58914096475206	-0.468391532855625	1.1921437071159	1.46739333113571
NaN	-3.8655795135137	0.163346316876068	0.350076138293559	-0.582317395938689	-2.45002266627976	1.66416314204357	-1.92024556882975	-1.37569949721015	1.94267402375931	0.758522419395684
NaN	-2.9438269340041	-0.755882037987081	-1.27297896574713	-1.35282942509276	-2.51459486986017	-0.995854282199019	-2.063575620216	-0.698910045339722	-0.547790533810236	-1.42243265237192
NaN	-2.5893323182993	-1.05990040758132	-0.634044331059021	-1.10995166662927	0.405321656617797	1.08669731305319	-2.21460143348203	-0.968607666627342	0.00306469390983038	-2.09346054245227
NaN	4.34699554603903	0.381705839164708	2.50652064429558	1.56237001393763	0.590153152898415	-0.131881021452588	-1.73875303981531	2.73045506685744	0.683567370886998	-1.56867155623557
NaN	2.94632004246693	2.29093852280764	3.94850590430612	1.96829263082292	4.0065605195087	1.48322292692085	0.525257314361769	1.13856154982051	1.33497936241541	0.589624566644087
NaN	1.51928844913093	1.41270496578373	1.59787585540424	1.03309067066407	2.29130565724783	0.653588420658798	-1.91973460872824	0.793831114047612	0.791396260658868	-1.14729212163109
NaN	0.356617431218252	2.45450436458752	1.87993196349385	2.49396280697341	1.98154721080378	2.74076044703767	-1.77798097880597	-1.4448698465581	3.44997976729796	-0.793693956580979
NaN	0.681951948538855	0.235673608955667	2.92711999500347	2.9779147559122	1.14524845254684	2.44349010059638	-1.18999763514829	0.289912194235138	2.77322660458637	-1.44907620789668
NaN	-3.63489603580765	-4.8041059873423	1.86935576110761	-0.347912524502267	0.199931054323479	1.64022467376699	2.41508996462416	0.218358500143785	0.321291873463454	-0.437424531569129
NaN	-0.515420174650314	1.73721317491402	-2.7604630646875	-0.448687799125745	-1.77445255906925	1.85962157673394	3.97740774068315	3.870935017366	1.79730970019443	-0.193763931569789
NaN	1.12739389773942	2.00576863553193	-1.76167977671471	0.967779318787366	-0.838172646138378	-1.7878670011067	0.623732163092843	0.0333888802924724	-0.697060349835431	-0.439686180579326
NaN	2.36423234221652	-2.05368450911843	1.00368002458474	0.343426375624731	0.0788323034429024	-0.971499895374963	-2.73931971685465	0.438770455586039	-1.86473259042857	-0.500902935586578
NaN	0.197819711460189	-2.57977440994164	2.66416956348661	4.81008811269772	0.547058929089694	4.18508967347439	-0.924905558398775	2.47489973461135	0.859301165902315	0.742857048774385
NaN	-2.3633258908614	-2.89110972222443	0.254275355199932	-0.0316309316730914	-0.12299463557616	2.40892661939162	0.758151665352779	1.43568178155638	1.35505502010184	2.25610609614923
NaN	-4.65656483848118	0.380849051072976	-2.29956515841988	-1.9115384072964	-1.05309598681625	2.19230015390979	0.48081661747004	-0.624561433684911	1.09632224896632	0.668551621353993
NaN	-2.26567596403987	-1.63345888013091	-2.00007674768289	-3.32741456450231	-1.87963258300518	1.57635453448358	2.1937718929285	-4.26385807399269	1.08671927026642	1.00688372678651
NaN	-1.83958085369327	-2.31599436960213	2.2230823170034	1.49728434020624	-2.04601625975145	-3.30897427969348	-0.161236402921073	-2.09605413795853	-2.15444000044603	-0.364604280950193
NaN	-1.48513990719643	-1.32343066731277	1.2326391708432	0.843448061746286	-0.99538539239877	-1.84808804001375	-0.770099915533251	-1.45394463347139	-3.51840160100454	0.648026868106766
NaN	0.85635990162656	1.44944098457351	2.49534558214809	-1.13571318889078	-0.899721762419688	-0.61214610321905	-0.533778570744088	-0.877637015737802	-3.83328859433062	-1.33335976003348
NaN	0.309526894001742	-0.196992119477287	0.126392386771467	-1.88738194155431	-0.890271794837149	0.39286509915242	-1.22409307778372	-1.03137809002787	-0.821136673637615	-0.190299177898554
NaN	0.00558976641719056	2.85745243419841	-1.97501414466251	-0.0617866494794369	-2.91656018665526	-3.1704634662988	-0.664813359485956	-0.970486583325605	-1.73087197612306	1.89262800934308
NaN	0.962279409544248	0.666677914226722	-1.02436882250991	-1.17387838282699	-3.11014054973027	-0.75744951879654	-1.26375895515304	-0.150902393036625	-1.74967802031186	-0.906746383709588
NaN	-0.527662275803426	-0.559968917529267	-4.49488195653656	-2.10200210795254	-0.502095306291914	-0.979056342268121	0.251029929593513	-2.38458757513538	1.59469763744183	1.82155800810995
NaN	1.57867388951825	3.87521988205181	-0.440793476938649	0.816271556881422	1.91913275386783	-1.55062879343902	-0.834130983411824	-0.614528847399415	-0.245825961009324	-1.60982054990935
NaN	4.39718500263899	1.03520764491259	-1.2495159796166	-2.42814789349228	1.92790429238548	-0.195883207541891	0.163476471549151	2.72962710579839	-3.04803647660876	-0.541171099003798
NaN	0.863633381008835	-2.12019487807173	1.3700189729121	1.3640600257372	2.44676701249346	-0.212671013997851	1.81778035134299	0.414625726969593	-1.56548274581951	-0.588485264334832
NaN	-0.416703503804159	0.865116033953169	-0.664047594067763	-0.475924469812992	1.95628171813131	2.49694206746044	2.75197602365171	0.988353160517863	0.109578957429209	3.4130542115361
NaN	0.68387483787686	4.46839153728268	-1.83446142727306	-0.382043913699119	2.50014717177641	2.48027212418697	0.339781868542488	2.1704823611775	1.81109001118403	1.99091767747296
NaN	0.434675767731326	0.271305099915374	0.20111306383236	-1.04378643993665	0.0417684080789645	2.37497555521311	-0.681907060708659	-1.21328921390068	1.19092794624754	-1.25435248554142
NaN	-0.802972304193653	2.01450019601584	2.20650741665955	0.470718161584599	-1.79544207379466	1.60292118204249	1.60037323742303	0.0856027404402862	2.08890406488808	0.929361597520741
NaN	2.45038477921002	2.34499093691874	0.466823460149133	-0.282114995253723	-1.35694153365853	-1.72003945324968	-0.368087277380992	0.583238836564637	1.41173436279076	-0.520100529826496
NaN	0.652865164096886	1.290260776045	2.15249506674049	0.977643040244116	-0.339932940743986	-3.5660464694736	-0.741636653295453	1.17477198349536	-0.0174483552757876	-0.860694013776851
NaN	1.26944437736135	-2.45679210945499	0.745260613984434	0.787327122406731	0.19222763206237	0.770903357122348	-1.00863886586791	1.51758456763203	1.18941546927548	0.584559148443941
NaN	1.04619448512862	-2.95379825292851	-2.61292038617097	3.25356699127691	1.38998979856336	-3.00962291727139	-2.0250253829924	-0.894943147417307	-3.50777967917796	0.3979363406614
NaN	-0.188232086973311	1.34880562150887	-0.841549484624992	1.00578938426336	-0.64419771619203	1.45392326319849	0.188996284852923	-0.613364864750537	-1.08217810004947	0.452066185810085
NaN	3.62053144010698	0.0743253302927618	2.28403565551859	-0.51764581668206	-0.351018357366692	0.414057831080333	1.07451053966451	-0.985294579600718	2.94727978461886	0.429749916052076
NaN	4.90158220269299	-2.84014296035624	-1.34383669327616	-2.4625142958068	0.669472076002779	-4.3017231539626	0.910427881927286	2.56557167463188	-0.145300846505745	-0.834496964147778
NaN	-0.00860714346287472	1.58005259305583	-3.15042586640117	-2.598475212554	-0.649729939902977	-2.75056254737991	1.88803279054375	-1.12921295725523	-3.03274454683388	-0.507929077845157
NaN	2.53480973070125	3.81099380314563	3.5159434335479	1.43219058712924	3.36610046715946	-1.81957124672303	-2.00273159109001	-0.65512291708623	-3.00392152885086	-1.75387134747452
NaN	2.48504482257711	0.671674479314535	-0.205135082963267	2.36085783533518	3.1886021702062	-2.96694985503886	-1.94986278220322	0.156782487345847	-1.23749332921307	-1.93175839271558
NaN	2.30079955921912	-0.978558153623285	-3.45727169423736	-1.50759836520026	0.0525962370659785	0.0322880161096349	-3.3789456573584	-0.297173427997737	-0.542275526290597	-4.23444057625426
NaN	0.0905165141294676	-2.58587668963704	0.0357144167812656	-0.0877250350772438	-1.1658933552004	0.106058134382968	-1.85388725728609	-0.479573957983958	-0.746077894341468	-2.79351912624826
NaN	1.66202938401741	-1.72446955343119	2.2681311612059	0.0386898234881783	1.95237814135462	1.299842684234	0.370772178269442	-0.0417488972827738	0.212042128084408	0.0575752115084708
NaN	0.355357602087086	-1.75008057352551	2.74276381396028	0.233008414525101	2.28847637069377	1.88792823131411	0.767882949262349	1.3014319109828	1.82159237320452	1.9210609998824
NaN	-4.14858205148919	-4.38363693570791	-0.224221213217651	-0.813095888446278	-0.807548042877384	-1.45178502904473	0.12571549394283	-0.524952561445983	0.258028727496113	-1.3413930971998
NaN	-4.25133119794491	1.28565789347162	-0.592973463898392	0.196177919586164	-2.80184755052059	-1.08647402178435	-1.39477184420372	-1.5531034292152	-0.651942664094494	-1.21453978334588
NaN	-2.67743414961406	-2.10376212264664	-0.192853443837194	2.19076951980623	1.30741421922575	3.44384398614263	1.00822778446563	0.787299256652343	0.647586423146143	0.993028762992973
NaN	-4.11394546732995	-3.5254924960621	-3.10527137121606	-0.0816673589562225	0.488150605090612	1.48834719571005	1.76452329146196	-2.62485730938882	1.18090112168891	1.72381915685316
NaN	-2.48321913986286	0.43994281416781	-2.34961925139413	-4.68131782640493	-1.64254980418372	-0.511006755468536	3.08459448096263	-0.769423214153867	2.97868750753898	0.299206632444892
NaN	-1.04722737497894	0.163986622177628	-0.127325267675741	-3.75024551469068	-0.916497646461831	3.76607070118942	3.04233924540674	1.71432633847731	5.26292655672484	2.31100092080481
NaN	-2.23213890475691	-1.03627981401625	-0.0488033031796036	-0.612693675569108	-1.1292305955414	-0.112053018431403	0.254624572914415	1.48444866451909	1.15309166906816	0.434378965138965
NaN	-0.773941998675644	-0.233910729981938	-0.268753671703407	-1.41015761308058	-1.99904497164536	-3.07980407326321	-1.55817892029279	-0.29768333564818	-3.63450912722123	-0.402713063209444
NaN	-0.743345510075128	2.77417142430403	-3.26155682021956	0.892993658666154	-0.160186821093911	-0.887768971855234	0.523780088621945	-2.20673751499907	0.102858077212252	1.56690023182973
NaN	-1.06526155787214	0.388516608035113	1.48478259435956	1.80084437409266	0.772278665250665	-0.303507385280838	-1.61331426158598	-0.0866509096460496	2.38337572138496	2.50492960749114
