NaN	-1.84371380689788	-1.08164161968832	-1.74124375120957	-2.44904505722465	-1.53819611982512	-0.0749775465656232	-1.1084338639354	-1.83229782983313	-1.1697657444867	-2.08563651070831
NaN	2.9973615761107	1.0102864702928	-0.330145305880607	2.84731845555246	0.907421237518534	-1.31522405846119	-0.416997794546169	1.6399334965583	1.28560464589566	3.45319699625041
NaN	2.7676296107779	3.73500635925506	3.36741941123087	1.34364758055091	2.75986154428552	0.484935377655533	0.22225459998644	2.97579197936804	0.880632558766446	1.33209142566719
NaN	-1.69929355536122	-0.217617466149834	1.04907229607603	3.05144840303519	0.476757952899814	-0.454563870230087	-0.944906216029399	-0.655930706639229	-2.71528884716338	2.26295372186607
NaN	-2.03669652790083	-3.74916265170338	-1.18262757066456	0.862710861542309	-1.58164926384944	-0.984117673905803	1.51676758888517	-3.42923231389253	-1.58261574800132	-0.839675150385718
NaN	0.263886912353136	1.13734208275544	2.4881268260674	0.580125036046109	1.99649252418671	2.24089002966019	-0.283452575895812	-0.089402061357472	1.14442838104388	-0.270397391773441
NaN	-0.515028439281568	1.07257242411062	-0.838913601136037	-2.26296748302828	-1.61110645338005	4.02301721493478	1.92127490442008	1.50442928422189	1.44981173873649	0.987508258292949
NaN	-0.431735054347945	-1.40256179536077	-4.32034317553928	-3.69876565334552	-1.57822902835383	-0.622051181721361	0.749366716606491	-1.27778629642431	-0.484926455308261	-1.61522722077111
NaN	3.24904745971983	-0.418592220315537	-0.380129892626945	-1.68576708121716	1.01609844944346	1.39930878840558	0.527102509644557	0.344804461096896	-0.74286338587815	-3.19702726668297
NaN	-1.32486694805353	0.891295153905297	-1.10299725386023	-1.90213073154422	0.319384686514948	3.57417693214654	2.96887362130678	-0.135047280618591	3.38132769733083	2.18070777310255
NaN	-2.16046973634509	-0.804057731475517	2.34082110560037	-0.499243302392741	0.195694317662619	-3.64902896655177	0.0845860758545102	-0.341290250491037	2.67345496252863	-0.138669511108849
NaN	-1.51816678986993	-1.95903377869654	1.11339017339866	-0.188529353760382	-0.708452074963466	-5.92059246481142	-2.3248782885486	-0.501224854871254	0.301716543882172	-4.10607557286742
NaN	-1.43539525308769	-1.86138843044614	-2.21212858415335	-1.74914299622218	-3.70899681836058	-0.619733270639382	-2.02544148369749	-1.05788405664501	-4.88673822015269	-2.47800769321567
NaN	0.333320625708962	-0.179233139747524	-1.26208502048722	-0.404131606887387	1.85513059619322	1.6854104111002	1.31927936428425	-0.269295617551747	-1.46544391440961	3.28656365655654
NaN	0.934256611833458	0.857402974474705	0.174186109597385	1.627515903848	2.12276969202278	-0.10935671710842	2.83546538068823	1.00919782532723	0.787603681884665	1.80867733808876
NaN	-0.926563229012966	0.35172683703265	1.54873808574331	0.992204265158319	-0.923924785031278	0.347083191765163	-0.885051800616681	1.7956901851036	0.578598095113974	-2.76602546566038
NaN	-0.0314424537932421	1.53552343117102	0.780605772602064	0.174024591359516	0.847520576234317	1.71417410405444	1.37807096120613	2.91804521661069	3.1624124539881	-0.500295066752941
NaN	0.0435173923775036	1.42825203886609	-0.85697652185729	1.1029474616564	1.03683077702794	-1.33153963071512	-3.50837341524191	-1.83964572809601	0.0973311353901359	-1.39012080122537
NaN	-1.03496587038464	-2.31058760018779	1.39261373819248	0.720009519819669	0.826790224035083	-2.18543575416929	-2.40719330821656	-2.65610176193901	-2.00969849999857	0.8646409972947
NaN	-0.190553605321845	-1.48714149633	-1.28571544793719	2.88552352606674	0.217464246687943	3.48065238831971	-1.27664419839356	0.682960483659684	-0.0117380268218493	3.4024795037599
NaN	1.31924326260765	-0.205783193728735	0.0873802008313702	0.656629182165429	-1.72441669071173	2.75011935392079	0.935934031868633	2.41152769951992	1.73690573555329	1.05995176817981
NaN	3.29469403697526	2.71936267690375	0.243849633730149	3.05056213498147	0.589466070704861	-1.60398441571907	1.63886900553657	0.0398982938354244	-1.75635352643356	-2.08558275673887
NaN	1.27869538258522	-1.2068094410902	-0.248478212963147	2.17610503002925	-2.53865509899796	-3.79191112519266	-1.67917665600194	2.08469884354958	-1.35810995088167	-2.43977856220526
NaN	-0.497075653139995	-0.865091379198849	3.26059410515385	0.862205476731064	0.789203842383494	1.12109572838508	-0.0263777415687256	1.98791754380657	1.65203081463864	1.7183983788831
NaN	-0.15438464221108	2.26716299987335	0.316663327658989	-0.5192939403239	0.40051894874857	-0.155292147273227	-1.34766134890941	1.12860852363626	-0.270726595075255	-0.492784728792241
NaN	-1.67472021540963	4.12458657744827	-0.19198725405227	-1.5352306453633	-1.45896015122599	-4.46083949069289	-1.70523903797351	-0.938495459513007	-1.55959211119739	-3.07475594485254
NaN	0.0380400393870866	2.41654995294679	-0.51926862983221	-0.955840632782878	-3.02093539757719	-0.468757454727955	-2.19456785431433	-3.58635079269476	-0.479545245275415	-1.24300397741167
NaN	0.237391743793058	1.67912564107175	1.13723846006034	0.919194048295675	-0.178563516931118	0.676830406470031	0.188676296209635	-2.57619300152045	-1.56024104449566	0.827754996386767
NaN	-0.00102614483328206	0.905539395567454	-1.16738514425126	-1.90417763274904	-2.49825697565034	1.53784299684736	2.1142179381444	1.66080766119686	-0.0993087563447005	1.3396973118253
NaN	2.78392206365984	-2.49205513717089	-2.21659696002517	-5.27616319142525	-1.86480702448215	1.2860966089241	1.24670435026111	2.77490130450678	2.20931873528557	0.561918894522858
NaN	2.07717778972115	0.0148107045075242	-1.00726316081997	-1.94408410232794	1.08835178572924	0.968485895394773	-0.613412293467104	-2.08822876271377	3.36374502142623	-0.0183076831083442
NaN	-2.3366561832151	-3.09856108884479	-1.20550769337591	-0.794282337516189	-2.52499902727541	-2.02455691234685	-1.34683493156459	-1.47872517807858	0.537764082456368	-0.53975542908068
NaN	-0.0592347834877894	-2.151985979632	-1.76778972274398	-1.31321581020748	-1.15430558986067	-1.18456166945683	0.329235123567225	-0.0246039315331421	0.031963049541151	2.39228708314537
NaN	-0.373661668454767	-2.81887126720458	0.0130418191590438	-1.03166672102169	1.06751664168191	2.40707556641467	2.91301300093395	0.341484210641636	2.29075201404035	2.84633481414561
NaN	-0.0153649791979049	-1.58150923878095	0.83830735831265	-1.85300898850836	1.00328144384541	4.62193802671263	2.2791477333506	2.36691148430267	1.39518937317253	0.45739455994982
NaN	-0.872078177818044	-0.769972070297623	0.466777484725739	0.274233582993474	-0.294275040254513	-1.97035740441892	2.60801793622159	-1.59563149205872	-3.78673676273876	-3.52142922972363
NaN	-1.08651430777208	0.430681979037157	-0.900259981932422	2.73502402495546	2.24652768543051	-3.73606568712926	1.04712541384021	-0.98847072588253	-1.99454533460068	-2.07521634368543
NaN	2.45450830487074	0.657995135486442	0.326085305057216	-0.728637563324953	4.84708546730837	0.525276301383021	-0.104137638158292	-1.52657503429583	-1.00758060590761	1.22347901146803
NaN	2.43696006480876	0.436671867486809	0.894393009343265	-0.000326802123675834	1.35399607239326	0.346130381067741	-0.975365680700265	-0.266566025397774	-1.88381624263006	-1.54471623284267
NaN	-0.914149587029623	-0.518715353748777	-0.932778870231728	0.867823677536702	-0.00888991672093575	0.67991900083336	-3.15642035400315	-2.19820005849029	-2.02888329318563	0.413524273295743
NaN	-0.412244272582038	-1.23782399366407	-0.494849942252476	0.236174148324523	2.85150184081871	0.527434449157181	-2.78983597727026	-2.49521566307134	0.0880490556281068	1.64385704476596
NaN	-0.946062781497707	0.821738439912276	3.0789898918584	0.0834270710286031	2.28744337260992	-0.0669280701414449	0.0363266437195691	-0.544598886632633	-1.01044792248546	-1.62808445763834
NaN	0.59068460788007	-0.451695173441824	4.02634887418166	4.3633879296335	2.2784560483174	0.349553223850466	0.99148551506049	1.49326650219002	2.04597953487267	2.20713976093757
NaN	0.423049189789445	0.778151804115149	-1.19154933912706	1.47696124700255	0.833988937050837	-0.908510344416513	1.21421440112198	0.394639840907848	0.890618156796692	2.89046286207438
NaN	-0.0302068444698658	1.4525112499453	-1.07307788599769	-1.02770654101889	-0.112940926595949	0.17167104816273	0.202970864882267	-0.88930560058349	2.17914563811974	0.235453541671045
NaN	0.5093995901999	2.63889171239613	-0.13591541583353	-2.87951567459142	-2.13956096607611	2.20291380554135	1.13246690210241	-0.293040254514751	1.81815577174604	-1.46494384245994
NaN	-1.41718594873999	2.95924894472235	2.05027286218362	1.49339684570225	1.0294047608783	1.64292754928515	-1.55014876362885	1.32499903965848	0.727832719949913	-1.61647767552359
NaN	-2.44493875900818	0.627484665546048	0.256860276787302	2.56001385341465	1.40426635072812	-0.0828702038732247	-2.27534866269986	2.09299324133649	-1.75085659061943	-0.72528894032677
NaN	0.987662021141058	-2.89924788953515	0.550972434657061	-0.515945438779743	-0.436072655321847	-1.8060629381262	0.613344660256299	0.91758778730859	-4.15608653652118	1.47731291444891
NaN	-0.503149480180742	1.11084655009321	-0.471512075759817	1.09779105269544	-0.581225035899797	0.15530950563013	2.8245010053488	-1.36388221877789	-2.31174748531323	0.666715696716281
NaN	-2.51363164561967	-0.952865790290929	-1.91422775685555	-1.04607425434141	-3.45995296011235	0.475749266918507	-0.809360909068943	-2.15913027451103	-2.8102464489043	-3.27267629772542
NaN	-2.80569260513537	-3.04437060345256	-0.725070367470828	-0.523358281894302	-1.5361087852337	-1.51231183705653	-3.0448225031046	-1.54505881333665	-2.27661822174799	-2.91981914623516
NaN	-1.69814147258479	-0.612835822112199	-1.43358247162045	-1.04215718065805	2.50066929771918	1.27838777352109	0.855119994037319	-0.129845899889407	1.10543637790775	3.28181718066131
NaN	0.536664086072823	1.00608284436231	1.4662714214278	2.63216777381492	2.35081005983659	-0.611012794655803	1.40788731406281	1.35302882133649	0.21445617405879	1.19935362845381
NaN	-1.01136985311596	0.668175240363953	2.31658424975541	2.83563871806438	-0.742709943842485	-0.303251457794743	-2.26199788129207	-0.213361444925145	-1.12007144646346	-2.86653461323077
NaN	-1.79149775736728	-1.97882161443456	-0.664868526561783	-0.135668959266655	-4.19677652332251	-0.273742339984056	-1.21007097732374	-1.14118492139314	0.122359322399033	-1.59271191903059
NaN	0.592168681235017	-0.854273120682634	-2.87604730154745	-3.4774160685359	-2.55710388610984	0.0555433640050052	0.682276139163553	0.471618660441926	-0.0509387962118028	0.895840787394008
NaN	0.745978783494913	-0.970402927016537	-0.200980041980181	-0.254747391166996	-1.08441049174265	-0.838365063464532	-0.103955057867695	0.63703595034011	2.72413800311356	1.77200876598629
NaN	0.584913401815309	0.293995463692199	-1.79420445834382	-0.0646636539341604	-2.79059809262121	1.9245642620545	-0.243317518701086	2.82576555033577	4.78541573298867	0.936102673768187
NaN	1.18917767646442	-1.09748001696146	2.43388004522752	-0.457356403401367	0.0326618392413117	4.99785595016062	3.53176662196272	4.76683197694272	4.67053369052617	3.12411023710932
NaN	0.221625725965747	-0.019591304754486	-0.628835127716193	0.650468831142383	-0.829273120759546	1.83115856189044	-0.161437013049957	-0.109079787661827	2.43738110862432	0.46390941885217
NaN	-0.897331293875492	1.04504088512077	-2.59666927881035	-0.794891901601805	0.461356742818537	-4.50483769517104	-1.29891200808088	-3.25712454428735	0.749031916129874	-0.0216397284899109
NaN	0.530920049953651	2.54134088380012	-0.376987542168929	0.514914043167249	2.35331767287604	-2.1367617042491	2.02087152115446	-1.80680078587447	-2.66074544473976	1.75390754918108
NaN	1.24783149046451	-0.124484940788552	0.843105255906278	-0.418300619119978	-2.08516493390864	2.63732489499964	1.46469554305387	0.627385970580091	2.59872598977371	3.0078787564293
NaN	0.994719251488404	-0.149690108965186	-0.0649266415431225	0.657045374933634	-1.20579535934596	-1.59747259377457	-0.99219757268663	-0.700894756980215	-0.155724836623641	-1.90436585119231
NaN	1.44109643061631	5.31371271487716	1.30590975859236	0.725185093288082	0.26724104846274	-1.07795685251961	1.26554631894691	2.30343795836913	-1.41874614592078	-2.46217867518365
NaN	0.262566398735531	4.04780390214196	2.09426408582389	4.11878169302298	3.07974330445799	1.7060248816993	1.13558782862753	1.45494962244973	-0.458504797741322	0.857938815635528
NaN	0.6307422541039	2.65546563236975	1.69563928279497	2.27733019428978	1.54086343400694	1.0061792485717	-0.128713611136731	2.38937724561337	0.807383808422869	-1.01884459861102
NaN	-0.354217553154753	-1.14702167838495	-0.925569063624185	-0.994881292730422	-0.559770098202907	-1.44594031270706	1.84576330802502	1.27617163252793	1.07430969205678	0.385403897790967
NaN	2.12071176287335	-3.27262674474991	1.24120401799561	-0.121482548565292	4.47372042112599	1.63533114465577	2.06547993833997	3.48242302310366	-0.382368359857103	2.71997904807698
NaN	-1.11032790018302	-2.28185095243545	-0.579644747285209	2.41927197206415	3.90408627597621	1.03981908258433	0.880356707798535	1.20305853634076	-3.19214253870564	2.65348393948396
NaN	0.203741786107853	-2.67927732622784	-2.99721429078712	-1.54694368493524	-3.39445348790487	-2.31827878662431	-2.41521347905084	-1.8016988446107	-2.73640230315894	-4.55218343232732
NaN	-1.86310599361378	-0.814119641419261	-1.99912915198883	-4.9747824956614	-2.20322008229226	-1.52627109620089	-2.31779281224805	-4.57837129634007	-1.76814626559818	-3.004386537462
NaN	2.39672155793453	0.70854437220182	-0.296431495853071	-1.21049148562915	-0.517676637010896	1.30759718462723	1.48920270337562	2.55765644655572	1.70972902300356	-0.227035422797747
NaN	1.7199664318978	0.943729402388055	0.0645077224271562	-1.03248162186758	-0.464590685891094	-0.749075009973852	1.26030588243308	0.914258039869508	0.0701647253274065	-1.0225292188847
NaN	0.273268389833039	3.05541958617018	4.23447046449867	0.436906363021499	-0.228819139324882	-0.417700159845701	-0.703193200093413	-0.244386155181871	-1.066250475122	-0.423180534088748
NaN	0.115609006396049	0.121746907408118	3.98850996707943	2.78925359230963	1.60022685661423	-0.952016177655548	-1.91133739613831	1.86115257919731	-0.133183425396032	0.91935815919917
NaN	2.38631616153951	0.175014453721096	0.523162818955126	1.57003579582811	1.92939062819985	-0.755942215382619	-0.0575275624495157	2.01060044282693	2.10628547764613	4.16350018940988
NaN	4.75053533910914	-2.92673875545452	-0.0378006136538949	-3.03337137992092	1.62877019714197	-0.35337933865158	-0.0852079335998863	-0.0849732730975192	1.79012931653801	0.0475033659833036
NaN	1.45322259851431	0.141311521227804	-2.26393141986952	-2.0693018151607	2.29456585852099	1.39892169538685	-1.08062373541737	-5.24678715297745	-3.35509160606647	-0.214188827816014
NaN	-3.31700740733112	-1.15449708525629	0.356753119141029	-0.963782946626196	-1.55897579407246	3.57429434111774	0.595551745625463	-0.985406866011283	1.21922269367148	0.199169279020582
NaN	-1.72025071903576	0.127521678416264	3.0233421641235	-0.632467164689047	-1.39376369003198	2.19777676194325	0.997012294857237	0.735362712017229	0.575625276877072	-0.401760070623406
NaN	-0.265151228881693	1.64342191357005	2.5210985801926	0.872225239431284	1.4052416401078	-6.09651403070919	1.08335378606095	0.72204982511792	-1.85220319579153	0.274937298080162
NaN	-0.554813181092218	0.773493357605502	-2.36987401918023	-0.282139071971255	-3.03165699378395	-1.26163440866841	0.426094013631305	-0.96439021380432	-1.97477284793886	0.702730733275868
NaN	-0.975527740620447	-3.9124902933688	1.25905979825747	-0.606297474540285	-0.814402166723641	2.55037405350291	-1.32814881017508	-0.845612069814278	3.18268670325878	1.24660664478646
NaN	0.515108552115844	1.34028919995309	2.75647217761255	0.623749759254927	0.910505788420324	3.69098281790967	0.518198842655236	-0.498618757941739	2.84506447598012	0.573345154993327
NaN	-2.29391450605699	0.856262051845328	-2.17211750192356	-0.709058346466757	-2.10561751617588	-2.31355949273338	-0.710526527362861	-0.591107762465702	-3.40479542805995	-5.21374743628252
NaN	-0.693119029031871	-1.26413046920148	-5.48527990712669	-0.940887354201569	-1.62552870117825	-4.91323045459935	1.00855159388182	-1.89914487552413	-1.503165792394	-1.38908695715814
NaN	-0.593287439662648	-1.64776359893591	-2.60255762101008	-2.04634431594974	-2.22014224618548	0.404591651096748	0.661557142605637	1.31172074887726	2.02547228034563	1.38582033182324
NaN	-1.29019567024218	-2.86779107325371	-3.06048292732607	-0.237728258469352	0.33355001730957	0.686826434826206	-2.00849378450389	-1.09396947540994	-0.28893500616999	1.08102375083191
NaN	-0.908446624095259	-1.64053605756019	-4.28736061705641	1.42588999974951	1.89604528966262	-2.49932061591917	-2.27156665554927	-3.77554625151032	-4.28301964600546	0.582091891111917
NaN	-0.863218105807374	2.17357671919077	-1.24025083726638	0.289540259982631	-2.41420085707052	0.0153712746092658	-1.08882714834685	-0.067168873416728	1.63838088720424	-1.81232891539761
NaN	-0.6756223191123	-0.407663798307441	-4.12200340850228	-2.24191818928995	-2.61022824418606	2.47864480768534	-0.450048339113496	-1.53415357891699	-0.983411824451504	-3.50363136882877
NaN	-2.20531433990238	-3.29355521518628	-0.0304928311845084	-0.992312287556627	3.66776127843723	-2.30564229240461	-0.79062642504292	-4.2349804015464	-1.34396213873262	-0.212786842952255
NaN	-2.16849964046457	-0.267901595506188	-1.62418349720275	-0.538876237905103	-0.0887311788973317	-2.29127510786443	-0.218796332825826	-3.58629341865816	-1.26254781676681	-1.05488430337088
NaN	0.989136627597533	-0.131645700402978	-0.125358915844788	1.84146590990444	-2.59754789477449	1.90052312915303	-1.05495807370783	1.18073895871247	1.19810860474752	-3.02546532221636
NaN	0.207455487666222	1.89993589994697	0.823826304256395	4.40100390137044	0.30565366705606	0.28280982000324	1.29084782279614	2.16313951444047	2.37668756822153	-0.892368641341211
NaN	0.260661218644805	3.33691688035774	2.30223779364143	0.580183567564517	0.6026065560443	0.248945244643529	0.294571614300532	0.192151827603331	0.883012339147376	0.115116501447607
NaN	0.447404164175031	1.60117452468155	1.23581718105596	-1.31415855867211	-2.98418710173502	-0.119684975415733	-1.98132469723545	-1.37539696190413	-0.564864948657098	-2.79979394867551
NaN	1.09687240473239	-1.04446375843603	-1.67227796144526	-1.44884093682533	0.139353314846337	0.317242587583368	-2.09003203655446	-1.58389196152916	-0.958448665569657	-1.79673809507164
NaN	0.268305558906609	-0.0309149445361625	2.90019149065458	2.74845617801566	1.50270280442702	0.0311889309295692	-0.239090297856768	0.828887396569146	0.538513199526863	-0.801481341661626
NaN	-0.151055546670422	2.17300303568149	3.73065701985703	1.64314119428061	-0.587714662399551	0.625197312445571	1.01194389740121	3.9842684524078	2.2381520913231	2.22659761744544
NaN	0.460124110719463	0.645530941039297	2.17206274916351	-1.59898777996247	-0.00846884203933695	1.30804044082105	1.43641129420624	3.77505247727699	2.97641235053292	2.26130939258056
NaN	2.84773144501174	-1.36609962514044	-0.97119569918595	-2.88240675117129	0.96810043707928	1.30655484327154	2.69289339892311	2.27108810950373	3.18861204687866	-0.487741909752459
NaN	1.79901224990388	-0.661260056248514	0.348761970417718	-0.981839035001702	1.59244512310613	1.94795550303364	-1.82981220064814	2.0718734083026	2.35269654257903	0.0825271249025761
NaN	1.58239103707262	-1.90728674372932	0.030585653427278	0.266220079418256	2.07633299624441	-0.556724679776294	-0.714946651112517	2.02296939826906	1.9138449856976	2.82654580373836
NaN	-2.77320145570948	-1.58754766694715	-3.14437278103111	-0.687777669915554	-2.30193109753027	1.44238291640175	-0.479906732407911	-1.95153955279715	-0.120499004592	0.33645940280883
NaN	-1.14304628652846	2.52080753202449	0.758595272335914	1.69923120172585	-0.433315725564093	3.52886909275259	3.04501403175356	-0.746607138345692	-1.34154190422559	2.26252137411659
NaN	-1.13314309207734	2.39896436848242	3.80537105983389	3.61740746033226	2.1528350895412	-1.8539769025121	0.665944664677619	1.34209200552934	-0.670141123844341	1.87999986149784
NaN	-0.774338701647668	1.51026018116826	3.07753497883026	3.22229580806199	0.228021232154923	-4.40705748297279	-0.467643334431729	-1.01222806782881	-2.69879359183117	1.04205206674402
NaN	0.226535417797947	0.939813332496597	-1.12612837332458	-0.387640775350509	0.771659604081422	0.925381531306667	-0.495706827382562	-1.97322875214651	-2.02186502853842	-0.735119156091207
NaN	-0.404570973362698	0.548632313408502	-0.387396732781902	-0.100098230941571	-1.82590848085218	0.344792646913799	-2.0244312329221	-2.53536791258344	-1.68342188318774	-4.54204107450132
NaN	-0.580728480773892	-3.42837319424487	-1.02500232311518	-2.57663500560078	-1.81191745044737	0.454458944730414	0.0285870444135561	-1.05399683278013	-0.158691872491601	-1.69823441564411
NaN	0.477562395387702	-3.32406051171744	-2.84060002572124	-2.46128230831872	-0.389739086486089	2.62103899217214	0.163606172594158	-0.110529682646359	-1.27148879444283	-0.0351760891243187
NaN	-0.594285461319471	-2.12732352091545	-0.959257369197819	-0.0100605865044514	1.7866464522539	1.81158507826805	0.67900075304711	-1.33924996617789	1.5051104933772	1.69461746655867
NaN	-0.34041875065036	0.311322717299573	1.39261451387102	0.939205715157384	2.37149980487071	-2.67737361729383	-0.216371647562802	0.914570014371669	1.96647001034515	1.58083732074015
NaN	0.175579468168416	-1.5800927806807	0.15954444459247	0.0376509217431344	-0.0893789778508833	1.90833599160997	0.689391585763734	3.75871228266577	-0.00790743761380119	0.757956234332612
NaN	-1.02432600855179	0.378722163123806	-1.94362093127901	-1.90103930393633	-2.5998723860089	0.675231159893206	0.845887683022838	0.252609545233044	-2.29360259257542	1.73297001983636
NaN	-0.518019206369619	-0.736535387185879	-0.696515178826354	-1.95582617118849	-0.464074678947497	1.49852718616894	1.44587479582175	-1.40808499697188	0.619758089745972	2.07643511848311
NaN	0.428304047165281	0.187293386927254	0.91279477151186	-0.0530850104693597	-0.225566668255003	1.40317363628216	3.36544786877021	2.97746449901027	1.13728643526465	1.66473526189377
NaN	0.345155859477021	0.530121498629255	-1.80885676518426	0.125307227463	-0.132728633008372	-4.50832153272907	1.57459990518762	1.35214605596528	-2.50737463558601	-2.84065443458613
NaN	0.821307208044556	-2.10420575844501	-0.710306453680739	-1.61452650183029	-0.0462884235318586	1.48967243437796	0.587497060543947	-0.970530178056243	-1.4145135775528	0.142490134354669
NaN	0.946144707542441	-0.780051454238502	0.847931383819015	0.922985227502673	2.77225074484447	1.24796617709348	0.329715146993457	-0.50955104456364	-0.232965347892147	0.221504918664532
NaN	1.49849075466156	1.75694384897964	1.32327790958537	-0.3545390213665	1.8832728553679	-0.765217029976845	-0.233456222103623	0.554199484431549	-1.09511495852318	-0.53330562330672
NaN	2.97983317370636	4.45735941021558	3.39317204968824	2.37120963735851	1.13824469951905	2.8239351733589	-0.844877375738055	-0.0926561914703798	0.259891199585611	1.09967296932
NaN	-2.11514888924827	0.935293569173514	0.474706094315746	0.739343261658886	-0.970441479891328	-0.245848374168391	0.24789986098564	-1.96310002077742	0.867485234675123	1.41947336579289
NaN	1.51324181754418	0.305760106898892	-0.522667727616581	-0.108378311697247	0.441157898021122	-5.03007628474434	-2.27943354094156	0.200450295341135	1.51108094646787	-2.05636384003812
NaN	0.348809890471555	0.000667372518359688	-0.0926936603493702	-0.559017035423444	1.8270235290696	-1.50670487851528	-1.51040396622487	1.4529101184643	0.616494634059374	2.37964800520224
NaN	-1.39873037907974	2.5917996506768	1.87480000903712	2.19511974873876	-2.43323782965514	2.42501870101153	-1.0945974435196	-1.07917824122303	-1.74983842235857	0.469287071974434
NaN	-0.585407215947061	-0.848988334006098	3.27103497142893	3.7637817475086	1.30760462321529	-4.96796532202459	-1.51274958493265	0.227199039813932	-3.07766026251926	-1.23734647051478
NaN	-1.03180701785692	-1.39360373937422	0.530805869746144	-0.258698794680982	-0.257154007137954	-1.7710071343304	-1.78674282489116	0.933391824216867	-0.806390211333034	-0.403559950139861
NaN	2.76273018745052	1.61671475849982	-1.45165926613554	-0.353874268437786	0.522129374102392	1.52779202103455	-0.769626846716525	1.3796167428574	-0.0857053165737081	-0.732590795917868
NaN	3.68536735543297	2.15118737377907	1.04987463915732	2.22355932941402	2.59298512897987	-2.97985766435269	1.50955120762532	2.21629249203425	-0.342890666383129	-0.462454853846861
NaN	0.311644470229472	1.41789863898281	2.40277878174445	1.45688196981265	0.867213870463111	-2.85637786491552	1.99567629026062	-0.201679644399017	0.766773626197514	-0.328333023963939
NaN	-1.8099366809439	-0.826931776223548	0.92247381985832	-1.03271858832237	-2.21710382898673	-0.556446423365492	-0.431406113508968	-3.1846101485574	-1.20442859411659	0.225926874439858
NaN	1.96334358489761	0.536931233628125	1.83375398350819	-0.0567466696316336	2.53578792213659	-0.888843729994628	-1.53317266104942	-1.92438657640063	-2.13433882851113	0.465723278503856
NaN	-0.760282962165226	1.84337962028869	3.3258829545152	3.019121998671	2.09962263799218	-1.80157041145867	-0.444755527451263	-0.439382215727462	0.248675329640627	0.595167002479057
NaN	0.517358562285873	0.462028457022122	-2.18044500029012	-1.17590052897828	-0.474876285336837	-1.23565819145477	0.113818544230791	1.421433255459	1.40766571437305	-1.21433363989985
NaN	1.9607496686253	2.45107126488188	-1.42401075609528	-2.08367483168642	-1.31606826801489	2.39704194566535	4.65882722591466	2.09434265116251	3.4842125873772	1.44490168107253
NaN	-3.12667267347248	-0.756897922348618	-0.411496497016137	-0.818130453745093	-1.90494889853909	-0.0685020173123226	1.73611501468974	-0.592165287942681	-0.800321186783258	-0.865375367829765
NaN	-5.64736339116431	-0.378647356375643	-2.69344417485242	-0.708044664719442	-2.04425567439784	-1.59678752948288	-0.0673588979035057	-0.619947273949653	-0.935047814888205	-1.82787272348
NaN	-2.64206535366245	-3.76200030822778	-1.60525778579147	-2.04498446654417	-2.22756136350923	0.538567231752969	-2.35634662813108	-3.77261424545693	-1.70248277060632	-0.825283819630024
NaN	-1.00146224641554	-1.85579105292157	-1.00168274466792	-1.31293247600921	-1.75943698511081	1.56069892782483	-0.846726742901239	-1.30032514477407	-0.736364544380663	-0.372391787799879
NaN	-2.88314095262133	-2.74550140579326	-2.17034424999744	-1.36675213999195	-1.08789084443251	1.42491883053776	-1.70632679921429	-2.32077922512023	2.64927961105567	0.301120535493284
NaN	-1.60345185829379	0.798224924797658	-3.35122038934841	-1.14371012374058	-2.32713996243763	2.19050344606105	-0.484529398517123	-1.8053810062636	4.00094464235162	1.54985756497166
NaN	-0.866013151213367	0.070209459061769	0.319663029757431	0.742636962235345	2.14640003864139	4.26002011661511	1.5532648479901	0.365624986476446	3.43444643259999	3.5053506416223
NaN	-1.18964670096112	-0.821203054544335	1.20566680869779	4.32373484093406	2.06337593724249	-0.216573178654326	-0.185912394466282	0.281273116516124	-3.44400045575406	2.90438345312343
NaN	-0.718590154440568	-0.598132687336626	-0.567168693674652	0.995447685960399	-0.029602626210763	-2.32988058210785	-1.9069893653879	0.575062309409653	-2.69198232720381	0.146673443233351
NaN	2.35147940035372	-1.23065685252466	-2.06922295289617	-4.61523224973143	0.681089428223456	0.412487205254486	-2.45852140063496	0.527370891242208	-1.65453906810337	-4.64361516079813
NaN	0.462936820250901	0.393217351983349	0.450638807933708	-0.434589386611917	1.07545813672923	1.46342181255404	0.369837568300135	-0.933473287633743	0.441259902653861	-1.086426830313
NaN	1.34052835943807	-0.494916006230811	-1.04809270121493	-1.27281710427842	-0.48255563677162	2.05738336053621	-1.17540842670111	4.38455706529408	1.74639744731753	-2.19774612846884
NaN	0.871184591301169	-0.248081851174441	0.926940518840596	4.189873420807	3.08249763911126	2.63784157375698	1.40558831320814	3.31150989511186	3.78205293616103	0.786675050646828
NaN	5.59748352025279	2.34537900188273	1.98067551207705	3.53778320762782	2.40094568576852	0.00852240898079848	3.13097963981759	4.84741753802849	1.16786586877052	1.74396766534317
NaN	3.36421060659238	3.25738131246919	2.88253783478927	2.74655794599344	2.74295137090046	-0.506981457282179	3.40070186760587	3.61820615832113	-0.28634523772498	3.08876851172632
NaN	0.567652266153232	-0.214132121965377	1.56430840186242	0.118759767683969	0.0118431003077148	0.421640710891902	3.15185993987591	-0.182867226218111	0.0311341129560217	-1.37142941165875
NaN	-3.11027482152875	-1.00883780370894	0.714528763680417	-1.3380084779867	0.392130490172355	-0.253494244722992	-0.801139266687069	-1.07956404923052	0.786413654555557	-2.29795016103578
NaN	-0.309214324641623	-1.62755582363348	-2.17578788636054	-5.09931978830946	-2.54508610348437	0.488465171798768	-1.43908484405979	0.165914441664121	-0.489254257027978	1.18604775291673
NaN	0.205327656425643	2.71119372248887	-0.0795012176149397	-2.02671101563568	-5.0343484902161	1.55778861117065	-0.0041772955236174	-0.475050891315543	0.113029950198165	-0.240325090033171
NaN	-1.39262585161076	2.05281556058013	1.27823732611923	0.339697332588397	-3.23007756124739	3.1770106985375	-0.583633586555016	0.411915663515081	3.88075644841777	-1.43793477832288
NaN	3.4126370979549	0.572137099236001	1.07567598852394	-1.29918919723835	-0.829545057296847	2.47344965285568	0.644453069124869	-0.187148680053372	1.95440158129686	-0.62397158424562
NaN	3.56207787369728	0.0707044742257145	-0.974506670387938	-0.0298676355676979	0.720669716204598	-1.77040416820742	-0.89599852691703	0.0733925518637271	-1.09096289030801	0.598541154795137
NaN	1.53906316559398	1.77664089611856	-3.34409678048028	-1.01875672986069	-2.02154176218373	4.97093917409692	-0.143112910459691	-0.581996581995467	0.0221124275727713	0.0890024395676171
NaN	-2.18689904825022	1.08506773893119	-0.81036575173346	-0.448729369492977	-3.24490925210534	-0.419529490331043	0.138043160359683	-2.92814210156821	-4.10869032423046	-3.13333497749416
NaN	-3.25930618113569	-2.73690839831338	-1.62366569158995	0.205059579752659	-2.98756476389971	-8.26074781238411	-0.519386978168815	-3.32651588044115	-5.21313717152032	-0.805683566708846
NaN	1.61736026004092	-3.55557702247075	0.0353745298116582	-0.268420628488415	0.122732033436907	-0.604051719924838	0.93516741972617	-1.08109570819027	-0.913726855872559	-1.54614467106891
NaN	3.21063411184097	-1.39493463458953	1.76538986768956	-0.896053498924725	2.2642533906607	0.782116439894546	-0.393986675478181	-0.38681043440225	3.41207671337379	0.446849779233865
NaN	1.8308845173832	-0.387385048577718	1.14717083809532	2.4530167907522	1.97315679154543	-0.245022885064225	-0.183945014426414	1.5626829928182	1.81826946695434	1.07652086114686
NaN	-0.206291704276976	1.85943421831626	-0.012755087970841	3.73356788731523	0.55681849381651	-0.679375101734895	-0.446551084515173	1.6358780958222	-1.61723506594166	-0.165478206069031
NaN	-5.66775047554497	0.870554816188824	-1.74007662229274	2.31144069081037	-1.1232667349888	-0.274728289295514	0.040459388220111	-1.2049199419217	-2.1205806736585	-1.86204996775622
NaN	-2.47641790864952	-1.6705377480513	-3.29913097056629	-4.30164640849045	-2.45963291394956	-0.511141750436205	-0.742836049569797	-0.145172258970037	-0.136498009668529	-1.07241937280605
NaN	-2.4900633707023	-2.16888225550906	-2.32086834171189	0.711250597886392	2.33561064606202	1.22974037082904	-1.32319751114951	-1.06923752684541	-0.507120481818102	-0.775197620840134
NaN	-0.185258649433358	-4.08146474300029	-1.55723148026847	-1.90155683485531	1.44109330093178	-1.37260330164979	0.384922688340657	0.818042508466661	-1.48472316034546	-0.222529923243918
NaN	-1.17191020113917	-0.942680425405877	-1.45712389732481	-1.56325338682437	0.740680444033461	-2.8491735538456	0.241652131756037	-2.57619539001039	-2.18474555661385	-1.13516034870646
NaN	-1.59262127534958	-2.50594551841754	1.29354201627305	-2.31460479841789	-3.79770502784144	-0.304530325190699	-2.68122822207798	-3.32485836174907	-0.649955071305459	-2.52345699712675
NaN	1.52504539450979	1.66574290410458	0.927123320097615	-0.666434276737227	-0.643189548830809	1.23157170217658	-1.05510073353654	-2.67976695836439	1.89494455714131	0.158034706977056
NaN	1.69343444620037	2.53377497364245	0.562517342235413	3.55012784582572	1.21713249217415	2.26082206888777	2.32991615408849	0.428845509704185	0.631021271238062	0.0566684876388255
NaN	1.99333028940587	2.80811497707657	3.92613504247041	3.00501818953579	2.9066667190672	0.516282840881207	1.88220646057448	2.48040903597206	1.04596513615622	1.60491964583334
NaN	2.17607448259266	-0.407291387548	3.04835701898605	-2.27769774511653	0.253543612831465	-1.71960828289303	-0.226805592986554	1.03812429221807	-1.99792827241445	-0.0800910322352499
NaN	-2.53715547925638	-0.0527808815804828	0.728243459454416	-2.1823654344104	-1.51594063216752	-2.0653220560477	1.61175627068814	-0.198026890235807	-0.404719572757431	0.133394181574418
NaN	-3.663183676546	-1.04223461686914	-4.51722175384438	-1.70805350849483	-3.31577622677612	-0.900906533599889	1.52126683326752	-2.3444865584632	-2.62518546235957	1.53600928727181
NaN	-0.998959227747387	-1.95715828370852	-4.02173350846679	-2.83052638488869	-0.945929277481141	-0.654926727346332	-0.876893175713573	-4.31597840130403	-1.79735828669124	-1.16950487031185
NaN	-2.8154285770202	-0.876464072889482	-0.974139250815621	-0.226212538961836	-1.05525303960929	-0.966393704877016	-3.77683184279236	-3.82727531943119	-0.940811971271278	-0.934178415519462
NaN	-1.23740424701038	0.816666609290966	0.677364720863593	-0.525158246949461	3.56734579136551	-1.47907926482388	-1.33546352670408	-0.667128107284803	-0.924191765150876	1.32235417559006
NaN	0.954837388249072	-0.271968194817754	-1.41433982366343	0.709443699802541	2.99758842879018	-0.928487108524735	0.640512027865797	0.581712119047819	0.621985703324575	1.59619521016207
NaN	-0.523061850315061	0.0212693619019934	-0.350773404842918	-0.350283019281143	-0.793292798553147	1.3591008474746	2.55555117933036	0.442341395997493	1.19858105321347	0.225373049462158
NaN	1.5981739768939	0.140221667827809	2.50898030206366	0.269122066265345	1.67404428843508	-0.468301586894811	-1.58729283036619	0.623804834161021	0.390635149056352	1.0255493890374
NaN	1.22996500220717	-0.66322766795205	2.39520329556873	4.55570040247011	1.43450243943569	1.21267398739208	-0.886485121115905	1.60968904114947	0.780777360681827	2.37271334789051
NaN	-1.15977127877167	-2.03914510774325	-1.11620346156671	2.37719893728125	-0.099529285986618	0.221693634435542	-0.439574056279904	-0.119336260343614	-0.165466720003934	2.64554868168381
NaN	-0.580724366337209	0.818234311655897	-3.55316006892829	-2.87733034251094	-1.68987318061616	0.26358372975831	0.239829130954643	-1.33843075960481	0.036825831639518	4.18640042762473
NaN	1.56536792492086	1.39049685566916	0.145548392748405	-0.324483265153426	-2.28927111097659	4.86961933346582	2.60380227020557	3.24695487267411	3.94514745087709	4.70798619978537
NaN	-0.545350510839942	0.908182742019594	1.78226723279446	4.03458814610506	2.90491856724383	3.31713348588532	2.86128589042454	2.837764216322	3.42208871950981	2.69924819764137
NaN	-0.909711778560882	1.05809813537565	0.55282403960851	3.41017884193087	3.35756187744172	-4.236885150254	-0.407702383116214	-0.171258133603972	-0.687039875156735	1.24498935873769
NaN	-0.062627609851404	0.0990020216561013	0.855364327039222	2.86594332872228	0.66055952828469	0.15683773751613	-0.767239373463257	0.247290008056853	0.190620822448491	-1.35774079770973
NaN	-0.265702921089349	-0.270333681205298	3.97038904476406	2.1261811750661	1.87007666352063	3.39811677455277	0.299854009477466	1.78594717677403	2.37381088448748	-2.76493297086668
NaN	3.93904977217444	-0.194219430899829	4.60151741890013	1.67734389377836	3.82571883343366	0.0477784077276464	-1.48786947095821	1.81418726990099	2.03150184049688	-1.45953141079171
NaN	1.77804608958273	2.99333286917018	5.17434985086091	1.65066268879005	4.09036805750072	-5.71189304544134	-0.926121830436856	2.72528605109575	-0.452499612234461	0.476057883787175
NaN	3.27992685523774	2.21937937942082	-1.04141309675698	-1.51002600128358	1.36915954716094	0.1584442753432	-2.55460625583555	1.63610061754543	0.296237523255321	-1.37348154603105
NaN	1.79322301263161	0.947043090964618	-0.943538162630897	-3.87146853336286	-2.79550919646529	4.42312726137572	1.15481137682827	1.95242356020486	1.84758249458641	-0.494028646443842
NaN	-0.351050159825876	0.0845947026314512	-2.63589822259022	-3.32693153173127	-6.08563713390479	-0.8813947670283	-0.143348756631357	0.322301581061207	-0.685798363221457	0.498261537355953
NaN	-0.342393046962075	-1.57656806889611	-0.952529071497613	-2.96568131110907	-2.20491452844805	-5.81130203917281	-0.0495224196677242	-1.66915397748457	-2.71056314932386	-2.45010760656833
