NaN	-1.58218318129681	0.870865115009079	-0.316559995187894	-0.72391972159704	-2.04913885577643	-0.529851266621887	-0.362256354637807	-1.93517773477042	0.873186535906804	-0.80337017048033
NaN	-2.00752018620481	0.223172656115967	-0.628922411750628	0.693332301745709	-0.966104789142085	0.250086053200856	1.66964584992579	-2.78735773275839	1.29815641901959	3.39487104955434
NaN	-0.4551825633855	-1.91660882492685	-1.49921961133146	-1.2821552605887	-2.87352504831959	-0.331639385924923	-2.47794459405448	-1.18231631124472	2.27241090522227	-1.27309687779789
NaN	1.16614235136063	-2.48039684711373	-0.00396234804786527	-1.95515356534038	0.19917404215757	-1.88925912966036	-1.09693557509277	2.39180646421555	0.029218730611734	-0.135486327455535
NaN	1.00450181927831	-0.450679601936808	0.671853741216864	0.159296733027992	1.84309139721073	-0.915184879346059	-0.102034193249106	2.13350319797207	-3.02649483170293	-1.16873113660287
NaN	-1.37807221883674	1.0112418888742	-1.31981974501724	-1.24305254126111	1.70804299614555	-0.0380265341161193	2.86867719988846	-1.00281375808306	-2.37349471365241	-0.489658605794869
NaN	0.779226574810851	0.232832690192544	-0.755951072064629	-0.369031375686797	0.084911697666994	0.919611458389133	1.3603898931973	1.41581653500929	-0.985881748809238	-1.38363643536084
NaN	3.95684099482665	3.38308282236924	0.617157196986016	1.77518215123385	0.245595014516839	3.91639447406815	2.74936474469631	2.12372328143372	0.542831880890831	-0.0366362274073755
NaN	4.46493965657449	5.05476436867896	2.3322668056059	1.33019542292123	1.32081090623251	2.8668899409458	3.14392110114723	3.19532159680082	0.511689367264819	-0.355713338462172
NaN	-2.35278010775591	0.710865026765018	1.81575514235976	1.028672224309	-0.562492108699078	3.30019803403686	2.68162038281084	1.69130776207546	0.804922509230151	0.924984169604594
NaN	-2.10310329641168	-0.863360268137627	0.304897393312982	0.820363604984982	1.83519258226115	-0.0384435693192665	0.441305310205026	1.47266436807888	0.450894147533935	0.647879332423273
NaN	-0.328472053561493	-1.49946749313898	-1.36959304947792	-1.50254518518497	1.20254684767413	-4.16099234017653	-1.19582748619588	-0.855526575710992	-3.33032698708229	1.52783811826102
NaN	-0.713282824118055	-2.05563188799311	-1.8184185364054	-0.50327423344185	1.87670390801143	-1.9913932494755	-3.34124695644628	-3.50992594173355	-1.10076116855746	-0.298256214586891
NaN	-1.04833490010024	-2.47745000071528	0.884618784917071	-1.06492798685495	1.64500843716126	0.684503213940527	-3.44185051979848	-3.37594406222077	-0.245197897773441	1.19914308183272
NaN	-0.123480182410061	-0.475964157872749	-0.659436746448896	-0.0389737317162751	0.0510915550191071	0.591618589635062	-0.855727596125493	-2.57023492912251	-0.481702709791831	-1.53707956559617
NaN	1.03861864682218	0.230582549322325	1.9736155085322	1.73444626763127	-0.0839425037048988	2.48413499296047	0.727785607335236	0.398657048156506	2.0050231308977	-0.199081667409024
NaN	1.33231427724145	-0.788423440233629	1.8367017456581	-0.0763838540890265	1.39340684500845	-1.508563391853	-2.45441212311913	1.1498641958754	0.768155882987958	-0.145252981608064
NaN	-0.336591507578961	-1.21448902448897	-1.56805569359334	-1.72493736535273	0.396015521782279	-2.23171738770681	-3.44685256555854	-0.174642763494097	1.02732170518095	0.883654206673325
NaN	0.797744283121642	0.466596612664268	-1.39003780038664	0.796688751523941	-2.28960940509913	1.00165731538706	-0.682728786271773	2.51972561291326	0.314206315080171	0.661830080785229
NaN	0.103734719388501	-0.216793066384327	2.31777923314387	-0.188723232176112	-2.17185069431628	0.140933856150048	0.845754781088527	-0.301937421633269	-0.151423806188475	0.418492152391219
NaN	-1.66297759366618	-1.33000513519734	-0.372649826921018	-0.32047661083305	1.84834152887999	-3.24776635072956	-2.44942820799636	-2.44384415910432	-2.38785923811411	0.0728028716756089
NaN	-0.93743855647029	0.662659676921233	2.13382805302081	1.36239173839756	1.71924524869812	-4.12093375045744	-4.88958157434928	-2.06084555094733	-2.05950010153554	-1.32099335392681
NaN	2.6874080562214	1.43360235986392	0.125576773358055	1.52520180683384	-1.26003679467678	-0.872315163814648	-2.41808528356004	-0.582241387385074	-0.523511159887243	-2.56400279561759
NaN	3.07510191171926	0.674145664957347	-1.67664871614251	0.899351544919687	-4.00086056467	0.801315967120046	-0.6163114699684	-0.433778093257676	3.83143061078811	-0.194275955239663
NaN	1.72558565411662	-0.363221841488552	-0.933036894235321	2.62177626226326	-1.23021388504328	0.390755564344867	0.43571369944565	-0.700536879875971	2.11552750514413	0.446607267824503
NaN	-2.56974719815317	-0.391953441741924	2.63531548251865	2.92876618283029	-2.53578318753771	-1.06818620869352	0.860165575485198	0.307209744180045	-1.57660592388323	-0.0777204567965591
NaN	-1.89528502870395	1.03516244191261	3.40048176971182	-0.691361077584346	-1.43772879933638	0.343761640988932	0.538142715229871	1.01098740408374	-0.82490601967275	-0.1908790317676
NaN	-0.718931263488569	1.43200784130789	2.47158322986413	1.98450068737878	0.758841332417622	0.0233313402963705	0.914939630860765	3.58166465775294	1.98880961190824	0.841654403849269
NaN	-0.353592686854811	1.26924497439697	-2.61670012069649	0.36229808108385	-0.480363212302905	-0.869923740220588	0.216885419741563	2.53179797339741	0.847674089659847	0.859841214901135
NaN	-1.3146735478407	0.263435972543042	-2.26804082008563	-1.46945313101149	-1.96714286730447	1.77894069772627	2.48696815159041	1.3937841950221	2.43289750641579	3.46442405928461
NaN	2.28318398279961	-1.6159402960602	-3.26424336582861	-3.30055073199867	-0.981491883069796	4.22067350418241	3.65388051457644	3.20556578426019	1.78016943427604	2.19470133951822
NaN	2.63087440720196	3.29905862283792	-0.288157711152573	-0.0898085803431764	0.107173138757523	-2.40869577897503	1.76124502941671	3.72255347480886	-1.3114795691638	1.05056521597661
NaN	1.48764498098095	0.392474062776153	-0.123269231368541	-1.13830317724123	1.50701597847304	-3.42738092792863	3.37712686708202	-0.0105166701185844	-2.12059680412737	-1.52527318876713
NaN	-3.44933495027781	-1.44021926757659	-3.56398032261413	-0.730075513981369	-1.04082386124582	-0.125274136679289	2.17625447900039	-2.50568188963867	-1.93606670032771	-3.75789614321328
NaN	-3.06951672840868	-2.15570025863635	0.0313945433208661	-0.118116821912748	2.96810367723711	0.77860753081939	-1.36216248882749	-1.96106580601614	-0.771660495497462	-1.56850913697616
NaN	-0.207327361429719	1.012707607084	2.99977327900287	2.76685465817144	2.91511915811601	5.55461118263894	2.39141558697424	1.76053268622162	3.34386500788341	0.816411617968356
NaN	-0.947987655388974	-0.619610896967943	-1.85121870832763	-2.07927977302723	0.688069535815691	0.69998857294994	0.749861469398696	-0.98406316714708	-0.447365658306882	0.210562789077885
NaN	-2.68140614177191	0.701907015778737	-1.8200011253729	-1.13984907400997	-1.10032245508537	-1.97110825249626	0.950970024978334	-4.83989847666395	0.298902808730908	0.463024057852043
NaN	-0.616828509774887	0.779376727941688	1.63590070815877	0.44133819101667	-1.05075681703643	-0.665712656691075	-2.19962466532678	-1.14517578826091	1.64617470378807	-0.628902639470492
NaN	0.0225400486743862	-1.23117108404743	-0.307178095998859	-0.894231565623397	0.671913133455388	1.11413715711529	-1.96215302484321	-2.61578138272285	1.10247222353521	0.569474903372814
NaN	-1.41386080936722	-2.73989773922966	-1.50168613480568	-1.83649309448523	1.38474702188492	-1.06888049927981	-0.553650215868317	-4.04590489292751	-3.64047868782055	-0.61192962196711
NaN	-1.82116412562207	-2.69068192410944	0.64326582470335	1.7470969577981	-0.420147639365773	-0.120822962664532	-1.47027697069511	-2.39323978277082	-0.278288186236076	-1.51293475767222
NaN	-0.0356373609567334	-1.75833964150329	-0.827136878101494	0.159615734601533	-0.694184429195984	1.0878319163547	0.780991511003495	-1.18336306829483	-0.368669304308129	-0.347439077782085
NaN	2.45741817500688	-0.679086441772569	0.471482985501774	2.75564266414436	0.858446405538825	3.1086397799758	3.45706756303075	3.15042663222978	1.47667009518421	2.75859871355226
NaN	-0.119145968590685	-0.303024460243189	-0.483946460022235	-0.134559536177805	-0.0878094838801704	-1.44772771981408	0.707287087987123	0.913186717554774	-3.57346215081395	-0.561751513998212
NaN	0.984468573247068	0.402736638831472	0.379378379287439	-0.0653073731056629	-0.857983736942327	-2.44907274688583	-2.13910256837342	-1.79197214770836	-3.96873869380169	-1.33545446714865
NaN	5.67748372818428	1.77500524380117	-0.502271717548415	-3.69029562678139	1.89212136810461	0.50176318452655	-0.696415917497572	1.62856215824972	-0.363887420652313	0.549853334305476
NaN	1.37047023945813	2.86824248077786	3.16010889232202	0.35654858664739	-0.170251492022778	1.65360823722094	-0.25096361184516	1.61070289525624	2.37507572111796	-0.20267665225794
NaN	-2.7087517936604	-0.489254309940719	4.09986607807569	0.0817160502109298	0.211662137021939	-0.204729844289795	0.468571016562943	-0.398123931001051	1.55005351934559	1.44223226639259
NaN	4.13504066822905	0.550696074828193	2.53496422572631	-1.29219746494135	3.79045752508905	1.12881597536049	-0.0649250446906437	3.86227838849037	0.237283102999079	1.37360988523958
NaN	0.802260538188698	0.438498708669504	-2.70151778055116	-1.99203816967194	-0.388848539033612	-1.28825944629735	-1.13853185634574	-0.342019488443213	-0.348551123762004	-0.714924062883118
NaN	-2.48627350733539	0.496300602344546	-0.0400309933284514	-1.53313957602158	-1.91213068436941	0.0355103879381045	0.154862804636206	-1.22363126506232	-1.88414812812321	-2.40366028196477
NaN	-1.80583740335833	1.42234881341609	2.33249262654924	2.88688062885114	0.213147882838303	-0.480311658078589	1.20008321007668	0.614162805179116	-1.98817186704956	3.4205495317108
NaN	0.948938404604217	1.03777260124171	-1.43275030692591	0.722978207306227	-1.42643852581479	-0.408599819661831	0.988645913165429	-0.326372964286301	-0.987005143267345	0.817898922906699
NaN	-1.07083913415739	-1.50620202820886	1.52835761767479	-2.96351593007023	-1.08596027479671	0.982139272677182	1.46788723636769	-1.97814002885646	-1.18830474478805	-0.742307814894867
NaN	1.59928362456856	-0.686362726598138	-3.223466715201	-2.81736546488991	-2.4589504210066	3.96497752779424	3.02867695442603	0.981353178412775	0.609908591299581	-0.0159862152014332
NaN	-0.614810410752113	1.40454120586002	-2.99532126005314	-2.14656344246317	-2.03758108545077	1.3115848346999	1.10966655381155	0.630915173267741	1.06274818430652	-0.395302942381132
NaN	-1.71850706381373	-0.366538754142328	-1.86770752681763	-0.705595835112278	-2.97431102658315	-3.78492015505744	2.87178375173429	-0.210076865603769	-0.755738309194068	-2.66206299055335
NaN	-0.489237024693088	0.447776478337919	-3.28064045891623	-1.00261297005726	-1.52562033863594	-0.266466464747869	3.66405270642553	1.49838924007985	0.196409369091098	-1.69130749591346
NaN	-1.69339401116146	-0.730687397893475	-1.69307316517663	-0.702691768301531	-0.431173359198581	-0.262169103878441	0.0406558497581744	-1.02931590305437	0.214897429910198	-0.294645327498636
NaN	1.00914741771997	-1.38699263682486	1.74378042370998	-1.28197779195463	2.12681474739548	0.408096087763915	0.728464795897738	2.58640386963502	3.04806787843538	3.26531380539299
NaN	2.11586761983111	0.68033619210095	3.12533801617225	2.54837710704332	4.24858812697951	0.214812244939729	-0.512028058987413	1.49149823996201	5.07459112594557	3.05279832894739
NaN	1.61567875217281	0.413851740023808	-0.525954108723199	3.18964094354832	1.69457469284445	-0.761926727555521	0.083697307273964	0.89410923308143	-0.407364828645668	1.07161854920878
NaN	-2.5293948047129	-0.245796410616363	-2.21037756544861	-0.943506327811511	-3.50638861358839	-0.917580972172085	-6.00384752745666	-2.83477046734193	-0.336559049589636	-3.41739149049682
NaN	-0.393241297066824	-0.543189128644333	3.02725219492594	1.66221766865986	1.33459221376685	0.0578660211073954	-4.57161011097905	-0.89097396268106	1.86943321947409	2.45927047722091
NaN	3.45483227122573	-0.177311986086635	-1.10654320168529	-1.75054411409165	1.86781986607002	-0.796463467401492	-3.15033295828034	-0.450210836515889	1.1417537305519	1.00129876647742
NaN	5.48845408993764	1.67964344972777	-1.54141024066608	0.0152859822384254	0.936068479995484	1.12006059257172	-1.79835591750513	1.57744810104743	-0.237836467794159	-0.428847797706962
NaN	-0.876858022494937	1.91982527806071	0.552361324466497	2.00015963986287	1.60634091441088	0.369924534941404	-1.92402703669333	1.62155973819223	-2.70778990840142	-4.08265739190143
NaN	-4.86882158601947	-1.42088971177592	0.33947442098565	2.45712157535206	-0.124364735709457	0.320646972751909	-1.53733932630546	-3.23900509496955	-3.26256096568157	-1.28062660896091
NaN	-1.74517006024984	-3.14125618837556	-1.14667692974508	1.59744196681262	0.49693047741803	1.65832302862818	-0.240294740713925	-1.59806981583872	-0.643451563654205	-0.636241149052295
NaN	-0.929255376811662	-1.33624608385196	1.1107724819518	0.819669129908217	-0.716052364031853	-1.13920702229393	-0.797151308317851	2.12681939391984	0.787903874616747	0.40200311110334
NaN	-0.754990932863157	-0.230281627747959	2.96175346839565	-1.52465952371753	-0.503332009019378	-2.38027416579509	-0.843406345300243	-0.465945863178799	-1.61887790838988	0.356215777985592
NaN	3.30239538350466	1.40879808636129	2.69176827966338	1.71291816634713	3.78060617203851	-0.870154898554968	1.75783827660924	0.89559633375093	0.62431529615657	0.748559879136053
NaN	1.76050977063007	1.29195312928806	-3.19469893252808	2.18641488017195	-0.53407523452412	0.517255433180209	0.525293158624993	-0.82299170259051	-2.81633250426344	-0.673094058940086
NaN	0.928544745809627	0.262134422813811	-2.86649950154693	-2.12800707831291	1.1482510855351	-0.641468863307531	-3.02453688722807	-0.794804670151461	-0.98017322396998	-1.9988193097877
NaN	-0.366342750070804	0.39531122995157	0.29746933593426	-3.46930575229742	-1.37910399828545	0.0963283206465447	-0.80849073870382	-0.219146619807556	0.44635288306372	-0.890466017739434
NaN	-1.48526985987162	1.77823862377999	-0.888402829289308	-1.36182444666431	-2.18691834545456	-0.0105057621702886	-0.303095714546879	1.4097179221697	4.58052976055125	0.704177653189586
NaN	-3.39843759631995	-1.70903777789409	-1.69534692255525	-0.983167090866117	-0.350607760286274	0.541352636368081	-0.675019595059869	0.85620434062048	2.90036341129688	2.79335325673276
NaN	2.39942813825248	1.05376320976074	0.944648347947178	3.35904690511866	2.46530604107311	1.37839919871038	0.395783998545976	1.81241352799822	3.40966993579734	2.40768137494381
NaN	1.2087447740561	0.645297824307801	2.99557782024734	1.58774442138294	-2.6734101544206	0.170161480939126	2.37194739498215	3.02893469465111	0.110625362250823	-1.09282892101846
NaN	-4.42605515060052	-0.432382925232519	-1.35061721207698	-3.60317889532187	-3.64129609744251	-2.24032176833372	-1.79110584791521	-2.7774966620437	-4.65749719214291	-1.1626611377498
NaN	-3.51122679709855	-0.348934367875677	-0.72580439793191	-0.229420026237248	-1.91619780083103	-0.196029514275133	0.871219907304656	-4.55071628300806	-3.84158681542982	1.43684686884141
NaN	0.502401742169163	2.54233317620091	1.24866470113472	2.28732393942245	-0.249437094243921	1.78887618129928	5.43401834604401	1.32997057618857	2.38184649447393	1.09750257569702
NaN	-0.362502003368326	2.26035665726503	1.72514693262963	0.25501326071996	-0.111177687994873	0.311281092280121	1.5461612160086	1.7530194366507	1.60899720713156	1.25499209663318
NaN	1.54666767529678	-1.58387341438627	-0.473244830785943	-1.12604911678479	3.2239071789563	1.93138104934317	-1.11042780936037	-1.14480011252946	3.08318341623545	2.18046815576533
NaN	0.542111550641798	-2.34181905236459	-0.343051244118125	-1.27522722778628	2.68165253609174	-1.09398877210251	0.221994349421194	-3.56677374438005	-4.04358721943504	1.74915286851615
NaN	-3.87320577280553	-0.988960767447624	-0.499737266026996	0.820412385460078	0.712481819978661	-1.53925391435662	-1.73699098042278	-4.24411548104375	-3.33423235185654	-4.70759404109222
NaN	-0.704531026699728	-1.82857150581616	1.70045470677893	3.4276678222918	3.28468254041735	-1.2348771562445	-0.280163063592664	-1.35887485484805	-2.30978313262007	-1.8477100463037
NaN	-0.136487933892117	-0.735416730609965	-0.375426567383915	-0.654490202697619	2.24442971521997	3.22436533250142	1.82634126996034	-0.65961348543074	1.75910772847844	1.68228186077982
NaN	4.76208341064305	1.46827828559684	-0.143202097482316	-3.43995768091915	1.57709527007012	2.67631837338238	0.583385679997258	2.04612235577915	2.0039343486903	0.387615737458477
NaN	2.44014360018585	-0.419121995417784	0.199038491438311	0.966788675135598	-1.97030782218646	-4.31578280736873	-1.10475649731765	1.85872963872949	-0.814691255326792	-1.51142390813725
NaN	0.0120805885397188	2.13464923861659	2.78929840201874	3.1703065614115	-0.155580285346601	3.95614410237028	3.06359015598532	4.71701668001406	4.65931543791633	1.48433343566233
NaN	4.36554437375178	1.38232937734351	3.54264746336367	1.95773300229838	-0.0915931911430287	1.08789898741988	4.30524614012916	4.75994780072289	3.03592757030358	-0.308130479600307
NaN	1.55599292744411	0.167245870939288	4.02536665850007	1.57177716401473	-2.21221527880649	0.945723491763717	0.60593769955622	3.45286531223005	1.66242092444347	1.08534055833601
NaN	-1.27227594280108	-0.943995168858858	0.750596150322974	0.410722192547012	-0.787346822403923	-2.91935066375557	-3.84441723978115	0.871964192686033	-0.782530702545638	-1.47693530758542
NaN	3.52730989950588	0.503923771213599	-2.48305190519896	-0.965611460159877	-0.301175308585314	-5.44055711276097	-3.13081905492285	2.63550724599063	-4.48013424216012	-1.00651670654486
NaN	-0.961511511400742	1.06337479013477	-4.0770405406398	-1.31794516505609	-3.88559213815183	1.96958026589333	0.623755841911547	-3.37933280270188	-2.34090107675839	-2.50929616498095
NaN	-5.59320157530237	-1.98445798722159	-2.04180559306825	-2.27281154945577	-4.32228246835101	-1.68865401582635	-1.28527828625277	-5.30183609496765	-3.56545119925153	-2.56893439442506
NaN	-1.31056114900371	-1.58016224704776	2.21350303032916	1.2893872030367	0.502712100548317	-2.00328249213064	0.483588506297768	-2.52094338652421	-1.29753263726468	-1.11235198140704
NaN	-1.10386403327322	-0.926254894887705	0.757333355451113	1.19832770619339	-2.17976562314231	1.79793968625932	2.21825744260098	-1.60711832172952	2.6928301601944	2.79733829206428
NaN	-0.995138419472292	-2.10255249130712	-2.77902590335474	1.67909216979016	0.557713348396162	-3.51311789121352	0.686995043352368	-1.68923400541693	-3.45289025321947	2.68509655719229
NaN	-1.32412018371455	0.751191777985578	-1.99309747293023	1.78764960682436	0.163491734586412	-0.400297144175733	1.36346533976997	-1.59367693402784	-0.85749003337097	-0.2082575709328
NaN	-1.11990419195511	-1.1489984663186	1.76408703067319	3.12810893948921	0.440137899650307	2.72854537525243	0.834420444033233	1.40865349398977	1.02477583729112	0.235556972816964
NaN	0.657783902590905	0.130052724273757	2.20607113036143	1.61289993359257	0.108975826500353	1.58179352388691	-0.583932887293149	1.50283971692261	2.05959758213478	-0.542810310167617
NaN	-0.724034465911248	1.15007070788885	1.72589298421365	0.206869842942066	0.933050617064314	2.5765751959607	0.626307894894638	-1.23511892644123	3.13950179219293	0.0227635446485056
NaN	-0.467489551299774	0.677713633299708	-2.7571785219648	-1.62845113106509	-1.99977823738104	-2.52810526587681	-3.3399970049657	-3.77687517344968	0.574528995759518	0.43393476038963
NaN	1.29367509400195	-0.339584026056952	-2.96059666028366	-4.78110406542925	1.0848922140954	-3.73055231584622	-2.35199671987028	-2.21402437004371	-3.08735195756371	-1.17749981856025
NaN	0.565123429669705	-0.101435903280044	-2.14508036009822	-3.37522703247886	0.0765151707001065	-2.11242717096416	1.99285211481435	0.253949839224393	-2.09836284268855	0.299347317673491
NaN	0.0608292868688638	-0.716733488463125	0.506063355810611	1.81064929553614	0.338024470751736	1.09012301799744	-2.3301474279026	-0.0750262045264266	-1.30201027997309	2.47093292452659
NaN	0.54877413083393	-1.00265656316965	-1.63500472237963	-2.56632726679505	-3.02243122940819	-2.56712898354609	-4.26990733840411	0.303854228803657	-1.54936883150783	-2.32170918667879
NaN	2.19974605446054	0.462288655502836	0.502305500175601	-1.46544962377778	-2.67669545444926	0.221703857251771	2.6656515518916	3.03235592001146	1.10765897072392	-2.55246662158391
NaN	2.30014006755322	0.448384984901156	1.45395578196083	-2.11058827491828	1.00581700488002	4.66302155034177	3.06323014577482	4.88799422530437	4.31652634618901	2.51710906609985
NaN	1.63979913519244	0.560297830195648	0.284463911067704	-0.361127849270988	0.708445098186134	1.31785773634816	0.557725454907372	0.929464508680633	-0.26102341016265	1.49457107158606
NaN	0.0725145898007958	3.77957321545186	-1.40968767888531	0.58410514915137	2.39545983716914	-1.01823664994437	-2.43744427563417	2.16376379775625	0.745063048912378	2.15916035543994
NaN	1.52339403771323	1.88136770993484	-0.417329932473688	-1.41790674473679	-1.11437773815271	-2.12263627022281	-1.47926760022465	2.49395940151783	1.83585535435423	-1.67404532761227
NaN	-0.405498027047111	-2.50612807348924	0.278883339384254	1.30703470098413	2.7518414207972	-1.03980420919854	-1.91218337242041	-1.18716216246688	-0.80234896949874	-1.65719821108763
NaN	-0.499619908022299	-0.793782140799846	0.432053235767538	1.33829865023394	2.57455399678641	0.423990127966578	1.45496256848676	-1.49903848125456	2.31770163875265	-1.06259765155339
NaN	0.17245922235767	-0.442373725012954	-0.594294000878833	0.774694396423856	0.926723208854297	3.79461720369528	3.49774845692564	1.55724067667497	0.90484781908583	0.836650635383739
NaN	-0.0213775094504501	0.765235322715516	0.143194788136692	-0.267871210104263	-1.98099063587409	2.76052604593427	-0.366446742614113	1.04859181697047	1.94427460659173	-1.13303813588592
NaN	0.610903706325805	0.136790419365711	-0.112660475715253	-0.219642439948537	0.599714233651323	-4.35372806795793	-4.75558883152158	-0.0662720831231369	-1.09407542423611	-1.05642619987479
NaN	0.215057263954502	-0.0633612237919124	-0.392073602585043	-2.04432237722363	0.151293429870069	0.433624607248721	-0.285602572095991	0.713738016999287	-0.47910448170903	-1.09247376525887
NaN	0.182640852629958	-0.518456721202235	-0.0106989877092423	-4.111291020739	-1.9781715897974	-1.40971310926343	1.36895532458577	-2.06910096125898	-4.22919302804727	-2.85793495555157
NaN	-1.38749356367869	-0.757935018657997	-0.711174394688298	-3.8676526305026	0.501406103371552	-0.84313480278165	-1.5747107157225	-2.4441955395923	-3.27917660861514	-1.85487764634538
NaN	-0.272289146583134	-1.90819397574758	-1.63716296628773	-0.779678013125624	-0.906775181832665	-0.912419736018194	-1.97588671150004	-3.98085194191943	-2.87249917098026	-1.63391845684606
NaN	-1.94045525952794	0.963313597148906	-0.820724190397429	-1.41857358021117	3.20911629479038	0.775304438433769	0.457649589907636	-2.01475318693873	-1.48794001062497	1.2109476818339
NaN	1.75137991716478	-0.197007015987415	1.78699807949318	2.85873663764326	3.64204771415163	-0.271827687051146	0.706663723113466	-0.497414862704117	-1.08284073646175	2.46446193043468
NaN	0.200199189086707	-0.634887636513181	2.12099403036205	-0.213539359444081	1.46326296202338	3.97286901827344	3.43333196888531	0.557136975867085	1.43380238654222	1.34311048481685
NaN	-1.63222662276882	-0.144101761621357	0.99958407232195	-1.46189497102121	2.28577314143719	1.70401146909636	2.52620755757792	-0.37144255467858	0.83124097649071	2.99638563544905
NaN	2.61944906072512	1.09402497968844	0.350168003812535	0.501377545977111	1.43312387402107	0.170050805655506	0.363190182525736	0.443633546758034	0.45942459618239	3.98263618271691
NaN	-0.814471939053219	1.00143239054892	2.31849548546877	6.1503503500032	0.647938062771722	-3.05814161868322	-0.278897774600106	-0.773900845171093	-1.77324117896343	4.09924723050437
NaN	-2.26460184298457	-0.44844849170153	1.02582400123087	2.06978767162849	-0.341064076654106	0.643820477779644	-0.468296222299057	-0.572517341705091	2.11664287547762	-0.2851112793843
NaN	1.76420061589638	0.198852033840912	-1.17017989426436	-0.31210423232888	0.162793519884932	4.01737540696273	3.82639202237366	5.636990817154	5.64110014756891	1.26714158297146
NaN	1.54266832031177	1.95732834784695	-1.79261797187653	-2.22764941313755	0.109658101444639	3.46854675429615	4.09721743392114	2.45559028722904	4.06177638635928	-0.773455920889075
NaN	2.32925012195175	0.764943058463228	-0.686313736407579	0.94584923655673	-3.00092457153106	-0.23314878831164	2.50828129665869	1.38472979632406	0.3117702543896	-1.52620076601576
NaN	-1.58458414013264	-1.35830209516586	1.20850230753888	1.33927490241251	-2.9747235664863	-0.913694049997672	-1.10366923779178	2.54109503271162	0.907481352012341	-0.65540690745173
NaN	-1.3025930629426	-1.42681798671235	1.90259574794954	2.13838522618051	-0.310080641944333	0.606427617706984	-1.4001172232197	1.74246389779947	0.473757537558574	1.72652787456633
NaN	-0.612925218305066	0.0342544020209287	-0.825132214475225	0.813694194878007	-0.918575900730112	2.86494020660544	0.703607151131102	0.0501363061226107	1.45629291346194	3.82395352655127
NaN	-1.53351169095179	2.12675396887655	-0.184004753959965	-0.60890760235316	1.19680730247162	2.74106597312812	2.32957800669758	-1.44688161742573	-1.32139450449604	2.33892474952656
NaN	-2.00030087971476	-0.810016824068854	0.429532588682627	-0.506538931105951	-2.86533629778178	-1.87282388457254	-1.34806412257966	-3.16893586719421	-2.02283431563699	-1.39942848765277
NaN	2.26253419412596	-0.596969275181903	-0.426117922373085	-1.01734238177257	-0.146810078609511	-3.65879718199628	-3.81510943893678	0.840165040420332	-0.956127126727757	-4.28721476515143
NaN	1.88463828423838	1.84868297679287	1.86387582650574	2.94998537432354	1.33060533950215	-0.269884212395861	-3.5781189592319	-1.56363125328983	-2.02499327887718	-2.66086982939605
NaN	1.31787224280408	1.14200760079896	0.725781561882381	0.0248960719018961	-1.1667260233404	-1.44537338433316	-0.527395687257106	-2.67445686536809	1.33433463969106	-1.5410302336184
NaN	-2.44066133793489	-1.79028135747883	-0.827798078123446	-0.560895222929937	-1.02076515973166	-1.18440722204271	-0.95381152753148	-2.14904824583458	2.375050036044	-0.336640747770436
NaN	-4.14623347496437	-1.79327030547292	1.92733985807039	3.54018385046036	1.54705446222912	-0.819479848566224	-0.193940582187663	-0.253238121310235	0.992130888919742	1.34496979961679
NaN	-1.24297488092897	-0.863488303036515	3.50254414069177	3.71267213825805	2.64367094368403	0.917692895880687	1.66319554771777	0.816929356457947	2.87226212428337	2.45576640549979
NaN	1.06723953203205	-1.07262660677279	1.54893445032183	-0.66143552031185	3.80667311332472	0.719262269497079	0.55530910130799	0.840667780440963	-1.64740185003539	0.951315848352339
NaN	0.315997609204201	0.508568885498412	1.77494965515529	-0.705308297689321	-2.27573080550158	-2.20735216440814	-1.58934960909239	1.8901567983615	-1.68773289340942	-2.27902355016341
NaN	-1.54472128471478	3.57312716868325	0.628804187878979	0.724851180876906	2.40851006428662	2.50933996556778	3.07865428592279	-0.153952319960865	-1.36866504293164	0.526863727955045
NaN	-0.766742286082166	3.10790816694463	0.153674773543443	2.15315293000419	1.2450428689305	2.03621970835041	2.84892152209257	0.804838384080213	1.05253343685828	0.465079755802896
NaN	2.91306038508476	-2.15112035907817	-3.74465148419928	0.0500444175946808	-2.21786121817712	-2.52533357624093	-2.69699847382657	-0.809736981766547	-2.07541290932686	-1.36271209174186
NaN	-1.77648681826708	-1.55578169409966	-3.731226685987	-1.57240976552548	-0.43661960452687	-1.78044878420973	-3.15465573194978	-2.95370356829693	-4.12900735615208	0.226833236213344
NaN	-2.15502106700047	-0.524770790142895	-4.90249735745521	-4.7996873287967	-4.03170669107918	-0.696244944551769	-2.37457076742703	-3.48834287065341	-2.08660750354872	-2.86641340057989
NaN	1.86098091298588	-0.868481688598491	-3.12630566932701	-3.82296982083236	-3.63521968858107	-0.938746426091602	0.208562692736186	-1.18106349717681	-2.42053911750563	-0.431919423838128
NaN	-0.439897674576397	-0.686674200264052	-2.27148382296136	-0.86059561080867	-1.3684430902238	-1.04565616712843	-1.7304139202841	1.44977970561294	1.33433645508965	-0.284139833655719
NaN	-0.314226885445449	-0.824647327094813	-1.73480554340578	-2.0758623542336	-1.17686747849496	1.15862473370517	2.55650124320111	1.34005649719102	1.47016443181016	-0.0829787095072296
NaN	0.403744279073683	-0.200928583930228	-1.90624408285431	-1.44393455900765	0.555326763663387	0.339405440269575	0.773919995398904	0.854645020662754	-1.59897539212154	-0.835959262643259
NaN	-0.861743305804962	-2.17992399278368	-0.703158792628388	-1.54419074963799	-0.916404238909105	-0.899569630864779	-1.11839690442542	-2.08821576522534	-3.60113833257596	-0.0756889164280717
NaN	1.13534113010777	1.16023460535455	1.36357307730872	0.601606346467706	-1.72002610274581	-2.53564862322009	-0.454349893923376	-0.304742970364631	-3.01329939354081	-0.00917981413041979
NaN	-0.597982128651752	3.47981469730606	0.983375623537462	1.18616123314057	2.43188256771575	1.23575854700653	1.57080188022583	0.861405269798863	2.47456608519472	4.23159643792575
NaN	0.223988953423215	3.49852655851333	0.814760871676963	0.26550405967305	0.15949663968183	0.191460983497087	3.60291379500295	2.32334645880974	-1.02624087492474	1.45686460278016
NaN	-0.217350983087456	2.5415089155606	-1.7135396150812	-1.33638776433062	0.11440359987393	0.222751272648147	1.37238644579389	-0.118624345829467	-1.31026706954076	-0.319337854727192
NaN	-1.36293435906139	-0.818589075447413	-0.247749584725526	1.22463014463309	-1.54367416002931	0.332668306483066	-0.667596149356467	-1.11227821605212	1.00680375892566	-0.551094791323998
NaN	-0.293080077073873	-1.65378517022143	0.117924755731228	3.1978091348075	-0.7724884186435	-1.40811993724537	-2.46181965357394	-1.43018747764144	1.17670704859751	0.814665195163897
NaN	0.479640996874114	-0.670332014726739	-0.152126429897711	-2.13435307595368	-2.44061528861166	2.5147128060816	1.86682842496362	1.03054261240417	3.59748421509462	-2.23327347768677
NaN	0.543370571199113	-1.5834950998624	0.834516117704965	-0.00408532278500956	0.0365526931101405	2.07097109560742	-0.09627968848301	2.94364415483848	1.53042313376766	0.139054623956377
NaN	1.46795223225256	0.30176312818479	2.32944727111108	3.25715331863698	2.3342494829334	-2.18919436383829	1.03136849024045	3.37702956604541	2.02036743237049	-0.232022610619797
NaN	1.18133688514877	-0.939120800385789	1.78486258268794	2.19572306197595	1.87999007389829	-2.40714608207798	0.225166012936863	1.93943753005855	-0.203190193232973	-0.458724730651463
NaN	0.310421400033432	1.81630543871628	0.538347831772996	1.30706487975949	0.0827021383429932	3.8023330467324	-0.505929487089225	-1.44058780281573	-0.108513285173336	-0.927833044954075
NaN	1.09461763984918	2.41904048625893	1.65985992934803	-1.0489521616911	0.783151254513209	-0.135563572768351	0.963995186902555	1.29316589253399	1.55386117453867	0.123281892960301
NaN	0.986205542704737	-0.247076888838775	3.84231039328691	1.66170623697911	2.31083574743954	-0.366129696400666	0.701401485372734	0.111823738671234	0.931110692092311	0.719582454887926
NaN	1.02049658268598	-2.08661183975197	3.14354965531148	1.20462054608619	2.60966249895582	2.58770717729935	2.55900342462765	-0.557525091222303	0.54519441345791	2.24838198642494
NaN	0.648065608470645	-2.50688239159415	-1.72668748675903	0.376740297173876	-0.356856983544033	0.735200668333728	-1.58551194763825	-1.34531740915174	-1.38377831642234	-1.14411039584653
NaN	-0.496575109081056	-3.52080009121069	-5.03824004946517	-4.60372784852063	-2.68212468457789	-4.71568263302199	-2.6395801556402	-2.23834611792625	-3.64828717146704	-1.33663242268419
NaN	-1.24621626186152	-0.0765991263836475	-2.30730238327228	-4.74494164434222	-2.39590206401383	-0.618064897020717	2.00733121220114	-3.57421085023097	-0.377580909265722	-1.39575146001574
NaN	1.3114752414845	-1.01738086898891	-0.737474680312366	-2.5946509508045	-1.92807136966222	0.318512873765554	2.82241638976009	1.76083647714815	1.03177423907175	1.84852520277851
NaN	0.242752342590137	-0.426267490584304	0.903998983080323	2.5009893551502	2.5350621499154	-0.224344310050745	0.0834179450456953	2.25151216694647	3.25380689991353	2.26245795533952
NaN	0.233456731605671	-0.192267258921877	1.49066259814482	1.7121559065179	1.65163600309705	-0.00648574128775636	-0.438734016646593	0.528784229371558	0.549003317053246	0.00522807834600975
NaN	3.15175298869836	1.41063880500813	0.298778051723672	-0.406194369938377	3.65598224002794	-0.0736235615379283	-0.0581929948842408	-0.990259517497081	-1.04177735118852	1.45965388381252
NaN	0.405775951851318	0.397818164358955	-0.477152808634533	-0.159334631427631	2.62473164044935	-1.10131850396366	-1.23665613823329	-0.626947217745456	-1.19623406607634	-0.42172818546692
NaN	-0.934053748389791	-1.35857989556871	-0.799791374343945	-1.48840612285546	-1.80398918313394	-0.415196022651423	-1.63252269636045	-0.467150473094299	-1.03036180160973	-3.79806179473496
NaN	0.827092443359038	-1.98079487839215	-1.15227683026644	-3.48098337144845	-2.37654151948543	-0.616852544790892	-5.88027404303362	0.800254848943823	0.637981617262573	-1.60563184541729
NaN	0.301684534357102	-0.936576382360633	1.00426552647519	-3.17333667538022	-1.67889967757632	0.672016463463386	-5.13279592651025	-0.0315570104304352	-1.29011158637992	-1.95107425328339
NaN	-2.20491658324645	0.498657105030221	-0.836181708982187	-0.592063927357418	-1.84594472565026	3.77951135735955	-0.464468851745722	-3.65636861572295	0.240865992315722	-1.25510853675372
NaN	-1.33116075284744	-0.0220957468607756	-0.853850257549426	-2.93151654768296	-0.876471881367004	0.784524202388186	1.56005023830204	-2.31765234291714	-0.704552971917718	0.746564974859241
NaN	0.625007430899762	-0.958768953646657	-0.756721143244205	-0.125083881100503	0.891958225733792	-3.15021374940363	-1.26347747851934	-0.964663326996199	-0.949742573982019	0.962157152283772
NaN	3.40870742742476	3.20815921674736	0.223373069414202	1.61821076034494	2.24315901509576	-1.56321566323907	0.261279212046499	0.48078141483963	-0.43204876054006	-1.71505857770086
NaN	0.535327012226985	0.770538338412251	0.768571334083553	-0.475077155486136	0.563843904385587	1.93680676090179	0.0686438424958339	-0.109460056825999	1.05566460989533	1.77143900470894
NaN	-2.71886106990923	0.111465377138444	1.64677394021273	1.48562626243351	-0.684066876558924	2.98875179876103	0.515780641504798	-0.108155078759071	-0.77617139521382	3.16080284038466
NaN	2.2975317013013	-0.799524963578014	0.216315968950603	-2.11317546654639	2.63942675253041	-1.74513383803982	-2.67469556397401	0.46459902160288	-2.86340720114835	1.63830608239567
NaN	1.17208289259058	0.305754531878213	0.194362936219636	1.72048071292736	1.57536841245861	-0.39458252553172	-1.24792069611224	-0.00592980041276997	-0.857861219602892	-1.60581221170381
NaN	-5.4967588986312	-0.136802347151235	-1.10599265894934	2.60140541724387	-0.917440482982736	0.0336531162257278	-0.0324269624852807	-1.52611222242966	1.284430895609	1.38641490958559
NaN	-3.42609588267384	-0.491880336967468	1.25692391068468	3.22889923917114	-0.488839311243871	0.151136777535074	-1.75216610663586	-2.46507741119362	0.342091000162667	-1.26916651359475
NaN	-0.772969007673156	1.28656053669581	2.11033420033759	1.46715578230816	0.061575408362019	-0.316934635640604	-1.57861258167101	-0.956491705023142	0.36476235095968	-3.27563852619415
NaN	0.204573568471785	2.59210618433159	1.56242027509382	-0.0141260478365155	1.25667601629171	1.38170777118277	1.35805858631402	0.914592192458634	0.698867287253952	-0.305770765918098
NaN	4.98673037163432	3.0930401732258	-0.421541381169607	0.848272772663254	1.1527619620278	4.04405434399607	3.81577517868303	4.00287079045103	2.99204550815459	1.57415472757235
NaN	0.985223265027872	0.934151183591089	-0.177271707354829	3.45448279983536	-0.356186682287305	0.242846239480102	2.01330674714158	2.34876222070243	1.93803015113889	-0.456048994854685
NaN	-5.28126349107108	-0.837496155943275	0.120506353517207	3.71137290666576	0.340726912930128	-4.26298276916296	-2.66274716070394	-0.80495644411574	1.51101697957124	-1.10120571547136
NaN	-0.390970630351107	-0.801917756130697	0.884686644123278	2.05634533179288	-1.52412306382937	-0.882325932460289	-0.950159427570661	3.40120987755029	3.17429478878887	-0.596643677575632
NaN	-0.385488266688632	-0.446163930493357	0.0884199074360525	-2.59085840714868	-1.75757576783717	-0.288426573502997	3.44022786510156	1.73231411743743	0.132388173872821	0.952427114757606
NaN	0.0563639967640135	-1.0429354605914	-0.263382450589882	1.16298390810502	0.774570759906767	1.72924763291269	4.37592235450065	1.33877586316119	0.31419451425789	0.0232045745023648
