NaN	-1.12064900071684	-1.33567354016446	-1.04809297233591	-0.963208644894963	-2.14099945513403	-0.490814184782099	-2.62028030749347	-2.14077318431142	-0.0411897766372943	-2.28492532663565
NaN	-0.366791490488378	-0.315486395238066	2.68476277469101	0.776993686648089	-0.424837387027807	-1.13737743298607	1.64099085530347	0.572143001845454	0.773646592624849	-1.71280050994568
NaN	-1.23160508316176	-0.842207051614383	0.912517892460003	-0.864236401165331	0.652532152183696	-0.281579714692559	2.67678819943657	1.49300537985777	-1.38815835950603	1.60142242977568
NaN	-0.54315292559934	1.33915404757682	-0.583211156392729	0.392076575454066	-1.85077282934028	-0.52988355700538	2.14611567297428	-0.854878813286589	-1.68959754464863	3.40906313043766
NaN	0.496176304751068	1.50737575058841	-1.28608994898872	2.84603704764292	3.6477037195016	0.647844453629946	-1.91116150085211	-1.03423607055678	-0.870115795708829	1.03073634257682
NaN	4.44608374578865	3.50760029338254	1.54961670782266	2.11757926138272	2.65994075211135	1.1738435754257	-2.73107092167045	1.61445325635579	0.720786402283263	-2.78472450301796
NaN	0.258826620984358	1.45944685648929	2.2221802738919	1.7789449138256	1.52645261367076	1.15048881512021	2.0660954188158	2.09112051663044	1.41298782946592	0.0145109602765524
NaN	1.40719946274134	-1.28981524348322	-2.65663551495776	-3.38092587639331	-1.48681805066342	-0.0506448389809704	0.858991056582382	2.08851636769339	4.34913080585258	1.18320753160515
NaN	1.10353556421097	-0.0783287351586022	-1.29389688408297	-1.52898690673088	2.91147678540252	-0.860536086728009	-2.2845305238292	2.25439096544909	0.0769304242776375	-0.120626054619998
NaN	-0.873976458292067	2.60306486263005	1.50953246218668	-0.8708978839772	-0.055511462731627	2.41767234676606	2.87360385951665	0.770892774438373	2.31326998264778	0.890012919031259
NaN	-0.989298777194814	-1.49505456026962	0.117733659460375	0.142196368239299	-1.60692760045909	2.86870827961718	1.19206411429713	-0.270946779975096	1.6474985571688	-0.124284907352176
NaN	-0.509676871969154	-0.794780254999824	2.43643779813525	1.6120966687694	0.84998781426295	3.26022837016746	-1.3555061033059	-0.974860981136375	-1.01154738966959	-0.963344450325667
NaN	-0.403685703105686	-3.66103162463404	1.76768500756405	2.68304469918309	0.696895459964667	-1.02377564465189	-1.13675143535845	-2.21998667892889	-2.89690267540455	3.59009514817006
NaN	-1.7945605976396	-2.24233246827793	-1.13051264300891	-1.01026072451502	0.945808520936025	-5.28292781905217	-1.87146228472836	-2.79264780768214	-2.43240190768927	2.40564473662409
NaN	-0.621971068430347	-2.32660308806628	-4.50179228914678	-5.1949142030116	-3.30674250558472	-0.980502854876544	-2.64489521400832	-3.5133738511365	1.72930860730467	-0.99341676281907
NaN	-0.501421381375145	-0.891701167188868	-1.15541901933025	-1.08066966266121	-3.09712434592895	-2.45096250556598	-1.62728137667204	-0.952261475833593	-2.69160977544343	-2.93576105190174
NaN	0.679322623021145	-0.331197302285762	-2.00592889264945	-1.28987506115367	-1.73418834385479	-0.355326152376746	-1.0395391294153	0.787154105398719	-1.94409200237418	-2.4800112209222
NaN	-1.24801635563309	0.149671494439561	-1.63585260029878	-0.82460593656802	-1.68313443227817	-0.304630259115084	2.2602962203601	1.77804443160876	2.4179245859182	0.58872700202808
NaN	-1.5552431721751	0.308042640679325	0.575159333443916	-0.974898613445366	-0.443819551707419	0.567106032267258	4.78816997838996	0.337742441340994	1.92757944259702	2.01889460897144
NaN	0.361273045396648	1.2867903543297	0.18302508830039	0.555958401167006	-1.60121067368335	-0.436223151408879	1.36073772748439	2.52999197968233	-0.933377345804036	-0.430490253855311
NaN	2.42892685639278	-0.744688802085394	-2.4093022089878	-2.33081576177419	0.466704774760629	-0.914717054247737	-2.01752409048719	1.22780529443541	-0.653357058618495	-2.09907631720012
NaN	-0.69442358063688	-0.156364435254832	0.355077761735165	1.81485754628452	-0.741238621521045	-1.08805462391372	-2.63937504478959	-3.32270786538423	-0.335229285181264	-1.47720362967715
NaN	-1.36649583856985	-0.352401607308548	-1.2801513015068	1.17427739261713	-1.00563825801884	1.0194432797142	-0.0447904099050529	-4.29551713422256	1.845244857617	0.618112544137504
NaN	-0.77747229316063	0.245097687139124	-0.753257372310052	1.40665356592314	2.32994629362487	1.39609151635325	-1.24878598361234	-1.99825914402995	0.661742696460384	-0.575579455168944
NaN	-1.10110413265281	-1.45149118337896	-1.72550578909769	-1.25494406316428	0.233442203128396	1.23506639639322	-0.892246155119989	-1.19309729594433	-2.61798717292646	-0.0950644136298415
NaN	0.0113975587855927	-0.49057730071414	3.10036255638882	2.77011812355332	0.0922374759901479	2.08085928701783	0.676213076419343	0.090769492167031	-2.90040307233382	-0.945580198749299
NaN	0.277853217958314	-0.409923844594319	4.77612273965407	2.25364445384625	0.479130661859223	-0.71060551615524	0.174022728236787	0.711242547378909	-2.52057513331668	-1.11128631219671
NaN	2.08863727995306	2.19100425588054	1.86146840138926	0.306146835257378	1.19835794223738	-1.69407615308573	2.28187631931703	1.91156325381399	0.0404183776577015	-0.934067779165707
NaN	3.36311577041721	2.71519719171214	1.40316824993284	1.06971064518005	1.18704955816995	-1.55443005436255	1.75357903218342	1.71625850125741	-1.20287982408275	1.62473889892917
NaN	-0.883289542764755	-0.425186047815763	-2.7788988836048	-1.70356141318421	1.83345833081486	1.12729545432229	-0.733025648314079	-1.33919009687416	-0.490800749586868	1.3067869348725
NaN	-1.11051679308971	-1.08847635615656	-0.05649795250475	-0.982035258487852	1.67020479933727	-1.42553104112929	-3.65252933376269	1.15640563987565	0.0215912152028911	-1.68272305248239
NaN	0.282852851187416	0.69292082955907	-2.56248726266408	-0.581140972331918	1.02929304975061	1.40044703222606	0.640899586266064	1.4228710523472	1.07065464582112	1.30977174252197
NaN	0.657816528981335	4.48488574933191	0.301966220866072	0.0346958219898342	-3.55521441652672	2.00664251037289	4.37776007128965	1.13287921720185	-0.507710587561506	-0.180869797732247
NaN	0.847264800697703	0.986623161931345	-0.0552747968560238	-0.327166579609976	-0.769927639078394	-0.399775409274283	2.82455996361005	1.38477860660368	0.992325158395139	1.18959449191257
NaN	0.171573665650097	-0.738273893861942	-0.00962960733450408	0.968511844524586	-1.87785381717736	-0.307268486117325	0.831967286644684	0.919558954155882	0.885860305572652	0.315743734540332
NaN	0.44877041495355	-0.253438692465577	3.03441004678754	2.66543143540235	0.880238439647608	1.0426286000183	0.435853419889891	1.71253773395027	0.706868810563454	-0.0811370807157684
NaN	0.603484054439329	-0.561934376202585	1.25494377970924	0.469755452968595	-1.08932626863982	0.21968777910047	0.197893835168454	2.32275667809075	2.86530239777604	1.34403575798019
NaN	-1.69410668727013	0.97900810043775	-1.20098685873868	-1.34873861996409	-1.54302548030037	1.64128302784129	-2.26054026347984	-1.30388596163702	5.0262144445291	2.24983363844973
NaN	-0.670271804176155	1.86532107912864	1.60433261810974	2.13194812039327	0.267366328030338	0.202813126795142	-2.29672580576346	-2.35477193134596	0.0145388473119314	0.985783914156462
NaN	0.686301896227447	0.688431036494609	-0.181003437261756	1.45505672414414	4.13212027324887	1.19887748351528	-1.36103486184581	-0.88622415246303	-1.21106244524198	-0.543276613635727
NaN	0.322681012463455	-0.210160823198834	-1.24292466491153	-0.83965443361353	0.943322161234448	-0.52000853451546	3.17427105048833	3.12317278039262	0.144410766639074	3.80648500660353
NaN	4.80578342503735	1.59689967553687	-1.25435584239191	-0.597311205915951	-0.268265948955225	0.840104366552815	2.08192430528811	3.39273279524935	3.06968265689631	-0.637130580541241
NaN	4.68608145214524	1.31557912908724	1.45642147187569	1.97995482397964	1.030900960912	0.317569000525611	-0.442838464549711	3.25363042467938	1.38279466116453	0.900431545677762
NaN	1.74581894182736	0.827790484327416	1.70740768023739	-1.27567448991048	1.07317344643016	-1.40736772594637	0.372852526227371	-1.35249698731423	-2.72611154486308	-1.11552725935767
NaN	-0.393756454756444	0.112303360321792	2.06028825111807	-0.480627420360108	1.18120739436166	-0.97478006941527	-1.6880201893904	-1.89982769998798	-2.04291032573763	-0.448793993252468
NaN	-0.128275566358331	0.993963606223421	2.60887739057689	4.12412333802794	1.39702291234948	-0.52778334409267	-2.51630480386427	0.318842009996533	-0.668984185716803	-1.56267091587559
NaN	-3.70200536389733	-0.657377174500569	2.22895012758848	1.25909326415055	-0.546441016529816	0.785000411387656	-2.35745191985721	-0.773498414001429	1.1607489163357	-0.91824301376467
NaN	-3.79443956630907	-2.74584168668268	-2.18262187721802	-3.52635992804897	-2.61947606401412	1.15705091031047	0.972560562426446	-0.60526114581203	1.82278956279688	-1.4035801001948
NaN	0.170295672301405	-2.7880320576686	0.169738337883029	-1.60925748152333	0.706015715842317	0.323691079876422	-0.240050053715362	1.02347243968514	-0.620181621938737	-0.484284369863239
NaN	-1.78946524008876	-1.43775677222818	2.91564086777481	0.613841176125089	2.14537663618722	-0.805031205433081	-1.33084994733531	0.323248208147058	0.376756024050731	0.340492581091177
NaN	-0.792896932874992	-0.632111363525271	-1.09950124002563	-2.02696593815844	-0.771932843777306	0.282005554624384	0.585407356332566	-1.37621987724622	1.87392187198252	0.263542685426969
NaN	-3.83125123496085	-0.256701518789535	-1.8892578498657	-1.53745547917264	-3.29553419211684	-0.0460960483334655	1.05827771633613	-4.23786731678792	0.268419957360851	-0.791798670774589
NaN	-3.22942788004866	0.029448256237211	-0.967220660480923	1.07406892097851	-2.16768973757892	-0.949462484159494	-1.34088350163416	-2.61141416126831	0.202450460520934	0.824206276093914
NaN	1.09002757289566	-2.02404726759103	-1.9181323722402	0.976481235450487	-1.21877496066414	0.556752090232083	2.37561801037979	-0.585234374311615	1.60451357994358	3.55207896982816
NaN	1.34068071906927	-2.01499226713787	-1.6397914306681	2.12211539485345	1.02733732351451	-0.276670837439162	-0.955538006035334	-0.350834455007415	0.138974052043618	2.08839948810213
NaN	-3.85966051799135	-1.64195693127566	-1.59755473535918	0.252049304737363	-0.452440423676779	-1.94839101513361	0.692547107564187	-2.95426476398879	-4.76032931469937	1.49586869984817
NaN	0.0479809306028153	-1.80296488420436	-0.760995980301076	-0.892520799361638	1.18273146114228	0.0458704493919273	-0.635517552108153	-0.573582440543777	-3.9104759091553	0.736143807069111
NaN	3.94332998381523	-0.0915035659894907	-0.807825474303693	-3.75022580537015	-0.223188299528137	1.22822610891386	-1.64829394995787	0.979791056605816	0.0325059061252829	-2.04782168064984
NaN	-0.230416939438253	-1.07847039425028	0.478331450147846	-1.61679508624663	-0.236405163795077	0.275716347710132	0.467952396857775	-0.202870769226931	0.991258423195967	-0.893047845549034
NaN	-2.28382484699396	-1.65025020605593	2.27913695191271	-1.35867297039306	0.349448800924697	4.37536337235712	1.00196997722866	-0.0628321546528325	4.03086877651204	2.04811256679063
NaN	-0.809974508044534	-0.488421060822731	0.29332478338772	-1.77767814849284	2.09270354419099	3.46196856312851	1.96563488019788	0.719232580073149	1.80013931605135	0.117646490462823
NaN	-1.70183676180849	-0.30186969074247	-2.24667557245	2.00868785717935	0.606493541048684	0.334969004000998	1.42555305435353	-1.12898466137716	-2.96341722121396	-0.678756301953796
NaN	1.61189505180524	0.900915676888436	-0.779967598048683	2.50287312164641	-0.313526093464372	-0.941698974950153	1.75052193427958	1.39681935291069	-1.49973632566599	-2.1849008835891
NaN	2.94028142513237	1.71127796792079	0.435826180732565	1.49694894195507	-0.194645181525874	-4.29127669666131	0.161971639753448	5.03392456919934	-1.64238531544869	-3.48263295604753
NaN	-0.886179941835494	-0.637601813439442	-1.97043404124589	-3.2952268444966	-1.07833132623659	0.206454510238724	-1.74022651926931	-0.0233643010976691	-1.35299423569672	-2.73392022869596
NaN	-0.726402004969805	0.217228869610582	1.04705210244274	-0.486154339321756	-0.368231055302429	3.07062258962078	-0.0492806421653006	-0.886544988606986	1.3741059948368	-1.72635090118555
NaN	-0.918008387875815	1.140052597406	2.06513717924398	-0.567488816212758	-1.26838126012078	0.679884881128432	1.15001879563983	0.916895281060106	-0.945272511165924	-0.102107080523564
NaN	1.98284851047244	0.140199286272902	-2.609483628126	-2.97487511737483	-3.81751054972283	-2.90489227435917	-0.0750496045258518	1.29301138982945	-1.41539484911944	-2.8451882885728
NaN	3.00948378982418	2.64781344626777	1.88298644292297	-0.217754128682328	0.49659096247721	0.866651079721243	-1.57564057231011	0.899144352075549	-0.0310196946203543	-1.40735031192333
NaN	0.111278973771589	1.56228210827836	2.30367339261382	0.944317322188338	1.67769232848218	0.229593248495965	-0.0825389145975321	0.194542119234577	1.53380177644136	-1.51640254782936
NaN	-2.52082705549418	0.0645280357689219	1.8079428447696	-0.022131052347141	1.96821528417888	0.859526323994885	2.18242199238724	1.1782257649396	1.02303007964388	2.76755188641568
NaN	1.7702019966136	0.622508484187601	0.922582578310324	3.91793244114182	1.17212814616058	-5.05216532520246	-1.77878529412603	0.912766175508973	-1.34647104876602	-0.562399698593145
NaN	2.30931375202616	0.163601659763112	-1.16319750804538	4.66437197616325	0.316722528709585	-5.87765146500267	-3.64034551276917	-1.64622858126621	-2.09229897163885	-1.39671020187762
NaN	-2.55809666470436	-0.512485821053312	-3.73550234888825	1.07110528687213	1.00601774748539	-2.31678736761341	-3.25024971113912	-4.41266643229969	-1.60468922255607	-0.953358390258207
NaN	1.14506206349502	0.659865338151003	-1.43701714264099	-2.63685184987514	-0.700693810534359	-1.30074258065627	-1.70498276172819	-0.544226705245696	-0.559541889896531	-0.9266957404041
NaN	2.73015000724551	3.2420802525451	1.65539156565451	-0.20336069713154	1.6380951305677	-1.27276684795286	1.49721763608835	2.75288823719859	0.81556751303128	2.04425993015623
NaN	-1.48696861924466	4.00795428745549	0.508801999344595	0.40353811859073	0.108207297442167	0.654167087783893	2.98191009902764	0.53026033587122	2.66283881962051	1.19316942108366
NaN	-0.637290040299166	-0.923325519214034	-1.94224755717556	-2.7167094127391	-1.04498297361528	0.833431676998038	1.5719822401992	-0.426747641728696	1.16864995425226	1.1630317425597
NaN	0.112879842974523	-1.43875349892314	-1.56942954096039	-2.93808068556378	-2.86009510263991	0.0561182424101418	-0.87425270280845	-1.98369897906698	-0.796874405780183	0.639834181671468
NaN	-3.6279367020941	-2.57329435158178	-0.270796277493706	1.45055838976733	-1.7079874108884	-2.85836664337132	-1.29669651564366	-2.62241194799743	-0.456602761476063	-0.480824355855273
NaN	-0.348069144679675	-1.02381928503504	-0.900311876399615	1.34618476210825	-1.50438070112186	-2.61689242909514	-1.22868122581505	-2.07615100626134	-0.834444594325528	-0.459077634750922
NaN	0.522025441055491	-1.45021432740637	-0.783445943881045	-0.851225047678616	0.378933061283519	0.0271653382832217	2.58625367884418	1.34712134863159	1.22079849588404	3.1809736609896
NaN	-1.46530197386333	-2.61833407173146	0.38715462705519	0.025190900030616	0.212382107985406	0.454270467870973	1.09165521407002	0.207952827742877	1.86472347511107	4.15956635337338
NaN	-0.279251584297913	-1.58469010696476	-1.49862182737164	-0.69566542857335	-1.50561652258178	3.01894917168801	-0.685835721056966	-0.673515365547414	4.4046694243826	2.15194519828204
NaN	-0.771983701454731	0.128582893976141	2.0547091500257	1.93964719469405	0.0640025419139802	2.03015259186286	1.69151431180717	-0.310188508052607	-0.3515626232721	0.755635225803876
NaN	0.447539133683055	3.8226668085679	2.43286806939383	3.28163293460462	2.23344443480913	-0.980496604285983	-0.946863868972307	2.70852953537582	-0.565409278185321	-0.297056551804824
NaN	1.54733910239712	2.05202857028504	2.33816956647294	2.44544855703164	3.47025274264568	-0.442838908084386	-1.72012524316591	-0.250716408919724	-0.132451218568359	-2.37105461265162
NaN	0.0610509135064216	1.89039457067503	0.684220710614092	-1.09569717240857	1.15175407862587	2.05378452881632	-1.25858262006751	-0.748802805925877	2.37650193017652	0.855169526818718
NaN	0.165170783063011	2.38578559405725	0.723172344012605	1.49723030689163	-1.7465628423008	0.878600673707791	2.48915006190748	0.856141692317568	2.42553737306888	1.95160495629554
NaN	2.46858358815063	-0.855270570600244	-1.57193526502702	-1.77803470334733	-0.203718220506798	3.15503322125356	3.47934129643411	4.06139580596146	-0.576389494031227	1.27348021257272
NaN	0.838334997416494	0.491154414898373	-0.387321819541415	-1.90926792803844	-0.360566904734685	1.36340939582355	1.34850951068256	2.14668761529778	-1.48394277226161	0.889062501146433
NaN	0.377956471411227	2.22195925467367	-0.970142679101632	-1.50067890562681	1.64533890947989	0.50877707456394	-1.25724114437602	0.558544226978033	0.259485442627165	-1.09443724428941
NaN	-0.712654303635577	-2.38218109712294	-1.44324740231571	-2.33679205516852	-1.89083174700388	-2.73391816623579	-2.56666507919969	-2.87248102162314	-2.26032662622007	-4.26711661305736
NaN	2.28088061581279	-2.35449614811651	-1.77160623159457	-2.74073290214652	-3.35558095985816	1.41617704099223	1.59645890285208	0.966516577736813	-0.431629708725336	-2.23839109302928
NaN	0.886562107156841	-3.30665145828687	0.0477801421406405	-1.46103150909848	-1.32839448438797	5.86594155186663	0.725107592103037	-0.467094539372131	3.45645332704523	1.10863031355656
NaN	-0.0427082224463184	0.229545747840357	2.77473394988901	0.158477146215802	1.4184906961155	0.728559038700381	-0.533879366592839	-0.745678463207604	0.46509137245352	-0.171803516529644
NaN	3.42627518295458	-1.20027477912741	2.86416214966085	-0.797487952738335	3.4780078075528	-0.769385309486819	-0.62354951770092	1.12227728887494	-2.28593195707227	0.110436472141839
NaN	-1.20993245106684	-0.226501507050294	3.68740215875195	1.98133590683741	1.78058004841142	-1.40748290008439	-1.93305310496621	0.0909318628336934	-2.82115097959148	-2.14604085733866
NaN	-0.569720777030774	-0.504608996819653	-2.3201424960582	-1.65603082177964	-0.208636712314013	-0.746567705852775	1.57759503757863	1.08207105027185	0.84879313968939	-0.285155787331283
NaN	0.774078966304891	-0.843141310585478	-0.85912666212622	0.0332338880060891	-1.4094449519813	-1.51873624609696	0.874291347384066	1.27174054945304	-2.10280585398594	-0.913435757443488
NaN	-0.0921574379855798	2.38867225738548	4.1506297626111	3.14391931950143	1.86929281179978	0.111596806525081	0.109579970591956	-0.640858895614844	-1.51834582078708	-1.10812667384055
NaN	-0.475629487774867	0.703273865209102	1.24264331783283	2.67074300763386	2.74885600263292	0.294025921074373	-3.30246554830045	-1.60583909294563	-1.38608786462074	2.34325138214619
NaN	1.92531376953743	0.0933166907583554	-2.48130322228085	-0.72733829502779	3.28195793276897	0.161649463989122	-1.18555894634597	-0.393659854238566	-1.25556822337206	2.96869293054086
NaN	-0.451186657882438	-2.19499110329809	-1.58241831551531	0.153865061975265	2.26110597006231	4.1454704572262	0.192483397275731	1.32062267482854	2.17063226096032	4.61103677308851
NaN	0.544179529312537	-1.53970347622724	-0.860665835564221	-0.00161537331705336	-1.77069162280445	4.66273048140096	1.00610032020258	0.428798411243113	1.41322734600638	1.55111910432606
NaN	-1.3142924956364	-1.99296708078289	-2.02942202156173	0.612275141812933	-3.22049889748325	2.11830161708978	0.422950267844201	-1.77031274844162	0.203591311447672	-0.214997807770586
NaN	0.463486197662267	0.144231176256798	0.261375841799012	0.0707966595995276	-3.46618296935542	-1.975232679145	-1.04271209405067	-3.14876588387228	-1.5602231664533	-3.07743365006715
NaN	2.17503116937202	2.21668974566723	0.843174144945657	1.50687735989355	0.527208900699635	-4.93836806953885	-1.07588905304896	-1.29259543584264	-2.94789369067474	-2.02365852798888
NaN	1.15083465614047	1.97196368693881	1.31105362907205	1.95576371249434	1.47372862233698	-1.29707266100708	1.43816260448779	0.80366598572389	1.35273830533098	0.614245034823438
NaN	1.53506501536332	0.874348732007274	0.0292633614478957	0.0454853907836187	0.54191524422227	-1.81966587734393	1.74268862942605	3.50759849132989	0.402731433257717	0.587102881863349
NaN	-4.53649986151068	-1.69439240637793	-3.11568124729141	1.38046143223498	-1.39747480361127	-1.31221547837568	-0.0149294378833074	-0.877456521448065	-0.576170164320657	-1.89446800184066
NaN	-3.96040180199953	-0.547921194855259	-0.169793170259541	1.23492144882962	-1.5075713829034	-0.285993407883404	0.869526879656843	-1.95364980159731	0.303248539457088	-0.229471989941495
NaN	-2.50910669213554	3.35478674514724	2.23542783851397	1.4171882706402	-0.607067605398913	0.506724624848594	1.28194694829861	-0.60113729989981	4.11782864506486	2.34494675749734
NaN	-0.0486095095976587	1.09794092765843	-1.67557579490885	-0.546889298363379	-0.215233682518675	0.378710461752755	1.33281310495629	-0.531497370427957	1.78208812601001	0.241490027420816
NaN	-0.722385046408268	-2.54523541360145	0.32386420846366	2.93227801487141	0.989744992712638	-0.355884630899036	0.785992901235893	1.07731720422823	-1.77749195922924	-0.820422026815305
NaN	-2.54848794047004	-0.79725747201359	-0.603410425314465	-1.65547766252556	-1.1714709240518	2.42799591291219	-0.314132889683581	-1.41300720614701	-0.147773230049111	-0.536074405128321
NaN	0.0393694058908853	-0.539134681859607	-0.729525097322185	-3.6949380704139	-2.48238280604651	-2.06212071920102	-2.86771243934086	1.31622920008547	-0.792177306760845	-1.46682101894588
NaN	1.98798303302445	0.0288895470472605	0.0080186761576076	-0.890375213657094	0.390730796591786	-2.24175977780138	-0.601898120589341	1.50982078747407	-0.378726853663154	0.320324118160403
NaN	-0.93804018626488	-0.299805489073938	-0.0221473542698167	2.31388496982927	0.306395100370971	2.1684101245604	0.105342017055239	1.20806284629858	1.72645016423218	1.83302308788343
NaN	-0.847468398284045	1.59381094824031	3.6738003793333	4.18020464873933	2.43412295787151	0.33065303896909	0.508095469694108	1.48170699512815	0.00890083161466144	-0.397720066609968
NaN	-0.581939481039149	1.37562080902855	4.52407405857121	1.6588394721618	2.99149972971447	0.00212477728372212	-1.05079193762842	-1.37074609786439	0.526159675287042	-0.489927664514777
NaN	-0.222744210218115	0.663687697199796	0.563613834336612	-2.26365076908402	2.64956284306666	3.77848748412943	-0.305289557438414	-1.45315885387645	0.619998320245079	1.31658598386639
NaN	1.09518637419384	-0.315797264554436	-3.00507564041499	-1.58112660182104	2.29663027737808	3.43178282893775	3.41309885015619	2.4635505024488	2.44085107325692	3.30754608021809
NaN	-0.0334285357036835	-2.10700851893066	-2.17336290120363	-0.190791580068749	0.343013571082323	2.42964285980905	1.33682474389124	0.845053799738557	1.54028189193203	0.878199332542927
NaN	-2.2858879783196	-0.701341627963094	-2.07406900676003	1.61943372134756	-2.2083247341699	-4.33137100439418	-3.21628560765261	-3.92524348499499	-2.72785267075578	-1.51901589519479
NaN	-1.03029639199504	-1.37279041426617	-2.6228686330084	-2.84521144323745	-1.32848729906206	-2.63102305984553	-3.17094010688774	-3.70344381651824	-1.96155466271946	0.954462673044652
NaN	-0.771206084062943	-0.133253949087643	1.27295087943246	-3.22996813093649	-1.11146384469999	-0.622164454281838	-0.376546558210302	-1.42618796295279	-0.209339711775443	2.35713030951053
NaN	1.02382271122284	-0.520932883952414	0.200129641667102	-1.70196783411065	-3.53854201368792	-1.63330946329093	-1.82624264006832	-0.781640132195188	-1.31293927331037	-0.600744489966877
NaN	1.00246133056156	1.3265532094028	2.35440857085965	0.231992061452211	-3.01109494524138	-0.5778317313748	-1.85268626919297	2.07904510016838	-0.228010121351933	-4.20804051008044
NaN	1.70507773671159	0.0753958815992476	2.59609400816785	-0.271794507049651	0.708238186948703	0.515554628791006	-2.09865072179501	0.632580063294815	0.0623856192824799	-0.755280093970573
NaN	-2.49707826249892	-0.776985516315971	-3.58477768113527	-1.67823505128421	-3.46949041250537	2.31338500326831	-0.644775683428293	-2.39404048571013	-0.61671117307954	-0.939549375571453
NaN	-0.359649072716296	-1.46321151147217	-2.74046909407992	-2.14789806695242	0.649031564378879	-0.113232485684536	0.980223179784722	0.248587413681494	1.00926959628346	3.22720488737637
NaN	1.81672522542536	-0.826705618063214	1.13736056070829	0.45989681833373	0.484161842342688	3.0211553835195	-0.0246234976001406	1.56956532141264	4.13100558217397	2.14706398701736
NaN	2.52539934953802	2.8822754146876	-0.532204108056034	-0.582551294870028	-3.74555602189495	4.04159372697741	2.28266105408827	3.65725744937332	3.0931291467688	-2.34992511173603
NaN	3.85430085526916	3.17606740054633	0.990454667397524	0.103896842458069	-2.62536379673794	1.98155968156469	2.09286944839955	2.3327822218399	0.174169854957688	-1.6671268335667
NaN	-1.02974418935767	2.05896750635468	0.487832537512517	-0.178196271323324	-2.16094860081529	-0.133775842686816	2.95271931196193	-0.689410849278863	-1.94564737986981	-0.0342995868608466
NaN	-1.10505468359443	-2.19446645409797	-1.76239814315627	-1.73983928497847	-2.07740088971517	-2.80805484215166	-0.200023034503734	-2.44417346152562	1.15937244289791	-1.86177035866546
NaN	-0.605506517021977	-0.432931719692605	-1.22425248349483	-0.657346910679387	-0.461790325286058	-2.63995713572402	-0.352517710763653	-2.37579502710142	3.99076715972812	0.73694619344452
NaN	1.88353343341915	1.05060931479367	-0.28003523155116	0.383450487261879	1.57827905147995	0.0435230980151	0.620897654917672	2.66329020335394	1.22454996969187	1.69634334528576
NaN	4.15877008320354	1.8487739789004	0.342907304656289	4.35399039688261	3.45452895980712	0.79309361120674	0.236637252539614	3.61604300500764	-1.5987267958656	-0.103578727020211
NaN	1.45650155893971	0.507880977837908	1.86543172851815	3.30452224345879	1.64277295291241	-3.78219019541519	-0.146777133885674	0.7157741556758	-3.98468285555217	-4.14938072341953
NaN	-3.35035493530436	0.370685025283	1.28173109916551	-0.55853361655364	-0.375610012456817	-4.71859703189293	0.922468755125194	0.113801525812278	-2.66729165509525	-3.52808698309766
NaN	-0.777360717571129	-1.14829479084348	0.414829482033465	1.29584799424904	0.328619040364487	-0.616210236383717	1.90077095988692	-1.87501846377247	-1.25995138589606	-0.605401791839678
NaN	-1.30316044254725	-0.97504274966139	-0.252898007620585	1.7885554246262	2.92949274706782	-0.711242913216885	3.72749556772631	0.429437362688868	-0.89106863173668	-1.49735030774495
NaN	0.0975192183108324	-0.646419292779966	-0.0106089362498588	-1.42251625464734	3.55341274904502	-0.382159453973365	1.27652501020177	2.53825627051253	1.91478944790109	1.31031321399538
NaN	3.64103069995314	1.512619848124	0.214306906229146	0.678429360761125	2.33096269172061	4.42613429037953	4.05851791106687	4.01410552545331	3.61229884107981	3.68214762852801
NaN	-1.4668542911801	-1.1463357182493	0.246115665403383	-1.64725835680683	-0.944117679838485	3.08820967151754	0.0462499411022581	-0.567653588450174	1.10069063449869	1.7507504810214
NaN	-3.98428508411025	-3.16013754029184	-0.573023764118973	-4.23720989750378	-1.33934247703724	0.0890107043616846	-2.06309358090315	-4.54494213511998	-3.2940323717331	-1.03306201720075
NaN	2.63601324107758	0.672018804937979	2.51423736863253	-1.83754073831371	3.13975875936336	-0.570615573175089	-1.28337865224278	2.15423001176479	-2.05822487700138	-0.0192872347287482
NaN	1.91732193602451	1.50422188779519	1.21984547539636	-0.643869991199192	2.29846629591445	-3.82792761301192	-3.35571171056181	1.92840175648648	0.403127033229562	0.418192051137151
NaN	-2.66185571338313	2.93273859115198	0.276701916554218	3.93969874759551	0.822073920020443	-2.46890927748887	-3.42750249958981	-2.11585649192339	0.0113626538637939	-0.354273766071721
NaN	-2.30746251011532	1.02489723992713	-0.0476559125963486	0.847573609709875	-3.7626708517827	-0.92785237764118	-2.65330176076935	-1.46545934668265	-2.14611978609146	-3.11345468786083
NaN	0.146562912346107	1.67230288631047	1.83080506944924	0.685106262262945	-2.34875967495988	-1.16287262000057	-2.52812960538785	0.229317020526365	-1.29749651443816	-3.16880960496558
NaN	3.30340932225186	-0.451390788895212	2.36271388666474	1.09759324528878	1.87910836037621	-1.39838784377474	-0.988146123096092	-0.564115997843284	-1.83398239829711	0.764024524662177
NaN	-1.25356242922303	-1.59608384202769	-0.873488685064824	-0.515457807854941	0.478644093962479	-0.758379225343984	-1.29237013362773	-2.22789366773012	-1.90174947676155	-0.603816549232562
NaN	-3.31687280834138	-3.09201762639592	-1.72475406633376	-3.1265114417864	-0.674404495395424	0.672180399981663	0.454855233115577	-1.13389972985078	-0.690625442443661	-0.191244786057302
NaN	-0.176390464190726	-2.59588302684848	-2.52916482567012	-1.06464560602177	0.520811179558773	3.47471575663729	0.937554557009905	-0.192923429517068	-0.411194931534985	0.984984930594159
NaN	-0.533908589598992	-1.49263336661554	-2.07807787632403	-1.26479868605995	-0.796060267727712	3.11677505060338	1.56864602540884	-1.39992156032788	-0.53160257756181	1.73345518893272
NaN	-1.62150182430897	-2.15586640194831	-1.68562685011935	-2.86664660826468	-1.82557618931192	-3.83324766386179	2.16748624660881	-0.373617421112922	-2.74773269755527	0.670786530061369
NaN	-1.42059084034657	-2.32340729806727	-0.95786878725582	-1.50943627411656	-1.84149037517674	-2.90923773602222	-1.53086702771342	-1.01758722033089	-0.375239945644958	0.172938021225044
NaN	0.30390395708928	-1.25407120080544	-0.552461786456534	0.31996816824234	-0.383731918406937	1.87559703231189	2.04031397459308	0.0488179751336443	1.21562489333072	0.127371340095377
NaN	0.573453437528767	-1.44733889857874	0.0887782411188097	-0.242125633070082	1.36131531053764	-0.174610250996257	-1.13946669465474	1.77241773287193	1.12613715850975	-0.655799002168159
NaN	2.69450480439727	-0.467014039863553	-0.0611365129134378	1.8950591760087	-0.339583788653217	-0.0717007115585384	0.607395311963351	2.98304041677093	2.03606917080356	0.194613924459003
NaN	1.00450763099891	0.965810751780573	-0.552230206600252	0.912958021802863	1.75364551123446	1.18599872420749	-0.213482906631737	2.59153568923489	4.69196951711444	4.28015766283529
NaN	-0.658040718947676	-0.429245647554562	-0.257716376631832	0.509011365359828	-0.930993859489587	0.196350058075501	0.154865364393183	0.0648811497296115	1.74356045357204	1.64741147166927
NaN	0.020602794475576	2.15740140193216	5.22990782308333	4.02365709978906	2.38651222813499	0.707065275178194	0.111564074093112	-1.45846535034543	-1.16100869727672	1.08455582546583
NaN	-0.90221693440246	4.40341113922843	4.18570969621373	2.92896420338575	4.33211037256557	-0.429688283803764	1.7675704789359	-0.466920203715591	-0.642116574745375	4.44834349335203
NaN	0.397665620925555	1.59115946172947	2.39536477522474	1.511569787113	3.83447721295498	3.17364658359232	0.792405334050236	0.457091375394322	1.20953502074382	3.1263831381696
NaN	-0.353986944798274	-0.42644138707174	-1.60674103421836	0.368192120284682	2.78303709197658	3.78221530423256	2.09585931055785	-2.62724358104325	2.84598027546459	0.978802878077054
NaN	0.528000532095027	-2.19282274063082	-2.89156770251008	-1.17151104521137	-3.35058912220366	-2.24736411741866	1.46506426659846	-1.77032265160837	1.06547549501229	-2.07602197858082
NaN	0.981051256887412	0.00029180327222178	-2.28349363695471	-0.578148577038235	-2.49462532848049	0.274552327816024	2.46946298408095	-0.295663289734438	1.29778504828216	-0.898109003197887
NaN	0.573239553493925	-0.725866899988152	-2.48445146304241	1.10067418441655	0.176015415183889	-0.408276569963178	-0.389720129707553	1.92139747798117	-1.9036993068305	0.0573770752782286
NaN	1.89015946193067	-1.71195277785418	-0.385965014695172	-0.859577331798891	-1.73292175624914	0.641522727902542	0.73817829945791	2.09731301688	-0.877643519983646	-1.86881920294971
NaN	-0.920506396836151	1.70747337938122	-0.124644377286516	-0.757316924859875	-1.80570829935183	0.550777303348547	-0.741126573163398	-2.19129817467679	0.251834978243464	-2.12435172885963
NaN	-0.642320333276882	3.7498231851509	1.56769128639541	2.22449120230486	0.352416925861864	-0.659816487323725	-1.68082260167301	-0.962837256862143	0.438508302415686	-1.56496183600995
NaN	-0.370699958412637	1.92785569605507	3.12632091178981	1.96468924561505	0.134629720366097	0.330143242118765	-2.10844498602764	-0.558307097586457	1.17955064345591	1.18129233757497
NaN	-0.811469022183062	2.92262820055181	1.67148966042005	2.64292026629684	1.59065595322556	3.84893738514032	-0.0628480597070747	0.760001615961285	2.67423148540579	2.22747051727705
NaN	2.49063845619968	-1.18107848129244	-2.86908254264569	0.38617711587197	-1.12030368095656	2.49668844277473	0.347803069512982	2.04860981002715	2.05320722386353	0.0518544912422428
NaN	0.383751678477463	-2.99566687225513	-3.73766380530292	-1.79345764464208	-1.12996890385905	2.55966893258296	-0.584140862041217	1.34234796974855	0.201454395724815	0.70366591403444
NaN	0.573963753343292	-2.36914637536131	-2.32383421881603	-2.11634493819514	-2.15935729119065	2.48438632199268	1.80515357771384	0.740712657549773	-0.29412552397524	0.351799572632765
NaN	-0.0488373087107128	-0.952231004238568	-0.248322279203596	1.25197207807484	1.54008701318228	1.87425985960269	0.347289801327906	-0.0249868680197267	-1.05157727637445	0.719183130103981
NaN	-1.03575031588707	-0.662458878377491	-1.10816742736576	1.05456721625906	-0.647166877910426	-4.52803924487134	-2.06092202157159	-3.04210701389073	-3.57348492961274	-3.00264623295449
NaN	1.04168174023324	2.37305110514484	1.3631925939176	-0.513888870885749	-0.743194652163117	-3.40017743619426	-3.38365263119309	0.779503770779467	-1.30858800574971	-3.0739043434592
NaN	3.09257911156608	2.47242555565198	3.05291512697379	0.866202602764418	1.61292459558758	-1.03689094479868	-1.43542036405687	1.52312173857647	1.66885179836913	0.887811445308101
NaN	2.04633682231876	1.40170002652161	2.77967181172291	0.987897372019936	3.35584800182864	-2.06562087233538	-1.72944759244774	-1.49045919867992	-1.24607551950351	0.313155743976263
NaN	0.88194675065832	0.675504569032819	-1.5664442563113	0.184796800923416	-1.88104547403107	-2.57116505490367	-2.27177730049412	-3.90413085390198	-3.46801684180977	-4.95290653454521
NaN	-3.09710269419332	-2.49736732840423	1.42937281372502	0.500140824718363	-0.847185559104593	-2.1051119963712	-0.503883359933263	-4.34143167453207	-2.81044961939661	-1.32396080646635
NaN	-3.6936267924651	-2.66860390311718	2.44061418277325	-0.933820875095546	0.40104655291919	0.417198985143106	0.397368027206827	-0.984179717482211	2.74388249000897	2.28206199197046
NaN	-1.38728174639901	-0.660079708593583	-1.07374323637829	-4.37436793739508	-2.22684703782616	-0.340583722069713	1.35454601622798	0.16513321784792	3.04315685505088	3.12325880827633
NaN	-1.6260263006735	0.325428282077048	-3.18320555400606	-3.79352881547664	-3.00966155825409	2.33196322683914	0.959265816744421	-0.655987180576694	1.81845152664358	1.53209350075107
NaN	0.396466949347571	-1.19961179450494	-2.7331455012809	-1.7482962486681	-2.12620690155152	0.480669956584082	1.56979141163685	2.11819605189266	-2.09944975170464	-1.60182052378525
NaN	-2.72288823471426	0.476196645113862	-0.566234261353218	0.997366417624187	0.404770904839014	-2.60511261581032	0.39870355496082	-1.00963770476867	-3.3707752776936	-3.96286597368468
NaN	-1.25548429101288	-2.04115863671983	-0.206169244175733	1.14875885468941	2.05958110647738	-0.892214704128098	-0.429043726699565	-1.52379235596242	-1.34528929412116	-1.62869498275806
NaN	-0.979230614869841	-1.53323122430342	0.496352116090011	1.67106095781296	1.47933496409477	-1.88750601070232	-1.24226567823859	-0.360286642195844	-2.38833891132643	-0.0932407771219502
NaN	1.45241162133706	0.758084369009642	-0.897524753712008	-1.67734220892804	-1.59441334235379	-0.915592024142143	1.6450064916423	1.78823196079023	-0.531087228984553	-1.22384038395574
NaN	0.433115961012538	0.601163226969916	0.563067771528642	-2.61387643176871	-1.28234913403774	-0.131263463988701	3.00687709127854	2.51522602152732	1.91779062041873	3.40078057075228
NaN	-0.310462551339546	0.176718297815735	0.0586648347849105	-1.4997970206548	-0.744491908780434	0.835177302517286	-0.707207467705506	0.889642844895321	0.924293476720325	1.89169121216668
NaN	-0.34293073521493	2.20826726084117	-1.45664853756691	-2.69987853177847	-0.778069462651281	-0.870908258694671	0.0438841871610088	0.145415845962668	-1.00762209510144	-0.532083788067
NaN	3.33917931092727	2.70918669318049	1.98941125622741	3.20642798185341	2.12014943453156	0.0854286330729008	-1.58493477274388	0.224046065283662	-0.750008540032757	-3.40019098613891
NaN	2.18977175473742	2.8159367219754	1.38777122364111	1.61408282970141	4.2704398951408	0.700376248011754	-0.469633078021414	2.24191413710204	-0.460777879190457	0.417235357585783
