NaN	0.29185148934717	0.17782091390119	-2.27345429272815	-2.31504634080143	-2.51594228835952	-0.514827661485615	-0.811110571451628	-2.49962574045571	0.616498109804824	-2.09885422977894
NaN	2.68871347395973	3.4084761217389	4.73319609199253	5.16743553049567	2.26040534495315	-0.859939602673144	-0.54679851183376	-0.258537314497337	2.7253841594442	0.660074404131046
NaN	-1.41400478127364	0.988921287295539	1.27992310915022	3.35788243496123	3.22064221803208	4.29405327612769	1.40698953913232	0.0634657259505953	2.62332930006253	2.8379087350424
NaN	-2.50622512249689	-0.535001665635652	-1.49983964544651	-3.37259718986808	-0.224087836122076	1.99288386408414	0.722243346961805	-1.21760164873059	0.236656393262904	1.72373491626872
NaN	-0.7875805659987	0.851838245049327	0.597045841835132	1.08635874203465	-1.75049600476282	-4.93062492168471	-2.84162654757076	0.505797552277298	-3.21046250710799	-3.90130807379211
NaN	0.439242493517969	0.720587699177158	-0.68577457281329	-0.900318745081455	-1.04338458519281	-1.02671586555992	-0.76296348429691	3.23434466328167	-1.16793550483941	-2.22910676585428
NaN	0.369987460476988	0.561847816486863	1.93817562134377	-0.260784031163527	1.15672388074287	1.81679825811227	1.39700286592706	2.72768718437738	-0.823032146497573	0.812411513046355
NaN	-2.02276609313677	-2.12968487647462	1.92240920010398	-0.815531488303993	-0.248756324317606	-0.844570627182986	0.257402173448678	-0.602035253129282	-1.85273297254627	0.0836605463581087
NaN	0.0369508026764983	-5.45897980728728	-1.459990017828	-4.17496335064621	-1.16968796140202	-1.00958590612077	-0.00165107163701972	-1.62971978914775	-0.725000440805223	2.37167584948611
NaN	0.207811196827028	-1.68130188319852	-1.36855214562045	-0.482677565417937	-1.06703341577057	-0.800519081722088	-0.299661217466089	-0.764465997849024	1.08092727997938	1.24988965272761
NaN	0.617972767171508	-3.3144203312585	0.944089055029284	0.241073158466176	0.162805458147701	-0.254501873268636	-0.588015392571429	-0.464635372626813	0.0864237550753746	-0.516809998134472
NaN	1.06873899447389	-0.833762223633853	-0.938114577514599	-0.736655209408278	-1.0168238444758	0.148313780376349	2.8505403699964	0.89484588468587	2.89617641087737	0.01148369464411
NaN	4.15614204273219	1.4381420490097	0.184631389074431	-0.0562076358099688	0.441430265307484	-1.08341033153779	0.155447870041938	3.93987088967835	-1.66209123975971	-0.505511533881687
NaN	2.78972602980802	1.07132514448844	0.300198717229445	0.827234844761861	1.01221364921327	-1.18484358552268	-3.45615961407352	3.05900924750079	-0.99684558123048	-0.731125200573118
NaN	-0.809510054932189	-1.50695891259313	-4.54249048112265	-2.5146382274715	-0.0931020510993308	3.28691290983434	0.358644195022972	0.00567200667838463	-0.622903276558704	0.456139001666612
NaN	-2.33219623570945	-0.996174124866357	-4.64190232495151	-3.77419107320363	-0.917081129970204	2.07163761299832	2.46480351661803	-2.48102815047792	-0.504449238315856	-0.164072962373896
NaN	-1.06821888726892	2.2282442128212	-3.19248517242069	2.21943108434547	1.08379692270759	-2.87019389958153	-1.71590681881376	-3.19994834644326	-2.89981131111091	-1.37813346568691
NaN	-1.68090231981441	1.83485112845902	-1.29046873705154	1.41209536421148	3.43004119918579	-4.03597807143951	-1.93861894630156	-1.8293032911872	-2.42636904586851	-0.663314958540073
NaN	-0.723529103587585	-2.52616400051353	-1.62455161079773	-0.719374019679778	-2.66290228884546	0.747339510212724	0.72929918613068	2.68622682062194	0.44641431469047	-0.5222572636232
NaN	-1.43860875217151	-0.259255720957538	-0.965562261387681	-1.09615266785245	-2.27114442793218	1.61979811330324	2.83330348708046	0.516408740994664	2.28341535352637	0.80652185852838
NaN	-0.705623306645348	0.515679329597588	0.656232432123743	-0.929175308017068	-0.269664960300112	0.46647644585718	3.97444586811513	-0.809085543626887	0.686441520665157	-0.394099471285468
NaN	-0.445313683504172	3.03865727372406	0.0226985188510781	1.5529977095407	-0.674668660522999	-0.0873272235308705	-0.258052937330148	-2.162965466634	1.89306656341644	0.0111508019302254
NaN	3.56141562184649	2.3769644633508	2.31667697876404	1.82558801737206	2.30700181479917	-0.486814499525264	-2.82586470324441	-0.689987823467543	0.841800797101578	1.20956072012894
NaN	0.920213551364196	0.84724792233867	1.48536936978948	2.8238009358391	2.36764252097192	0.354158242218345	1.02716597503821	-0.782312631452849	1.07014891848108	1.10797166015238
NaN	-0.589902629391086	-0.458458688898791	1.14373191210854	-0.456196573501916	-0.316003096951757	-0.166519369151787	2.05348287558419	-0.137957671551641	-2.35485270201779	0.367628753263344
NaN	-1.57400634263168	-2.72385210627317	-0.509354430670164	0.924398849112288	-1.93888880634701	0.549332071413487	-2.98563615063592	0.0452644689140512	-2.41004030884473	3.32019631608034
NaN	0.00415776174711041	1.51925551481981	0.810295465371334	-0.135008944921288	-0.817919186771315	0.10287836387788	3.20258883842626	1.45182409910838	-0.325751869993323	-0.36985971972998
NaN	-0.294257668455316	0.798841882098724	2.86120982822542	0.902860187484324	0.446824349069891	0.640920373053673	1.05656474125959	-0.67825961058412	-0.132383985619865	-3.14410153104239
NaN	1.83543253248999	2.87538868257155	2.82681328881384	1.5639652150197	2.86382584673413	1.36003136515149	-0.143101398666415	2.29802056066524	2.7266276603771	0.765261509889592
NaN	-0.0395585309002962	-1.70598590882547	-1.69764427231908	-0.70772057133333	-0.802099455960548	1.80699777121107	-2.4193206051502	0.954584334471676	1.86100365690053	1.05640074574696
NaN	-0.0336768549280759	-2.14282630220157	-2.20088889604141	-0.424609746832894	-1.52284342867511	0.0171914350052072	-5.03659837914728	-0.699456723660843	-0.113579407487405	-3.08652260771677
NaN	1.61853315524931	3.04632536124064	0.0413741903827878	0.28753500224142	2.80938398491159	-0.33550652024385	-0.121178267131541	-0.457865537747788	-0.172854947997065	0.274658138245751
NaN	2.3489600631518	1.53178717659447	2.02843105842739	1.67554691843895	1.96621713313249	-0.533582569868406	-1.89498448359452	-0.616426673246023	-3.01522681127135	0.585772836713248
NaN	-0.830142714115402	1.40617372704744	0.486674149854138	-0.247393819231823	3.83590004465704	-0.863664052642594	-1.70045188082956	-3.95476955149587	-2.05175888269716	-0.926479346465332
NaN	-2.37906819394439	-1.67231216206423	0.98750704617103	-1.00013568790357	3.0944672373192	0.867381362691491	-0.476707177530909	-1.83659384104922	1.09317971881827	0.328161067302537
NaN	0.517089848527051	1.6954822170451	3.87013626572767	2.54969973635698	-0.416760456076553	1.3619772032368	-1.41246261307501	-1.36499818742506	3.53923135920179	0.929634550674348
NaN	1.18377710016457	0.301086274338844	2.24738751319769	2.04376240371209	-1.56529750570099	4.24839651230908	2.93704239721912	0.584831109222401	3.85477991625179	3.01093763400343
NaN	2.17323078646007	-0.663853561080009	-2.25576462759196	-0.72892019753778	-2.93310870309116	2.51101396209638	1.37438290029195	0.257145306381577	1.28805862418019	-2.10682339343967
NaN	-3.97761372343354	-2.52226371011686	0.140279106462439	-1.53760720786898	-0.74467456297769	-1.02539886881066	-3.19572294430278	-0.806039601488559	-4.13408817326926	-1.58882305946861
NaN	-3.11264148713086	-0.808449909123801	1.20419074395275	2.30299383979084	-2.8612691186091	1.68698723686894	1.89584542731691	-0.0460323900562783	-0.159532997230154	0.351018334475505
NaN	-1.97069271928469	1.20211706402368	2.92625466969727	1.7311179460881	-1.2638397927298	-0.267019347919273	0.414549943473455	1.6059972026546	-1.0467410192548	-1.82283563574257
NaN	-1.29818364439173	-2.54304986363794	2.00396457395825	0.0396283245385701	-2.79148120317662	-1.21800209165151	-1.13145148633641	1.50203353125659	0.180041556133489	-0.276491377748564
NaN	-0.30018112387087	-0.98451223775189	0.284520730919884	0.562563688492123	-0.432324964009287	0.95068426131171	2.31709240001029	2.73823091332137	1.57691473298029	1.74453500358767
NaN	-0.487496252592669	-0.361279386882651	1.41696537448011	0.785981638538867	3.13979397069747	2.47378153456896	2.58893009130665	3.0635015018065	3.39257702030951	2.65816927329144
NaN	-0.242482567570058	0.629609681061198	-0.0442188728407013	0.37834725280032	0.815210479405119	0.659120860461528	-0.209071057969283	0.116821021015156	-0.35169509648653	-0.892066542350564
NaN	0.114271571639773	1.19553967761205	-2.15548583654905	-1.84838265717655	-1.61757551948634	-0.72579348004378	0.735013211311963	-0.864190534867043	-1.3016600225846	1.14186949479322
NaN	4.88503853223983	2.86326482624718	-4.74190451780447	-2.0152355720532	-2.7690979756412	-1.4257101576616	0.0102361508909936	-1.00971192885893	-1.56060136832782	0.593884782141409
NaN	-0.579394208646871	2.20382848511382	-3.09104305587848	-0.829245178057783	-1.56318451157233	-5.71879156746483	-2.18357086851618	-2.8803600442399	-3.06242556841011	-1.21480997519705
NaN	-2.11203588261226	-1.78469540908291	-1.45624092507621	0.520646725435069	-0.201694851719097	-5.11896837831933	-1.89686433931162	-3.53344779368208	-1.84407283161878	-1.65080553194205
NaN	-1.93234657659747	-1.80245701795358	-2.87750320881048	-2.33863207810498	-1.31715163893256	-1.98146311045614	-0.201855540881111	-3.14396460552347	-0.793639807430084	-3.05450582524302
NaN	0.0823401687334273	-1.09701922320403	-1.54295016881502	-3.16974578447966	-2.70411537619491	-1.41852841070547	0.370045640623734	0.0781909189932219	-0.10324568377873	-3.41017153542383
NaN	0.802823374823254	0.976273421534713	0.237664701518097	-1.94816457191415	0.557070959499731	-2.19856559171664	3.68138995478543	1.08418163387521	0.323129530084579	-0.315056524054234
NaN	0.313711557463674	-0.366193078772242	2.29257202195713	0.963757257749002	1.8647938926011	-0.0720452508934946	3.39334486422197	4.47674499795816	2.63281008357461	1.88825157826066
NaN	3.02629934883553	2.02968922266906	2.16875136867356	1.93640813654389	2.61220526857534	4.47592421551348	2.35508203874669	5.78020845749288	6.80731041653915	2.66238366807086
NaN	2.09742180403761	-1.31693043654788	1.18173439738813	-0.274973000648328	-0.940512534007587	1.77767562108066	-2.54367986140003	4.04025045478315	3.13736050138045	2.65233047487895
NaN	0.349334922729371	-0.472159271813663	-3.45582468195306	-2.58573914248953	-0.405390841722918	-1.32164384721981	-1.74115390447318	0.572524157381327	0.338524648398324	-0.245916355348683
NaN	1.85200668755743	3.31350932122375	-0.036623069002694	-0.0966226013842096	1.33143722072046	-2.60989092880485	-2.1998246434493	-1.26998796230692	-4.07178303499343	-2.89475901866221
NaN	2.1819650585942	2.78832262743132	-2.55418402876746	-0.750389535681116	0.346421177042093	1.45574564451082	0.727429723794843	-1.33111162591263	0.581490117068925	1.79187339116156
NaN	-3.00688924960694	-5.27161393626559	-1.3886770106064	-1.85150308567217	1.38214024772705	2.0466803896145	1.04163165658206	-2.29749472978175	3.53105045014799	3.03749506800397
NaN	-1.7077580771222	-2.30107465671993	-2.858136054061	-1.65520334469461	-1.9074732762108	-1.64538667068905	-0.639826999011393	-1.7932867976905	-0.0123530440298487	1.12462579168841
NaN	-3.46247956984804	-1.66568923144381	-0.540330874684152	-1.81839761654078	2.96841266662796	-3.40466753561237	-1.75589001668709	-2.96834702335673	0.616811773037739	-0.461766425681109
NaN	-0.685307308451711	-2.31522157214554	0.0234756065183119	-0.272273215354268	2.32949542045972	-2.07278796579505	-2.9747998464389	-1.26369987191891	0.00630858036892767	-3.7166079322466
NaN	0.447470593006349	-0.140026169537834	2.86377211706562	2.55794496730514	4.43375923638886	-1.77167039733998	-0.854496473095762	2.34514766071963	-1.60595587288468	-0.263232301885327
NaN	1.69498930167324	2.24164385399678	0.161266794767991	0.146877075214248	2.27163400632755	-1.80621588114121	2.9644705590038	1.25267620903967	-2.65702425354314	-2.40176828447119
NaN	2.30169796978123	-0.340758497349759	-2.43936604703524	-3.41028999642868	-0.0893163003536793	-2.99135069306231	2.48831197834081	0.968044176083845	-3.96450276936326	-1.72818608769474
NaN	-1.268540698079	-1.61640818137531	-1.16512220979402	1.64280505600408	-4.49886045955001	-1.62732721210095	-5.62275444465708	-2.37832411242475	-3.63835376673703	-3.8327094357642
NaN	-1.33839006552033	2.47423171981717	0.730113176034876	0.102117381644824	-4.66622516075987e-05	-0.657748722244289	0.882914207811881	0.0493684474392883	-2.1555642783091	1.96710104706688
NaN	-0.239764044969891	1.65835191149037	4.46135409653633	2.442865844841	-1.0121951096229	1.26606022695446	-0.499331165093468	-0.992837819684447	2.01766657195979	0.396702341474478
NaN	0.198375239971674	2.58892899113302	5.61531469713803	2.38226284704192	-0.770863756783409	1.6602605330972	-3.28461287692097	1.5457908591321	2.00294332889922	0.192958317175746
NaN	0.442242785739152	0.00963794131108489	2.31347214408169	2.81328233714878	1.37522047967797	2.05611816533376	-0.244085471026121	1.12394163685501	2.27913216678344	3.01300446575136
NaN	3.36319864846558	-3.26706376216121	-2.46569632746078	-0.209040851698604	2.895975384972	2.39229269111171	1.81665268773184	1.63995023228282	1.81675765087016	1.76697506582581
NaN	2.16562366467277	-0.174264411668103	-2.51466854623455	-0.8135609493971	-1.92087544829404	4.24857969013384	-1.11838907740548	3.43486181318102	1.8034296503863	-1.856770257006
NaN	0.171400526213801	-0.860720975253693	1.92525901901555	0.947313396587406	-0.107638883583066	1.79321729747133	1.46817492095652	0.959724813685507	-3.35421100405867	2.87301240383614
NaN	-1.18081887039576	-2.96910535306403	1.66012075741964	-1.02399195003013	-0.815095598364822	-1.19561792464392	2.4288093118126	-2.29617373744786	-2.57300335673981	2.38316393216839
NaN	-1.80844210736636	-0.446273821340129	-1.58898475890974	-2.49182218956998	-1.936646346241	-0.729236396780416	2.69981982496946	-1.85499777482696	-2.33535126268197	1.8771382567365
NaN	-0.263846306856811	0.294106379310273	-3.4140401568445	2.0234406297799	-2.45622431378724	1.57054257207987	1.57899451749236	-0.317749632451068	-0.26042716946202	-0.260792118595559
NaN	-0.273586184266671	-0.533648625104917	-3.72403293669243	-0.261123261472667	-1.51115837868569	5.14041656483271	3.1729935035884	0.445532681370293	0.802753843911124	-0.235477104564891
NaN	-0.931809910976961	-0.377939927317109	-0.684086387200814	-1.20208832030961	-2.15582450990491	0.961569455539143	0.100213959991748	-2.28329476611204	-1.55403110454936	-2.12683859523361
NaN	-1.21143917019502	-2.25800024587911	-0.227810543882354	0.652815472221465	1.03668339716769	-3.73269168825857	-5.59192709559687	-3.28430310771453	-2.64271207972865	-2.84997934181012
NaN	-1.53036575586815	1.42635433646991	-0.872853555777125	1.703303395468	0.444334445241961	1.86134582285871	-1.83326370939089	-3.19999485973051	1.77006348611286	0.600652064952106
NaN	-0.0830436934459969	1.59612888999124	0.0552407235229715	-3.03606742766003	2.06886557570192	3.71699979617444	0.894392119869691	-0.629877349963765	1.46863282040262	0.0643673309268629
NaN	-0.29701719922516	2.87934394132457	2.52779935073137	-0.832187317288045	2.11901055030644	1.50801750862545	0.0212702427117759	1.69578724034762	-0.303498018036066	1.40785451144117
NaN	-0.193311323814582	3.78725086243029	2.09765300467779	1.04701738892628	1.67804460322832	-2.47335298395558	3.2962644675294	0.750447906197583	-1.7765874524394	-1.48104142823051
NaN	1.07911068247636	-0.993567596159104	3.46338023816705	2.57610758839308	1.17181783606467	-1.91054846928368	1.29413594823125	1.50139661263112	0.313288880368395	-0.666716078606871
NaN	2.06416986723123	-1.08384600622514	1.76056358953704	2.22620624286077	-0.471134571006318	-0.0368100358834349	0.497591804140651	1.03927810271065	3.21203952071884	-1.30213028489688
NaN	1.63946872304967	-1.27487711932178	-1.15279354322433	-2.15093236865459	-0.807515530059524	2.33503804772909	-3.71908438734828	0.326618780395008	1.62341400465113	0.240244092799033
NaN	0.927331063192436	1.38921027639046	-1.39645830120468	-3.12245844518063	-2.13338502452828	1.14747343167932	-2.54329736720087	-1.02717059296707	-0.414334744164418	-1.8343354408708
NaN	-0.963474721697699	0.231530849480022	-2.22708399669569	-0.795208505415459	-2.88876311964775	-3.13023317121142	-1.52400911451192	-0.902689126750285	-3.10199657400539	-1.00465609487103
NaN	-0.990202395725444	-2.00724060500069	-1.19623900705412	-1.97121777371098	1.14394892794624	-2.82322302900572	0.310253060979922	-0.944792642608239	-1.53061161800113	-1.84108123429343
NaN	-0.529382220396993	-1.91188522100761	-1.01074526181511	-0.96655733654558	-0.10982359433075	-0.267020998887135	-1.42195004683831	-1.79858869315235	-1.11044953763069	-0.895306452916944
NaN	0.29209098550882	1.70277961922513	-1.46951527290931	0.24108873526431	-0.156536972917059	-0.298148951692086	-1.1548477050809	0.743971378214788	-1.83086922446942	-0.597182609651508
NaN	2.4852921187005	0.1966178303627	1.04653489884749	-0.60003076072077	1.64888492180305	2.6721049291855	1.08153222531871	4.63074302176975	1.1992944707654	1.90064705648452
NaN	-0.951190419136963	-1.46577970308247	-1.0297732801362	-1.44242510579365	-2.13455709472557	2.27374999329236	2.45463759586832	0.568965413725907	1.27931760526219	2.89245967323383
NaN	1.55533466047803	5.08513540892082	1.13610840505219	1.55491566011651	0.698735322991842	3.52819649121871	4.60591150234114	2.65185055382288	2.43414017889403	2.68037938740887
NaN	-0.288732753170051	2.59939863316764	1.48030873988282	3.0188366939951	0.111071643379338	1.75353105587477	0.137970372250387	1.62776436772347	0.579399082073926	5.98949682303214
NaN	-1.02119330007284	-4.05465672635941	0.299245212181477	1.12192008127189	-2.05726750386701	-3.52402507718913	-7.6414238646443	-1.21712940530942	-0.714384158341113	0.00745514634711586
NaN	-0.777301986964269	-1.99760071670168	-0.457289084887358	-0.149251759048612	-0.595686708140802	-4.02431544435938	-3.97424021217702	-2.83262863082822	0.340827145132332	-5.34262123840247
NaN	-0.127098229361677	-0.784604687377761	-0.588354781887544	-0.408606181645128	-1.00632755194183	-1.89745434414796	-0.637282491914225	-0.690576261301186	2.10791201391178	-1.84042592853749
NaN	-0.527547095640369	-1.19527093466652	0.879488219265661	0.172233210066749	-0.127999573486007	-0.964877266116582	-1.18379632390827	-0.959490771233262	3.79844399031215	3.02244390293538
NaN	0.233647580215012	0.553054388010886	1.0558651750097	4.0379267735567	2.04311101349315	0.131305648982137	2.15239238077229	0.217290339660235	2.39689948218713	2.74563629173092
NaN	0.558199604788552	0.632965513627402	2.59676310238847	5.13791699242731	3.15097624827973	0.297384377477086	0.757264973599724	-0.131689605599191	2.38489256048009	1.34528332264947
NaN	2.23761176186247	5.5969311177374	0.684554391565056	2.08349194542563	2.40924025095014	0.229102611345548	5.19202009163369	0.926861607296511	1.88886629371965	1.31965086526294
NaN	0.633138345568611	2.74219289472562	0.58282343882136	-0.36572510282367	1.00386470980465	-2.55559530626395	-0.924398998054799	1.32091427576837	-2.16588766611848	0.824284733416265
NaN	-2.75839159555922	1.78219130398206	0.971059372084585	0.643634515938634	-0.746065607769343	-0.720398590172903	-3.24950033344157	-1.65631968660763	-2.93007548789942	-1.33325828704533
NaN	-0.227949478314621	1.75023906823489	0.846792452868206	0.777422065111854	-0.539319772671058	3.67112035629043	0.438601634473579	0.748210985914987	0.60949734280826	-1.50337215297326
NaN	-0.321910848515154	1.84474952658312	1.46872755218783	2.91873865729405	0.755321009713628	-0.278321952103489	0.596148917954684	-1.48901272750781	-0.983235040417726	-1.575835633971
NaN	0.103587989402138	1.11373465645554	-0.525657208005405	-2.05384035918914	-0.879559587001645	-0.318786252244388	3.67362934059676	1.54641789304461	2.08487187054561	-1.09895122567808
NaN	0.495416795080384	0.229624975058015	-1.27829272873315	-2.19123155599571	-0.785242721888635	-1.21428982282918	4.572495493136	2.02788597876815	2.02840633186118	-1.63256395326497
NaN	0.180993675864733	1.55897396343262	-1.69409106531833	-1.20382943409986	0.779534325506543	-0.656058640556013	2.93143733947053	3.13549497484579	-0.922319288749694	-1.16034707659013
NaN	2.75446160269485	-0.0249339943204478	0.0111855883134579	-0.141755098193478	4.23086561818919	0.42832307318372	0.619853909825614	0.998148258960389	-0.373819478563307	-0.406206427774911
NaN	1.11886521709001	-1.0608482412965	2.00571851003099	-0.444308069638916	2.66158986000464	-1.5203077631651	1.00361995603681	1.50674067492714	-1.2636695863927	0.701984594035302
NaN	-2.21070811146773	-1.83922150973509	-0.472973672814324	-2.04229423820973	-2.94560192027229	-0.98495581811328	-2.12267584641305	-1.68663270892152	-1.0497255346565	-0.375066456594315
NaN	-1.58521565167914	-7.08855202265467	-2.86571449367682	-1.05080608687628	-1.19114030853538	0.32852532022082	-5.42817873115047	-1.32676186170844	-0.954084334550334	-0.798595514850282
NaN	-0.266778209699299	-4.7794791875101	-1.61706672175954	0.824615094639113	1.53013906678238	0.0427030348909691	1.03654721084451	2.36505537515267	-0.0547221794148273	0.430093890957595
NaN	-1.39247470334293	1.39815887878614	-0.218943679744519	0.142875808865016	2.27821393458268	-0.849734041668222	3.224854638523	0.981571979248227	0.593385522286578	3.00373788614835
NaN	0.151338925011793	-3.87483681062199	-0.765700876031142	-1.86200013446889	2.69799375930978	1.88362925727157	-1.73920274018625	1.34351551992931	-0.515139456212151	1.5209779237449
NaN	3.14877971528946	-4.79118355157078	-1.40996487058043	-3.19666857062939	0.0617921979322847	2.08321463312002	-7.44182990251316	-0.22697282299655	-0.632934518506131	-1.48133387022897
NaN	1.64559319012262	-0.140475275895691	0.175149728497351	-1.00552402729202	-1.16221019545362	-0.611081115026068	0.171609984148305	-1.69055660502927	-1.75889798964346	-1.03029008466465
NaN	-1.23743196413677	-3.74956329364354	-0.885326786285228	1.43198495017402	-2.23582403211694	0.801548409051893	0.439342752616618	-3.25383423207368	-2.64900959862835	-0.345840676700489
NaN	-4.12281179722728	-0.77902791699548	-1.20722981536533	0.92913377900004	0.319055850063567	1.67002735821756	-1.46649517906318	-5.20723534088355	1.12821563974918	0.482723699020887
NaN	0.929825644541784	1.0804437455076	-1.05681749188834	-4.32623882871371	0.192677188077552	-0.105320542639565	1.32582831344423	-1.21886677144103	1.28011941062456	-1.05902724392978
NaN	1.32064660216651	0.489380641458567	2.43758472405301	-2.01273189657165	1.6405965013739	-0.956004408008416	4.04282798307704	2.29637451263928	1.96736035353674	1.33643554761689
NaN	-2.87771364378838	-2.20423218444594	2.85621169177656	-0.206522914833708	0.659068352841878	-0.952496805398482	-2.43858907821178	-1.31048337198865	-0.790317414405314	-1.57370026313193
NaN	-4.47407907014101	-3.43765936296462	-2.40189652942819	-3.32610496156949	-4.3479487358631	-1.04091715518642	-6.09878701098516	-4.03280395807744	-0.713849718284691	-2.25169855477658
NaN	0.361829466886188	2.54151752363762	-0.519806419425789	1.45544067306622	-2.22067425776596	0.502914666609243	2.01395167626378	-3.24439824975118	0.480108507452985	0.472108848568151
NaN	0.860964309585558	3.33257422197322	0.364557571240689	4.34621952515429	0.0224994311046343	-0.190152833924767	0.830106469582846	0.973560738379622	-1.64976778794456	0.302063386314615
NaN	-1.066523778084	2.00376397143046	1.38851444022227	1.96802132498567	-1.39847417857038	0.135225671787216	0.419357981638196	-2.44955086375629	-3.71965072023199	-2.97828342048278
NaN	-3.04640029014281	2.37355455121316	-0.0781667724337206	-0.942963754150089	-3.59213569354889	-2.1757919875018	-0.0354895548430729	-1.64449284921896	-2.47417831172495	-1.53459897825112
NaN	-1.27617285006741	2.00341721552376	-1.51635136851344	1.405386829674	-1.35763937250148	3.23156664499611	2.38280185837433	1.09321292233278	1.54126560385991	4.49237275225836
NaN	-0.962154823891247	-0.158016962828952	2.71918862374459	3.01728382155423	1.48748942900857	-0.483094017023754	-0.849017274493736	-0.341139224822513	-0.755548232396565	0.679344364665161
NaN	0.165191767590661	-3.34945629982877	3.08854768140993	0.424818053405769	-1.75337915340216	-0.917398016459814	-0.102592564477061	1.16337583323466	-0.404894581929656	-1.8412864753297
NaN	-1.22287239323924	-1.1470481688453	-0.392520725267977	-2.75726988831419	-2.43924149013121	0.443918882464281	1.20435467190506	1.60733367896176	1.2927670554676	-0.508242839402095
NaN	0.346820654835768	0.123530588557184	-1.31782349969991	0.733240619610828	-2.38505444216214	3.90334378941579	4.07253255513114	1.54109973524615	1.62588905453556	0.301472848048509
NaN	0.832682124015702	0.730352374965323	-0.410785779994337	1.05529820078608	-0.0969130276688395	-1.43680990640494	0.569215662127255	-0.00814539235559572	-3.17088996737824	-1.36658083995626
NaN	-0.705279956896362	0.893821711159647	-1.14860472953791	-2.30713196368402	-0.855676635244843	-4.13979176124777	-1.24012400607702	-1.41132178549244	-2.409514202116	-2.35015084607031
NaN	0.162458691783085	1.6018714384479	-4.02967175783694	-5.87206209739626	-1.30764555002755	-2.98245686571849	-1.11779744252004	-2.81483554098751	-0.744961723899468	0.999635148219841
NaN	0.0235645085792207	-1.10432014719751	-3.20768620767655	-2.21937131005376	-1.31695727352009	0.450040537367088	-1.43163912346854	-1.08614398274066	1.63559373178907	-0.207086080523402
NaN	0.407283591964538	-0.590955288801377	-1.90953879302785	-2.18764440247681	0.0797672790252664	1.2243630803444	1.04434301116135	-0.824121759989165	2.53422570031271	2.76485020237558
NaN	1.72872103556813	1.01837638677697	-2.49825685425495	-1.62269309220036	-0.240473906198056	0.709192024323736	-0.522038067553536	-0.650999918108442	2.67122663009968	0.89997278884424
NaN	0.019458201543685	0.592876971146748	-1.42980321233915	1.18374693643714	-0.370847684361741	-0.982063092590281	-0.225261130634874	0.0307925120375089	2.60713368284937	-0.0845992180315247
NaN	2.2295004793416	2.32191852459625	-0.819723361337904	0.439492482939785	0.367141135551545	0.936564782210462	1.33109599789826	3.72421830765283	2.46657411640614	0.865782033331594
NaN	1.27974312053696	0.413603054595923	-0.139185113379965	-1.40822380872447	0.874580112391409	1.49949457064605	1.45092695148057	1.61749755651602	-0.367046154359417	-0.794788377762856
NaN	-0.538073893031079	1.40311630431742	-0.942265446049028	-0.411513251182208	3.49081267245325	-1.469342116215	-3.65156971452586	0.372548269529807	-3.97879337146155	-1.58565532879856
NaN	1.53414533120379	0.226003338072004	0.0572941029464411	1.48780631540361	2.98705960284396	1.43701053852365	0.103419477062727	1.93582291053113	-2.64723908975537	1.56141797314476
NaN	1.53462276552881	0.456071422949333	0.329187715416319	-0.400878942465076	-0.165671156636029	4.37344170063661	1.37520593820169	-0.180270267172863	-0.729943470945214	0.952521481072156
NaN	1.32009226151877	4.27161973522218	3.74973995469518	2.00872840667203	1.01626687738322	-0.502096372265042	-0.365923486275818	0.576522614819563	-1.77756154572484	-1.87168559601177
NaN	-0.416121245155613	2.79437422247606	4.70430386392477	4.53968236118684	2.25195867836613	-2.97840527582591	-2.40410778944857	3.64983635370677	1.02698459393273	2.14226686652823
NaN	1.11051766669395	-0.584262170105244	1.45799688659015	-0.901984584663644	3.04336595767337	-0.987810165533818	1.18197320233442	2.00241786834579	1.1976924274844	1.56065866747974
NaN	3.01380617814759	1.94303318588069	-0.0542775583716494	-0.0317930913657932	0.948225910966597	0.318061247827453	-0.039346009527457	-0.638303835023062	-1.99811120510664	-1.74630807752857
NaN	3.56430948618575	2.20827063368705	0.233643980371377	3.59198579314604	1.91367438910891	2.48657885671728	-0.17320237067756	1.40554674342682	0.046645867778762	0.948046132532762
NaN	1.66982988708474	-1.65364882072774	3.73203637687098	4.65237104517267	4.60735703343915	-0.804981369193129	0.495430826929836	3.09651325187289	0.200131768570649	1.33872312751912
NaN	-1.39514086227815	-0.126693602769064	2.1109586002361	3.24796198289661	0.660655230885209	-0.668820685669071	1.64423214161499	0.41334570992081	0.97914550452186	1.99473878890006
NaN	0.619185258445068	3.42545156667398	0.300067931409443	2.29516386705717	0.564350226797317	1.7479167678211	1.83625691570236	1.11926155127094	1.33270788811869	1.83744378702697
NaN	-1.43105432130148	1.20376961181968	-2.11373340078465	-3.69575921384198	-2.0746646923532	1.3674400164046	2.51142427628956	-0.81984707969272	-0.660470320516805	-0.302540134727942
NaN	0.450734166724174	-1.66598622068651	-3.02385346057665	-3.05466184471489	-2.82259815938007	-1.9282273373318	-2.03625347500209	-1.06435411775098	0.0467197066865043	-3.56570090351347
NaN	-0.419088980078145	-1.73280036226462	-2.79972838335439	-2.19995398282641	-3.42809675709857	-5.0712885112612	0.232467074575403	-0.736289139032591	-0.850252692194335	-2.88365942539643
NaN	0.240597017081963	-0.255819316324824	0.235199171451037	0.707137110501946	-0.427338781112919	1.46312990011514	4.84828352888032	0.940002162074511	5.46436484639959	1.18139222006941
NaN	2.25007381107755	2.03870091213723	1.81571679443151	0.511080982555933	0.643272101265348	2.24734391235525	0.900567875823873	3.22754404488562	4.12169285947356	1.55216995169489
NaN	0.273480813121918	0.0893598668868796	1.07263317033827	2.98532711666907	-0.658189836191982	-3.2923860353198	-9.7411702689564	-0.193595138028663	-0.424220626287522	-2.30570956146254
NaN	-1.43765690112911	-3.06867249125024	-0.497540521831594	-0.48119523397284	-1.25324131258724	-2.16489448902058	-2.95031972183116	-1.0666972993177	-2.9974156478079	0.536714124231515
NaN	-1.37866923218566	-0.671876443940179	1.09735796768441	-0.0375976627508371	-1.17623440323116	-0.557578666785844	1.53502376998637	-1.22908737820415	-0.102201855358586	0.721762756259659
NaN	-2.01721814291366	-1.1640411168805	0.301399059939398	-1.14075662563588	0.397170379615541	-1.2679929235552	-1.04994488802009	-1.33283526715373	-1.04577513505779	-1.13563340957142
NaN	-1.36923061086833	-1.32837565554409	-0.502801875376382	3.49161973886857	0.337408029038529	-1.00646467607852	-2.03737178474014	-1.783250569343	-1.16112778654612	-2.51782403563725
NaN	0.322128980404329	-1.91644147587166	0.340740270603603	-0.746863386776301	1.46648342481885	1.79687599521622	-1.3177027251015	-0.966062291908099	1.35264736775875	0.395687913173253
NaN	-1.41820185307466	2.2589353221088	-1.60643965843203	-3.34699227508296	-1.05730005381579	0.657686510187287	-0.204154878818843	-1.05250177041518	-0.00237333315027399	-0.206269880401286
NaN	-0.507934839444206	0.359472115585983	-2.12293536149085	-1.91672373720459	-1.6218583315284	2.96387114728745	0.298613670366695	0.589457214235857	3.64455144863969	-0.345463249682223
NaN	-1.16692241872039	0.0689653398548499	-2.43334722961781	0.746762227378476	1.30134438580844	1.37416839822566	4.14058124860528	-0.491546526029145	2.15646301751327	0.595803758235054
NaN	0.239526933076522	-0.502690496399679	-0.0284305831084444	2.09071545376703	1.81748937678975	-0.35418399080471	2.16309967127008	0.426179192577048	-0.23562047012148	0.24745198598981
NaN	1.03506440535106	3.34601010756559	0.515658475253546	0.39417621473442	-0.607622810591924	-0.406403782077502	-1.45217628646623	-0.489950786893591	1.4066298837078	4.93312807329863
NaN	3.33085191991484	1.54649030904584	4.81615667855103	1.05339881202946	3.4283998137691	0.805952498970679	0.0518844481010615	1.77520363683394	2.49584895610225	3.54381967560508
NaN	-0.811112528176561	0.705834578576756	2.38379392574023	-1.16718482138192	0.177524365010195	1.79005313405712	0.266549256440021	1.85690375769076	1.65076820901555	-2.26508784288263
NaN	-0.518427939597116	0.584323057523841	-0.647355822831957	-0.253471245978066	1.26591978563736	2.67484843919757	1.91493982723691	0.0534399733265225	0.170777131183314	0.49050930075089
NaN	2.81033787904649	-1.10771341288034	-1.66882258200484	-1.18484200910285	2.00786803446127	0.473891765235749	-3.69576763797602	0.652696094630104	-0.709526419933777	-0.718341755073624
NaN	-1.49843061480888	-5.01840309581067	-0.0457003111136722	2.03239446958834	0.699634933717327	-3.5200945597351	-2.94754683450084	-2.6497941381825	-4.0391574280211	-2.6044965813315
NaN	-0.21080334673869	-0.0707064474034369	0.0195538943214948	2.11279986421234	-1.8484891388904	-1.50698139390372	1.45013513191141	-1.6033811565026	-2.20906564229243	-3.29406341677959
NaN	-1.95027844324943	-0.320257063721333	-0.265782593004619	-1.99300950942448	-2.78968787718714	-1.39247608625451	-1.13179954504964	-1.39902830228375	-0.649691857681595	-1.01405843354819
NaN	-0.382919471061125	-0.637814959289118	2.72288217218701	-0.233447701153201	-0.641344096685128	-0.404833469705213	-1.12467190423175	-0.266732476433835	3.06586587284372	1.4240194893695
NaN	3.74431670121164	-3.43956726463348	2.76227867068491	-0.060956531931213	1.74408579102852	0.17261435118804	1.887443470342	4.3596305767914	3.42554627795411	2.98177233494532
NaN	-0.970241132330088	-4.79927824930204	2.48086642895702	-0.540785515901142	0.57227382362784	2.24847400474139	2.82140349110226	0.251215735760679	1.70409061782675	1.24497730391277
NaN	-3.02332354916678	-4.10783330665528	1.07468073056149	-1.29040651718426	1.40332867176265	-0.173314573883249	-1.44018249771995	0.70063332244483	-1.45169615040168	-0.867606226748843
NaN	-4.07345821301439	-2.40461276853151	-2.9063578966894	-2.89943104016518	2.50650104274109	-1.38220861832075	-2.05904588759253	-3.38439679946621	-4.87141397999751	-1.06506538406979
NaN	-3.8437199455452	-3.04671965713673	-4.23478688787631	-4.17218554389737	-0.713434223767758	2.15987443594614	1.01178817665364	-5.92236493200191	-1.40750696235495	-0.502756298635416
NaN	0.6947085363633	0.621176814236317	-3.14206386526299	-1.49670010592885	-2.94880317202613	0.00878473897309651	1.89725325828543	-0.825966464648098	-0.896759833737179	0.0865990319517916
NaN	2.77377111932238	1.79521380109058	-1.47040685265755	1.24532578382682	-2.21542299806118	-1.06809722561041	3.72235481174673	2.85735725048296	-0.384834536796367	0.798382200961024
NaN	2.54617664190323	-0.582668132488346	0.650282998899162	3.7076886767909	-1.03145325559522	0.966234431528576	-2.35484890263556	1.41901382138005	2.43087480326599	0.249477134915467
NaN	-2.74888639849848	2.55030438367179	-0.854548198426472	0.525932445827269	-1.36390555318743	2.28548919013267	-1.17843162654654	-2.18938915040931	-1.44963632935963	-1.22025733317676
NaN	-2.94423397033223	-0.343615845867603	-3.36502946535876	-2.91829997864772	-2.04349409005288	3.0840369044744	3.10503382018844	-3.097284414656	-2.87940619780583	0.891750451040808
NaN	-0.888475900378805	1.289502065007	2.50867774946551	1.42715063773196	1.7165338014871	2.09521740873297	4.25308090396779	0.46182097952973	0.149826510908278	1.53049161863966
NaN	-0.626464156917965	3.398102587281	2.98097780582471	2.38947858022927	1.10360486512312	0.801478383094722	-0.999485786087288	0.185559925841447	-0.0318216325961222	0.963422460555333
NaN	-0.873121075066823	-2.51647608248044	-2.1303846060691	-1.58490564799807	-0.443994537383638	0.76004422111378	-4.89874079337786	-0.356170566543965	-1.7990916273998	0.0315405113408491
NaN	-0.91169813586559	-0.421641285524315	-2.77709950087322	-3.67600383264627	0.924629192589708	-4.3686073407106	-0.0534217353902114	-1.2963859370762	-2.89788581153239	-1.17747942579103
NaN	-0.504334047780732	-1.00747520896503	-1.63236080235666	1.30037097767888	-1.09109874903901	-1.41007110117559	0.40324418757186	-0.541925915461572	-0.463676452688693	-2.17898510714319
NaN	-0.511299619656834	-0.235147395454189	1.75408473390542	0.792740078934368	-3.41459113152146	-1.89722651862599	-3.12977285326417	0.606239169848874	1.28297954515421	0.580531388297114
NaN	1.21532401716422	-0.976199814728697	-2.16888702171498	-1.65829483176413	-0.687413856844996	-0.112895353341538	-1.46316764795955	-0.980337110733412	3.19525727165879	2.07502448473552
NaN	1.8927976473912	-1.18553881655029	1.47019519790598	1.81206012841014	-0.828494435232737	0.161469065945542	-0.390353719527194	2.05551170956729	2.67951024131464	-1.39998020652922
NaN	3.53814411380305	3.53994115778079	1.9367778522489	5.43526702896393	1.7523034831592	-1.23881711378007	0.451881860579398	2.83191231677886	1.00975479245213	0.857701190376673
NaN	3.53693929547402	2.57455244968227	3.15811472547507	1.00346273931212	2.65885290186256	-1.32313852223461	4.29301089857582	2.89738773027873	-0.643773060837795	0.859409675584429
NaN	2.20086412380608	2.91077134443276	3.44175703339854	-0.535705899217642	-0.192374597625027	1.70068290520756	3.87385113023483	0.635837724564197	-0.289146426525776	-0.219933843173368
NaN	1.03792579757125	1.12929394136025	2.22048676859877	-0.248258767400632	-1.33176728930325	1.9022843825714	2.83423085950164	1.90697299602828	-1.03824343298521	0.114186513898222
NaN	-1.90505074558271	0.927698105037621	3.03709353427133	1.15303557687538	-0.990325120339548	0.702052069336022	-1.04561110282098	0.206488888929177	-1.66675755386001	-0.684768552296308
