NaN	-1.27734353312848	-1.72832077137114	-1.46072248346849	-2.448277861282	-2.24371883229595	-1.48537174398528	-0.739101349589251	-2.80852886528188	-2.93709892594597	-1.75702407325303
NaN	0.542393711130248	-0.206927192794469	-1.62156298720391	-1.71323125780211	0.123029770772286	0.00141171845658368	2.32270224487353	0.599292647557297	-0.330770775994946	0.822085401023201
NaN	1.06397703272439	0.326875116742625	-0.725842406384779	-1.02995748777965	-1.74065628609676	1.48110250452485	0.547821542587601	-0.00921184569975636	0.544824151107963	1.63701164486069
NaN	3.44774415616626	1.34891036652142	-1.16046746943634	0.294715132778155	-0.704379695421979	1.6947584319856	1.55700862059504	5.1146893765657	1.40598831882543	1.40147820661783
NaN	2.54132265597569	3.49801495904571	1.79840597819097	1.40547790420925	1.99419036542072	2.99461017753894	0.943657098737035	1.95572259354275	3.70699458483262	3.06423571345847
NaN	0.373834094884221	3.86774927783446	2.01508502447202	1.24374543957771	4.6689801977103	-1.22238008410688	-1.19221338777355	0.878823032686015	0.117744029705537	2.89225722798726
NaN	-2.53817123243811	1.23051468665246	1.11258766993339	1.21663960081944	0.55068679063649	-2.57892956894652	-2.91536094814739	0.869129065218124	-2.6172445095295	-1.49130164599254
NaN	-4.32574854004407	-3.36102124687086	-1.28616044531645	-0.533495439882071	-3.58996059331411	-3.01280793494959	-2.37860486494516	-4.71595994112341	-3.21211659399652	-8.29246691125525
NaN	0.773530046547381	-3.88496935019551	2.19073796193997	0.839626922205753	0.476983964697189	-0.32171364648732	0.550955248749104	-0.904465805839156	1.03854804470466	-0.407009347081199
NaN	-0.190423760337361	-1.16527503732892	0.320664925831713	0.240383184424749	3.20823604669624	3.27740700622125	2.07044638707112	0.308833223100833	-0.161564253591785	2.14164476508091
NaN	-0.495762996627564	-1.17885804243196	-1.80814542759529	0.383071739546578	-0.183247836477334	-0.491180753519448	1.84332744108198	0.689174234153137	0.509577409917399	0.282447053005734
NaN	-1.61917220890626	-2.09490429968554	-0.926220873507378	-1.19408097939348	-2.80345111760245	-0.541874418159518	-1.62220908863948	-0.99697699067457	-0.358342652048224	-2.22340986552692
NaN	3.2715865234557	3.06421316547856	4.11388129991984	0.978581749641833	1.29824543196479	-1.03696491925525	1.10253222574198	0.723278834103804	0.239060188665785	-0.479379343517067
NaN	0.932225494506368	0.561216881069547	-0.176114786619779	1.3680890109036	0.0417282109400132	0.437122885508404	-0.0917557603007745	-0.456223814469673	0.985533402737288	-2.10625335410995
NaN	0.845168888822661	-0.971929574247831	1.77303722738349	1.17918691927257	1.88524255569996	-1.3455077425404	0.882375300229794	1.5844017674139	1.45735458140527	3.75675757899056
NaN	-1.61753570376523	1.5921160062426	0.618165170152197	2.02915107095122	-0.927172324445404	0.82691785031541	0.0637968407204642	0.44436306267489	0.249405184310571	0.339064136067425
NaN	-3.14281764197234	3.17261946842487	1.23959258976213	1.52353000798578	-1.39301383156435	4.23741329838703	0.611176585451589	-0.279096410848755	2.40810329107705	-2.39030302685469
NaN	-0.102779449079961	0.581546005436135	1.50271953656366	1.47909370209868	0.497200307201118	0.210266604919426	0.735532379378779	0.191910260034746	0.645621416123908	-0.152596717943272
NaN	-1.1418670002312	-3.83347359810844	0.462077676489531	2.58265750702631	1.56754592209134	-2.87228671458188	-0.987126517947355	-1.51355629492673	-1.68343033861316	-0.859981551832049
NaN	-1.66183173009083	-6.16856234919399	-2.01831014095249	0.0633677558300423	1.05756620875047	-1.25272099782396	-3.07295597031545	-2.17368184399789	-1.87234263477999	-1.33615021589413
NaN	-1.56208418729265	0.303452743064558	-1.31524203249789	1.52339279714025	-0.352745729285379	-0.43275133467157	-3.50910977605087	-3.86466172419072	-0.840061476239443	0.262033713903144
NaN	-0.126724894504004	-0.633981942621064	-1.59633925151684	-3.35179765652308	-2.21195562546023	-0.976495376660972	-3.22392593518418	-2.7306849359809	-1.60900257312859	-0.586880449276774
NaN	3.16169168108876	0.62408445438677	-2.52506801671298	-2.70287129328618	-0.115564924048949	-0.041969365100857	-1.65143317471465	0.561258547776808	3.35036370701957	3.89538038256521
NaN	2.42977099023808	0.134608363912632	-2.13310448305333	-0.877035265115634	0.622318928177709	0.4559262740677	-1.79487436802946	-1.83290357556952	3.25409732943403	4.5907235789168
NaN	-0.950871500336027	-0.73318602865246	-2.92614424900575	-2.15535614811091	-0.441004330096421	0.9586878589243	0.850303952648227	-2.09030356334979	2.08993850276631	3.61765057978202
NaN	-2.89402266126439	-1.6378735030055	3.90127346774451	-1.28949653891608	0.294837193520737	0.197769358829013	0.122289743399876	-0.100420331643279	0.45906860514285	0.819720708667527
NaN	-2.20088724994744	0.844336702212347	1.38834787763724	0.97290768761904	-1.6134897781107	0.15319384503814	-0.996722853050926	1.55616770950637	-1.20549742722233	-4.63528265905646
NaN	0.481361605038981	0.0820309613741219	-1.99072848991389	-2.52876309390088	-2.63896771920136	2.2132674017736	1.83136085667393	2.78807584798481	-1.32200021361805	-2.36823750335016
NaN	4.12659055109702	1.9770583631283	-1.81430139856422	-2.43759513145188	-0.907039131029377	1.26268644301566	2.30949077571057	2.58533359176826	-0.466596474212068	0.29695380864307
NaN	4.63304277150814	5.49250727701803	0.280378693461213	0.063269440427044	1.73484571177629	-0.18439093194455	1.17436624370611	1.42156917640191	-0.970550324777338	-1.66462589904261
NaN	2.11468167482884	2.79964431649995	1.26542591674021	0.281428600855157	1.25837224705545	2.08032439762579	2.4097646348068	1.61243506694201	-1.4535600580536	2.59131735229075
NaN	1.71910800479236	2.23455519375006	0.547811014307573	4.20128284805939	1.29191182686061	0.706810371199965	0.341931342507943	0.486172887564714	1.93293413544693	2.7556597544539
NaN	-1.41031977909463	-0.996869812567878	-0.369093996381012	-0.794086434172731	-0.0831793106825619	-2.41297750701885	-0.5855395664779	-0.445376748288991	0.229596845314644	0.0437744090508375
NaN	-3.1482427462697	-2.73901027993184	-1.71603934563526	-2.76422262751894	-0.167334244251764	-1.59881373427502	-0.606857929884006	-0.629124616026537	-2.39982951956743	-5.85674468466624
NaN	-1.12402117912618	0.857449154828422	-0.51778457348926	-1.49247966280095	-0.663531626803316	-0.466739605513055	-1.13840175471895	-0.652271865227512	0.647564144263079	1.18915256316576
NaN	0.0499430841957089	1.71297812053277	2.05723768639857	3.2495629539928	-0.986867679955699	-1.3228749612757	-0.541946439505956	1.52573820879477	1.12594170373497	0.825921312798654
NaN	-0.477219024324526	1.15297075109421	0.673274180989515	3.84750809212937	0.321402342158738	0.934712097664708	0.47198747883948	1.1024285934307	0.51748291533386	-0.243122968486186
NaN	0.804624351277483	-1.41991456642894	1.81885884120905	2.32247086788401	2.67228896817453	-0.126213469183022	0.516760850773174	-0.492831067876149	-2.12848199666688	-0.336584557091409
NaN	1.63608333417295	0.451311285706147	4.01115388314146	1.14699514788025	2.55822724198018	-1.14270510182723	0.556658025434153	-1.01847412093568	-4.79641811683832	-0.0117481894414996
NaN	0.217308800645227	0.178408172723105	0.394919184589329	-1.93347818889881	-0.279341289956355	-0.226603708274955	-0.14754140711759	1.94515068785559	-1.64294517872744	0.492546456667007
NaN	-1.24175587794602	-2.10035765900625	-3.93222408019588	-5.68330499867712	-0.661136866935641	0.346052613929832	1.6095388889424	-0.972721237522532	-0.176256918037863	0.766354030182809
NaN	-1.74847421533179	-3.45108992341848	-2.55572416206467	-0.799456427667216	1.15104650685595	-0.30091935002368	0.220742296472133	0.153055044198544	-2.76241234811115	-3.77263740313836
NaN	-1.97538867785544	-0.532658051333681	0.387278039227703	-1.48183701745228	-0.603324562400886	-1.15308239356345	1.85287870493724	-3.03399552905675	-2.51275481349981	-1.98868412654347
NaN	-2.20119925125656	3.86976386524805	-1.13112168795704	1.4083406851002	-1.35386006201136	2.53825895271073	2.22538544798291	-0.541850585264859	-0.38797282810735	2.85516349665073
NaN	0.0642493007417113	2.34970039176878	1.35124070724996	3.42635502361878	1.66967878413561	3.06271429284656	3.5580640408169	3.27659323768756	1.14187044454173	3.89233348679868
NaN	-1.72694230229096	0.626618218813253	2.06554643864507	-1.22229040232885	-1.29293674632807	-1.60654389878799	0.115158282911723	0.864846391438791	1.38356100334874	0.173990573408634
NaN	-0.610227746521248	-1.96400822134096	-0.256757764629562	-3.27841441820139	-1.15227554777471	-1.53515980030927	1.0243458978176	0.556159853268466	2.2058141061572	-1.93842635901656
NaN	2.66459989636529	1.8434235955794	0.727686595887251	-1.47018354794372	-0.423568944635651	0.257873784737926	3.53746297696062	1.17362808248757	0.469459920216532	-1.19296182525737
NaN	1.89746222016257	-2.22702340442317	0.169125328814358	-1.72767874301162	-2.69586403117579	0.540069610334382	2.66219002768473	4.26598854688465	2.37628154712525	3.91858388509129
NaN	-0.642137139884298	0.82063825329204	1.7380096661344	0.241713025560712	-1.02956010635978	1.23503975402862	-1.50587199154755	-0.186366818832219	4.03273463339363	2.09950375190836
NaN	-0.196230264168782	0.954907622394657	2.51593047160603	2.84340222863986	0.448243408301873	-1.20282887978092	-3.34192681077839	-0.00196393340773578	1.83534762700977	-3.33417829769244
NaN	2.83163550465526	-0.571256826322206	0.880360653089714	0.821029503045825	0.827322284290683	-1.35596490962532	-2.05107057527515	-0.432761057434761	-1.01250819671638	1.22607806223384
NaN	1.19415874543093	-2.37516811473903	-2.19631634536935	-1.61999908427596	-2.68866447437063	-1.42708940130498	1.02779960298452	-0.911889292467484	-4.86527174323456	0.399862776745627
NaN	-0.781721993444292	-2.89807837636079	-2.4979220373377	-1.87099590068381	-2.27304163873179	3.84788126586902	-0.879550814654358	-1.06998908340775	-0.462089336246353	-2.82495956427955
NaN	-1.66232767185238	-3.99530775439838	-2.13013924540547	-1.94516201309819	-2.32567790714207	-0.156187724129554	-1.45384883787177	-0.492012411687411	-1.58059997726613	-4.10306100452654
NaN	-1.46497480159648	-3.20190958300303	1.47916666148439	-0.384046602183543	0.753313969979131	0.778186998072567	1.39250418091837	-2.27136445923983	1.60037577768795	0.665943911772809
NaN	-0.465413703730861	-1.99436044311454	1.11933839309041	2.24353588846396	0.797829225522381	0.6067910661791	-3.4183354188061	0.0114971972560039	0.134297169308937	-3.1994177220236
NaN	-0.0573295021590306	-1.28481088754627	-0.948959821223648	-0.0899990198978474	0.480031873949947	-1.19090141862111	-0.981286404301603	-0.411239285040948	-0.171039311255904	0.930792838727275
NaN	2.83439522408851	1.12383740206852	-2.38415641779836	0.32343327685796	-0.237318290147795	-1.16978953097043	2.69362295439366	2.57665371346039	1.39688964667065	0.20226921170115
NaN	2.19130120429304	-0.598083315398738	-2.56583778390542	-0.196273859463244	0.958992194950173	-0.329366399416724	0.530166314552697	1.05891752254549	0.429713977776042	-0.278040574662042
NaN	-0.875450509042494	-2.09244173785094	-1.75363538533623	-0.105878106711988	-0.768493970508491	-0.982466780812854	-3.80831908916736	-1.99721054692745	-1.81323235613563	0.172172411694225
NaN	-0.336564380513236	0.239152107499384	-0.831615963834135	3.62275398041676	1.2070504920861	-2.00828978963627	-2.85089799732564	-2.63839174411033	-2.56023357127792	3.29883411253248
NaN	2.28035886004718	3.74647987942015	0.040894775760743	4.19294654559811	3.47725115768504	0.528483008853298	-0.973340515343157	-0.0474340338914094	-0.310276534680279	0.218906584574163
NaN	2.85638625780479	5.19752180464395	0.0351851734478974	2.92858114156047	2.04383545527895	-1.14755530086805	-0.415394059886049	2.1186508500858	1.75959813441712	-3.31690681226424
NaN	0.596680885904396	1.18343584132994	-0.555874947889286	-2.06808603699211	-0.799011699177351	0.0595258449870285	-1.4404640418777	1.43947808549234	2.19514023485964	-0.690249078315295
NaN	-2.12860273309962	3.40777260845879	-0.473177732521391	-0.850476211833683	-1.95960810300463	0.703719214692293	-1.49003951370905	-1.2529860599721	0.00293166507590767	0.700214962610287
NaN	-1.45592635061823	0.599135752700767	1.80389998125919	-0.390849821632444	0.647616726136195	2.70497752048159	0.460788165658949	-0.603349264683791	0.3208275441923	0.344119754715784
NaN	1.11678887128609	-2.98471319053197	0.546064604248755	0.535171480465765	1.50701451551322	3.23172024838243	1.44761811990825	1.47589155178596	1.71018327337975	1.83120173492044
NaN	1.7162480521214	2.04018531290858	1.49250161628113	0.836355192227213	2.50164469486098	0.487633798347247	2.57862643252512	1.97849734758275	3.62145516199137	3.46527072549936
NaN	4.48786632300926	4.41365154652237	2.29747368582786	4.13202290689873	2.62809326987817	-0.365778603126624	0.142021399235851	2.06998772107421	2.81002628742709	1.9456286120274
NaN	2.41808253780615	2.86220694233772	1.63252096635096	-0.153560329443305	1.2693866079552	-1.2353478186533	-1.87046758715032	-0.680206315371108	-1.19025906693419	-2.18636136811329
NaN	-0.125945000818224	1.0372654107459	1.42407084902523	-2.03608403598048	0.341243619208398	-2.37464790842734	-1.24183602786849	-2.41271897397784	-3.71113514520655	-2.02647891846359
NaN	-3.67741681068386	-1.20328049262275	-0.767806685306236	-1.56900147701832	2.72876489278226	-1.08562898584027	0.322810646600043	-3.00291611554255	-2.36841986467258	0.158946629651685
NaN	-2.23867542896462	-3.78957449182849	-0.7344636209393	-0.955244541851431	0.784638844334428	0.607269208195798	-1.527370511454	-2.55359921315603	0.274124999901896	0.181432960815229
NaN	-3.14449331187162	-2.50891991945615	2.75581223841227	-0.0801181498950128	-0.469235532846601	-0.694681919788404	0.542358070425935	-1.68115025286113	-0.111994912965963	-0.618344824611493
NaN	-2.05040554551083	-0.993577855844753	1.18672689525842	0.418084637018383	-2.14668693209939	0.283007242936095	-1.49788914516582	-0.886055356470814	-0.213833898662007	1.1409797080807
NaN	1.49421166512644	2.33411716145574	-3.21865365170248	-1.06713333091638	-0.887219096052463	2.25388699763766	3.32845713980286	-0.783820099744436	-0.465736913347415	3.53967888186218
NaN	-0.869538291697405	0.0577434812067799	-0.403653017723553	-1.35546552958635	-0.33629564614138	-0.309038372251519	-0.0968038861326883	-1.04247422266421	-1.02899262136339	-0.313618619914008
NaN	0.117646721996262	1.60943550389706	4.30494234536414	4.28298867497502	2.86807409379818	-0.972610938868441	-0.954681206230015	0.293465110869396	-0.0914815661626021	-0.553765355810151
NaN	-2.0374006201418	1.07020610037326	2.44903309545427	2.09604331781561	0.775122207353723	0.385227553210654	-0.864185827710924	-0.18163895032561	2.52685337584521	1.2426408157848
NaN	-0.900204645953275	1.34584780874767	-3.14276015280925	-2.33347743781262	-2.25363111803543	-0.323357185209678	2.88081122996321	1.2050149310448	1.11151644784982	2.3233695104303
NaN	3.56322082069636	0.285705152054061	-2.73628505771875	-1.99271152741546	-2.34990771467836	2.60762776196769	2.05037387714558	3.35860907809226	0.257426076202044	3.82109108733538
NaN	-1.17070421176444	2.98164143636636	-0.582140965487302	0.0585729168893663	0.248841659700289	2.98709317908041	2.11915624484277	0.457335555070644	2.97559047578088	2.15028241453472
NaN	-1.47526002652261	-2.68712157420086	-1.68434938851585	-0.656468063716444	1.35120646562051	0.247864344476093	2.49243441970673	1.37356245468408	2.32524741249671	3.05080468200213
NaN	-2.86516580539434	-6.78121460533829	-2.44979525671524	-2.25179416287743	0.35079893003073	0.900348985168209	1.9659956000506	-0.87909278141609	-0.895270955537685	2.4282746520715
NaN	-1.07664589956398	0.39387309035738	-0.767444593673407	-0.902573800244695	1.98009836354084	0.323645997597264	0.403490122938576	-0.444588051630762	1.52965425137538	-1.21025497980085
NaN	-2.2853808418391	1.50819521117087	0.318573755005101	0.142521095146258	-0.0280662944322863	-2.29242375315936	-3.99889162906729	-1.71866392742215	-2.93371009877303	-8.45472775491104
NaN	-0.211126568550351	-5.71885708897403	1.7133701663493	-0.761035041728372	-2.04691526304825	-2.97051672166195	-3.9503043885522	-1.08455812473164	-4.97041524958381	-4.75184862286692
NaN	-0.401742954020697	-4.47338069680579	0.128827446417241	-0.858219145927295	-4.8820082300694	0.628199319233742	-2.57169567321678	-0.780724812190516	-1.84471870644452	-3.01614587255411
NaN	0.582166651844874	-0.812404696919712	-2.13811479642004	1.35957586190607	-0.140655532529261	2.10917755734539	1.5840673634188	-0.473180345703012	0.9060138919376	1.03300678776135
NaN	0.520320368441903	0.430071885965639	0.634291829085161	1.26062020183603	2.29500869663396	-0.329168907221482	0.0183382546930716	-1.58614605404274	-1.40345571196651	0.260983183448056
NaN	0.223884452491705	3.31475201793661	-0.418332380164665	-0.598580502833555	0.354030499208272	-1.71260736116972	-1.74195909390944	-0.328686579387432	-0.655011464560672	-1.4089019810107
NaN	2.84163374036112	2.02708130191682	0.639339745049093	0.00106830610313802	0.321927286154606	-0.473065068038369	-1.08325249308746	1.37127888962521	2.19941548338367	1.09501229195566
NaN	-0.0247660775344402	-3.22315781420249	0.196713912390217	-0.98208348074843	-3.65845049154333	-1.87421561012833	-1.20750810936187	0.696224375115138	3.11643474685993	0.241207589596704
NaN	-0.181268853354844	-2.74466439920748	-1.79074339853188	-0.941119547482574	-5.34663879313482	-1.00196087132197	-0.558852590779728	2.4103008361982	1.62090502558637	0.822618692336742
NaN	-0.456941507215268	0.627097778094057	2.87649182543416	2.00316223487704	-1.25298686308919	-0.719066433498415	0.458639120725435	2.78826093581413	1.69267604906745	2.30798679881795
NaN	0.813998970266419	1.70465492422682	1.0409562936996	-0.21108762972649	1.269067016629	2.09071687216324	1.903812994832	-0.0242585294711981	-0.33971758012964	1.71962843789006
NaN	-0.85389256457166	1.49337010827555	-0.289367004417381	1.13070226265765	-0.87824468483884	0.434349697843385	-0.030487283985186	-0.930619289317604	-3.16428405807177	-5.45204670653541
NaN	3.12293944782643	2.71335838530322	-0.433596386624858	0.78226372442672	2.37637681667649	2.86735032994431	1.80742350768259	0.639165465636076	-1.20064800179087	-1.17258269935109
NaN	2.32468780682434	5.32300557622365	1.59624473881785	0.426428056243904	-1.38946968570755	1.25676655616555	3.50002421700046	1.24382533489208	0.661272171676288	0.18446388426843
NaN	2.81698523352859	0.637692213151707	0.825111350307231	1.41070514015051	-0.462687406577149	0.570274360641169	0.919126784224532	1.54420547070921	-0.207606613577416	0.0556344339778433
NaN	1.39862341855028	1.07608404498683	1.43045106568828	4.31026049851631	1.79880746365259	-2.94014370382831	-2.6088759126639	-0.322542044205159	-1.480285787971	-2.42489810071683
NaN	-1.62069422463788	2.32235070163653	4.61889906281802	3.38065402728348	-0.49966259920192	-3.37973087149329	-2.08440892577759	-1.69848783550962	-2.99134218585409	-2.6421121119646
NaN	-1.99543304779243	-0.0520701732800017	3.00547294592967	-0.599122998849885	-1.21782491260645	-1.40972622627089	-0.877916094217137	-0.0682701644157366	0.198323281574893	-1.1306568053953
NaN	-2.77540101885832	-0.292357874525138	-0.680555928353856	-1.56078073217369	-1.37880161041721	2.31213928424928	1.72563951752464	-1.59067192462036	1.16965106947727	0.577837022879171
NaN	-0.707131411088577	3.56594248285322	-2.06543167051813	0.177034798371153	-0.168736064231916	1.42830348747692	2.91911883203312	-0.184030430805413	0.500737616475218	1.8172823989225
NaN	-0.975512263711609	0.458218090755087	-0.0814539021388243	2.95524442690982	0.728105321756627	-1.78659011294436	-2.77684807327493	-1.89190041314888	-1.92330346242067	-3.12917964326587
NaN	-1.68182753259512	-5.94751642720419	-1.44837580298875	-0.346197689585669	-0.734606063998603	-2.80125102855979	-0.808617496091226	-1.70527314676246	-1.8230804205656	-1.57773703477678
NaN	0.0749200095091458	-5.61093689747769	-2.23605622937299	-5.44619906100263	-2.04992952759136	1.12336379112199	1.0473465323007	-0.970401903303706	2.20228489292267	2.56452388838456
NaN	0.210438641094456	1.79802050197239	0.251678463585014	-0.491581481051221	-0.658872804141533	-1.72341438948885	-0.744922835888673	-0.243857019354855	-1.19170880621334	-0.763261397047106
NaN	-0.106899672722472	0.178769639853431	-0.298268889519258	-1.17155288179618	-1.16590168722196	-2.25455387417859	-3.54725539266094	0.767277396803193	-2.2737830504701	-4.16787980984063
NaN	0.431856722448085	-2.71698130208937	1.51389137985519	-1.49784771101372	2.11716784397537	-0.544714990488273	-0.132227519432194	1.04626029752696	-0.461019923805907	0.61924065982331
NaN	0.786064054015927	-2.49860659323742	1.11926734808279	-1.34086641945594	3.50027583768311	-0.839800111362229	1.10297285541204	2.43134526749883	-0.33650028064241	1.01712266735785
NaN	3.3767879725567	1.06505971027269	1.7636369204787	-0.368478779620208	4.90465514953336	0.873728141388563	-0.229714110624974	1.80453374472213	2.93695835806022	3.27807290825227
NaN	3.03051551058802	1.73133509569512	0.0157339994544285	-0.165924284993271	5.31213660428986	0.861359886107005	1.68681599323265	2.60233663807138	0.98517584389915	3.68846003073827
NaN	2.10258156908407	-0.376255113512339	0.769633926636555	1.3028407274908	3.57593514887312	1.60560143505971	1.69879927595617	1.0179106211796	1.45631546628699	1.29523391560653
NaN	-1.18409938046446	-3.45345923361163	0.140270107284951	-0.0338980911052088	0.649829571261825	-0.451476132624815	0.188929293483255	-0.174560687246931	-1.01644076502216	-0.572021489862984
NaN	-0.512498308908584	-0.314473720423198	-1.78832544468497	-1.17157055460331	-3.13670786592538	0.498735661604514	1.51782691521559	0.706310248673411	-0.795629744043443	1.83600762588131
NaN	-0.58445761311495	1.34331325388028	-4.13278269511632	-2.13901469541169	-4.28071845352144	3.93317669463235	3.48092762633287	2.08207846075806	0.72554386873464	1.99710825235535
NaN	-0.274773469565216	4.15607745540564	-1.338204964549	-0.428570378504585	-0.774819364686501	0.849048970136357	1.65101013353377	0.567114842568149	0.313561714031138	-0.108174142187973
NaN	-2.24766591843132	4.40209195862444	-0.807362482223235	4.18351641962245	0.415155104494453	-0.730357836430649	-3.70732799266389	-1.69031862116154	-0.277455825679868	-3.17767091449312
NaN	-1.47188918940422	2.82812615879746	-0.507226510131407	3.13210820428462	0.789304902365837	0.20240813219048	-0.196743048421441	-3.11112798653234	1.17638362785067	2.54860917157409
NaN	0.514225142155229	2.0342668459672	1.72928548356476	-0.0991457138675617	1.86961351554663	1.2575256497095	2.43826660885424	0.779053970345509	3.27107597639326	3.43372924009691
NaN	0.141837264848974	1.32328080491682	0.979791033245107	-0.208450090048851	1.97054434598695	2.47374975841853	1.20713230888748	0.357801070016118	1.00888637192835	3.39254080420891
NaN	-1.13129372749155	0.96301430617183	0.972924024982442	0.373669892186396	0.357603660363619	2.67681509268181	2.2218293385879	-0.289890590621825	2.29589599908786	1.71669305449142
NaN	-0.380360289698572	-4.1444588363657	-5.15136313361731	-3.92636958925323	-4.35318295865582	1.15298359957498	0.965783470470844	-0.975205637593891	-0.749782010732558	-1.68079548409082
NaN	0.170924427067433	-1.59447731330752	-2.55849900759748	0.475601954466652	-1.73876087950743	-2.87494871505784	-1.76144946741577	-2.10638808127257	-3.06645199561722	-2.76668126337374
NaN	-0.826390858922996	1.34053895863887	-0.502850678334245	3.11215167527576	0.63377192849753	-2.98917137406983	-3.2152753379936	-1.95296447519277	-4.50295087689254	-2.82512342639066
NaN	0.020100870412646	-3.01510048414389	-1.58218390443078	-1.1504515065592	-0.276430350179093	-1.24539734326429	0.828884413469405	-0.836998595873815	-1.62258854883151	2.56733347091149
NaN	1.97675757292522	-4.98959691051714	-2.86343596218027	-5.46979771060056	-2.79823309023653	-0.517451939911169	-1.42622974788544	1.11617221519067	-0.98494181441671	-2.35652835993324
NaN	1.75820775752378	-1.96717418001623	-2.22389599231794	-1.72982899214747	-1.55429970680544	2.21064808901754	-1.89747205123405	1.37723787981497	-0.242144655329381	-2.08173528314599
NaN	1.7100748913213	-0.852059729052693	0.604655845045193	0.371599269307685	1.12801117854427	4.15236867489914	2.60337315054173	2.99989170023017	3.3795061954001	3.21673475795745
NaN	-0.482397806833107	0.45714910377061	-0.977671952493858	0.264150515069427	0.624457971979251	2.65855303152667	3.1924744124748	-0.976616665103175	4.70595780714441	2.45836127416282
NaN	1.41878659648407	-0.209030949249775	-0.767674603109138	-2.75947607041673	0.409390441760782	0.29600118555738	2.53761321540286	2.82001892551657	1.99367740951262	1.50553178733952
NaN	0.970775190527155	-0.836463148159767	0.109535562939687	-2.15120867437284	0.748198955094499	-3.17955172975168	-2.87966135983993	0.0205879831048432	-1.17820749012823	-1.58462325383134
NaN	1.31143743794905	1.63150611980096	0.924962106745127	1.20250322308819	1.11640620023563	-1.77763741492207	-1.38743974525025	0.692905387940086	-2.09287325142208	-3.76320893628098
NaN	0.135197681587265	-0.728672424139605	0.774012755710076	-0.149124883429011	-1.31289297627595	-1.67896656221355	-1.3134516323037	0.67910602727789	-0.610074026903298	-0.613651095158183
NaN	-1.94593295949744	-0.855547004524339	-0.432530002121987	0.469429065805409	0.506124364236322	-2.05646423745054	-4.15366801200363	-1.78645192583523	-2.24008438593817	-1.31656953584179
NaN	-1.59767031873768	0.410312941735448	1.38129130095279	-0.0503657797780219	1.70806379232603	1.34986309746623	1.49836128697902	-1.90064735751004	-3.88279927736474	4.07740639199809
NaN	-0.740516060513865	-0.290812470795041	-0.389385004775055	-0.0251294006739422	2.13496219244971	-0.683975066854927	0.11491355235275	-2.68679940287252	-3.07137131988003	3.61899608725565
NaN	-0.256733663010278	-0.149411684923594	5.44203504015141	2.66203564094763	-1.26689632423905	-0.808435231185268	-2.60891386714528	-0.341881324900426	-0.561483918657103	-2.88869351007569
NaN	-0.923936913067851	0.406727085338536	5.069193829469	4.09768929660966	1.5302182784226	2.08802537853102	-1.24228208064546	-0.89246247522854	1.79899591204523	0.0832216507082407
NaN	-1.72970745489927	2.3243801343271	0.922673696301165	1.55455456114964	2.01116529753062	2.40132415228545	-0.625407147799791	-2.13875566619214	0.428278906003344	-0.248940699233025
NaN	0.156218747602281	2.56697529605683	0.756986016905087	-0.110108077067173	-2.22299851089217	-2.78537248877089	-0.88919019222329	-0.456072556489792	0.160537698054692	-3.39104125002877
NaN	-0.0465709861558811	3.70616547957563	1.78528348776054	0.723797564797253	-1.77427452911291	-0.512910501755661	-2.0057663244208	-1.15416932532715	3.45387891537164	-0.29265358579218
NaN	-1.72003066193848	1.44942132640681	-0.262762399446082	-0.151924601558964	-0.734383844417647	-1.6032451638895	-2.33586018039491	-2.02048726367416	1.35222198676047	-0.729354910991833
NaN	-1.09741946558717	-2.35141124752181	-0.279807523020803	-0.25997421337987	1.92111045133873	-2.13119789643309	-1.89949967963432	-1.5631922389031	-2.03812445505078	-3.23476477033775
NaN	0.849311544927476	-4.12166963717881	-0.373744353094685	-0.395883204110844	-1.11118506019739	-1.43838994368472	-0.74241561668346	0.341167974428383	-1.76945449726348	-2.44849663918904
NaN	1.29655420274958	0.595946999239576	0.196332201223387	-1.18891032472029	-2.62971047228866	-0.55614733469101	2.52691526788495	1.88589969268146	1.10442433498378	-2.06801540402646
NaN	2.49413975647891	-0.542935891181417	-0.187503841610378	-1.9229658445545	0.548502023025242	0.862971652517624	3.86206448504151	4.28461295323431	1.74290939418732	1.67776579893253
NaN	0.0338469752588314	-0.791101586085423	4.75852311411295	3.46410590039386	4.49265069429324	1.29515687447741	0.119909723696404	2.7313268465487	1.23137525363445	1.73725984287869
NaN	0.881683161824174	-1.1574983240494	4.66829868986497	3.23369193283383	3.76796897033795	-1.69901771120604	-1.57764895188023	-0.307784224910853	0.0823872441897943	0.640384469199143
NaN	-0.856405480265376	-0.878990078283859	-0.426587595019073	-1.81312187231808	0.661369787230514	-1.28655494163937	-0.789852925787369	-0.583622173723154	-1.06973268265098	-0.0417066741679554
NaN	-2.39169188167758	0.244844735266691	-4.46691942303225	-2.1725504140209	-2.27961458698338	-2.19909125649305	-1.30748935846992	-2.48776911544412	-1.2904018803372	-1.321442686487
NaN	0.466511776561125	-0.56703504401035	0.277308623040428	0.164121990019979	-0.689799037081434	0.762744157301741	0.401217014648565	0.157067576129191	-0.316862941927094	-0.0520647716959554
NaN	0.145667004826938	-0.755306157789005	3.57540839920782	1.10988675638316	3.03838396489166	1.30293839357945	0.611338227297921	1.6659441166725	0.646900496933728	3.11614509660844
NaN	1.44089726885287	2.1628744875669	1.62917704373415	-0.264323546522865	0.878648523665156	0.549127989716199	2.00712729022276	1.75927904180707	-0.619975472792977	3.81756929120375
NaN	1.77426556179891	0.273006539373013	1.73012336929742	2.88157635736736	-0.641029369947043	1.32224648786081	-0.874622887134767	0.943565125720619	0.588924284931006	-1.46341683212207
NaN	0.224358320284059	0.56557443245635	-0.868877130338919	-0.194995042335237	-2.15570264663343	1.20178024285909	-0.0133512833789335	1.09192262271492	1.706375257078	-3.86339516789548
NaN	-0.273107302798944	0.146057386497704	-3.20569815777482	2.4771556991897	-1.05583993423386	0.710931214000082	-0.465018513847981	-0.709954436653948	-0.488524456817571	0.525295939847144
NaN	-0.454942475235822	0.160446648520823	-2.65573335820789	1.60393717668141	-0.458546045749126	0.966892262034075	3.06243140479653	1.85011385177183	1.31989807811332	2.04597051424562
NaN	0.216780564142152	0.537335126824504	-3.04474627832705	-0.582833629240101	-3.93622388403133	1.50953176650682	2.32840388280878	1.04673125529764	1.8292370086179	-0.188976160738512
NaN	-0.758004643938267	2.12439175184835	-2.19738153635615	-3.51900997321352	-2.37990557726597	2.20756733439382	1.87458348853336	-0.407184257623938	1.28346281786114	2.24661740563854
NaN	-0.641769771055386	3.6156226284353	-2.085219436061	-1.24685204589707	1.42964336272589	4.45970040707029	4.25589300412281	-0.744257874907966	4.45472564505546	3.89511189766218
NaN	-0.591793599717364	-0.259624748565341	-1.37760776853516	1.85486456857089	-0.457871168283235	1.82673328058953	4.35340437427267	1.40267312202558	2.38429508905817	2.80759608255308
NaN	-0.552429877187005	0.740980877760095	-2.24986901620509	0.00939402842606757	-1.15858506177749	-1.75453876690088	1.83452755530019	-0.748711294612734	-2.31477011032768	0.328816520066246
NaN	-0.0409784665260557	-0.729404120186338	-2.30155714262434	-1.85142999978545	-2.29346329005229	-0.987355987776651	-0.134513237557123	-0.00217394370263116	-1.29383899352805	-0.314261144216677
NaN	-1.66922457614323	0.135731456679397	-0.972342306991276	-3.16256367657808	-2.57382938774365	0.782360282463383	0.538314548803827	-0.783081143157575	-0.0347043273953316	-5.29344362279316
NaN	0.28019679966927	-0.0894509468271584	-0.622868504207934	-1.40949067807058	0.0589946463297838	1.48448093922939	-0.5927344527028	1.03248101840321	0.0281571251426114	0.303733736701896
NaN	1.00198556813012	3.44157195924692	0.13162070378521	0.797802514188403	1.88538311545727	-0.555308099953167	0.343075095152171	0.549163653435845	1.00509876284887	-0.513652831066425
NaN	1.26852165273364	4.24549199406359	0.976357951055097	-0.0737186530473553	-1.7510319914113	-1.4786037407239	-0.764065496649414	2.82392977348008	0.677805358918994	-2.05995995309684
NaN	0.388690792213649	-1.8762142644041	2.49960631846501	-0.0923846729133933	1.95783956730885	-1.89069851276685	-1.85858362077137	0.335617515777692	0.355140530439294	-0.325216181448264
NaN	2.16965596763582	-3.4282576147373	3.03527443595824	-0.61953474612801	1.0879914636398	1.04157239198072	-4.92268873935359	0.0690302130978488	-1.7840908862996	0.216094530474812
NaN	-2.09378297186376	-1.29030432687491	-2.04714549158597	-2.01316565469257	0.977748880704897	-1.18645167746307	-4.35646084657799	-4.31849476951762	-2.37171909855092	-1.68414809752995
NaN	0.374300723063358	-2.06543951944779	-1.01153095287559	-0.424234235435689	-3.0225162198027	-0.56218232992752	0.600165422556387	-0.405952625788484	-1.13438754167282	0.55901579016264
NaN	0.183074457237171	-1.42325210091205	0.28230326155324	3.17692548685819	-0.716404898221341	-1.30872879016106	2.40108943399717	0.451436586072008	-0.705528040914134	1.77488042367414
NaN	-0.0627403808695715	0.42173478342028	-0.0486308434127369	3.2718776785291	0.625408959195902	-0.130559466102976	1.43818925854327	1.30331834110873	-0.439442478833833	-0.0812120633788947
NaN	-0.0225677196462515	-0.383522227543604	3.42477936642449	0.416734148980653	1.53542413868727	-0.330022068787487	-4.83520162572429	-1.52763171288558	-1.48686283034105	-4.01383392920277
NaN	-0.716622880356113	-2.65951948837881	0.866002021792317	-1.89100602892953	-1.39260635930709	-1.24847749101408	-4.29724025038078	-3.51468643132368	-2.43806266743213	-1.42684302763353
NaN	-0.0195979302882687	-0.59490826662595	1.14746573608731	0.531864859646672	3.59054514157839	1.36562823866358	-2.36317882205386	-2.28970999278768	-0.0925422237604379	1.14297465256577
NaN	0.8044345862713	1.00811699737903	0.136622149362625	-2.0647204865911	2.23948817093923	2.04050843783426	2.24088807936225	-1.02318610439421	0.882831995657848	3.79872290824915
NaN	-1.64796311547613	-1.15979592481254	1.10747370097213	0.0860108023288211	-1.57853011546834	0.555923743273397	1.06196010132546	-1.16381561015358	0.899427943731865	-0.013289293166593
NaN	-0.892242884661531	-1.21623013750449	3.71658453485355	1.12339534134939	0.845479581334438	0.133370397459733	0.0507522791790858	-0.201332715122057	-0.820299129097464	1.95117437734168
NaN	-0.660576803630963	0.846369183822681	-0.760287970154979	0.465966988006618	-0.244578044003589	2.46001627539896	0.287040348247636	-1.35667570826035	-0.837832344805673	1.81619166508311
NaN	-0.309770260174247	-1.12554323485088	-3.19235467036271	-0.535852326243997	-1.82302929159707	-0.683929348617566	-1.49285370652431	-0.835795957186482	-1.68079672802509	-0.953775060057913
NaN	-1.30014229536189	0.175386668532426	-1.65328774403808	1.58606426158638	1.15198627783293	-2.04364847898236	-2.79519180550912	-0.54563956175047	-0.257848167383015	0.0610064786689576
NaN	-0.415485567552581	-0.595829467000874	-0.48970109947419	3.7917573100557	3.07672252977285	-1.30775056841703	-1.6126510390436	-1.80685490011839	0.487628772367523	2.57228138566845
NaN	-0.883306538680545	1.79952629573075	0.768061194183513	2.78152657408604	3.60455208164226	-1.68227335102731	-0.789315920452045	-1.94087199002869	-2.8528047928484	-3.78054551386004
NaN	-0.99631007547509	-1.55029961985651	-1.5343090305551	-1.54357804033715	1.83762319391858	-1.19873566746111	0.0604707388915193	-2.67616093109131	-1.57499595528576	-3.8501500480815
NaN	2.74157630830626	3.28061181254504	-0.621616793410882	-1.30284493953941	-1.48858632171812	0.64732680989622	4.46497911745931	3.72044983083885	1.06822130196844	0.658947801761781
NaN	4.6560958320838	3.59094184083595	-2.51862880691325	-1.71223802325509	-1.33233726429499	1.90712271427736	2.52682125755484	4.44761481243212	3.18546580261051	2.4725967198709
NaN	1.85873536358358	-1.13357295461899	0.719386556070738	0.695326049987628	-0.694024144562194	-0.996363755864318	0.935720276794157	2.64255515311463	1.46253336679334	2.5905780210619
NaN	1.68592403020236	0.122595858043763	1.29026349243397	1.11667284537069	-0.459959952771035	-1.97022902861826	-1.84315361494167	0.916528209979245	-1.3820368168196	-5.19691222775548
NaN	3.8755522977214	1.05936956633579	-0.636496911952825	-2.14176137899917	0.70831252536765	2.13168512199444	0.416052969318048	0.174468078347617	1.06146685055168	-3.29839550668068
NaN	-3.01394270433367	-0.467550783665956	2.61144117145145	-1.14608688695586	2.05074836211759	2.77948857289747	1.99868616973675	-0.729935078373805	1.16888266020047	2.19552898006306
NaN	-3.33901741415785	-3.44140444092438	0.00329892808552978	0.702663364508891	2.08638628272641	0.788345449395455	2.04401100013488	-1.16945327166892	1.90230034553234	2.31736864814108
NaN	-1.86997633022495	-2.13693620478188	0.872103133342879	-0.180704076400108	0.458987246934401	-1.8573090304632	1.72132957056004	0.0552136799716778	3.54598144090485	-0.0880728782568553
NaN	-0.707492775219877	2.15210946185508	-1.03173332571909	-2.58927841816084	-0.910519180386385	-2.31863023861064	0.732015107957296	1.29420633886541	1.8976351655905	0.244079713196584
NaN	-1.49608723354891	-0.305028481982872	-1.05050395187691	-1.93280924530833	-5.60844791960578	-2.86336397428994	-1.13883162844529	-0.436485012601111	-4.23134655947907	-3.83376155058563
NaN	-0.226283931242769	-1.29248644507046	-1.49639683804345	-0.327953647570042	-3.81232031428058	-0.472614934200866	-0.994173187335462	2.31372223850002	1.06576201298325	3.23980704768387
