NaN	0.590296247981593	-0.650339000462044	0.30784637948956	-1.87409709389486	-2.24286848975982	-0.799935684151105	-1.69955238204846	-0.584598914443967	-0.324399680233103	-2.06807487405772
NaN	3.40034575607225	1.82083591981401	0.00322672561615785	0.327994660059409	1.3296835298247	-1.33843759519836	0.214393199562487	1.9501635553766	1.34640738080366	0.104916496413547
NaN	2.74531458357217	0.633236013286157	0.336335483642119	0.499502970856479	1.78039439771375	0.861359725280138	-1.07315482171882	2.07361106932961	3.19646138044558	0.678312595793706
NaN	0.0165449767039923	1.3195622580763	0.120030051057481	-0.431285634540251	-1.20863506470271	-1.37341289409005	-0.61578967532727	0.504262950133275	0.698364062586331	-0.0923315569112422
NaN	-1.98043684964653	3.26759339566942	1.4347769886091	2.41642644135587	3.29768163326102	1.60462336141466	1.44043556672064	-2.77646920040591	-2.19895730835433	3.21710018422351
NaN	-0.0793245725368595	-2.49423674341525	1.93711338371233	2.38322512526555	-0.102413254953451	-0.622633693763023	-0.126864819954186	-0.669724001689816	-2.69226064303691	2.33625676406334
NaN	-1.11476847659882	-1.84232376691463	-1.68407890466749	-0.453811402600829	-1.26979236108359	-1.07688280438071	2.91613770851951	1.166441089511	-1.58384116753563	0.825975218481695
NaN	0.11276860864697	0.254161881537915	-2.61033906042221	-1.0825297570576	-0.471692478671321	1.17044628486155	0.921942248519688	-1.35429233695059	2.13654630091328	-0.840484942705942
NaN	0.483566331937149	-0.979132641922778	-2.4636751813502	-1.79624649818214	0.358165440267645	-0.292840104826866	-2.20666245955652	-0.865950838125397	-0.896915858387313	-2.80478223988902
NaN	-2.09310517948566	-3.77705985192147	0.307614315973725	1.00845830005037	-0.276523428796199	0.537992953529742	0.206089354361053	-0.321632952736165	-0.544499508460684	-0.481669492444855
NaN	-3.27217396046434	-1.04712506104607	1.86650048980196	2.54661002634038	-0.639890597534948	1.54731535453326	-0.713590376127098	-0.865973788290574	-0.738613890159015	-1.45652698974719
NaN	-1.39092476542753	0.848025038144744	3.37798572455374	1.27722958482989	1.45412386259178	0.929608676325935	0.0846428867590434	0.350620708563602	2.02810824212442	0.140524668279961
NaN	-1.75071501830404	-1.41120540346032	3.48196590571463	1.93626841306918	1.62147656076933	-0.213300052709511	0.871734269099905	-0.874769624010633	2.42562010729612	0.597604201284324
NaN	-1.71265140841125	-0.31512124597344	-0.0667332781519025	0.317911859942072	-1.29850261881124	0.940984938186732	0.425517055976885	-1.85561776195041	-0.796788940089527	-0.328104390826482
NaN	1.04880044371982	0.261092561709335	-4.0270604074	-4.5641443543137	-1.02136313401735	0.688171268182469	0.859204663201843	-0.209602828843337	-1.52206054860683	0.0604187811299058
NaN	0.603890245229562	0.475032709109235	-2.62982823424314	-2.12266013852887	-0.473284209019235	-2.43997282132217	-0.839188766234322	-1.64566654345487	-0.968504377032104	-1.15559898161353
NaN	-1.02668559186394	0.370843548559412	-1.44596226842885	-1.81185342312321	-2.79477412392489	-1.24741087026392	-0.555139427222311	0.690035571569764	-2.47774599317067	0.207815596815239
NaN	-0.557836728720728	-0.651334892480043	-1.63105497079685	-2.21106719746187	-1.94020356811385	-0.238645220886167	-0.939830802078393	-0.619204515735758	-0.408983940226836	-1.34026283636655
NaN	0.0801314533666292	-0.208462200032459	-1.85966754289369	-1.86698707874541	-0.092952561834709	2.02949848212287	-0.414951791697004	0.177307407214511	1.86730426291658	-0.914476018407793
NaN	-2.21115251013168	-0.0248167179013991	-1.6067449750218	-1.25344885406129	-1.73527624580239	-0.530609416392151	-0.754845898100501	-0.297080193742732	-0.60840380095997	-0.468581574782192
NaN	-1.45367944940086	0.053376291802965	-0.00533247636152573	-1.31457645345638	-1.47364201409885	0.708027958049186	-2.15145417609406	-0.124049039600507	-0.925645072608991	-3.52755911004976
NaN	0.384185305459284	1.37072467472671	0.335898378639304	0.476408105267946	0.185454208853563	0.321164137622445	-0.514746047108175	1.24041073746565	-0.378516394508484	2.22261766561577
NaN	5.25853587659404	2.50003482621096	0.126369456862931	0.150808830132943	2.54586624290286	4.71376051145324	4.71811712840009	2.78541902874822	4.25984961219278	7.45622808777527
NaN	1.51367663548992	0.299524495345966	0.747141256279505	2.43561104350591	2.60444473596004	2.83099145973304	2.53783581429347	2.64329254094599	2.75033723912994	4.65190801099676
NaN	0.459230103264745	-0.255197833308145	-1.05179928029051	3.91564786870642	2.45774510967217	-1.10109656984199	0.960318084353486	4.08138349018705	0.602915006740093	-1.33564968095617
NaN	0.312321592652374	-0.390784185638868	-0.181166595568644	1.9387970690912	-0.00314726586228098	-2.57058562903177	-1.87524277540409	2.00459673333583	-1.24803135342096	-2.46941088181327
NaN	-0.953689964535532	0.50748223721663	3.2871809171643	0.821925940077458	-1.82434893317969	1.48685450815305	0.00332686724406911	-1.5282791322871	-0.407249590426126	0.455558640939326
NaN	-1.33309705475643	0.551079831651835	1.93990236076628	3.096754216307	1.32537672522979	0.19039859931072	0.845814169459766	-2.99754272381145	-0.87340207767804	3.68644290969821
NaN	0.26190644729873	-0.440376640913962	-0.0219356510899484	-1.08997659781787	0.582601172397762	-3.73002154528752	0.3529352399719	-2.33792045928169	-3.27992978546392	0.011045324504553
NaN	2.87414612827306	1.98528315085597	1.34393533690414	-1.57880089225383	1.67660421822572	-1.94548672494735	-1.48368288619706	1.03676018327323	-1.21414360026902	0.125846593124008
NaN	3.0242988426652	2.44645919522105	2.79726369615175	0.702914366967136	-0.78219693805471	-1.46274740709709	0.0205036363721822	1.54733035476608	-0.220727707644736	-4.02557310332493
NaN	-0.632247039752569	3.63616594613882	1.97468287596312	0.0260210397911705	1.24293392099516	-1.67679275756635	-0.958006481313472	1.15442521757046	0.0824011189311921	-3.03361325052412
NaN	-0.59105875495436	-1.71230888568348	1.20787599200891	-0.495943072484109	1.77310776392052	-1.59595423394157	-0.419165987041102	1.55926369588826	-0.222318882165509	0.0052826933596366
NaN	-2.26466601313929	1.56054924517057	0.47135292785146	-0.559834645817461	2.75618325570024	-2.1295151661249	-1.09257033618311	0.563163718087638	-0.0211700982254465	0.686133462520476
NaN	-1.67972442399944	2.5129822263274	1.11418501796935	0.941486789127381	1.10708532792531	0.285102078563332	0.543592545721614	0.226121809823346	4.23347309790285	-0.242779673068053
NaN	0.286450579968663	-0.903746735724003	0.461084452649581	-0.0142574640262531	0.413020485248485	0.841487376900662	-0.120802444987698	-2.19875021855495	2.08767594028172	0.307674832514146
NaN	-0.101697228568913	-3.42929606584797	-1.44721770289262	-2.62203417436622	-3.88735457523609	3.07472739235854	0.890965787523741	-2.92183130449773	-0.0165945429908599	-4.04696942369901
NaN	-0.30455460132019	0.675954337679276	1.95817946735053	1.51357574946459	-1.92171784818701	1.10168078026654	0.804374763782668	0.994466087904323	-0.509732585798699	-0.558550186745126
NaN	1.10706313738588	2.93013839785984	3.40520133959237	2.03481943019096	-1.35335284426539	-2.4122679370699	-0.201033195694397	1.94357902042215	-0.0399490362451929	-1.51964617472439
NaN	-0.660020618961503	-1.4255931541622	-1.01695942427751	0.407102944512836	-3.87511027204493	-0.744267991019705	-0.671248581519444	-1.51054641623289	0.496346348094364	-2.45475332439406
NaN	3.21168992782611	-0.33433375171755	-1.21010685903251	0.112068080339381	-0.512103718927736	1.60101620201872	-1.54017513961523	0.0607470226062173	-1.28359696801982	-1.3361188597232
NaN	-0.709808225301053	-0.631576225068006	-0.54340879019968	1.21343094435174	-0.172796669156114	0.110920434303449	0.972609383517372	-2.27689063181665	-0.781167881987808	1.13782686268146
NaN	-0.989066040700442	-1.97155572565852	-0.462806490653909	1.59148329761284	0.343617749388721	-1.52415748771069	0.445124732862608	-1.04750241573972	-1.81864583252418	-1.26865375174321
NaN	-0.910057123574297	0.575975108507294	1.8292884996823	1.84608149655812	0.324943083761887	1.66090055989111	1.54147560799004	-0.0915609969949563	0.113903567452367	2.32518813381603
NaN	0.989309368535987	0.788931149138383	2.15318585503939	-0.330049083993627	0.774256675647515	3.6307029326847	0.932441783713328	1.83072905889461	1.66366632414864	3.46204824630713
NaN	-0.0903054107327877	1.38400692614745	-0.684095729024016	0.822614174962629	-0.843669037226867	1.12707884265567	0.636286420240305	0.317977983611312	-0.580699812868463	-0.23769036982544
NaN	0.653145405299899	-2.38401754754202	-1.31951939631718	-1.77013467055761	3.44246240610341	-1.67330500289269	-1.77379343563183	0.0225220470014907	1.8795309355321	2.75366523311868
NaN	0.245309406107388	-3.92384074267059	0.0975782107559767	-1.54974138411266	2.93276160400127	0.750846232942024	0.261805759527862	-1.59603686803831	4.16447073364432	1.88461594751363
NaN	-0.489105595170573	-2.56471055519714	-2.83446211447047	-2.50286636472263	1.63679971808584	2.67413217146632	1.65385136596452	0.496850351184386	3.51968354506005	2.79768947802182
NaN	2.6413679829059	-1.49463831796895	1.78466514621248	2.1283738243248	1.35940063476315	-1.53001783393896	-1.77739547756144	0.309536500027453	1.04942340373022	0.20409848338962
NaN	2.6725650278315	-0.35751926450717	0.792233441970637	0.42411902536357	-1.21829251907119	-3.12908255919154	-0.565206242698693	1.31561954516332	-0.0250677597498848	1.02457173833419
NaN	-0.580514342883487	-1.66540016577643	0.753034576806398	-0.490168105929343	-1.51154793959098	-0.660581418429565	0.102350531957598	0.229019008808	-1.01395406034002	-0.464275587474734
NaN	-0.386506981278263	-0.0321351803103275	-0.18806587335311	-1.49712294665804	-0.820688312419877	-2.33289716873506	-2.37086706611201	0.409573007543111	-3.75827278635188	-0.790725787856122
NaN	-1.29332746716838	-1.60088974359108	-3.84873974984314	-1.70885736214962	-3.0318197985532	-1.97891168823468	-1.7152947709694	-2.99138965395994	-2.9851842755547	-2.82250298030281
NaN	0.0606458147545744	0.0672054889620856	-6.869230432628	-1.46297447873165	-4.63189980053225	-0.10328697942264	-0.312559799033703	-2.42505133043044	1.37762849318043	1.08708678156453
NaN	1.71079295602223	-1.1407716300275	-4.06811873787869	-2.41093792852652	0.0700351789867979	1.36458552480984	-0.504774260474268	0.477061189053352	-0.0111578753739243	-1.04774596133194
NaN	-0.358609718535274	-2.09057108458171	-2.52514386021119	-1.78667719249217	0.382800635034035	0.166395401679704	-0.548551104511432	-1.51928430049484	-2.9374271263485	-0.914172710966451
NaN	1.46682768571409	-0.571564798807943	-2.07202803488914	0.948137604456565	2.67931949014654	-1.45672763688245	-0.408852387433152	0.62868461629818	-3.18001710077653	0.00686141987027267
NaN	-1.27458321805056	1.27915041096366	-0.368900408464367	2.79910731555555	1.97375515840319	-1.78524302181278	-0.01301114771906	-0.763135330944252	-3.05391157729497	-0.20234077289435
NaN	2.96981883632887	5.49808044612043	1.3944797622642	0.465533322529029	2.14427006223008	2.57504362416564	-0.107318121040618	2.86935741520041	1.04553646910871	0.152863973876274
NaN	-0.44422367887093	3.82015597476686	3.05827761163211	2.02460640469414	1.54016196444784	2.61109064659481	1.46621642572796	3.61825221161406	1.26763916376449	1.50672545692412
NaN	0.0131013608208547	1.13171244400286	0.123070134025262	0.286082990509318	-2.77142595520146	-0.101901900479346	-0.289095623672287	1.37488414488783	0.389292160688817	1.03590239886505
NaN	-1.30675411436302	-2.81610023786983	-3.89238898317233	-1.28784601414187	-3.24056934566511	-1.94951458764762	-0.991224285750626	-5.18392958912461	-2.09875657642789	-1.12258042551797
NaN	0.626240322647894	0.741427955349484	-2.2690695864674	-0.970692136934612	0.354518888219163	0.0211230773604359	-0.322635039709054	-1.25002194335043	-0.746029159765916	1.42758296214237
NaN	2.05875018070888	-0.646638646717338	0.899705913913855	-0.143268316236873	1.74508383373858	0.662186802505294	1.43994396315227	1.70811734382194	-1.01848164524264	2.19302711729865
NaN	1.89060456927241	0.258991208649655	1.38776956942801	-1.09573362211434	-1.30950759909808	0.000306284906990806	0.300145014474456	3.71722291594653	3.15323606470071	0.769147334283338
NaN	-3.22112745005272	-0.456488115233114	-1.16467432016354	-0.223986812787965	-3.01760120972077	2.90336389707669	1.88272329259903	1.53977688875149	0.914304319397429	-0.28220051702924
NaN	-3.66117457167639	1.82086597085492	-1.15948424327148	-0.497034835325663	1.69058041193945	1.61786275541505	1.48064528604865	-1.1881506638986	-0.0574347295716985	-0.381988362791736
NaN	-2.89553552951637	0.464272968542625	3.15416586992979	3.13400221974989	1.55349565669676	0.327986583561832	-0.0124182952612352	0.266925512567201	1.08604372379483	2.91772161844033
NaN	-2.10728434380017	1.42691915614956	2.90378393073387	2.02786472942892	0.42199442188124	-1.31566156428708	-0.567538789340607	-0.135897380897073	0.303348913910277	1.08595137922561
NaN	-2.39430738839197	1.43570634721772	4.7341647572148	0.344918602718191	-0.311830388182496	0.808537007073635	1.41942979823169	0.194319935079279	1.54137870764548	2.35761012042847
NaN	0.354805121937085	1.11824374881122	-0.939546263984824	-1.0833590044826	-1.15994183023011	1.41020308915389	2.67122702785079	1.60291476462283	1.77042414572421	-1.23482861128728
NaN	-1.55665983439202	-3.13609033269188	-2.84086679979644	-2.77182259527409	1.17801313854025	-1.89551445364167	0.940652820346282	-0.141531231360694	0.62155364681309	-3.39470790242938
NaN	-2.02501857772074	0.514227635496624	0.708355410586472	1.20960169102695	3.31686131362545	-0.783237648239699	-2.07066958436242	-2.85284552152912	0.877237512135034	-1.65897563903219
NaN	-1.81834552193733	1.86381090865839	3.68458035885725	2.53926871983874	1.34223654240508	0.775002134960576	-0.212030507367291	-2.67341085548221	4.13648835891572	0.421177775348998
NaN	-1.57411860637656	-1.0960481582802	0.791113581784556	-2.65657056177481	-2.55233031552063	-0.182704022241955	0.129589939838907	-0.43443169358104	2.28833384960428	-0.0477611601103544
NaN	-0.319944016388848	-3.72420942932336	-1.75378376559397	-2.87915815205712	-2.43759007911735	0.468516255183275	-0.643710532196438	-3.01626840799105	1.25215268728603	-0.278972274158929
NaN	-0.850320177082082	-1.31478128578534	-0.617692599558234	-0.0258057981531631	-1.09372782881475	-0.347532569509931	-2.52594968965509	-1.57380877768779	-1.53372161887485	-2.77286050110363
NaN	1.11492112874485	2.85705773319277	1.49306863750794	0.80425076044731	-0.770183287486886	-1.96433240865152	-1.85057779361574	-0.309095517954628	-3.07274733928095	-5.19424677731887
NaN	0.890980850222454	0.175999932721934	0.465565943536837	-0.86734401713742	2.20997094374954	0.0880706761594612	0.558895744945429	0.130118444726206	-0.460959426037139	-1.29508346495875
NaN	-1.26981156164154	-2.55986711304526	-0.228079328077045	-2.05029057977723	1.3676438077301	-0.774832711004252	0.229411188763961	-1.72539637001673	-2.0397017791085	0.169015038294554
NaN	1.39292200527283	-0.204156363034576	2.17887646788691	1.60569602549199	-0.805926834094109	1.05692607935731	-0.789114161390254	1.63709384622713	0.533872624563752	-1.13651923349754
NaN	2.17695022233587	2.49989580507973	3.93352343162042	3.46498103379598	3.89399198768794	0.0951514357854164	-0.613746348939488	4.34669968917788	1.83280176322252	1.48186517833369
NaN	-0.114819881414865	0.71693300432978	6.60648125217003	6.01930726856348	5.42043075686303	0.720103454690245	0.6074609446922	2.03444574248334	-1.44250148505793	-0.559544593227013
NaN	1.57360213729479	-2.82334579378131	1.31459247830098	2.68429951879024	1.77638584577328	1.49492099402205	0.75463971943796	-0.305608535405933	-1.98781772971624	1.39143258150519
NaN	-0.567763649751754	1.13441052178609	-3.95567151664771	-1.5051087172718	-2.46790567933929	2.76747976138416	0.860973041804314	-2.38436064360071	-1.94449812630765	-1.52597427056974
NaN	-0.740376446083771	0.0859958443430078	-3.36623516750458	-5.80159273766809	-5.03008417126869	-0.353260419581676	0.369368686382729	-1.85481602176441	-1.90568637898467	-1.04204738722197
NaN	2.59640933175208	1.9346971423262	-0.39692725531504	-3.08335246418965	-3.57787537455112	2.32990451777691	0.265383998220087	2.29743562126395	-0.624097928409036	-1.07352428735922
NaN	0.9839717832984	0.159282067910268	-0.937197277669301	-0.840494640021994	-0.807711558139304	-0.760981051518867	-0.240829678191729	2.00626084492012	0.0502847005028607	0.449350669057024
NaN	1.31972314165456	2.04534855436178	-0.331875707194861	2.76596666607858	2.06873620935768	-2.25000135276898	0.210816999895763	1.87230819164259	1.25317127383606	1.00904795355514
NaN	0.264685119966986	2.47132337966664	1.97499698337646	1.46519929741587	-1.42540679325155	-2.42439349735578	0.786260460193355	0.90110118368845	0.0331665899414545	1.37706319296125
NaN	3.5725737080433	-2.29083290758552	-0.650416584274885	-0.650024515034569	-0.980355399174378	-1.93108140966552	-1.75484754178632	1.78571836241747	-0.515085339810872	-0.362169200225601
NaN	0.184889313692969	-1.76846140942104	-2.42238800261476	-3.23601052211743	1.65662837274855	-0.859418261287966	-0.955354723107642	-2.3230879317676	-1.61247503521071	-1.49298242980302
NaN	-0.897590547281164	-0.180475869955764	-2.65099940724354	-0.927506076015321	1.73248871636363	-0.618332176834707	-0.511299872587849	-3.61261017430339	-1.27897376304714	0.425465158024498
NaN	-0.628129688790072	0.457547470561485	0.604992066918747	0.785664231088022	-0.882868369574153	-1.67459862628985	0.317266308319623	-1.9240180566895	-1.57328287150123	0.362214609178427
NaN	0.384945801646807	0.190935820385387	3.92848053887392	1.68143909090483	-1.87405601464441	-1.10323886487805	-0.891533743648728	0.252621221618518	0.432684886224731	-0.992025024311339
NaN	0.134587281784082	2.37046046190786	2.49957270749076	2.39435707460326	-1.82845654916457	1.07946155273101	1.00960965278942	1.35027515005726	0.698638401295183	1.41393075877682
NaN	2.61854358456405	4.54709089567851	-0.586726146741539	1.55636002164457	1.5795066198178	1.54239438745907	0.37804240674548	0.502267592061986	-0.397484020732387	3.17340923725308
NaN	1.77438122216608	4.09568477898394	-0.856035935399065	1.96803481923528	-1.70892649097036	2.052694477929	0.840955183348013	-0.718805974288934	1.46862722232122	-0.811019729208306
NaN	3.5118982772109	2.50006332440989	1.25594753740537	2.49415567012584	1.47237969966461	0.557392968467325	4.12336519556402	3.69311197945047	1.27263868417799	0.954572478813995
NaN	1.10681133781996	1.05018684390669	0.185427107904944	0.195825373967824	0.844963785788165	-0.904372863255181	3.44109324829787	1.74803865959089	0.936894573431244	0.591574663243353
NaN	-1.75455526198381	-2.7479920942296	-1.02707583212693	-2.25591989913255	-1.91721537930094	2.08668522550757	2.39636994891042	1.08836099093261	2.61820726954489	3.59377791161931
NaN	-2.37036244693244	-0.644552016683925	-2.79656919695575	-0.971076968063371	-0.253711297848609	0.329991728090417	1.9406835493465	0.025249285231752	1.56885399089901	3.90277659856314
NaN	0.839801906663857	-0.357965783213837	1.22669353999128	0.384520623182769	2.94636967528408	-1.45426782631991	-0.880693395981903	-0.252457544824124	-0.665489369383548	0.345494480866388
NaN	-3.07510562342564	-0.210928590986237	0.564499350014324	0.247845899231178	3.56419114075625	-0.17785716492435	-0.0419344004727439	-2.55580770775487	0.0645303339362254	-0.807631375460705
NaN	-3.25662759301	-4.65852438064592	-1.2587941702164	-1.49132566587751	0.929587519904963	2.23621993290243	0.625456597856422	-0.961128490053109	0.860612050743328	1.7445275991927
NaN	-0.280204305729276	-3.19104149488119	0.616401305934032	-0.100219443064137	-0.730118723088962	1.35364927942366	-2.43455569397	-0.727026099581955	3.01838821847666	0.431140113393952
NaN	0.124659948037761	-4.96288683699745	0.438207351234651	0.784905761057946	-1.51470073682105	-1.50256893787047	-4.22990353435088	-3.05514825045773	-0.510641762601685	1.68583854006156
NaN	-1.78297890668925	-2.42663280042643	-2.44965604929691	-0.239082731189839	-0.832079249809175	-1.94869225681517	-1.64324477683424	-0.0224486104609456	-0.387777704211635	-3.61768204984286
NaN	-0.580279295182037	-3.0257033557103	-5.15807048433624	1.16763678322169	0.552837048331706	-1.6748110691172	-1.6517153307457	2.68018758519657	-0.373740936906236	-1.03398341730535
NaN	-1.55736451943381	-3.09105948883135	-1.22640842071465	-0.089903453283557	-0.967579350566672	0.835446554977356	-2.67820668281057	-2.27137849413489	-0.888484549256864	2.57114552818555
NaN	0.0848606152413353	-0.681451820401755	0.271363928024168	-2.06558265466286	-2.04859413006492	1.57168490040082	-1.6803839924416	-1.44702913573724	-0.588804470870326	-0.193999953303079
NaN	-1.44938981205509	-1.8129095388273	3.38957407227452	0.797157353588821	0.930983640577411	0.930308863262071	-4.32033315764693	-0.204421329096183	1.26766862330689	-3.02639480006855
NaN	-1.42424485384019	0.852807415488479	-0.576324793691698	3.22662049566343	-0.831964173269387	1.4483951847497	-1.32503238892401	1.93989354491644	3.68505746723162	0.408170535499316
NaN	0.103940603459067	1.57412829806693	-1.77956123286153	1.65679777256858	-1.52669121752397	2.48048055062777	0.926014903614031	0.949656842670078	3.56793823027393	0.2523482055445
NaN	-1.2256454167827	0.530715840490053	-0.434155458197793	-1.30221139597744	2.53676086290143	0.743042696626259	1.2503502438539	-1.10428539145146	1.24619817900266	1.32914435748007
NaN	0.376524250332244	0.506786311388776	1.32595379223149	-0.332982614924324	1.51827171221109	-1.71394546667636	-2.12289309677349	-3.26172285270826	-2.96447149496766	-2.16345847697677
NaN	0.133606806067781	-0.197536868173608	-0.21526806838094	1.22691764689725	0.137391281025477	-3.69574722457371	-1.38772026169636	-2.73082491893473	-3.50815605992606	0.234151930810887
NaN	-0.621013764994117	0.304193256499391	0.532454058622704	-0.890180260037418	-4.48569302467397	-2.65380617807561	-0.773123414967654	-1.23284733394275	-5.40001390837928	-1.05812217192114
NaN	-0.302919432388428	0.107825363386344	-0.792784683833726	-4.86230556641837	-1.59225204620299	-3.20692905655725	-1.02111200916673	-0.194143847671832	-2.85753932480078	-2.59659328060775
NaN	1.37470486598662	2.33859009650062	-0.122165868403785	-0.643749446908442	0.232150884200919	-0.371756652694728	-0.669388495149942	-0.048858193875511	1.37102495937949	-3.80424270693651
NaN	-0.0608516441582928	1.02692645565309	2.1684362250016	0.423811109880708	-0.392626019747766	-1.26340103597594	-0.452634928079594	-0.170693267677774	-0.157385601306097	-1.5090442269076
NaN	-1.19493988761729	0.239376690791036	0.6796151120843	0.995805480098962	-0.598573121558008	-0.434319294755021	-0.228159151495308	-0.419286987104738	0.725360585472327	-1.36909735940301
NaN	-0.37137247031521	0.976287288850557	-0.465218118517923	1.618930894716	1.10036220202047	-0.697468699245204	1.64242505666656	0.319879186703526	-1.74806894709798	-0.381967003289886
NaN	0.907700345779212	0.163875695006773	1.11803944983548	-0.24115828837848	3.32268225135388	-0.530238117965826	1.01947948712239	3.08227330883817	-1.35536041827192	1.32688448590135
NaN	3.22676930076056	2.35234211168148	0.748332088776927	-2.46505603507136	3.65683912118332	-0.741022030908733	0.449630962582394	1.02949633644087	-1.1945547980864	0.470910295086568
NaN	3.44813611915004	-0.435358768120649	-0.13196333431755	-2.49658075749229	2.96987523376499	0.0182518508592937	-0.518019421198022	5.19449464364441	1.29596683155899	0.0819689405028258
NaN	0.465988810710456	-1.30055230451107	1.81884811716199	0.678809991837415	2.01947659972736	-0.408299138439399	0.633735839111536	1.96959312499911	1.10465503535119	0.0859501780393693
NaN	-2.16327818632816	1.32187673913246	1.06692283477736	1.54244062365477	1.58011439185592	4.91073118560436	3.44075287518684	-2.26652160151931	4.17135452547236	4.01064481609818
NaN	-1.07641349416301	0.985687661060265	-0.777541197233817	0.623404115437716	1.66302851325856	4.4664898481386	3.83324937823374	0.271918971800641	1.53220813063992	4.56023640842385
NaN	-0.111310908667803	1.14793623626999	-0.428804508169845	-3.37352220151372	-0.205738462668433	0.400806428946562	1.66684222787878	-0.31174439177434	2.24149099517482	1.49794233303128
NaN	3.37064631874317	4.7469324088065	-0.247372830843917	-1.65245311183378	-2.92159548540639	2.58267991478672	4.45920951700942	2.57070948741908	0.286170511588315	-0.724338613713878
NaN	2.19083607786463	1.9980413876192	0.896768373467476	-0.297456807592945	-2.80138419664344	1.43133635267167	2.41641340999478	2.05231521263741	-1.68574307674819	-1.73193410736825
NaN	-0.278267078688532	0.440723085024055	2.41692105219076	0.939641887725387	-2.47752711664784	-2.31936762063477	-1.82409042014199	4.73817092062934	-1.76624591819682	-0.502774557547179
NaN	0.277762711899553	-0.675258209279216	2.4574034503908	1.54829765115331	-2.90548046324256	-0.149699596457155	-1.32204764463896	2.54522754286695	3.09797161012983	-1.88910382070385
NaN	0.129510961093576	2.46029154181954	-1.78125298806607	0.218331172048436	-1.73176464452207	-1.74710926366073	0.485647308800011	-2.87951417138389	-0.26694354569826	-2.81284904501726
NaN	1.84642758087768	1.78870307597584	-1.8076327009855	0.402503347921085	-0.646738964324151	-1.77542696066286	-0.693169602299415	1.67686954122959	-3.8526799564463	-1.51166673435281
NaN	0.0558304183834417	0.576402634785053	-0.777985930790102	0.111350484926393	0.50464100624483	-2.30579938806247	-0.247158230616142	-0.508460168175583	-2.34703446521033	-0.372467381412625
NaN	0.907719948299061	-0.0918794899846091	0.7733053543705	2.71582270826108	3.06337151451959	-0.93855380209981	-0.887205816642165	-1.18075553227653	-0.0411482080940838	4.66173300325848
NaN	0.594238155539396	0.277245894030019	0.184594321701043	2.09941839992454	0.374500463346292	4.70740857859775	4.78912844324266	3.38761962881635	2.75528135357521	3.12209416597093
NaN	-0.350611518684139	-0.532065127585208	1.03336600224547	2.62601013267674	-0.614985787677502	2.86153323000467	1.75375046384603	2.06886570633344	3.48115374848461	0.945244710406786
NaN	-2.57211160457895	-2.59311888247534	-0.599125557301498	0.677570091749141	-0.000946382633321724	-1.63041130985752	-0.855597763035725	-1.18949561739053	0.92541403758466	-2.11606459943988
NaN	-1.64372389095634	2.67904235239862	1.4790404390155	-0.418812199336374	2.04247543005066	-2.19608171686484	1.12866893588702	-2.56078413584087	-3.9000503104979	-1.27800832297591
NaN	-0.952306680961293	-0.21572746029997	-0.3578113729254	-3.39315143398785	2.31919742864796	-0.920202693612737	3.12152578788353	0.531846043098449	-0.816873800785247	-0.976175473765589
NaN	-0.266496527073491	-1.93153490935143	0.12848681937564	0.185114526442071	2.90550344888872	-1.78740111202502	-0.631095221069917	0.831409766085647	-0.0237982294961731	0.772302713748356
NaN	-0.764497589926579	-2.7555320423779	4.60507519412846	3.93941445016133	-0.461944229162355	0.766929210466949	-4.07613254375409	-2.98642534347984	-0.737857228756572	-1.75534688244689
NaN	-1.47045199750161	-2.93427003617379	0.665902111714541	-1.76743509815865	-3.30629800473216	-0.615522669181642	-2.78541362335305	-3.58247813580877	-2.15111501404988	-2.7638302028978
NaN	-0.665390345311502	-1.00131526211704	-5.64934944901641	-4.27534038949612	-4.22804779780869	0.300521730995171	-1.47494258669049	-0.214884315318215	-1.14617737544163	-0.394009712819266
NaN	0.269989546261182	-1.34438641851651	-3.17931037273988	-3.55378300098165	-1.49534046394531	-0.107556470521952	1.04398834257563	-1.24791781228689	-1.05383773201771	-0.625329127449165
NaN	1.60986265559857	0.554796498648146	-1.21556868830875	-0.594192950921115	0.828697799948749	-0.428097971864983	-1.71069359097139	-0.271447531218735	-0.140499288363245	-0.736243225138573
NaN	-0.386102834676834	-1.11174817524387	1.0231907661748	1.14889363252836	-1.42129871574584	1.00988997029293	-1.72372639762263	-2.40217307411205	0.779516906737832	2.10657189975666
NaN	-0.0158923169230807	1.2151523120828	-2.22437668655234	-0.42668416799089	-1.51296471599988	-0.656068524543558	-0.535324954323963	-3.2791798054709	-2.19754142798098	-0.525308013369485
NaN	0.845551077403684	0.170366346545496	-0.747718608056855	-1.04690659944824	0.351134649588694	0.142170965543153	-0.643191320131595	-2.02054928616128	-1.01325062627419	-0.884469320080554
NaN	-0.791810961211653	-0.129158348088868	0.528529241843261	-0.815604760984088	-0.512971335257612	0.212643230694698	1.36449021271683	0.120840309962236	0.224159593911316	-0.405412559449841
NaN	-2.04526778008612	-0.673699919427192	2.98537776592842	3.58001128897233	0.0125045706348111	-1.19731697087745	2.8415448179719	0.597490839314863	-0.105988050095114	3.34626501710423
NaN	-0.495067034273933	-0.599486617550402	3.20216029637596	2.87020966847183	3.57129877382582	4.688083023493	-0.460451046310267	-1.22299479688312	5.71562284558635	3.57110320715154
NaN	-0.114196052682714	0.0949836482579137	1.26988561562163	1.40260412695686	0.61273830202933	2.93059017553018	-0.673149042191394	1.64862371489713	4.63076143066083	1.66850923974279
NaN	-1.09175489491265	-1.69454917428363	1.69931023224388	1.40790344274357	-1.65380239796453	1.42413979159103	-1.43194349575356	0.4901354441432	1.80681446366229	-2.00257964245077
NaN	-0.802859772036937	0.47105103400999	-0.612247113006715	-0.611116418440497	1.54017740220435	1.78110711886984	0.245277697777081	-2.09940651421563	-0.657541081030114	0.592967103594957
NaN	2.36606128417099	0.152024573832606	-0.282106469615134	1.87023578326966	1.16963798261155	1.10102373235175	0.440903989594695	-0.357235380814136	0.447704682581859	2.73099766457082
NaN	-0.441625846172424	0.967218495120876	-3.7323629528581	-1.15142661070251	-0.335012047647138	-1.76389006541101	-1.12090433580433	-2.81900944620956	-1.4527399598419	0.574445533673097
NaN	-1.34606244035539	1.2141457608918	-0.226570124244	0.943764492451675	0.61155725230937	-1.78828877784479	2.03549656896071	-0.404820158449051	-0.547316251585387	-2.05659096835263
NaN	-0.369446965770671	-0.198667787548935	2.12835669061904	3.20397943193046	0.90860508549045	1.06422725155121	-2.70575541488875	2.19175079719923	1.37351871644338	-0.878206683048666
NaN	1.04931535561337	0.0985540531541309	-0.613635253156186	0.200844452797835	0.891449028367622	1.63202951034137	0.356605408005525	0.66138881398512	-0.217973356236873	0.0715000289024013
NaN	-0.0731896260938443	0.185897521046612	-3.5908379541909	-4.93143222185197	0.992648873361198	1.82294637315617	2.3732566790657	1.37429406391465	0.728311549721325	1.25730195321712
NaN	-0.784404604612711	0.718831511838182	-2.63163626039944	-1.5447083329347	-2.07698032280345	0.506974315911707	3.03728979582971	1.44929880281771	0.0373791833136212	0.237915756689889
NaN	-1.0538545309061	0.34800555994788	-1.18950742793969	1.52887084179808	-0.502493600792045	0.319002715544576	1.67973260088716	0.818316720849934	0.132041115338335	-0.70851639091914
NaN	-0.523294053575736	-0.0372198840882121	-0.763283197077111	1.79774094873785	0.4353505788808	-1.93896130304938	-1.07971621426237	0.857420230124178	0.637440528867382	1.79325340345697
NaN	0.24609851777996	0.272023296026482	-2.17945055984133	-1.51821168809527	-1.74362815253989	-1.99042887203706	-2.21651475317071	-1.35052433112559	-0.680741634997904	1.75512905921019
NaN	-0.126583997710776	2.72964446059359	-0.608794029518987	-1.10675016201052	-1.85946897082763	0.903866493440939	0.438894768782455	0.233530583043829	2.31986672768544	0.847145551100662
NaN	1.49204105867853	1.08943871102017	1.64002805388451	-0.834085884980234	-0.24941960756509	-2.17450439184396	0.350854252653637	2.4552387211518	0.257874253975327	-3.20630443713177
NaN	-0.468883740870205	-2.87530063366606	-1.10394806599182	-1.92200847728699	0.464613018537581	-3.92128765999702	-2.32172721200915	-1.12057733718348	1.14072449511746	-0.87450907261134
NaN	-1.83584184459155	-2.26653215940402	-1.51567022371407	-0.753461826853685	-1.14751295987674	-1.24624981314213	-4.36539153250326	-3.18794405940627	0.256332211420312	-1.87466311176347
NaN	1.10541360800419	0.273657715367206	-0.844622298866287	-1.42086314355684	-1.4059185330475	0.46310563698161	-0.230635686838295	0.87371439266299	1.18384314140223	-1.7674314570664
NaN	0.283905064823581	0.343679185010753	1.5448220018358	0.251982483686914	0.49855527965079	-1.44101012785815	0.822787831988161	1.81369067950602	-1.19973320695098	-0.266470272080918
NaN	-0.441363033845758	-1.26994252618349	1.38156257144809	0.864486393890541	0.626522607619332	-2.42719432056145	0.142880159482369	-1.58097089086014	-2.2402402864105	0.396125518975463
NaN	0.464911686338603	-1.20675295941712	-1.18932436123252	-0.386436240755068	1.40929588550801	-2.36990510476915	-2.69100103460511	-0.871948756408199	-1.98598252675504	2.13303335708494
NaN	0.870366669435195	-0.874704256690789	1.89367756753695	-0.612631404215819	-0.150126426975931	-2.52158749671198	-1.22813027972228	-0.849756465818736	-1.62099146963682	-1.94362199991333
NaN	1.27813618349615	3.38667456709239	3.79618639064824	3.29232000836089	3.11377047876985	-0.867820696343058	-0.294062401367168	1.35503995518513	-0.461544279769754	-2.57488887028767
NaN	2.45689455274539	-1.29515712062423	6.58638967509302	3.30591641445867	2.27728135393995	-1.55490863955374	-4.47412273400177	3.16986508443928	-0.693913857185235	-1.47368398339997
NaN	-0.587235812845506	-1.90536410223513	0.0967541070929789	0.136454898432205	-1.46578528503423	-0.413240178385104	-4.68467250272569	1.21660021105607	1.69426892492581	1.32748026195767
NaN	1.35645184116562	2.9526272249189	-0.963974981903125	1.43245073761772	2.36955585741567	0.0442445044363794	0.933063932069795	2.55238821861562	2.0597686828516	1.09039983903376
NaN	1.4060547819027	3.28841731200401	2.29988335899288	4.241721289312	2.58163585213264	1.15085635668229	2.58332659688842	0.646107974767129	0.130321852313894	0.544632857786672
NaN	-0.760614308008911	-2.4433772962202	-0.597586129134117	-1.31392902433177	-0.470392166646106	0.586703520966355	1.81951103382288	-0.691897363815326	-3.02064071072489	0.0546168305007789
NaN	0.455072429278357	-2.3547944172655	-2.13597915890037	-0.626155053988096	-0.307526512402568	1.29119860099652	-0.223267735209005	-3.21955520138072	-1.29136486559971	-0.474194881818729
NaN	0.16654183418829	-1.55073447248197	2.6987010031323	2.6167250283265	2.04656164733493	2.395107441315	0.151267139855346	1.60545562076459	2.43997904038229	4.71281469717331
NaN	0.888972085503372	0.487895456742423	2.99982956264692	0.34498882927132	3.38991645619055	-0.122626362174141	0.387191421369885	2.78696952742568	2.34210967826939	1.95106580988811
NaN	0.51490487666171	-1.63869504369929	2.77599756362505	-0.553428796630571	1.46400915666392	-0.109317775020673	-0.383711136322648	-0.694342779698579	0.0707477942087037	3.0851005521194
NaN	-0.730273965798553	1.63808689901895	-1.19283426232105	-0.561515712439592	1.719842265312	0.606146260847164	-1.44325373921019	-2.79594146641419	-3.08458449626558	-0.485305156052818
NaN	-0.46587144245978	4.00764654207163	-0.481508136280196	2.39775690320824	0.22359591074426	-0.641270238774753	0.946494218804976	-0.395629422263164	-3.94537338956402	-1.11158760896231
NaN	0.428091954012468	2.16139634069315	-0.193458126618143	0.716201401840086	-2.02867113308486	1.77666407217375	0.62113335859489	-0.118726455547083	-1.28560388102516	-3.25156338292055
NaN	-1.33752020679651	1.62904282862621	-0.392901838500821	-0.73970566875015	-2.5344179324221	3.49894943016127	1.22179949581498	-2.04844135940141	-0.404742336995713	-2.47742662029135
NaN	0.655772302350542	-1.44777405218593	-2.08995462765993	-3.8455919339467	-1.93342191266961	4.90120779207761	1.85281978318382	0.597739099038932	0.734502288798542	-0.752820437803112
NaN	2.18861134136462	-2.02836295504636	-4.25982114102024	-4.73982285804273	-0.986230158253838	-0.0522135260261944	1.49608469610095	1.52323495124604	-0.494457952177164	0.728767532737213
NaN	1.33561253328705	-2.07806699151489	-1.65598001724838	-3.36247506955257	-1.42395558115287	1.22150247962887	0.240356621055699	-1.0660566948626	0.196238976289774	-1.03500621135562
NaN	-2.4274581917753	-1.14826917517322	-3.32986060720974	-3.36679174176995	-4.52781640682751	1.13716110262095	1.09137315905739	-3.79450605923213	0.458372860275626	0.457073154942451
NaN	-1.97480429402899	-1.45837335684577	-2.8272560629489	-1.52524066745439	-3.6400925801001	-0.0542969328329966	1.59952193135827	-1.68286674418008	-1.53945578205099	0.525048186781286
NaN	-1.51200745375319	-1.58966905960082	-0.919535791993444	1.28653639294522	0.75652465378964	-0.866845471038714	-0.229743799614023	-0.289723651642952	-0.791522982164747	-1.86618140825963
NaN	1.63381912288773	-0.965027407976848	0.623405866401995	-0.222488946976003	1.23065833032087	-3.83367444238631	1.4223993424871	2.62073995826479	-0.596920643631014	-1.41006613627413
NaN	1.70604136575474	0.790361988929309	-0.698124286119987	-1.69696820970453	-1.84555470611896	-0.729425003952811	1.86727352242744	4.24900898026561	1.09528676611459	0.247145958249381
