NaN	-1.23427760215046	-2.11790390978004	-1.79062802589353	-0.251294312102284	-3.03663816703797	-0.747392403469586	-1.88531807143198	-3.43341116683313	-2.34683128493496	-2.21589356041886
NaN	-0.664003377305852	-0.0239999333499165	-0.545048528539223	-0.838649591693371	-2.04082212740107	-1.27987827344569	-2.21482863574342	-0.323578729994121	-1.66789052631102	-1.790803289714
NaN	-0.166005666603672	-0.557870463736518	0.409745188412973	0.323011604004528	-0.642708857194624	1.17442033615607	2.36061241243221	-0.338462181099649	0.292653947132869	-0.88863755011044
NaN	2.20327960745756	0.309850624505497	0.660753073986633	-0.409930364109572	0.22992020930256	-1.12742801058329	1.27249505466996	1.1347591333228	-0.719252655020886	0.524393293276777
NaN	4.09316768693575	1.82840219590581	-0.397977850231385	-1.03792270732521	4.83513598533505	0.165440508448276	3.2514454350859	2.85790365455129	3.29004674116617	3.97825228205671
NaN	0.849571743052597	1.65038900961539	0.751369607559465	0.678746527854476	2.81120338811077	-0.394491803005795	-0.235137259916276	-0.100736355428605	3.36500292584776	1.70536977921669
NaN	2.0593555403058	1.2987176896049	-0.630016089613539	0.308868279598589	0.187824499647111	4.10960195403193	3.32042763773415	0.58611709251954	1.83512848847596	1.97142668968094
NaN	1.21104976463869	-0.829268749403182	1.10040830224241	-0.395346516885043	0.135601852318232	-0.114575950645941	-0.874471776126376	1.01243359278733	-2.03128940662466	-1.83408267827745
NaN	-3.22315484691755	-1.11733742396503	1.87253409685088	2.25056694030526	0.31981068518037	-2.22655155177051	-1.00246527882071	-1.09127037378803	-1.54215790628019	0.175638453973867
NaN	0.027061929596487	-0.415469038990405	3.49394324236683	-0.572218252138765	2.14552574764785	-0.888888510118159	-2.89802848138107	3.60731893046553	0.137066491246494	-0.776010271780502
NaN	-1.87139038822392	2.52357714607815	-1.87672233966733	-0.0978458864329286	1.10184252647615	0.547289461373201	-1.68059025221742	0.217286029019061	-0.0444282708890279	1.12194430941473
NaN	-1.79328120174046	-0.651853377265779	-3.13440424379179	-0.487048757906734	-1.96030159372514	-0.7386394568249	0.114811269956544	-1.15662730898364	-1.11260567724958	2.4451948584892
NaN	0.898648413443771	-1.12447039651029	-1.52091234722569	-0.540552944624658	-2.01101246619715	0.106192430232763	-1.74001863146766	0.865293009338296	0.574594828721988	0.642287761482272
NaN	-2.90126449670389	-0.530969479524262	0.794058281072364	1.50217435776187	-3.14119251501192	-0.705206017715939	-0.836731443777064	-2.61790867487398	-0.941511084387882	-1.97780539439102
NaN	-4.59601663721728	-2.78647671139986	3.69996947405677	0.661047665152316	1.44953150254413	-1.1148010132149	-1.40464080274057	-0.918644289365166	-0.721884430026757	-0.325666682984777
NaN	-0.887288418010091	-0.00618080531522958	3.2449781416805	0.600841452347391	3.21329021097992	-0.370558743783676	0.476728674800423	1.18026655021939	0.334241336690985	-1.7566358091883
NaN	-0.576666024772298	-0.141217215377389	1.65518729220224	0.794654579676451	0.968413164954243	1.26517070131469	2.7376298524625	1.9391447047226	1.49529759832072	0.752787198931292
NaN	0.814464835882612	0.675109004924635	2.52638983024542	0.754779398569657	-2.20286155568763	1.75470666116639	3.10857701767663	2.37601179218722	2.99206483832107	0.0144417725047122
NaN	-0.98793752389601	-0.306238208135697	-2.87060738944379	2.28429628185585	0.479481407050275	0.114153437796684	2.20584915994648	0.77585401323396	0.123158301764359	-0.746671104525034
NaN	-0.232142555739147	-0.264118396650655	-4.83994533057381	-1.7340251207362	-0.476095628352917	2.66776017342344	0.541222637803705	-1.57278720328412	0.444430808760633	0.554655442395505
NaN	0.472150955440613	0.476693322719734	-1.92992997319576	-1.37849216823241	0.409243972911298	2.65696049064781	-2.57122216569423	-3.33625688616623	-1.40198741942324	-0.455071929561626
NaN	0.609112533768738	0.559774387355932	-2.94839013900095	-3.18440397846561	-1.64742806451245	-0.474236941346916	-0.324846427311009	-2.45573757606758	-0.902202117786479	-0.132248276470029
NaN	-1.22246757883515	-1.31715609018204	-1.36597560568353	-1.18701939479549	-3.24443542662612	-0.95799912746138	-0.863929091830607	-2.08192740462443	-2.19693470424916	-1.10557761956278
NaN	-1.574414627983	0.8525380114492	2.60005214016342	1.01055759089759	-2.09209672080494	-0.231532909183364	-1.62421899834028	-2.27550105991051	-1.72291807354212	-1.44341935383498
NaN	0.0873972614807425	1.08904177644329	0.956702047075503	-1.50274910063907	0.00584659775681362	0.472033257362419	2.50933500073567	0.236102637761352	0.633110461341689	-0.445333600956883
NaN	1.8875589435427	0.352441183870535	-1.41359050671333	-1.17867642237486	-2.87647494454799	3.71544856012893	2.52192554469518	1.63872608056426	1.5004212145885	0.800793166548303
NaN	2.72939028961094	1.02103449402155	-1.70582452212436	1.33309756573665	-2.60391262485054	-1.69021076264651	-3.854847587687	0.268905528137859	-0.762874741695863	-1.82192328197912
NaN	-0.369103383954917	-0.0218025802430879	-0.434450908453867	1.2574778549048	1.42943635093571	-2.39263506115158	-4.35494008836159	-2.89285568653494	-2.83268110419337	0.400313732120715
NaN	-1.05657728513686	-1.32793078983756	0.287119831558215	-0.13183961573475	1.42964454674059	-2.16708660617543	-0.960971972330545	-3.28006976619735	-0.965871892353793	1.91107869172873
NaN	-0.103149573697679	0.54279043033669	3.03742893305752	-0.382524735994763	0.503150403450562	0.558734179646945	0.210618183628035	0.353199800992788	0.305184935548638	-0.584099280914082
NaN	1.91422925250561	1.0598807915288	-0.701274001694341	0.316442874435122	0.80049942888637	0.524723758804874	0.00717207318916024	2.99774843612246	2.77733233523815	-1.31433977691995
NaN	2.537440852437	0.249773178634214	1.83303715292846	-1.33944878204517	2.71771298820777	-0.0777434091937702	1.40284720484838	2.57709161546204	1.66102551208825	2.97468844828105
NaN	0.274664611674046	-1.41773799982609	3.63152551139956	1.61279114704049	2.82018839965437	-0.702527890788852	-0.817636118506177	2.54073021274478	0.380218498245856	-0.00244574845727896
NaN	-0.609970980274204	-1.32546538879153	-1.84508179012596	3.11410233628952	0.910374487467522	-0.806005836835515	-0.630232273337509	-0.0657704371336088	0.665117376036808	-0.600387512293433
NaN	-0.352326972164252	-0.106641445209476	-3.17515427427178	2.07826110239005	1.19841500776511	-0.453772685772855	-1.34197494676609	-0.413881432933459	-0.479920547348685	-0.468160449775578
NaN	-1.76176707056004	-2.30803686468288	-1.28102215947097	-2.59719761973233	-0.743823152613752	-1.91851147894386	-0.739012140621232	-3.94984374567984	-3.87423709997594	1.50116389493294
NaN	3.23953010975916	2.17116395344456	-0.645890774699794	-1.56132200015694	1.66963910153101	1.16604126981645	0.349496064496015	-2.45189071375677	0.695352758159601	3.3831777486108
NaN	4.13646002052308	2.8318469728752	0.500488399341139	0.678975612837932	0.380984210731305	-0.600392448937742	0.841595595878901	1.28386848774066	2.84278910465101	0.116276101601862
NaN	-0.339838470292644	3.13955633932398	-0.914376309010284	-1.20181188283191	-0.245788701825948	0.16851409985556	0.300898807659171	-0.118701780673448	2.48972638055325	-0.34694823258999
NaN	0.57105349165738	1.09041256159003	-1.0106384276746	-0.559766246279029	1.29690555201712	0.395345591418188	2.1281016938197	-0.127851161938433	-0.917910795844887	0.113465849958866
NaN	2.04703676197587	0.33484334692342	0.0404539527150357	-1.14356765769502	1.42861367311897	-2.00960981557685	-0.668759569016223	-0.534593104546096	-5.1884760144685	-1.75369064200918
NaN	0.767243585922265	-1.91685289114352	-0.823405145335851	2.22455077289921	-1.34570135181256	0.825800487774971	1.03291827318253	-0.654746564965594	-1.20430347973903	-0.646102403033441
NaN	-2.70818317960606	-0.664791955925727	-0.762415492926706	-0.63354710169057	-4.41657725504184	3.13086831983355	2.59459411030858	0.696685394050645	0.120810353266964	0.109928771746734
NaN	-2.79359948280382	-0.698358986212626	-0.555429762702541	-1.38702634426826	-3.28279168478696	1.22477493372028	1.26759807005405	0.811011713956969	1.63862792726022	-0.141514944995782
NaN	-1.19377731671735	1.04956569660601	1.00858902156404	-0.727400891710635	-2.71651789088223	-1.8985127554287	-1.19838571551665	1.40636510231521	0.23770121564809	-0.118957600906657
NaN	-2.05967629792159	1.50479896793127	1.58282267870001	0.0854768176274167	-0.38832798688932	-1.97582842568833	-0.108370912992559	1.47192166670388	-0.735085225501587	-0.537625499419742
NaN	-1.87422624662701	-0.751356334994387	-0.244401552989117	-0.430430588523947	-2.1367555324467	-0.808448495771701	1.26575517890657	-0.440985735182404	-1.00825803158261	-1.33880795817227
NaN	-0.568102372686907	-2.39413980315426	1.34937044760159	0.728361862657601	-1.87597760015034	0.159600200542819	2.84237723540345	1.59361354798984	0.623013004972539	-0.276592476525525
NaN	-1.26019316875538	-1.63602579844112	0.818436199330483	2.68285808404786	0.575586429914325	0.475558392670753	3.35744973104315	0.163200823935605	4.04141301495292	1.27263339656861
NaN	0.0913939120916754	-2.53920105459023	1.75000877688083	-0.755873697566447	0.186281271350856	3.0066470401359	1.76400420514922	1.02059102569615	3.01086431667377	2.19510584788166
NaN	-0.391200604735349	-2.85278283955172	0.554494667592447	1.4489412091968	2.2247428054317	-0.716809067498521	-1.27688330726724	0.0449426046893068	-1.80001227363612	2.01982011518368
NaN	0.207500878250028	-0.66788784427455	1.15357555623013	1.47215572674151	1.39074570092952	-1.21018803108204	0.802869381432934	1.30798336370241	0.153487203893909	-0.0486019858834029
NaN	1.05221795950938	0.483939297510612	0.646666750380979	2.51590735845652	2.57976501634993	0.33035891855618	1.62923074923911	3.96270582071073	0.507031384732923	-0.630947246874037
NaN	0.0755708246587989	0.786615880944865	1.80292909750362	1.29210307803616	4.24080354215575	4.98640951109696	1.72528310531766	3.64266021901261	3.17325421720453	0.494027507368585
NaN	0.62476248413061	2.11897128409542	0.849814943604742	1.02581239259727	4.94308137773184	3.28743179443349	-0.744993296932067	1.69619941671458	0.309768024535407	1.29551286178256
NaN	2.78018988600687	1.99839648937171	-0.634286886919271	-1.46271497061687	1.44135792927224	2.19924787915161	1.08483960680325	1.4172217039392	2.10056739187189	1.18045256269867
NaN	4.97659625521834	-1.15580425484061	-0.941378350018803	-2.97215364334913	-1.73934394750967	-4.39612301773723	-2.55923465974257	1.30910566789655	-1.98667713351818	0.681588597069468
NaN	0.855306448062505	0.66866635030322	1.78252187617417	-1.2708148182406	0.104961560981566	-2.99358362087185	-5.01680606668972	-3.65166504302451	-3.9917442358819	-3.07455131907441
NaN	-2.4699978562673	0.857235656180988	1.61831002591369	-2.86868531836452	1.52496591995468	-2.10762934174844	1.32761353602409	-3.08141243554671	-2.21461952657883	-2.63028262873644
NaN	-1.13233898173416	-2.84635731791677	0.167415232811452	-2.69066058134776	-1.93992054351681	-1.38261343252355	-0.672653941276046	0.472880481459373	-1.0204345703936	-2.13792231666021
NaN	2.6699741320063	1.34190246493518	-1.46612856044169	-1.13833922870893	-0.0605985946332047	-0.658508546452265	1.42777554414473	0.888878261726063	-0.566741257660647	1.02269299950055
NaN	-0.210881698094503	-0.226354457544576	0.54953126548522	0.246475612234567	-1.44511364789977	0.856109332487069	-2.23327279399915	-0.231640592876768	0.562230024499913	-0.897394886312011
NaN	-1.56897972833535	2.23177304787004	0.332246635649011	0.669040983380401	-3.31157114519303	1.51581515631348	-0.722782566177869	0.332096248765405	0.810481371291458	-0.597554859550146
NaN	-1.6458605671319	1.12257637487434	-0.558374833354136	-0.639409120512679	-2.74446811303842	1.90005446022714	1.46730115253783	-0.270094588162684	2.42383470450084	1.56972980296024
NaN	-1.7812613945208	-1.54490110410157	-1.04438532673051	0.188166509815277	-1.72945569446223	-2.094547692777	-1.39974086401688	-1.13605428647829	0.714034653914268	-3.09194059799846
NaN	-1.56351877042027	-2.42873624102975	-1.6981279111513	1.56062262484823	-0.44803252321107	-3.51830899512844	-3.74630891111454	-1.86189609634565	-1.01805076837389	-1.48395318016019
NaN	-0.942686838361394	-0.75472100116436	2.55434652542054	1.65804450991335	1.49789037726283	-3.20223804537448	-0.787240781829397	-2.61904524506229	-4.17602871087553	0.516964459498855
NaN	-0.166996938855681	1.78869677268217	0.0209552481801688	-0.696093800941663	1.15322876563204	-1.55217829282314	-0.444550952399418	-2.90055768525843	-1.68980858205952	1.31549086944498
NaN	-1.32259666488472	-0.515666592591813	-0.187076913463334	-1.37916353495962	0.593187148173083	1.95920399753872	-2.44486490094301	-3.37528986147551	-2.0043900653874	1.20112122892063
NaN	-1.46844927913156	-3.41077549621796	2.56657579838094	1.32372634117386	0.0465419663840044	0.474766645597099	-3.13554189221723	-1.98750881692478	-1.33928051101395	-1.87740453338608
NaN	-1.53664444664397	-0.668038585268738	2.02794930580645	4.18972035547985	0.891556537582597	-2.09105641202177	-1.82834434810938	-3.21887847617924	-2.59998589172537	-0.395899588154774
NaN	-0.672113058096574	1.03531367660314	-2.58823183005154	1.89135859799479	0.868313045926942	-2.01426550908336	-1.71903644194849	-2.81720839178274	-2.87766415958658	-0.325815374783305
NaN	-0.249155579139367	-0.0775716435421776	-1.00457608008496	-0.813780739168585	-1.1079643798643	0.266615159306366	-3.40477289946428	-1.82999960016942	-0.469765580943101	0.210033686665894
NaN	0.0703009855314258	-1.59858778552887	-3.66172132234826	-2.19033103423963	-1.15060789166214	3.78546924222054	2.0701502480134	-1.17346050939136	1.11706547274076	1.67307734942326
NaN	0.721877258987039	-1.01205647303318	-2.50473538515155	-3.02085399469975	-2.72963169481171	-0.235597040533915	0.284816220760872	1.28067662831954	0.168041553512712	-0.0850653891773869
NaN	0.0046110017517586	-1.65799912352235	-0.812678910267521	-1.935576142768	0.853670627072125	-0.542996054775011	-1.65154128026653	-0.0685029559282108	0.331719117578944	2.38118344550337
NaN	0.369252546695778	-0.594941494903579	0.685588194486209	-1.79712432152466	2.23243926886429	0.958368936016595	-0.0658212628101189	1.10874395514391	2.61677235230585	2.15710067763971
NaN	0.18780171619045	0.965688316394334	-1.84515428161647	-0.274642617745485	-2.38868704173991	0.618756121821203	1.55049722293323	1.48048377682724	1.64557968202837	-2.82858142760358
NaN	1.2871556667893	5.08940839806609	1.61685123950652	0.360777608061108	0.0963533600508638	4.24041865939892	3.92726045893075	2.0869738087046	2.83467904698548	-0.0483825832826374
NaN	-0.186929195367757	1.32166856504268	-0.94970170794122	-0.267683144644809	-1.57067283905053	-0.348648120670509	-1.46435244742766	1.8744779174519	1.20860450233718	-1.02470024970537
NaN	-0.176069375893152	2.18086691491249	0.298334115177888	0.946215221290833	-0.0707547316395731	-0.836733046162166	-2.46279832833265	1.71156313543765	0.493423576921178	-1.19142665498807
NaN	0.654974126958041	2.25847549694283	-0.447251394862345	1.27029951683123	-1.02512525000758	-0.772276290356995	1.7936718496815	-0.272849105547011	0.17042349999956	1.89093661044271
NaN	-0.770139508226791	0.201192138638145	-2.13368089020412	-0.739145021246736	-0.95340632785609	0.843888357641826	-0.621147809159018	-2.66272065323682	-0.261777892083425	-0.314187170250565
NaN	-0.294804036358733	3.11664940945981	0.12976542686722	1.88956891514824	0.893206687379678	2.64977917552175	3.73495890531341	-0.666763555844309	0.144783353848044	2.63919020410789
NaN	0.849918124657364	0.630696950806359	-0.470550398146463	2.86889273145359	1.6551936521798	-0.408577031149659	0.560589294681486	0.440115382399352	-0.180717864898329	1.3706197284398
NaN	1.30133484631932	-2.6788411058094	-0.655635923329815	0.473185896775787	-0.0167175955863888	-1.64051115369911	-1.14655162239299	1.32878671526091	-0.441324412073289	-0.728843091745718
NaN	0.631572070455553	-3.49817776347494	-1.47119054036323	-0.78575862330441	2.23990993988688	-0.652596664900537	-1.25015164283684	-0.596444753170342	-0.0586944019260535	0.0170737108937071
NaN	-0.00891291815572937	0.63096198266283	1.22243066936222	1.84988016226339	3.60393283269416	-0.0545218162016653	-0.198767029554974	0.584096705215351	-0.0522743926023841	1.84532599070061
NaN	-0.976175784586094	-2.85944571798071	-2.11708525094883	-1.50530814669521	1.34235315394098	-0.530407948673214	1.04570698378487	-0.854656534815116	-0.574105732964854	1.14048133745927
NaN	1.03923570746886	-1.65882860399297	-1.79920471175797	0.267282021355299	0.294523555839208	2.7982624117074	2.95348281154565	-0.85026784338156	0.894255022195297	1.56603721416367
NaN	3.1215368249044	-2.55098402457688	-0.0407098721393985	-2.44371919117453	-1.63569136296436	-0.236647473939223	1.00393769654476	1.47222327529877	-0.489421117738013	0.42359425005405
NaN	-0.155726354922391	-2.59618429009461	-1.52449923142599	-0.797603345535066	-2.87767961766338	0.521657975096164	0.526918972021749	1.12055210429807	0.268208767460181	0.934838071258467
NaN	-1.06310683432555	0.406282608115319	1.19563117745591	0.169480733530383	-1.32394580023507	1.91849470973393	1.91575866207953	-0.092256979306389	5.61003319058094	-0.277720232966104
NaN	1.29291030917686	1.00711757675872	1.68566016655063	-0.00147856161536883	-0.95118327090186	4.20861670243595	4.29224125399474	2.48017417595985	4.26386079027477	1.48195756432766
NaN	0.44083539373628	2.06305236688672	0.903380441850899	1.58040865010028	-1.22399572602267	2.99632244821972	4.84525795912949	4.88415825551117	2.90834178045092	0.994756529781506
NaN	0.970639159658421	4.27776014755129	2.80611001558916	0.522442601473635	2.65714552272421	0.369413661142798	3.02539027101494	2.49323999685491	-0.628713335247168	-1.15599691492884
NaN	-1.11304229774948	2.04422496345162	1.37947450959637	-0.643217008988164	3.03098753920438	0.109903320177804	-0.754614880919142	-1.51775933545791	-2.39876005494184	-1.75616214096273
NaN	1.40265079250463	-1.59893733412668	1.03273143549826	0.823383357549316	1.39339421113023	-0.370944985160319	-1.41468320918401	0.24709972934845	-0.780257003971766	-3.28666691194651
NaN	3.04353602018178	-0.873951694308524	1.1768404437115	-1.23902524609942	1.71754486856286	-2.91270184035145	-2.29569316246203	1.05635824246801	-1.93663559076736	-2.85710832777139
NaN	2.20970939154338	0.0855291855901274	1.14855343429213	-1.45406042353787	1.66704487963299	1.54377441905042	0.700312464322626	4.16401417400884	1.1691549816728	-0.581106674945425
NaN	-2.56105996553198	0.953526420870124	-0.974059001797599	-0.197661304658314	-1.62624439935191	1.81328253378334	1.46517672519215	-0.568936520901362	1.17903745867135	-0.0633557197976606
NaN	-3.18068009899146	-2.40922410990559	-0.349731321902221	-0.29467664858213	0.359406143881127	-2.6017172653418	-1.16727432183377	-0.903312926280264	0.418122735925386	-0.178845372771322
NaN	-2.59335190123772	-1.11172587545136	1.89196951049823	-1.44156373807947	-0.146592042793784	-4.27008202358512	-3.17361417705598	-0.945649381590933	-3.15809374952149	-3.37245854907699
NaN	-1.23845351863321	-0.728513761579098	3.51901171349488	1.52425156830085	-0.755646718314909	-1.56196440473512	-1.64562129383787	-0.839714299085079	-2.22355023460936	-3.03318516307588
NaN	-1.34920899150584	0.454588757703265	4.06118136101166	1.12499173664816	-2.8704149554753	-0.654664853988046	-0.207858049753202	-0.459336375681286	-1.65444653417657	-0.61750532129906
NaN	-0.361225381044372	-0.0553222994268427	-2.41182781043666	0.253819914661428	-2.92240429550868	1.30107571872078	1.2216922844227	-0.0526855681676796	-1.7768346059278	0.1649547185848
NaN	-0.0985118521261768	1.16833482009102	-1.86666645180548	0.0396746033388181	-3.17171094118088	-1.05085730322462	2.65797009171177	-0.511015067671794	-0.895056032872857	0.236617976962164
NaN	-0.365509998005618	4.98728980239	-0.51145434276381	-0.344851395966354	-3.15782906472659	-0.948016999895215	4.02681621991656	0.478134922815555	2.78504360082822	1.11069076799353
NaN	-0.309966169686452	1.63939602716157	-0.800930163196207	-0.434298461367395	-1.52080424119068	-2.03054541183673	1.16624686398218	-0.520959491265503	-0.0869277051060285	1.2086475182427
NaN	1.13833223786898	-1.86118275738313	2.47706585719461	0.836350649500782	1.94679361768909	-1.93065267683871	-1.39826115604199	0.584841593858086	-1.93204511390215	-0.376769219204873
NaN	0.406162560813154	-1.58048718259366	1.98403688936372	0.229453594137254	4.87894175730953	-0.109370557527589	-4.83881226334856	-2.01013349051743	-0.282614666656073	1.4034295717679
NaN	-0.843292933153556	-2.44919463267116	-1.69571843670676	-0.814132324930458	0.949501815121111	-0.0147941550437271	-3.06112297265875	-2.15459443815807	-1.67593202639388	-0.0819453994333737
NaN	0.376213672356515	2.82192009404442	-1.41459778803328	0.841351416743065	-3.05987364630388	3.27725907517531	3.06593860985985	0.0377731194941718	2.44075218431127	0.00684585738288102
NaN	-0.746227316882118	0.850894610814647	-0.379716924970075	0.726259326023967	-2.07758204983345	1.00684867451782	0.409354156337868	-1.07592337023298	3.48757849183291	3.10990637483041
NaN	1.55989705221212	3.16571128633931	2.8103350431523	2.02389053935972	1.73835382003139	1.05634209829286	2.29874783038155	2.35843397805574	1.6029913706353	3.16343008576456
NaN	1.32399719578358	1.7303372160922	-0.0212604688318606	2.53036374312221	3.03062542366452	3.06773996122282	-0.846474241152637	0.966980351653567	2.69213666420473	2.27749179596035
NaN	-0.208272084374015	-0.941662271439548	1.39525046422754	3.8162206790974	3.07748893770608	-1.21579886761071	-1.19034319858368	0.29129024418649	0.915551915259164	2.99992371480385
NaN	-1.7867175144088	-1.54658500683546	0.729058056414821	-0.842267938673869	0.21811067025957	-4.85109107304442	-4.76500316449871	-2.53820886957567	-4.68469229912681	1.13257084599491
NaN	-2.44205103426018	0.251142605850983	-2.17792249387665	-1.43029068229857	-2.45247260387735	-3.46567436339989	-1.25720892000642	-3.79704196460502	-5.60282417417866	0.162404001168989
NaN	-1.82894492346583	-1.31772064690372	-3.67692836983463	-2.01230389146126	-2.81023179648302	-1.68120943466329	-1.56463075142566	-3.10989932277388	-3.39479311504751	-3.45253261902603
NaN	0.471675741668392	-1.63533942595818	-2.16903778101446	-0.32205178773426	-2.07036406662957	-0.965520728903231	0.663595487690771	-1.65898029398305	-2.57636906611509	-2.97278838561911
NaN	0.168666994401771	-2.7223120330707	-0.0751780516290963	-0.712366870181604	0.0918167056786278	0.399288191767472	-2.57980865663235	-0.28327406628506	-0.868816640688899	-2.70333550357018
NaN	-1.36820886720733	-0.213599255759139	0.0446878548087925	-1.05607936847595	-0.668257728165113	-0.0366683310865675	-1.48796842704583	-0.758480109008649	3.58879287311895	0.649958400900691
NaN	1.43874063293789	-1.58993315708744	1.5092614343768	-0.384204153732999	1.22503046519302	-1.09077162299975	-2.2970934598467	2.27894229000689	1.42363560594631	1.83506849964907
NaN	0.0930320002170237	-1.03230827778713	0.43683347831874	-0.700055825651807	2.27107023542319	0.210073530043854	-0.332064143539771	0.914869805492925	-2.07159232055713	0.135217004743974
NaN	-0.32154413939121	0.975534561268332	-2.46490414700461	-0.137694694912905	1.29418670427582	1.07766154581731	0.536858450026421	-0.509161981142642	-1.42962849101882	2.20398641748135
NaN	1.36097809373773	-1.32346794608761	-1.41954421595654	1.06872298550901	1.00414787999267	0.833593211004508	-1.3958215944294	1.94359315611464	1.16974573965066	0.582535807871153
NaN	1.27872510740898	-0.819841665577736	2.08294094456448	1.26575222733686	0.996193853054267	0.723995081624668	-2.083690988454	0.781209871049371	0.814557390929615	-4.47351535751774
NaN	2.45866068706355	-1.12325215522017	1.54480430703853	-1.0419117375007	1.33135786167437	2.68017039624038	3.70482130912997	2.89074649399391	2.68539926809436	0.618582511228546
NaN	0.583234653326884	-1.69978961967281	-1.67911754045471	-2.9122632838016	-1.67732669862412	0.90115533429686	1.29962184119609	-1.49830393073074	0.414227556911073	-0.130680053315699
NaN	-1.98518370754202	-0.72798041295501	0.864465330532914	0.0272073999792868	-0.598224609588617	1.44338408168462	0.341696910053449	-2.30917027006988	-1.79930195454557	2.15843560659173
NaN	-1.14653786851796	-0.518706968373435	-0.0701863850059798	2.14754755217022	1.97581854806084	-1.0282650276326	-0.858883574689675	-0.927131014336746	-2.64332534683377	0.133382904929219
NaN	-1.43965151034747	-0.6644868137779	-3.21098601904881	2.85803155276677	2.7416636945302	-1.46501890459888	0.597492709892647	-2.26057290784055	-1.02027298582903	0.841045322109945
NaN	-1.52966167133159	-1.13501040671369	-2.54904410533623	1.07278544094525	2.14206359878271	-1.8773265856923	-1.17405544828563	-2.18606215141469	-2.38488378455785	-1.23770970226892
NaN	0.207601568483002	1.91863937023936	-1.47139530804027	-4.03692356931829	-2.81756493761622	0.561748898734901	0.33717163568634	-1.22347889244211	-1.06123928279604	-3.30573652013559
NaN	1.19636716951681	4.1737089214326	1.42596032974032	-1.85266907193747	-0.0449613323820712	2.00216595813341	1.06064567850164	2.23283847882316	1.3495577518485	-0.947838289380632
NaN	2.67173365961105	4.68555005362979	2.65947879359191	1.7022940708103	2.74533296772672	1.99641016397263	0.918214483157178	1.87971916890699	2.53755980690368	0.971371860215343
NaN	1.70630298178494	2.36073522089024	1.01954896233346	1.80878046923881	-1.03249310949762	-0.0339691532437848	-1.14830571125451	1.29708012023436	-0.273347743248079	-0.283926379440342
NaN	0.610280998731912	-1.96561463538465	-2.86126776368643	-2.80415205480278	-1.45917902053609	-1.99146783618919	-0.177531833476445	0.173162555148094	-0.59617401866214	-0.298423975839871
NaN	-0.605353623813232	-1.61404528285339	-2.29103472472458	-0.433317795732763	-1.30119482097937	1.29338385224188	3.26778059733208	3.40168042197	2.41867660130592	-0.807499420432799
NaN	-1.90340370443694	-2.10973390426759	-1.50610004237635	-0.465839533825325	-0.239516177271252	0.787690651803621	2.66673326054838	0.144338526168534	4.36963895898143	-0.394005334884311
NaN	-2.25624955394692	-0.286536960454989	1.3695784472607	0.186746489193428	-0.948619355008239	-0.694085644456923	-2.45271462773139	-2.68030262193	-0.0108728714419122	1.18023746958151
NaN	-2.41961509621665	-1.65318260925252	-0.493089719893038	1.98316261130503	0.13959704231916	-0.4215588046204	-0.284219802547911	-1.913116996823	-2.22459435248843	-0.323357401556386
NaN	-0.416197928522044	1.4991882699061	-0.0751325481277083	-1.6152410084412	-2.66225562580401	3.10319434210732	1.53240748937851	-0.451760785437767	-0.758248256108463	1.26036786201187
NaN	-0.441254015464313	3.17860747534536	0.631062965010099	-3.41223637646504	1.0670546578338	3.71842265139652	2.44491815005975	-0.281336947294605	0.219614753988696	-0.485822819713734
NaN	0.32702785604162	-0.920712635560326	2.56600753450004	-2.84281763788335	1.21760179888037	1.06821239664936	0.485176715822738	1.66010068674576	0.561943177112383	0.661162771120327
NaN	0.52090738390153	-2.28572598166376	1.31443463453796	-0.706746180882368	-1.87091100269693	-3.06485432083514	-1.99945530502085	0.538996492114367	-1.36676326261568	-1.4541418421475
NaN	3.42523980945989	0.763818859128961	-1.22881978567625	-0.945987882037108	-2.79172464035563	0.0189271969039893	1.25031410493389	2.95753592724423	1.58486411653516	-0.158106669157142
NaN	0.661713959262743	-0.0517748552587926	-0.231109833825817	-0.175720127791734	-4.12162622218341	-1.53065211234822	0.536842747832071	-0.414728681738913	-0.75479419349669	1.55544454536333
NaN	-3.76169918801437	2.36982434200231	0.891295676295943	0.792245267187147	-2.57239847375144	-0.286716621095962	-2.27352196138524	-2.40820610380673	1.02321953303539	1.54352595634372
NaN	-0.0166628713365724	0.982973317310382	0.987792167455883	-0.0736532360045489	-0.27214060762888	-1.36638614760042	-0.856047252545261	2.67004449135953	1.82358726246891	0.132515705955464
NaN	4.2960078924218	-0.0922078636257415	0.899702611657201	1.52299100201404	0.241074618846887	0.232192393136925	0.845499221610817	3.06762559166049	0.480693198450419	-0.217525810945951
NaN	3.2898646057885	0.176920118638313	2.24361902152158	1.17596116721908	-0.400600947461133	-0.553597505515401	1.23808410735592	0.341739835393057	1.14423173751805	-1.20221570757974
NaN	1.4937055241863	1.05269726253597	-1.66309858806144	-0.67175330799832	-0.439677596014443	1.60910246463817	2.00479379131005	-2.91200330766099	1.46666664050251	0.782867786117778
NaN	0.156195320579101	1.34302837939354	1.26730666623948	2.33287044827599	2.16333108071299	2.11997875959294	2.1385535378175	0.746876600242071	0.681165588864306	1.04318616137321
NaN	0.758684046455557	-0.956875222856321	-0.797062693627383	0.453601319372123	1.9597664575428	-1.57786000090457	-2.04339350122395	1.35559427340967	-0.79351755917278	1.08468921927733
NaN	-1.29100342090111	0.383500548374022	0.395814496933269	1.66297689415332	0.786313363806746	-0.675559050596928	-1.16935245484186	1.73973292081989	1.62232867903126	-0.0692578831325283
NaN	-3.06730159906891	-2.089719900819	1.9936387663042	1.21468663294736	0.684954333034169	-0.438040209806436	-0.946528540763307	-1.42853405597253	0.175552422096484	1.35740396729158
NaN	-2.64603139408593	-2.91108167757461	-0.568401497438761	-2.7264795445597	2.36399305047803	0.0670642272292052	-0.694733320616709	0.592809066447771	0.141286548513631	1.1554194864231
NaN	1.32583959652692	-0.0372696781696486	-0.755583196962807	-2.5451994788963	-0.423544019677832	-0.00769065920133059	0.269187773079538	0.971154230609069	-0.253911987753636	0.535036962461494
NaN	1.37147114320222	1.89094764976337	-0.854738554554737	0.0422946236309611	-0.189511037257695	-0.851937268522274	4.78577088918772	-0.725884158387209	1.51149921804551	0.363646636025321
NaN	0.795131318192201	0.932659955505494	1.82875928189569	0.254727755707346	-1.14378641597506	-0.972266006387035	0.474308207687475	-0.600021188900421	-1.74220976317827	-1.71552047932442
NaN	0.245608971219228	-0.889254607021742	1.50233112116576	2.50436930907331	1.49382116754091	-1.97085463140253	-2.43012143675087	-2.95116401750909	-5.05818875051008	2.53855341054884
NaN	-0.57250176814947	2.21094850690427	1.11792892510157	4.17423429657381	1.21915691869756	1.4107246905204	0.531138427872415	-2.39992682447765	1.20994361267885	1.61798243089547
NaN	-2.41031253468293	1.69313410436176	1.8297090049171	-1.06194502152262	1.36411216348848	0.346327139425159	1.83524951630463	-0.284791783200143	3.41125926756396	0.12472029926076
NaN	-3.57157657843435	2.73507089075596	1.7203721736821	0.175377477557714	2.05012916678591	4.90018949418169	1.05803007891857	0.130926922584825	3.33719624269927	-0.0895290081026153
NaN	-2.73520502378813	-0.529949331848041	0.410653025486634	3.50517834369354	2.24003325551749	1.01309196361443	-2.38025521650097	-1.6459116996693	0.223076553556059	-0.160371740435853
NaN	-2.77371026531624	-2.80186468462801	0.497685102203685	2.90243463634879	-0.388789550313094	-2.59980842227989	-4.81506068082976	-2.25224852016337	-3.65160661234133	-3.38505206440136
NaN	-2.68796545395634	-1.9264986149386	-1.20313343460689	-1.38713067526524	-3.33810465566772	-0.84423474323941	-1.67692348060963	-2.10884525386657	-2.25444393348414	-1.35858380529296
NaN	-0.0367827898733545	0.0479919213771577	0.137581674749383	-2.10435953923643	-3.20421968541267	1.755832463609	-0.885162618870164	-0.0364492012341693	-1.48423640572114	-1.05453675890133
NaN	-0.504870308903428	-2.70020108705891	1.61451247090913	-1.23303574608825	-1.12851285278642	0.304262020178991	0.706051786360295	-0.225352983324359	-1.40671384134957	-1.09727136353545
NaN	1.18095882928166	-1.7319583201671	-0.287648328555259	-2.096806909473	-0.181115780908929	-1.07162033855479	-0.782221853467756	0.415024368874433	-1.51463445303669	-1.17622636756598
NaN	0.393934363645709	-1.91411954203802	-3.87922433866652	-2.41379894518492	-1.58266737820778	-2.85336306376249	2.90769875392536	0.75163046376364	-0.678508581232824	-0.949784567401936
NaN	-1.82252646072611	-3.00895980204191	-1.53102333855568	-1.393537040779	-0.155155619056709	-1.24076380585113	1.13374292327009	-0.980108745801373	-1.44153933983409	-0.962257367132244
NaN	1.80529928215293	-1.91729453452166	-0.908652947025457	-2.23619356847825	2.05864070388571	0.762822890334405	-0.484577669430856	2.3852525210417	-0.316448153621178	-1.75108320491034
NaN	1.08685346700489	-0.245354479182759	-0.697532626030616	-1.45992187948041	1.39614719713688	-0.580561105000732	0.441593111164068	0.545195298169287	2.8136038567924	1.97325258857021
NaN	1.0709940522686	-2.16821479899973	-1.54448290970383	-0.25934970849072	1.24975609539594	0.930242126393335	1.31405545899372	0.786198567243099	2.62015232502975	3.59575333924615
NaN	-0.655139835680128	-1.01661644195776	-1.61865828113424	-0.681065661809557	-1.06265904870989	1.41587455733026	2.48158219837614	1.20616829211974	-0.320936161747691	1.82547892015444
NaN	1.09141188518904	-0.239095083198556	-0.305592787694885	-0.959532021039684	-1.66536699238393	-1.75407684849571	-2.49804451016145	-0.0736264667387375	-2.46475010524694	-2.10885657169952
NaN	1.73135339752413	0.729987714498585	0.786020848537069	1.57833684101508	1.44172494696278	-0.873141633418351	-3.02261847305706	-1.28451316109525	-1.67857492704454	3.9093719709538
NaN	2.45537836029159	2.8091456344812	1.59234451240239	1.96757526314109	4.07214673721287	1.87362149590193	-1.42689119538398	-1.72549130472984	-0.360906524359788	3.73077690341952
NaN	-1.06806855208866	2.33154461905752	0.342111537090438	0.877617701600103	0.767177601945514	1.11951202977013	-0.554629523557753	0.466243686577415	2.08499693197482	1.36331619103164
NaN	0.310911518959502	1.34408079845121	1.22476556720359	0.630702716182273	0.341658311216028	-0.971714915183451	-0.613411831148439	1.94653264871629	2.70513732894194	0.474919043120115
NaN	3.29971999742746	1.60524573803295	-0.688722444944121	0.301513288964764	0.562165509699555	-0.704392815764286	1.23573315974628	1.85407425610007	0.493207503529978	1.01470343261718
NaN	2.9951001547547	-1.30411315783497	3.8218674628044	3.92725937137572	2.43506275300413	0.0301939958490021	0.535974368755499	2.43334520206706	-2.80096314403799	-0.849753533065386
NaN	-0.0722973211696987	-0.018712943233924	3.48986608068175	2.04512929961946	-0.363235151241505	4.06047901346098	1.2784549040218	2.02848893397801	-0.0675184072008539	-1.89983462483615
NaN	1.50708643672644	-0.168204611944546	1.19283445987364	-0.554210579319971	2.32919140071397	-1.45122243877698	-3.07915482571607	0.993502117733546	-2.01905482608108	-0.434217166759765
NaN	-1.43650920346062	-1.02925853468697	-2.3023000129345	1.5665425158704	0.0535431496451928	-3.69708600956595	-3.17962478018026	-1.96385531371697	-1.60918325432394	-2.57295004548248
NaN	-1.7573682636607	-1.39228871931058	-4.05461863736105	-0.548916580246842	-2.69009735965843	0.0982259172250726	-1.73492470435706	1.45400041819879	1.28833788370641	-3.40537288393721
NaN	-1.03419886907829	0.460707478836754	-2.84493307237618	0.436170323860725	-5.14952660193142	-0.445627166083365	-0.740970195157659	0.793884151066599	0.0519923406363449	-5.14233142573013
NaN	-1.68281583560097	0.501573285918973	-1.59178807386832	-1.29760335165956	-2.98123656552447	2.20685281019877	0.523360059208576	-1.08580075045199	-0.36801057714489	-2.26895486136728
NaN	-0.213340489256991	4.1701293587589	-1.11047352941165	-0.0673255906560404	-3.31390534564334	0.389186924872045	0.870461782823449	1.26201723569583	1.78702203359481	-1.35098965369963
NaN	1.5673978172447	2.26624663942277	3.09435450080971	1.18234224735656	0.762163583673157	1.81759212156653	0.596527827775808	1.30323223821425	0.450183734855918	-0.920394219857837
NaN	0.518358021933046	-0.975418008371819	0.0852215037501619	0.116457675657881	-0.989545709032307	-1.52519473664083	-1.1172970919523	-1.0389332606434	-0.350564785665605	-0.965505436086209
NaN	-1.50410107665514	-0.874983306304544	-0.141977346934557	-0.938580042852199	1.34917070406918	-2.58697476858007	-0.072697113275423	-3.86004129830627	-2.75439850461785	-0.959107958486327
NaN	2.30870550254474	1.02557637608079	0.0906815525778411	-1.12407365037122	1.33330745605227	-1.84011289633415	-0.320231342339032	-0.543392335182751	-0.677855280279289	-0.235651731996034
NaN	1.40207365049808	0.23778264173716	-4.23046380102618	-1.36394905225064	-0.889355361058744	1.37511447649634	1.77294304197322	-1.49804440393332	0.727063744853202	-1.36210468263189
NaN	0.746429995031395	-0.0278585508724151	0.0851838180932506	-0.262620281577969	1.50738737463032	2.83379494151296	4.20066982049788	3.69614476063606	3.06495396602268	2.0731895706406
NaN	2.18144646473324	2.59253323345705	2.11500365734778	0.625618922892371	3.89051624084811	0.25316354764829	1.01171318142842	1.03456364633914	3.94298380342034	3.01478913895786
NaN	2.1820693857392	1.89071364097592	-1.53323543053015	0.683934687018011	1.59643950900296	-2.31031512293519	1.85120084035134	1.96255827428055	2.10930789939662	2.2849609599467
