NaN	-1.65786659041569	-0.23012024440487	-2.15086106572736	-3.05718120287725	-2.93417659732184	-2.92345385381376	-1.3983776089234	-1.62113320232279	-2.91490731806578	-3.06571564795975
NaN	-0.594146553391837	-1.46545154759465	-0.97131196243488	0.549921867965985	-0.877388091514604	-0.412055653101514	-1.99447430921437	-0.512574264178858	-1.27479741904921	-0.356082910462519
NaN	0.712034875173545	-1.8933023505426	1.40468117000223	0.0926703329277834	-0.454475998682115	-1.44276843622532	-0.401073394390303	-0.00670056917138856	-0.00529365288981365	-1.47609889078524
NaN	1.58015984423977	0.666266620776165	1.14782054477757	2.51697436909111	3.3719923789813	-1.04190455459261	0.155053932274694	0.478990355994204	-0.980289919725762	3.74980443432822
NaN	0.911126749416831	0.0183830582988868	1.03153087351051	0.304686052885744	1.32355644746441	0.638561713883779	-1.68588412594255	1.02858831463268	-0.304279516970826	1.73144788491411
NaN	-3.72085315706297	0.407827216055548	0.340208172717877	-0.341932094215668	-0.858363036726522	-0.395535274657108	0.596325486892222	-0.192094423244605	0.204736514578614	-4.42026410571497
NaN	-0.257138265223471	1.03539609112661	0.573870320818451	-1.12440394773066	0.520641491233161	-0.347209474660876	2.59839554456475	-0.255546326805842	0.168380891883852	0.62034897474314
NaN	0.190414169487252	-0.458277905810702	0.108491740701305	-1.04324384494722	2.64367582278325	1.59355209271614	1.68997276269474	3.36682153765484	1.76379046681238	5.39736367410743
NaN	-0.348418643359979	-0.403169251141477	1.70715979147298	1.31308938549276	0.299951889816008	1.31420449649165	-0.417465730797299	3.04500059604946	2.28973566356522	1.79005901314599
NaN	2.49857485091177	1.2478297577781	-1.0169171400631	0.326956257321788	-2.14285375050095	1.84217475472993	0.347426102090864	1.53920076984334	1.87046148347453	-6.27656669771634
NaN	3.21008900199057	1.84564903041392	-1.96906396397879	-1.17262481631935	1.45468159510951	2.49148912257464	4.36068610614286	-0.028643981994988	0.0364528655446903	2.01563710434684
NaN	2.90689259009855	3.12191651605842	0.801893164334598	0.1955308839435	2.51173592992669	1.03991400180593	1.28646711137625	-1.90939634578292	0.286479267929273	1.61884112808072
NaN	1.51380235613244	3.26489588082285	2.68255742838927	2.63801857413169	0.725669867902951	0.0953423008218914	-0.59243950206226	-0.122612997827605	3.60429390411691	-1.04268464746996
NaN	-1.18923592178083	0.504988152035394	0.244897508367956	2.70883280523287	-3.56554283095843	2.08858238345014	2.01031100826352	2.16826913021694	2.53622252717781	1.12070130063824
NaN	-0.92089354298421	-1.65554592221621	-0.855131932400668	-0.326084466756137	-3.44124530485077	0.757601150738015	0.140849061566473	-1.48539276279518	-0.0386739559588312	-1.27958708794233
NaN	-0.961405287088085	-0.814577680063833	0.994050795570071	2.27506458920465	0.699804814182832	0.269720740667118	-2.48071125125428	-0.884141412467719	-0.745941570931713	-0.680813186775098
NaN	0.614503359807562	-2.13560100121604	-0.508441528939321	-1.68653116245832	-0.201967432836631	-0.58927207312437	-2.73075226847076	-0.761865296428987	1.3795989083329	2.58638178595126
NaN	-2.49902555768289	-1.08606488294083	0.959345672566399	1.95300362694595	-1.61210565609473	-1.24315111156311	-1.33763195050715	-3.03117461758697	-0.8908553963248	-0.603744290783881
NaN	-2.46105929549746	-2.19573563834744	-1.24329408863502	-2.39191821506279	-1.10004218080198	-2.49412156043006	-2.368241298009	-4.1142770256697	-2.08038492960699	-4.74125777245828
NaN	-2.25302146348536	-1.08028226188015	-5.12310430113322	-2.76494707845887	-3.22406406142443	-0.343536408450561	-2.2208908322408	-2.94696331461459	-2.01928951737183	-3.09862235115691
NaN	-0.482333587216927	0.263251246881521	-0.0195191949076698	0.861744291295669	0.959361344984206	2.71220447030253	2.56828580484988	-0.962888273575348	-0.336503955362354	2.77016930006545
NaN	0.285106590002389	0.55178041353411	-1.82066871325157	-0.133665231063921	-1.36577692918599	2.51414568671319	4.45424661298746	-0.156773790312134	-0.119193232643055	2.38203365287329
NaN	0.184837406217896	0.121369275474908	-0.370592011363343	-2.25292528476154	1.31424939444783	1.37732663993467	0.432686869703766	-1.18478871095901	-1.89992859178131	0.595799363130774
NaN	2.84490576937486	1.62284421925321	0.920705064292101	-0.909210054518845	3.94812383466658	-1.74224574284496	-1.9355786252569	0.625891647984492	-0.487638907363269	-1.46220782660358
NaN	-0.160930378263658	-1.47462710311134	-2.05452718419911	-0.547993902112107	1.45099415840738	-2.50784122214175	-2.32063584158663	-0.48573459070126	-1.95859668740186	-0.4995347478539
NaN	-2.01752956584877	-0.552080021247867	-4.15873890227843	-2.18257296166426	2.21310219906937	-1.51351389925794	2.24151629599599	0.202863050987049	-1.22046993076826	3.56208286201146
NaN	-0.403986840761925	-0.901294310052533	-3.32361023939576	-2.6912499320161	0.582251403656424	2.45710843291042	3.38567803865982	1.44224178682146	3.47530506550897	2.09897207977352
NaN	0.39416808208247	-0.120847022534813	-0.0661900779084576	0.173040651534414	0.432462112259815	1.54525937333877	1.67606443936992	-0.308032731979093	-0.122557359168156	2.40299712194393
NaN	3.77232821723256	2.11164366420325	1.71069832813628	4.10740423243997	0.83023526369203	-0.221381638686837	-1.23444940886796	2.346976827168	-1.1808891025699	-0.505152744071625
NaN	2.44847666577617	0.325303040638911	1.74210416356252	2.41992495518723	0.315977051113531	-1.21453337448635	-3.32320681386713	2.27444207999912	0.26624478540717	-0.448637199749508
NaN	2.6734441961545	0.906423590131779	-0.718845953846971	-1.84364973274396	-2.25653321446766	-3.61299130200305	1.31047668538599	4.38627288044298	-0.241364361990286	1.58677684883046
NaN	-1.63169119616525	-0.131674500138532	0.592665391519165	-1.10233948479989	-2.0669558368172	-0.318584604518259	1.12501274242083	0.0689509149108517	0.1189703420343	-1.17950674628289
NaN	-2.95048811022363	-2.6812314116466	0.0604828072267974	0.366980261869533	-0.603732526143056	1.87975672627412	-0.927486979545205	-2.50456774440655	0.44081580880426	-1.20167615153935
NaN	0.267209450204396	0.573908869256749	3.35190523654458	1.73605189062747	1.12003248948739	-2.46967236993751	-3.2004887752364	-1.44328360563182	-1.2653047558132	-3.08362638071431
NaN	-0.998516163569982	1.05417522406446	2.398973955997	2.38412041093761	2.0589883331776	-1.21497433077517	-0.350929837738868	0.199998329915814	2.62646659086916	-0.811689249390034
NaN	-2.4039197724023	0.39897750028288	0.154208030521441	-1.19316085671183	1.88093288694087	-1.78091147571785	3.43175781822481	1.15580847629553	1.00560259417751	2.79011150621121
NaN	-2.17678890726555	-0.25348512553827	1.28826464393375	-0.762667320219933	1.47109670798869	-1.98903817345051	1.64365467375307	1.22796521299752	0.260001729949677	4.0027834352371
NaN	-1.61378552108124	-1.11196741426489	2.72033269104171	3.58272143783264	-0.785494636301178	-0.964917879341175	-2.42921461421237	-2.79517649255124	-2.61064858781753	0.509279819866703
NaN	-1.67442244363215	-0.420579429816905	2.22176488527156	2.37096201990486	-2.85080039433993	-0.667621477485277	-2.88633861172536	-1.65526230645251	-1.54236863007702	-3.75047592242366
NaN	-1.79640973932733	-0.932541638076498	0.0626283471796627	-3.00055267982656	-1.83624136292892	1.44484512695653	-3.90353200324738	-0.0286221979058622	0.131042793008953	-6.21252448035865
NaN	-0.014801479294031	-0.549354827556122	2.35134469769694	0.260099856126881	-1.03116445840457	2.71464460086154	-1.73965977896752	1.3995352888526	0.0847268344139754	-1.00667260171449
NaN	0.749128241817833	-0.156921839396214	1.54764147604164	0.539893110137167	-0.547327519252675	0.171588820285506	-0.378025377859417	2.61375952021286	0.116135258957387	-1.54431765925294
NaN	-0.145249672352677	-0.924899732407912	-1.54657826718417	-0.0333386711870161	3.00963143700232	1.86589114061927	-0.409063567283083	1.13017429843001	0.347393621346772	0.859787394737172
NaN	-0.317993545867499	-0.472497085669592	-0.570610281228184	2.06736328952503	2.76009761315514	4.06049112754655	2.77911515054563	-0.920315596297609	0.412978743925367	2.38375805935898
NaN	0.605926987098991	-0.177970940645698	-1.86500208827646	-0.800184976557402	0.141926687566782	2.34065017401707	-0.0321242856420251	1.61270865639882	2.07706719942898	-0.08815788999478
NaN	-0.877838187637182	1.21359498611166	-1.3782017552844	-5.64881496783142	0.884199127314143	-1.93844451738701	2.95952197179914	2.80011159863504	1.87245430594355	-1.6065278845864
NaN	1.49721494349489	0.410999851865893	-1.16802911431089	-2.60091490024629	0.371642854112214	-2.84446022354983	-0.881332768074355	-0.299278920849185	-0.788188140087661	-1.58660772232626
NaN	-0.996535017220994	2.17521126775098	1.2781950135927	4.87402238014489	-2.64464434810365	-1.33427572313359	-0.582375211625509	-3.40663542931784	1.77988859650411	1.00379589288741
NaN	2.10404555610075	3.24964035081458	0.31331411213316	2.65334593483433	-2.62893065639869	3.34131638805966	0.854040006453344	1.56689770667663	3.48263187863169	1.13214540498402
NaN	2.04099158233526	1.1259640913308	0.498587366428926	-3.01051795558694	-1.74190836005295	2.38832851422207	1.12916193844046	3.28904174280748	2.06135902568327	1.51102504832662
NaN	-0.668367150547308	-2.38562100936298	-1.62920694856296	-3.60353735416214	-2.36257665768061	-0.840436303329757	-2.14771641906779	-2.08828855556866	-1.09051521976439	-1.55684884342755
NaN	4.22204275895865	2.26261111087019	1.39873629929631	2.08108266482099	0.0672946276549419	-1.16191348425928	0.12104309039923	-1.73340065955808	-0.286786738457499	-0.814909669967326
NaN	1.36579356580887	1.40566751869279	0.30902136307383	4.98847349788475	1.68225036629576	-0.2231716082413	1.05984819933233	-1.04306101198406	-1.34444737107124	0.38992825483044
NaN	-1.55959453706058	-0.0244351514063503	-0.0518898266483949	0.895340909594422	0.966151140755833	-3.59060686944047	-1.37600400932629	0.0329996617107396	-3.46973768157546	-1.26857879142467
NaN	0.9919687818387	1.99610870589695	1.1221192460312	-0.881531324583597	-0.311135692473544	-1.30701108788452	-1.93209753439369	1.34811811100642	-0.913821369609785	-1.39587683964923
NaN	0.463397648764571	-0.43456929478895	1.28494223286386	2.79331647639696	-1.34431423678182	-2.54293481248123	-1.58626342499708	-2.73562479050753	-2.49185295277066	-1.28608075397017
NaN	-0.492575341649695	-3.45976721143408	-1.20707697602468	-0.167721350049992	-0.783867501833209	-1.22769232384589	2.5528638698432	-2.77302688116669	-0.324802647602306	2.5773536837266
NaN	-1.34994135468306	-2.47420658543757	-2.85978378352825	-4.75704917473878	-3.42600931144816	-0.441154433211171	-0.135675865851305	-2.88184597555641	-1.45977968525797	2.64244721032738
NaN	1.0221776331494	-1.0068127481915	-1.33404022590038	1.32227605269798	-1.14093224858377	-2.1415788918008	-1.83310015664397	0.711026830360026	-3.51654250484321	-3.31378316184256
NaN	0.765080192913933	-1.47181922226206	-0.272537130127243	0.927833155010055	0.366833582311093	-0.952627611919348	1.26487399952428	1.83420220076636	-1.85759939271644	-5.51816327890136
NaN	5.80171844614524	1.51288857388448	0.0133595192163483	-3.02038753415041	2.01050099791944	-1.4944472819132	3.16856377900029	3.37091733676331	-0.945818351463468	1.28937700009583
NaN	2.83119866287459	1.61912290366011	1.98269824632978	-1.91388533959797	4.23906175102984	1.55766486861796	2.7459959749464	2.3353032538905	0.956200799608069	2.06925028991705
NaN	1.30024622940398	0.843232666496797	1.4333397793278	-0.289515877295429	1.80001068845452	2.01227412162006	0.323487661206392	-0.0400612858670466	-0.391359657873359	4.12312924560719
NaN	1.45885665287638	0.380961746122245	-1.84218766879185	-1.95242369390824	-0.817398049482433	0.46030289259301	-0.838284835943744	-0.805121091654259	1.61840714267113	1.86508544923423
NaN	-1.53624813936556	0.171900679710988	-3.53501208478307	-2.20355949251611	-2.714401624669	-0.628014250800706	-1.35825486583169	-0.0968173574338905	-1.48678185661996	-3.01980181731798
NaN	-0.732771075807388	1.32292941213658	0.458929246892003	-0.103151406481042	0.0759347037651535	2.93830046219677	1.51942192938268	-0.256947970030521	0.37134771726599	3.44176072665226
NaN	-0.93098929534956	-0.596121939918333	0.568733919164983	-0.613441017209124	-0.815315759155167	1.83507403754986	1.91806494994606	-0.934926093338102	-0.286810410054214	3.7413295344465
NaN	-3.15913219966099	-1.3079105928961	-0.0442248921268632	2.79371044798071	-1.32870674305396	2.82121310358651	0.806248704135024	-0.260725117180875	0.18872410236699	2.61294672493421
NaN	-3.45883338380846	-1.79286160684348	-1.05611973233156	0.991908677482862	0.836628898078438	-0.748996315849016	-1.95112483167059	-1.45414947141853	0.0409172035574999	0.39557907853782
NaN	-3.09402246732484	-2.5161178481154	2.81371911537648	-0.0516973728851033	0.779047378132797	-1.97371244472492	-3.13671263541601	0.753885580758215	0.957633088591287	-3.9480203337255
NaN	0.426782938362611	-0.200516412875081	2.57011109822973	0.3756168183732	1.18865677464626	-0.666699748669928	-2.53275693847525	1.00683661335478	0.26369151210668	-4.38098455510302
NaN	-0.827295178349995	-0.76959641966676	0.265124566156071	-0.412662228834431	-0.883794217647666	-1.58622598271824	-0.180594261426337	-1.02856981984945	0.45897672671031	-1.57566226708407
NaN	-2.69450121517572	-1.31408676180184	-2.02215443955146	-0.383610707992276	-2.51876331791357	-1.61305757988892	-0.372538076039388	0.906464718582563	0.383622996962493	-1.6593177752059
NaN	-1.59462381304183	2.54022680562549	1.49047598626329	2.25046047597752	-0.371305856851794	1.65800217933454	0.163148062518826	0.443825893729012	3.60966526922512	-0.427668757730297
NaN	-1.2072227629944	1.46501273985225	0.989646627127665	1.63954813185485	1.36164890769589	0.857381182998477	0.1118674994185	0.052954226410629	3.10634249907301	0.224576940505181
NaN	-1.28754283353476	0.194570322821215	-2.57992337611898	-0.191096388272134	-1.90325988523564	-0.0735481031437712	1.16992468529717	-1.63075639103653	1.74405802703119	-0.0277496762575754
NaN	-0.52551073261058	-2.4513534829848	-4.39569830162444	-3.58252136520623	-1.22978913666372	1.98114233234717	0.848887358565357	-1.80755132277013	-0.0524361795958689	-0.290865693458879
NaN	0.441543956812769	-0.590736285216691	-3.33839261562412	-2.92219573383808	2.32755140089878	5.28151492535524	2.87485408522334	1.38320820156591	1.51021150861907	3.2294817235342
NaN	1.03846865571158	0.226923982832911	-2.85891679779166	-1.4335265566793	-1.03276570874271	2.11431123950763	3.92921181701726	2.90372958917763	1.03805828861231	1.61472849035044
NaN	0.787244626550577	-0.212589182630363	0.414919210510014	2.60952239779364	-0.340192699022537	1.63735972382146	1.86872428749344	1.84565153039975	0.384028641421048	-0.624703524449251
NaN	-1.80742977445317	1.12467838120612	0.404706198623066	4.38759189131404	3.24183576455241	-0.475112589258904	2.18323174153713	-1.1215207371102	-0.343323745096665	-0.69568228467844
NaN	-0.498007588577528	0.0208229366363051	-1.31666787418727	3.0376774792576	0.791045347276145	-2.25423464816178	0.345581124939376	-3.85369769521897	-2.26673201441692	1.25627080774057
NaN	0.0348932477892321	-0.998072836167467	-1.9011055922635	-2.79959408230456	1.97422801805406	-2.105398248066	-1.68696830894558	-2.33855225281091	-1.37016057679262	0.61665828423964
NaN	1.03044292702401	0.114262842101834	-2.71048446711947	-4.40748778932795	-1.69362066439023	-2.74008494759429	-0.310014916659898	0.687364422203937	-2.08299743594942	3.32031298773517
NaN	2.62260620511057	0.939118598593045	4.26208797714472	1.66876981080526	0.27479080204957	1.10478706373937	-0.0695634726831143	4.0395536940665	3.32365326939507	-0.608011556667141
NaN	1.59298098091529	-0.752568725280025	0.911254392754136	0.00592679274241048	1.6049257362241	0.799688504608471	-1.03203747727036	1.38127528315451	1.60887094075254	-3.15388598348176
NaN	0.459219151308772	0.552149298842874	-0.0864535588968562	-2.02846366501255	1.1212710385547	-1.41542374976721	-0.0168490407402923	-1.948958630436	-0.77832466537036	-0.895919806359218
NaN	-0.667683357253302	-1.96986746069559	-1.28386141487706	-1.93165759506107	-0.477867944046192	-1.94638055221819	-2.51415980848113	-4.17949185010635	-2.94487649060275	0.322959686512638
NaN	-0.0608140534650432	-0.696333182321638	-0.689001684043153	2.25220435258471	0.529476596158048	-0.524997768582967	-3.33548865065245	-2.91725574766487	0.970841036404351	1.70336361381083
NaN	-0.272686248784895	0.766228477851882	2.08729980412641	2.83086614806393	3.23206470135636	-1.06468494632778	1.5870293939383	-0.783726632072277	1.00572896928149	3.46035543418869
NaN	0.357554068420318	0.307451388850952	3.02607358461441	0.259757046726246	3.96647655272568	-0.0627022339204534	0.916944676153301	0.327628332842348	-1.74842582074423	2.9771676523578
NaN	-0.754400090741055	0.334047704110083	1.24695685494141	-1.19601204444092	1.85237078774215	0.846363027878062	-1.2755551590387	0.711725718131754	-0.218750220649069	-3.79402749904232
NaN	0.404124768861501	1.0882288599295	-0.277603872885731	1.07145624601335	-2.42501128966614	-0.879630453695186	-1.21932715541446	2.14094416358809	1.57163837239628	-3.32762839762755
NaN	0.021814417564074	-0.371908037889424	-1.08293459985161	2.35528319535096	-1.18365877740781	1.06235492479616	-0.329756248454737	0.687912065088732	1.94871670473518	-0.655956303473666
NaN	2.42518473212013	2.2090500633186	0.930802068609203	0.453833568231931	-0.56162693467862	-0.147437738633649	-0.261980604992991	-1.56569159473002	-1.00988502203286	-1.25811942501367
NaN	4.00852436668712	3.36320590698535	0.382502243109984	-0.222056221799955	-0.46337822880076	0.0998960467852782	-1.8951205952823	0.608551274446544	-0.966348632086601	-2.73545218103676
NaN	2.72895761127233	0.681080405722637	0.291249605427847	-2.47664571115125	0.188792077115873	-0.940409029052657	-2.74930410628171	-0.349269469609954	-2.57707192495121	-0.323773303665736
NaN	-1.00166062877295	-0.597811670399094	2.11723157922832	2.90160160177336	0.471079962125087	-0.211598225772504	1.3961944386107	1.76189402136073	-0.770941455331421	0.407796653815893
NaN	-3.58916898963298	0.331672021271999	0.420045294443401	0.61724567772821	-0.433256822508815	-0.13937564700972	0.463488067024653	0.268077278117038	0.437086755986713	-1.09152161036371
NaN	-1.77516450727795	1.29609771973209	-1.25456953767625	-2.57000740658239	0.525550049552407	1.20208121906029	-1.60299917703636	-1.97472276559598	1.8062438174356	0.600542912861916
NaN	-0.982109163144282	3.08402897187547	-0.452367255908397	-0.0692319509806785	-0.0116196752468292	1.92034271618579	0.625584206850791	0.280339267552217	1.21223673417807	1.12392474604162
NaN	-0.857814090324518	0.360514686733535	0.285527172526602	-0.355788774608827	-1.72206272691572	0.52606345512547	-0.0384090836083953	-0.367188400964856	-1.04822121850675	-1.97781331327386
NaN	0.251434390650774	-2.60764956198862	-0.813516807900421	-1.3008152369636	-3.97240130627169	1.27739893446107	0.0176926006879452	-0.287182278531256	-3.03731210353845	-0.78390412872123
NaN	-1.58248485205681	-1.56681235359461	-0.613349528379112	-1.57641586911342	-1.28281714050843	3.05433387873232	0.455284189018885	0.230597331810647	-0.0266742762813313	1.35954424513526
NaN	1.12921973187945	0.93794056409076	-0.321442641358338	2.02352522326806	-0.711453757938671	1.30043774535208	-0.328710036455149	1.93564446851615	-0.385432982640137	0.080106320038318
NaN	0.426843800185989	0.0127975499265401	4.78184744038941	5.07934197743877	2.48265440553645	-2.15317113940294	-0.274541214359805	0.115992840730688	-2.13714166853078	1.42933079559781
NaN	1.54438131975681	-1.1718887985594	4.86225830286245	2.28747405101876	1.42622832839565	-0.357682575648761	-0.148512122784893	1.14844440521509	-1.98895062902119	1.94653928921907
NaN	3.60664514354039	0.296466817949007	0.817833704882383	0.46991633789804	-1.30986374414598	0.497294987125278	-0.429464152086332	2.42555307207737	0.907637759623974	-1.00183102252062
NaN	2.49204455436741	0.927139361351516	3.11536382387291	3.83028234373412	1.0677286070497	0.671366131223608	1.40063843689336	0.746262227655005	2.77474727895186	1.3246459747697
NaN	2.15147174356681	1.40183390181168	-1.04413638891889	2.15018332058051	3.08686119014263	2.86562303509792	2.29361486108052	1.93509303126123	2.75639872608537	2.66715030559555
NaN	0.684941021977179	0.354661311413299	-3.08212067465837	-0.196432967506202	-0.515452222353607	2.84264532842449	4.18854300981899	2.51374837215709	3.9599223610942	3.6130736839939
NaN	-1.01819567655633	-0.51117690520146	-2.92876392440315	-5.8227183023587	-3.47621735348849	-0.151277874512651	3.03173507881994	-1.82864777656582	1.06774405193346	1.17991972599749
NaN	-1.02481331406471	-1.47489059173264	0.233423949016822	-3.43930350243271	-1.9307373629923	0.365714277311527	0.29233769129861	-1.80010033502327	2.56376078446188	-1.9850113665432
NaN	-4.41746460360625	-2.45833838151308	1.64239055362569	0.495516759401423	-2.4623582859541	1.33730218702503	0.491103482864772	-0.991033433936911	1.1161142270654	2.68072604156343
NaN	-1.4057773092621	1.37857915173128	-2.29120805064396	-0.577048033911944	-2.23330492156064	-2.11726651791084	1.72785636877148	0.339893368275505	-2.69542591246727	1.35161043565675
NaN	-0.257926630773368	2.36648184798508	-0.502634666291873	-2.40851111608539	-1.837581451287	-0.249788368073603	0.346723003580668	1.82593357744705	-1.2346013379395	-0.953911507730955
NaN	-2.7269964309138	1.16880964595702	-1.61598817349053	-2.34150405230831	-1.93606667607027	-4.43615258339566	-3.04120289276026	-1.13479709680432	-4.7417242730266	-7.40339939797771
NaN	-2.97071595693062	-2.11371016731615	-2.58217490013196	-2.72492825613024	-0.110059250145378	-0.471128876852655	-3.14858734630714	-2.34138477765458	-1.55582802900616	-3.61047431318582
NaN	-2.16485987084291	-1.31765392134634	-1.3350136281259	-2.12255200774111	0.0833530898323412	0.573027765399997	0.0802441181319513	-1.95670113434208	-0.573950635510875	0.478804307422806
NaN	-0.619475570690512	-2.38736841843914	-1.37693267389367	-0.808336171688102	-1.60502832728026	1.07013309929367	1.47904024873222	-0.208434964487669	-1.31636167771173	-0.46612742021388
NaN	-0.300462255657246	-2.00027312540448	1.03882449964061	3.04773562841321	0.00427290761541682	0.416678734164948	0.129459574886007	0.557393684927514	0.065764630662021	0.569878729220562
NaN	2.12280096122795	-0.693571735909416	1.58911245110422	2.33401759097882	2.91633466553367	-0.306538735787474	-0.873732795865367	-0.38524803400581	-1.00059957027407	0.00629543460040816
NaN	-0.050631184800564	-1.42558694259352	-1.16129824167393	-2.83686937191467	1.91138407773535	-0.926957837055789	0.650351586201088	0.281299258239783	-0.972159857626874	1.69085083237667
NaN	1.45245168905761	0.279948005142157	-1.59647496394714	-0.966096040221954	1.47155289829432	-0.138397134048696	0.0971323193588126	1.93938962677574	0.121207948167291	2.10387140056696
NaN	0.125882607113855	0.630057083676443	-0.411904489921637	1.41076275918897	1.08352829727703	-0.804652706840153	-0.578488905838015	2.28132792134056	1.55320877365921	-1.10021687604012
NaN	-0.526997457277161	2.98638159584491	1.75139638451037	2.74306404938545	0.882792762815002	-2.85614742027634	-0.555958591061276	0.80770907768592	-0.266418203939933	-3.198150772617
NaN	-0.431794229126398	1.03138620557047	3.98094576964465	1.72655031317484	0.863536501288653	-4.07793954777079	0.321438997377471	1.04997279102572	0.226296130013267	-1.31228664513894
NaN	-0.0474403332149197	0.510030580394868	2.28830245309174	0.0436552472085217	0.163119674557834	-6.24888149114831	-2.9804846520006	-1.00337068036836	-1.78513849237062	-1.66511236091223
NaN	-0.371512710101126	-2.64035063150484	-0.769129329854859	2.35803806243291	-0.40321250343144	-2.66252139896059	-3.60024889510512	-2.34052812893402	-1.13635829476051	-1.07918238384306
NaN	-0.271492331616651	-0.328042060779887	-1.82773197418253	0.497529473565786	0.417828628028077	-2.3469301653577	-0.995903562685246	0.110152067987621	1.92433620445245	-0.768024563926084
NaN	0.653078551055022	-1.58403085461459	0.20514486762348	-2.37677702555942	0.960852913958442	0.145136525397253	-1.04359084070923	3.36434037274494	1.14016436714463	0.0610231898413219
NaN	-0.00726924585146427	-1.86683434306767	-0.263643875594765	-1.60766996475468	-1.28650877622154	-1.89704408226943	-1.71300839795942	0.897802772670874	0.0797692531305816	-0.68072759337798
NaN	0.0072486318780447	-0.482002323381381	-2.03335267981536	0.104727758230897	-1.77988738806418	-1.15347448156347	-2.23445972990492	-2.96251366500791	-1.91663273603565	0.0317063341026358
NaN	2.00121464182524	0.445845729935517	0.033800714978547	0.131248137507734	-1.63061893816783	0.0615259440048546	-0.838725536633329	-2.46435010429825	-0.815560866253042	-0.606098935237604
NaN	1.92297021612394	-2.44396951542207	1.37736206386478	2.38852892162622	1.07126595253029	0.696793453127075	-1.22941427480512	1.02801996879462	1.40819133038971	0.127129045129681
NaN	-0.68660282870824	2.23188578886089	3.09811956377787	3.19073054671459	1.83298058648965	-0.32081340569672	0.239829442941015	-1.34518107958326	1.46205454221087	4.97838174845424
NaN	-0.253533356735064	3.26073377243406	0.779963092278124	0.317928719882437	1.40358985207961	2.44278330231023	-0.195893861158196	-0.118013776294437	0.286643048893104	-0.363842814595705
NaN	0.390175314904372	1.25571369159929	-1.60079838206852	-2.46800700062154	0.108449400747872	1.55057385618126	0.708536252543841	-0.857537984535645	1.05436310099533	-2.07039654488177
NaN	0.189758244833172	-2.24149273505795	-2.55932341421598	-2.10981594170347	-1.65565017432826	0.391334561484988	0.868622703892214	-3.06445926509033	-0.200474463167108	1.55473189706291
NaN	-0.874570569764228	0.46494755576837	-2.53674323680269	0.0629365310425029	-1.26816722031063	-0.38191458367417	0.55234749566336	-3.93578778578333	-1.23329919053277	4.62129913750286
NaN	-0.0757251003444867	2.54015529435841	0.6863570730379	-0.131407559576438	0.272638907891855	3.22150091311051	1.35784671290931	-0.025325496879177	0.83423036471414	-0.194690912697296
NaN	1.36671912817143	0.768283111687465	1.06810390530242	1.15601875528907	-0.372332988558719	1.38881613809516	3.52452785464097	0.951051788532734	0.83775924321342	-3.71214407442407
NaN	-0.263175171515667	-2.15002013832865	1.09120775078839	3.14693794133012	0.791475929872269	2.6350726818678	3.82728780637124	0.386360777692105	2.6205495396094	3.30921242427375
NaN	1.38926930160995	0.433532272161712	2.00693850698952	2.34042310235466	2.60153777867722	0.458567335874576	0.627724729105211	0.202889790684025	1.2724711639809	2.24496885548332
NaN	0.447899343675707	1.56015870302126	-0.527727587045114	-1.46929364370561	1.42973976799861	-0.0588880351908038	0.289374302417741	2.53751960418748	-0.629099434130162	-4.27280944663387
NaN	0.828599469234989	0.154334135977035	-4.26783054112954	-3.79646845286214	0.165000155100061	0.497070191207184	2.80003443295865	2.98053073373049	0.758265857233595	0.49451454839945
NaN	2.94474828323485	-1.34429494245085	-3.00556923631079	-1.66303107218318	-0.0678682932608698	1.4971832284585	2.75316279014921	1.87403582152798	0.250917628468803	1.60689944272918
NaN	-1.20606957937653	-2.30571773686668	-1.14451602612757	-1.11479614413202	0.404525584729281	0.744678061490282	-0.44947502092927	-2.6506078928186	0.295736424499591	0.534399693844554
NaN	-1.04184550833035	-2.46511769643015	2.07348368464189	2.59654675511993	1.56267723955874	0.783908118123793	-1.98250239372756	-2.24673464627131	0.237414531593792	-0.574526959855948
NaN	-0.976037493478418	-1.10540163883562	2.39992900746361	0.963610797509365	1.36203932004575	1.37257082750446	-0.156861451449211	-0.12458805500794	2.15145438363408	1.15184048881442
NaN	-0.543065961233665	2.55400311985622	0.768744900102745	-0.99949375656681	-0.728786255795122	6.35337428022432	0.683056233984856	0.56669714934671	4.05129994607245	3.23559988647121
NaN	0.778281594255215	0.335676620313024	-1.27955792421702	-2.04013137229115	-2.7866556734539	1.98428797072114	-0.890791041870602	-0.577791638886733	0.604972361858548	2.33050939312847
NaN	0.446857014725041	0.245298069834128	-1.53280216537262	0.971545762309105	-1.04472244353349	3.18214286145422	1.45482404001555	1.18499779297554	0.247076237261709	2.23110309296389
NaN	1.70684451645651	-0.693398903565706	1.75155580684559	0.544154469218901	0.9312249430242	1.64115687295133	2.22591221576932	0.0533808536725261	0.333835270498072	2.24548926013757
NaN	-1.11942116078091	0.715020542288113	0.516193459824311	-1.3050388454707	1.23711453656786	1.23788296601001	-3.08754574178876	-0.512778836615012	-1.16946428461594	-5.3840907930706
NaN	-0.674976025255054	-0.0894449495087988	-2.94582456810977	-1.94460041238442	-2.27813802291379	2.75698121023594	1.39175123498907	1.36156331744752	0.416618635552318	-0.137257407551195
NaN	-0.648605938353142	3.16862982581779	-1.50536671950326	0.975848489636453	-2.49056893410512	-1.07955940212646	-0.305886721144333	-0.942392039832356	-0.851579630726143	-2.0123489091364
NaN	-1.31247178082256	1.66031364484117	0.736790161041097	3.96497684693813	0.822353681197215	-4.14491795530425	-1.69914719087938	-3.22949004375181	-1.44219831260949	-4.69394247994293
NaN	2.06949854574413	-0.566380298618031	-1.65069150772411	-0.726436065417376	0.319748137844941	-1.77723000540084	-4.12832601507642	-1.85530666758144	-2.49779059555426	-1.03921901887822
NaN	0.777005237779263	-1.15206409574746	-2.80856858649415	-2.5920661118533	0.89604836130348	0.150704667543186	-2.03617920314618	-0.463621806526758	-0.672148974407961	1.68499641065798
NaN	-0.254527956102099	0.602417689932656	-1.86769707501556	-3.7238002223746	1.1355154335843	-0.500149935642542	-0.683149957508398	-1.15130372657689	-2.87246129174616	0.932301017043379
NaN	1.07523934383547	-0.771125806766425	0.742446041021083	-0.24132571786776	-0.886317310122675	0.862106499559804	0.98566439993119	2.89806448300105	-1.3407890141457	-0.038437753029114
NaN	-2.06138732416868	-1.31454249876467	3.08286205465731	1.30946794330893	0.0208014986254706	0.943010492514354	0.353222692594789	0.412296512920816	-0.553806607532972	1.42986874389197
NaN	-2.62834406072349	-0.971135795916071	2.6075840931479	-1.07919004977843	1.49502143380046	-0.526469065778006	-0.200324812945691	-0.410048630741637	-2.02425266300371	1.61500528858028
NaN	-1.94843962639979	0.0536102498031197	-0.831813239764305	-0.177482758528747	1.15051711669006	-3.67469441148636	0.0411467439476493	-0.68828019357032	-0.444431351019922	-0.341268002471264
NaN	0.427627540749563	2.37957439278743	-0.39936321816701	-0.404766992309033	-0.830934045693144	-3.63314066520821	-2.13961058859643	0.950380068396839	1.89400557581614	-4.82560727332771
NaN	-0.197630892050573	3.51046658997282	2.83914156123453	3.55369562883255	-3.02117078638373	-1.16234980988077	0.75382958305567	2.85795029384617	1.95982850220959	-0.296694915569105
NaN	-1.39268016753218	-0.0174791946081393	0.837312036319479	0.785328812271457	-2.23514388865391	1.9125559893279	1.25995967627804	1.42421989956778	0.800555235897459	0.151074496101669
NaN	2.09790109313372	-0.856797443647884	1.75528620484021	1.5856249473347	-0.54299178675242	0.254322740677067	-1.09520752425909	3.03399316928442	-1.03121406788743	-2.97635936418688
NaN	2.04240895528688	1.68417334629822	0.322275181964735	1.17616308827787	1.56235911364881	-0.703368274462428	0.573305595056858	2.54023936489759	-1.35445543242757	-0.802723978263366
NaN	0.367791177561276	-0.238346264741637	0.150433586305361	-1.04477368340293	-1.56372684672818	-1.49008563579798	-0.820260824257403	-1.58210901532271	-1.3580411621414	-2.45582395667687
NaN	-2.37200273175829	-2.31707927200377	-0.00625690516073805	-0.0367802881272426	-1.7819187000969	-4.39042881950738	-2.64408470598276	-2.53185767107375	-2.6993359012245	-2.37440508956078
NaN	1.22868142062037	0.205668138437407	1.27840183919513	0.331061636560425	1.01985297808162	-5.87358283216618	-0.650570464801652	0.766954924042646	-2.64627419291242	-0.57223093796385
NaN	0.419646371434621	2.63136457337165	-0.0164431389445444	0.378860317325978	0.0366894278406625	-1.87459560402497	0.597116133941739	0.0805063783027523	-0.80594296403993	4.42219268913874
NaN	-2.62576478035112	-0.370877369297132	-1.18194858505651	-0.964751591384117	0.736225797604535	0.280158183839345	1.79571038869916	-1.31835827203346	-0.437083281781332	1.55664162355863
NaN	-1.99144005690067	-1.78546894801448	-1.8993535788647	-1.63334827942283	1.38359698738207	-0.403063407961607	-0.754530021468869	-3.16903960779086	-1.73589073212249	-4.01780619218757
NaN	-2.44724843321335	-2.57185658780759	-0.244152989482439	1.38394917392735	-0.848137345155516	-0.98730934316247	-0.374512865879405	-1.82362465662829	-0.660121725448179	-3.42588766070074
NaN	-2.04013352857236	-0.594753344297947	-0.286331232277127	0.38635750094403	0.680559185857614	2.43051564998136	2.09114575880943	-0.560083719929691	2.82704279736208	1.69367244073685
NaN	0.36003962395644	1.99605982965452	2.16955984588639	-0.0123846478844762	1.45499454871537	-0.511126578621854	-0.150864419949721	4.55747812547678	1.10520054225352	-1.12102711005764
NaN	-0.000898425893922208	-1.36670766228469	-0.735327290367258	-0.535470909650014	-1.3057396272592	-2.90066105355486	-0.687739619431756	0.292083915560805	0.394261923685368	-1.94139401772563
NaN	-0.20681207663673	-1.35147478416368	-0.670526575404864	1.8587222965958	-0.4119261165041	-3.18072278966898	0.59010410763114	-1.98008781118343	-1.48494471283226	-0.00484503693706031
NaN	2.81100031105392	2.47833759591471	0.259399705718857	3.66574248018135	2.02536215419563	1.86622427111326	4.04256371915365	4.84367702530887	1.60756779514393	5.15307476001059
NaN	1.0229334873607	0.703849216040544	-0.202610057126743	-2.43066774429475	2.05841078655642	1.45318107407652	3.71221250897991	2.26344386339345	1.91493569703459	3.19919581150205
NaN	-0.861927129632923	-0.522617219032904	-3.01380645622553	-6.0521594926425	-0.740736878154158	-1.48464390952706	2.36909348732121	-0.720088552678914	0.061278856855137	0.903325952429488
NaN	-0.212097530005351	0.461254859028411	-0.318989499264458	-1.18110529610956	-0.915352634706369	-1.25398375665735	-1.38010929932203	-0.909977692955844	2.70795410825363	-5.19630590785366
NaN	0.51873118186079	1.04417446892488	0.813829850552499	1.25213058462807	-1.23689419942475	-0.160657035123054	-1.87862611568452	0.606145117419007	2.07517380949617	1.26221673967602
NaN	0.329773075262017	-2.74818400171868	1.30125995948581	1.10241519103851	-1.12544271220406	-0.146939952279018	-3.61243046538256	-0.848148279866441	1.81489323674669	0.50287657713621
NaN	0.254704518826237	-1.71216035087802	0.60712894939946	0.338039643219272	-2.72097400153165	1.40594241727092	-2.17738147305794	0.897851847730114	0.842870703840871	-2.21347672340778
NaN	0.147426740665839	-0.630723789388649	-0.92689358105078	0.0646078242931993	-2.21340259379812	4.20837400779831	0.387382643944635	-2.43083535992595	0.542665768628787	0.108040639663611
NaN	-0.480727688976556	-0.00460067214336091	-0.506163152336	-0.385404286785726	-3.32833674886529	3.71059074704018	2.00793418183723	-0.931957084855554	2.27327392632275	2.39944388280166
NaN	0.116019803116648	0.297765012520759	1.13449476215434	-0.269108939305584	0.0696256935873034	-0.475609430325563	-1.73122344992334	-0.537273729875652	-2.4066583679034	-0.651459637347801
NaN	1.19292564894487	-0.828650377494014	0.233199853247024	-0.487045259230195	0.220118449060983	-1.84427002120381	-1.31823798763328	1.44308037549516	-2.22281716609205	-2.39512349296214
NaN	1.79760448492689	0.647155790954788	3.34276338422074	0.803218582467307	1.95125128790459	1.2356977842601	0.694206103946062	3.50488922471687	1.48701314635248	3.11761086807098
NaN	1.88344129328117	-0.23322961678585	3.064399458738	2.43813075559379	1.86339853546781	3.8478763803758	1.47563133182319	0.13714624690063	2.42262872758467	0.629192146021055
NaN	-0.476540556954664	-0.966621163221304	2.47211546117276	1.44886184378489	1.23787738749061	-0.427611483979999	0.69083738144445	-1.36149854156567	0.58931256936584	1.66416103866528
NaN	0.776514147371383	-0.232452825806587	2.30019002213014	0.0815523110104143	2.54274583221951	0.0776181994412691	1.75028992391043	1.43239659510753	-1.64251646452094	2.17080332390193
NaN	0.354310922453927	-0.0640630496814119	2.23872844466258	0.811794047434313	0.918626402143126	3.00030478890928	1.01528299053743	3.03809827892609	1.05002068960007	5.04645015240176
NaN	2.19661494204475	1.27898557305635	-1.44134254330309	-0.536881238320158	0.698308501069387	3.87261862322496	0.224366686392279	1.28043211795714	1.19377666121654	1.87070141208164
NaN	-0.897049813289342	-0.155533709191549	-3.36576619484027	-1.66116621032797	1.67650134884076	-3.09648573939391	-2.1471405581066	-3.8770609386482	-4.79995787976896	-4.37202313559976
NaN	-0.0573681982753409	1.70481209665916	-2.10776556806145	-1.4059454598799	1.20867975753146	-0.976975780825585	0.413860553985511	-3.20945627463028	-2.28448808041452	3.76575683910592
