NaN	-1.38611045914085	-0.812149014871716	-1.3790875999685	-0.35851529660091	-2.1600517636722	-2.59751415902459	-1.68952523836021	-1.62364870052176	-2.02858170958534	-1.98524773172899
NaN	-1.49772960844828	-0.970562608985574	1.53022312653626	-0.0544997108947908	0.385350842785225	-2.21953371089391	-1.74297784137578	-0.968125559441856	-3.03440553051274	-1.88032353417713
NaN	1.11473164566566	-0.724415747462089	2.65375528595257	3.12355865034927	1.06200418440989	0.564816488398268	-0.668623449457548	1.12651265981177	0.175269342550524	-0.0439255128042416
NaN	3.42348427393268	1.07363144884245	1.69241902480326	1.74815902375584	0.0645367950623639	-0.337201248101481	0.279673493552997	0.538552455325637	2.62856627816791	0.597922212009762
NaN	-0.277955058765579	-2.00620088191467	-4.50963166864787	-6.35496250314324	-1.11479222924649	4.12639537462637	1.37720000675168	1.85451572107075	3.58195747231722	2.71884694058844
NaN	-2.08586390071439	3.97054666138247	-2.74323289934798	-0.228847979389834	-1.48992304240793	4.88175554196127	3.60696114471643	0.382868763103674	3.5329601309792	2.78665698505299
NaN	1.83325497962597	1.7780078912355	2.87509477406667	2.29250796403389	2.30880768314212	2.28321750982762	1.32283109933122	-0.603943123240098	0.990663092428685	2.71730703539632
NaN	3.63933185058608	2.01437233628966	-1.43691410685899	-2.83862427526342	0.915037383574775	-3.41458678028195	-0.29843876983492	-0.305465054720796	-3.19649652876992	-1.2073904430268
NaN	-2.12660939961155	-0.73752136339868	-1.47679667707808	-1.87901824813818	-1.54296102539065	-1.90665760939217	0.253919285986878	-1.96349956672186	-1.57944167273623	-2.95356559937369
NaN	-2.47501904195653	-3.11824257992365	-0.221613917158153	1.04864297659802	0.66705744598759	-0.477218216290088	-0.299664089290816	2.61072763015136	2.59168369290842	0.540694415701789
NaN	0.176199097935399	-1.16379387624722	-1.61540607055234	-0.753761245575825	2.41607186265175	-0.397736660164561	1.88775821723232	3.30120488888024	3.08237016061125	2.80126723766459
NaN	2.80256771592135	1.65467047293235	0.271901765575801	1.03352830850377	-0.639052704481614	-1.72672346453827	-1.13714860250595	2.19813628283161	0.671873358128651	1.48007468142378
NaN	2.86422815333306	1.52941042125402	2.19100601391871	3.40423742795129	-0.209054782199135	-1.50988073719445	-1.88889443525095	1.50482768578272	-0.91757843955807	0.359227399103769
NaN	-2.66279195915755	2.00863112171867	3.37557254155652	3.51885146245915	1.41375848340891	-0.523404336850853	0.213303830673055	-1.64270848860538	-2.97324206918197	-1.44420736755507
NaN	-3.45471663508661	1.42842312544273	2.01998514079191	2.45281085233916	0.872361895304826	-1.00674011014837	-0.375117332060216	-2.35084868633531	-3.5479669458972	-1.84552002034197
NaN	-1.84419281713392	-2.58675541023428	1.43220611538705	-0.324157493902596	-0.472731400084734	0.989364159396457	0.987750138811913	-2.11092253394984	-0.547820746737265	-0.573559758704823
NaN	-1.19402461820951	-3.90883343630447	-2.84283332246807	-5.38904082912703	-2.5787650841846	0.296515080955851	-1.19386230102593	-2.93307561610858	-1.95765976404503	-2.45281689861924
NaN	-0.790633366632602	1.18126655853585	-0.116535416697809	2.65655484645672	-0.940583307582802	-0.364834370090444	-1.24603080604268	-1.79080757416545	-1.67382929600848	-2.13764542548538
NaN	0.273314116887902	0.644207110641396	2.77435316350634	1.67899678537185	1.23667606311792	0.276427714445434	-1.06056287334678	2.06342758505305	0.215467578227463	0.510365936709743
NaN	1.57496196267147	0.451364217564748	-0.17474819584997	-0.29640210992454	0.344656687221308	0.377754582572695	-0.0926544560306568	-0.839561873449201	-1.06519546684208	-0.0822122234740865
NaN	-0.144565524442142	-3.5310612863864	-0.929669851284058	1.71235483748319	0.721362096747833	-0.451872559439617	0.62672837708236	-1.81829399512706	-2.35680497222466	-1.8651223948742
NaN	2.34559458654621	-0.495637701431179	3.60100407087429	0.5618740587914	2.4045498175979	-0.372964982089339	-1.34676106536584	0.699833881380636	-0.718058563184286	-3.05757409800495
NaN	-0.261718743676041	-1.23449368573563	-0.455529575795259	-2.8600421965029	0.376023503470821	2.10078994493285	-0.232555521486855	-0.964097630526133	3.01889010516903	2.80977621541566
NaN	-1.73862978260623	-2.55278000042664	-2.78688236237158	-1.12101848529908	-1.12216158609269	4.75569163229254	0.753537889979274	-0.537072091465482	4.0179185790378	2.68069376449695
NaN	-0.135907607727676	-0.70459932164222	0.851810314380672	-2.82857863660813	0.0530054438569512	0.990140636850918	-0.307871417752726	-0.0965294370056159	1.71544624847139	0.919741930031003
NaN	2.1866339318301	0.796644028734019	-2.87869328654873	-3.43851212479493	1.14603600954915	-0.206932343497966	-0.207020364791383	-1.33281402876633	0.445891138176024	-0.418551177888511
NaN	-0.400861144132794	0.510578006050529	-4.58725708032571	-1.77696270695535	1.1162283704644	-1.69767672401035	-1.23509120003663	2.04585088177121	-1.95474303633847	-1.35189951292941
NaN	-0.812594412756867	1.56523299613779	0.484087540994176	-0.537690194260571	-2.61532454346249	-0.350210549663539	-0.190137682341726	0.318844513945146	-1.0465223479975	-2.99708275487457
NaN	-0.463805824809639	0.860579683185394	-2.1861655182524	-2.12884244164399	-3.47366769495933	-0.604004808189698	-0.140981120394105	-0.797700714061965	-2.30050633008933	-2.32508956748977
NaN	-0.656824773125488	-0.92590539681337	-4.2957750765267	-1.66994760277468	-1.43509768293707	1.38354402200646	3.51422785801553	0.494909426031544	0.740956660044447	0.633254647209059
NaN	0.814435767869019	-1.25486810432718	2.54543748421741	4.18248751428396	1.9694452067228	2.15164578045662	3.09474694314926	2.89466613134009	1.72211617811838	1.98318658215699
NaN	-0.664590324075518	-1.74731794261772	2.57448277891132	-1.04436789116949	0.553703549748416	-1.95108001776688	-2.03244239934449	-1.92185442749201	-0.833518341395953	1.43380662977934
NaN	1.83023738805236	2.30783180144441	-2.40220509939215	-5.91180657622803	-1.56885682750374	-2.54381009696609	1.76627863463443	-0.369120588917803	-1.68722507676582	-2.68628130280532
NaN	3.32764787899265	1.94819994233346	0.443766092579987	0.634444224540096	0.267330050758865	0.81004203020077	3.39800855951388	0.636870377439846	1.95798914892532	1.83398115715097
NaN	3.6561163176783	2.52265916843645	1.14494758456089	3.66599585888921	1.8721624782833	5.19332379239483	0.309086054037807	2.35823561734063	4.42775297872278	4.37986106223851
NaN	2.30173250679392	2.50126867413687	5.92892526685832	6.53165393301288	3.86441944801375	4.21247923205099	0.000333105128351496	2.02143282065162	2.61225967052351	3.18477021938732
NaN	-0.198081998657591	2.3772678906883	1.22574450520297	3.35615531665031	1.58576986257751	-0.367646461330553	-1.64007862778427	-1.45728011487821	1.19092779548712	1.24423143783808
NaN	-1.14748997119726	2.54817931889699	0.829322882701903	-1.66579643948449	-0.881651316188552	-3.98181125528145	-0.139286284707325	-0.0627170058401981	-4.06316125932335	-0.399553908905022
NaN	-3.43625836912289	1.26416755781853	0.93908463162072	0.953303440006186	-1.94646851601895	-1.8309215983492	1.25485309720461	-1.82192999631385	-1.11275033381297	-0.239190791057603
NaN	-1.80128902442096	1.19484687475777	-0.573820233798003	-0.276351634572891	-2.36154979883818	2.38611125104988	-1.38570780908091	1.32619718375964	3.20132752192227	0.889357298449425
NaN	-1.94466546224376	-1.5637438198058	-0.694692814419698	0.895586539718791	2.52422908308913	-1.39750979294102	-1.65699675375527	-0.7343232256422	-0.853007324873842	2.67019922551999
NaN	0.363400838443004	-2.5864027680118	-4.94440965650179	1.25266738405069	-0.800823077168273	-3.3373850692438	-1.3483331244821	-2.27897864802219	-2.87317978153435	0.957779906828776
NaN	3.57321924347145	-3.97779930400485	-2.54642687710588	-5.10965807117752	-2.51549258341535	-3.03692908353863	-1.48965569631889	0.112593332490196	-3.20469644059554	-0.836064088951169
NaN	-0.382328779628132	-2.02498090255924	-2.48404216352065	-5.29149426246081	-2.77962121427505	-2.14264590148331	-1.27576618040987	-0.00861203615804648	-0.642049392578284	-0.266021643858068
NaN	-2.85912689453915	-2.09898575661209	0.162249817880344	1.88653113707635	-2.44583779605271	-0.418122656367311	-0.807303159740705	1.7397055459745	2.90341943191341	0.00989493339181902
NaN	-0.356225533675953	-0.481324006298416	2.09435166511463	2.49728637918096	-1.24790912026243	2.13579792323849	1.8164698158451	1.83108067695101	2.42784026865038	-1.59121935384834
NaN	-1.4654071530279	-1.50938319871896	-1.73263989328965	-2.74772716060829	-0.609149493205809	2.42635750590154	0.0206112160387272	1.82036025776601	0.185719605816026	-1.92007872495664
NaN	0.273496583881581	-1.80154781796145	-2.91873045320315	1.64480163113401	-2.22296180435758	2.3712149931766	0.42620476099291	-0.231996870883831	1.01475204711263	-0.390615117842333
NaN	1.17902930954466	0.627717267677396	1.51244435725501	2.54742489705168	2.86389649454528	0.314262190348837	-0.362678515411883	-0.918595019003409	2.00183264004086	-0.174557226743089
NaN	-0.718240513389942	-2.51505829383979	-0.635826842377103	-5.30333021071357	3.31523617605356	-4.37181518825646	-2.16313660715148	-3.21235950003754	-2.8495781880648	1.00731913348208
NaN	-0.207046738225186	0.208938653899559	-0.893073336128364	-1.30264295056431	-3.84610944096223	-3.21874558240897	-0.493495906749979	-2.33727089424265	-1.1889562729111	-3.53484235087676
NaN	-1.22856828535915	-0.690169919394809	0.39700015633624	1.17466255701195	-1.75575871699223	0.0607242788756866	0.440463129500453	-1.58893840789657	0.696574311406071	-0.231402625275263
NaN	3.28442329071247	2.17930642763946	0.460453519113586	1.23420713579793	1.70081346613619	1.47640470929668	1.19760346037786	-0.701560239375506	-1.48228733400657	-1.31555338811473
NaN	1.06195075920797	4.60958762399081	4.58136863366768	4.20194726982776	1.79930585106115	0.529757026317862	0.770894847976154	0.223311397964485	-1.95123016344816	-0.398794720928019
NaN	-2.00783646581417	3.02756576563328	4.42633425637331	2.11675623655403	1.00750830705513	-2.07760162414642	-0.215463888630166	0.524444365193165	-2.27176141909962	-0.780787200638757
NaN	-2.68501760985732	-0.115414834070543	0.283749121190451	-0.832612538327991	0.0349789043346508	-4.8070257108052	-3.71614245197994	-1.22477500793808	-2.35397181202785	-3.44322030664937
NaN	-1.45410961562427	-0.172355618442891	1.40301573567635	-0.427599696469063	3.0329571152776	-1.15089911692739	-1.0244547923606	-1.33256584844917	2.27541676489664	-0.810826967487937
NaN	1.07142581546551	2.21960890093516	1.01866313172723	1.70776461589513	2.02590064701386	-0.0786389916102048	-2.28540565427368	1.42126588050364	0.0547324833801633	-2.53098876893697
NaN	2.29869911987982	1.17958335962687	2.86098130069472	1.75880327081637	-2.22923467655828	-1.69429601660825	1.17644958912934	3.04200112234216	-1.37579577211596	-1.41433057185062
NaN	-0.797670812150215	-0.420010439969449	-1.92418429753729	-1.11711354269566	-1.3815547202305	-0.405301132749851	1.03715505652003	-0.912413613119731	-1.07344903908019	-1.90470772737446
NaN	-0.878529638362818	-3.13331859843027	-0.296397995403996	-0.13405205096208	-0.585860099093592	-0.426196705108033	-0.717741300266551	3.54992335522938	-0.268268905458937	-0.494925247520657
NaN	0.606185885523105	-3.03837225148837	-1.45778851091183	0.284251241330731	0.661061697865753	3.35224132433577	2.02539735214943	1.64190496710283	2.24052447171732	1.42569921066051
NaN	-0.740247604202904	-2.28972339947162	0.977618087186896	-0.217995733896915	1.24629590616334	2.38212010640222	1.33805348586809	0.302610107378763	0.315006739714584	3.62203114613397
NaN	0.806929255332995	-1.65484587790098	0.971311666537632	0.889258757594413	1.17063182945508	0.911611852806517	0.363690109360212	-1.28823430416075	-0.0257520560735752	-0.196309386823008
NaN	0.348525381030974	0.0308732318732483	1.42321449554446	-0.454651128593841	3.69728401050635	-1.68882589949884	-0.99731672912016	0.498145032551461	-0.435839425377076	-0.908395944649291
NaN	-0.711897138721626	0.456462477315153	-3.09808983395083	-3.42785495121144	3.26412136511625	-0.226767859819336	0.18886694296156	-0.734398568735332	1.07900049382359	0.26850915537095
NaN	-0.849142898707148	-1.22244514364793	-2.78518370937235	-1.43879203838488	-2.77049020323678	1.25111596106058	1.31485595016743	1.38472988386211	2.07160975863551	2.45103483641103
NaN	-0.523407979517448	1.52163413064299	-0.788759428252949	-1.1548990203767	-1.50234877576037	4.95475456867775	5.01023082155785	1.44634468895523	3.21737906980259	2.12014699131712
NaN	1.37574566427221	2.33664765253181	3.21350829470164	4.0013106653707	1.42904301254883	2.57319955708945	3.95445137809642	-0.571798485805979	-0.167493107122528	2.29668951317061
NaN	2.49583525355551	4.62061926701839	0.685506787951301	0.945481892781818	-0.784134800054085	-1.87376006646035	-1.06896706022332	-0.0129390209342319	-0.123131029359823	0.592161645025668
NaN	0.815619259702142	1.37037000681065	-0.817210502476958	-2.84172109036111	1.83590891998403	-2.38751904098472	-3.92454260327259	-0.445431426840576	-0.744635676293033	2.94650886550619
NaN	2.07463209844279	2.38481890156918	2.33837057693336	3.99850120497253	3.62362735639694	-1.8469529194088	-1.00587442231729	0.451276313436425	-1.08784044369669	1.35283193504958
NaN	0.0781027448177989	-2.35785047639876	-2.02461919807375	-2.1832851101673	-2.28480053279052	3.42611244716449	-0.0647160233915511	-1.95324573752205	0.627881971056087	-0.384395067671883
NaN	-1.09752551318315	-1.87720402911367	-3.07657050865068	-1.74816175857544	1.66590531222597	3.03854317454779	-0.125970804209851	-1.42140189052597	-0.655145599091795	0.907044038666859
NaN	1.65975524141392	0.0971260922303351	2.08754353600986	1.58293798105927	0.668949721455079	1.09064925510527	2.02500586730171	0.502733795932091	0.00764710794867368	2.72371342125834
NaN	1.6307135634294	-1.47131245531663	0.864529581001511	1.43308499216274	-1.97958503608723	-2.20139318119724	-0.354544560410543	-0.269563103657858	-1.00073448905954	1.77471978980967
NaN	-1.43099240805083	-1.78234581326284	-3.91319148795761	-3.0463082205622	-3.9928341964437	3.33073387846579	2.46447505330995	0.337365476912451	4.04698063584529	0.557277611591703
NaN	-2.13967393348437	-1.22433402620294	2.21928252387402	0.132578687936321	0.602575513187393	1.938416683614	0.410499409189726	0.711898987808489	3.50868256708583	0.642205138210666
NaN	-1.30710213907904	-1.51373389022019	5.11743590816315	3.056911687018	3.57945648399882	-2.81647955786251	-3.91962030396889	-0.167314092527067	0.550973426824798	-1.21369305236353
NaN	-0.487843870584375	-1.1426591554381	-0.807004998322382	2.7970113933964	-2.00538139547706	-2.39105816956975	-2.35642203998469	-0.998377521359717	-3.1256120211083	-1.82040493764603
NaN	0.232103751306544	-0.439956398554407	-6.68632792969745	-1.82254380601006	-4.87122485037449	-0.667058735318026	1.21551709597836	-1.34467886654536	-2.14827351887492	-1.91785745630182
NaN	3.28666976316074	3.85904189085441	1.72803228728146	-1.19306623147351	-1.27457868842263	0.650427699120407	-2.12669207433644	2.56821016142127	0.256182175378997	-1.35454237244725
NaN	4.84963179941611	3.44917852767409	5.01484255479231	3.10629392429865	2.61278200390855	-0.250973770036997	-2.21709177136989	3.00076797139041	1.22530364355362	0.981322705198027
NaN	1.23530236757937	1.31402807153846	-1.83194453220694	-0.812628336101988	1.19861763528316	-2.43567788466907	-0.929948056634082	-1.56418911354004	-0.885316294278438	1.55631431696738
NaN	-1.84796093993842	-2.87546909995247	-6.94317151009704	-5.49963357166084	-4.69856269635229	0.576999742624189	0.616402395466981	1.29157111196174	1.10361790551066	-0.627453266268936
NaN	2.34970268654172	0.166042293986001	2.54388329288654	2.16547790147265	0.466772448748959	2.14590274027014	2.11891955628316	3.22842863755045	4.24483944026598	-0.23482226533074
NaN	-0.288568535447971	0.366970508697228	0.602626795304058	1.74563380647694	0.437488028119497	0.963771941337392	-0.740333469103373	0.14713495325907	-0.478406059413991	-2.33057928521654
NaN	-0.990108424181154	0.0779572326656511	-3.94856036529303	-5.24165994750394	1.14483526599186	-1.70136628388155	-1.65349729985873	-3.57929872814313	-2.4129922119242	-2.21687231767489
NaN	-3.29852604592911	-2.19335088089764	-1.8371890221393	-4.4100318012734	-2.30757429012177	-0.756069736167601	-1.0064363112227	-3.14760057682259	-2.47211354785961	-3.74226538003979
NaN	-2.68879948369593	-1.42995905997259	0.376218147004783	-0.148857633835559	-2.16098219080918	1.22145142347464	1.28518900687118	0.185259489903649	-0.515574239108656	-2.22980414123681
NaN	-2.84785116402325	-0.0377143027872966	1.195152081647	1.41610265813251	0.201174786837131	-0.334442322611926	3.41927274483814	0.76657498238712	-1.5514270498639	-0.602543872480405
NaN	-2.89913866205529	-1.37989610228744	4.00733870278022	0.706185315448753	1.9504694525978	-0.146082724269788	-0.640475469139337	-1.5033998140261	0.852210906627515	-0.768112777717103
NaN	-1.88029535297836	1.83858471765237	2.2773254550688	0.113316482542407	-0.32243599797787	0.835925822699885	-0.882516264497963	-0.463313756097534	2.03071649783746	0.59891907205811
NaN	1.41512710639597	2.37977783624852	-3.32883903589868	-1.18506419949921	-1.27761820951719	-0.558271203045569	0.126901238754149	-0.974158399467414	1.3422811886946	2.73334162644553
NaN	0.023607218700689	-0.327542571975592	-2.19254084934595	-1.04939056548372	-1.30275484406308	1.79567911137841	0.21878637056397	-1.49353130805937	-0.158504429602827	2.52900039824467
NaN	-1.88481115313821	-1.4945785818402	-0.911080741573608	-1.69088441265478	-0.853907936698175	1.36755356582825	0.270953815448868	-2.48676278641181	-1.61178162756239	0.129396607770525
NaN	-3.51060182055258	0.788706576474638	-0.646372912470488	-0.485688582512905	-1.26735564837715	-0.202378699860129	1.02500292815623	-1.72799657921335	-4.1387888866235	-1.96540126487877
NaN	0.94866236618743	3.01911137591823	1.81898711341081	2.52901302454969	0.743807256632757	1.20667104221804	1.37385443338332	4.19884655323534	0.450948643609197	-0.220760910069498
NaN	1.0127522265236	-0.00648009811896766	-1.37528630524803	-1.3601951716122	3.34392787543091	-0.197047716857348	3.15671248456703	0.5903243597094	-0.444248820887013	0.646278012941916
NaN	2.68377237121901	-0.456718007453692	-1.99387695135567	-1.1093927961618	0.359185369780685	1.94525152305848	1.08163524154829	-0.771431565710253	-1.28180939451528	-0.604397406633368
NaN	-0.743419317901819	-2.68086194393732	2.41293033429881	1.39104138258668	0.890731085122265	-1.02170400694635	-2.02709315161236	-1.40126813182088	-0.167409264184889	-1.40827306736325
NaN	-2.31950055575236	-2.04368705378725	0.251889622419381	2.57749302394474	-0.712616790112971	-3.61939985337178	-1.5134385642254	-1.14969647803285	-3.41364637551572	-1.8635543548576
NaN	-0.146104991486699	-1.43258564079418	-0.436452414099604	1.92938940281168	0.857018148068707	-2.1212904794378	1.05192000582507	-1.94300502988961	-1.6155215967137	1.98084594707943
NaN	-0.759566977453716	-0.368031159790816	-1.2648527611868	-4.85930679062199	2.19599676471079	-0.240495281831943	0.47480041912133	-1.21677147082635	-0.779737728588529	2.13793965185144
NaN	1.59827220529137	-0.625406389162976	-1.03624722417772	0.207473969240714	0.980926677698833	-1.93868744186169	-1.11262044795479	1.18568018220201	-1.38404080685744	2.80141643077978
NaN	0.954162071924404	0.660586579986175	-0.479882917567281	1.27547925740044	-1.2607954451552	2.99376995048409	1.1581510177556	-0.303128033032426	0.166856885230647	0.293795577347546
NaN	0.557256704582137	-0.0449588549556125	-0.284935001122086	-2.37543304362592	-0.344113913062641	0.868627401606114	0.146713977132737	0.879930505471779	-0.769491459783611	0.532753676545408
NaN	-0.433820311658323	-0.113407663909007	-0.969447915935413	0.509316580322281	-0.272187668033225	-2.06938999959056	-1.36354159054477	-0.666519254115635	-0.762620627514589	-1.69213252477835
NaN	1.21586702198969	3.92030885454357	3.58730449180251	3.99141308732343	1.36770140333876	-1.81029229991688	2.54623161495081	2.81509114161381	2.27948292459197	-2.59558939599105
NaN	4.19760339573367	4.86964042141048	3.05940765461097	2.73539734859137	2.37075333351977	4.8408795105376	4.88910067869552	1.34175695094389	5.21794267164091	3.53661008929271
NaN	5.53724243156132	1.31546221528306	1.14808236492692	2.92837202864322	2.61148258114921	3.7219637527763	1.2347986895319	3.3015159404601	3.95210685967145	2.23465110634479
NaN	1.49752203660712	-0.947204648492472	-0.56774294298638	3.14452992002805	1.31986426097945	1.44809639118268	-0.408395082645695	1.87983106920094	0.959145132064075	-1.22508328037103
NaN	-2.72503844540892	1.93232445701794	-0.305062287243763	-3.73314373165828	-2.36710477678308	0.274717602269967	-1.59412172367435	-1.42919006480491	-0.862679395568871	-1.00134284757547
NaN	2.13616675893758	-1.38336321493852	1.75442017336104	-0.88775893289258	-0.580396117662812	-0.665096071583898	-3.04023448721552	1.29632090015464	0.212893367912417	-0.995018011566568
NaN	0.0647723223659031	-2.39767035331282	0.973013754932124	1.73545015784875	-1.14256430650106	-2.94010795438445	-2.69948673626677	0.859888619903358	2.30787831387023	-2.07557136276847
NaN	1.10488619109212	-1.15992078084881	-2.13430307935935	-3.75937032811965	0.631846072150598	0.975023770777496	1.48414762814881	-0.589106447005651	1.62899492757391	1.52514481087704
NaN	3.11109693052173	1.13339736524256	1.09172296678112	-0.128176151483067	1.0204316337474	1.09699300731166	-0.60625105728525	0.992899410962084	0.260137458751093	2.03247484158747
NaN	1.39242800131344	0.325423728110654	0.645648948741475	-0.202243850705199	-0.93257204488926	-4.23568509786571	-2.93549815211258	1.28995388461456	-2.61761251462129	-2.35493150999955
NaN	-0.0240098645788926	-0.617178023150196	0.230347788253043	-1.66982021745065	-0.565269472771241	-3.8938756200648	-3.73010958707941	-0.614126200976198	-1.65466194598018	-3.10353416301745
NaN	-1.18972494032346	-2.53562857301581	1.17754935631424	0.421718642478705	-0.673984798087934	-2.34898015938225	-2.39726479630764	-0.467605976397097	-0.586695181919176	-0.625178774857549
NaN	-2.90156898358597	-0.363023847051042	2.82235962531357	1.90003062290024	-1.10454012157	-2.92482212252121	-1.61500726308205	-0.671427855529533	-0.20338050777212	1.00328163162381
NaN	-0.273202219909204	-0.886024930049123	0.469982168463426	1.08698114769414	-1.76152359049738	-0.838818032828139	-0.430063392475111	-0.543173517260073	0.499069198351732	0.483364410009848
NaN	0.745585991255321	1.07642995321173	-0.566828872644564	-0.859379545278473	-0.136061511638474	2.70817862218694	0.316529697265713	0.676923387660821	3.26511258918517	0.590681041620621
NaN	-0.0651775388445236	1.46392140282858	0.600366520216923	1.115522793906	1.35730845887371	3.38483300326555	0.844326357811244	1.05749198241995	0.245834444988613	0.0471790465420399
NaN	-0.344292815731542	-0.681554299103404	-0.237635319951765	1.2807102917278	-0.256750596036471	0.246469767666794	-1.1583870996852	-0.656746842146864	-1.96903070071148	-1.10985127047337
NaN	-4.5580899596854	-2.78838724723313	-0.000277978952401947	-1.73357425862504	-1.19016850912207	-5.6508018456991	-0.71446687768548	-1.54832219874692	-3.52978345771804	-3.04911768571167
NaN	-3.15383947637125	-2.7788682579708	0.759790726268134	0.594965606464209	1.322940498944	-3.04220149821318	-2.6058499090401	0.474949020086463	-1.61698641377017	-2.51761372284701
NaN	-1.914339473938	-0.939612553023624	-1.72142029665413	2.79643872670547	0.0151915271609167	-1.35702661503242	0.207750746290785	-1.52242619873575	-1.27363352964749	0.955318023842271
NaN	-0.125414269646581	0.400966197043604	-2.43828302459613	-1.01214820132395	-1.14389041182435	2.73201999299942	1.81515423668149	-0.175502998797299	-0.91665387709023	3.38312725219983
NaN	2.46708161731848	1.46893209131881	-0.352492414565921	2.42736984896963	0.851940669281907	4.17552966333979	1.78308493285068	0.555320491690486	2.40518233378843	1.10169601159745
NaN	2.26877086235914	-0.42779398850311	-0.941055427427017	0.829447062110868	1.83501699794961	2.72252759333972	2.47760460218307	3.84339095519172	3.24982559354493	3.45478252060283
NaN	-2.8842368227679	-2.15727670251789	-2.81253524590897	-1.49041407793479	-1.4441168527008	-0.753065905385665	0.799949326328777	-0.0648009550837985	1.5996210724103	0.693733716049106
NaN	-4.13197354122995	1.51495585406294	-0.00870829132224493	-2.71443164998503	-1.17397750859268	2.34918031370431	4.33794333080787	-0.164272665327918	0.7400108489268	0.52853489053373
NaN	0.77405958516769	3.69592510853862	2.84873533973468	0.209114567369235	0.172531456373883	1.18981011266699	3.19662498969642	1.0592676120882	1.6771517296591	0.505431896551938
NaN	-2.02260805618518	-0.505906263093772	2.72502320019976	1.24751801932721	2.70018235396494	-3.71342304388459	-1.08046440399655	-3.20142265953734	-1.61458179744049	-0.481988491352351
NaN	-1.11107503813558	-0.865958724142547	-3.33664191050485	-0.892241214467076	0.645680511945776	-4.047480996623	-2.93119674907991	-3.54030546518268	-3.26969702302089	-1.00435613666834
NaN	0.1888727346947	-2.81294145970508	-4.19817294322621	-7.19594464736779	-2.59691116313637	-1.32425067311141	-0.754394571836877	-2.67507802910334	0.0553234185788724	1.09694410980597
NaN	-0.691677337417608	-0.36326550903172	1.26643718085243	-0.641564860668629	-0.288800947820105	-0.00136313331713145	-0.142549261575439	-0.904151357247464	-1.72010053723924	0.671344553894373
NaN	1.87858181794833	2.79452659845872	3.43877662990056	5.48563197208778	1.41310796995222	1.6996237258832	-0.655257381556311	0.094513083316866	-0.806385899495951	0.631581242605575
NaN	2.03105462153463	2.17122343701525	-0.724669380571524	-0.416722430071138	1.38075685923913	4.72729265361039	1.46003365370335	-0.809809714128939	1.31870922404267	0.412481127631414
NaN	0.721820039939538	2.95103062323645	-1.27276627836442	2.49772612939888	1.26280082102424	1.06999113922767	1.93627411230578	0.398607578715669	-1.43273084155286	3.31711155853848
NaN	-0.723679200570721	0.511246879015816	2.36805924255933	1.60521283389114	-0.597032791192951	1.43189562450163	4.02986880072141	-0.802864155525336	0.558943603985605	0.494503077002747
NaN	0.416471313252758	-1.81637518592843	2.4826628567431	-0.67420240563864	-0.113535557459203	-1.07525994565411	0.360779903068847	2.58806975059849	1.71146716707537	-1.8057273847723
NaN	1.38769439532933	-2.11924788772048	-3.13366169843375	-2.1453503075671	-0.378002629994808	-0.729484162392386	-2.01650521585348	1.57668592639647	0.550737503168128	-2.18296450032314
NaN	0.31430656191613	-0.473162321283148	-3.08771082342228	0.235263332163711	-1.89818008568265	-0.974644350851305	-0.819934207898968	-3.41836849226953	-1.19832843337493	-0.0643202992137583
NaN	4.57782412108179	0.511812141152641	-0.485843727460939	-3.49890546578779	0.396231173263813	-0.903248898229354	-1.85847571597004	0.487818337219247	-2.55499257977828	1.48166960785991
NaN	0.439849212834218	-0.432368168579119	0.626310844378065	1.90840202963557	-0.264283971628505	-1.50179388589756	-0.663804793573289	-0.537234763064891	-1.34144946862299	-1.88290887572041
NaN	-2.0338081994405	1.68651997810763	-1.35866422284389	-0.662397502602976	-0.880662006612112	-1.2345931273723	-1.05325271533937	0.806934436716843	-0.465320625325582	-1.97023344324901
NaN	-2.35412261517108	-1.64740468117227	-1.06210987931556	-8.35859409923083	-1.42045793600219	-0.873706016601053	-2.31435377711026	-0.947706898863929	1.87363085739378	-2.11494281676411
NaN	1.79850989167549	-1.14700376051201	-1.12960921674226	1.64012329024501	-0.685690780346216	1.51535244997702	-1.58852533370505	-0.906946459445186	3.86584516947181	-0.572346400225683
NaN	0.839596109201513	0.234667343949582	1.41752491715748	4.68803760675225	2.20808960010852	1.96222559794519	-0.499021324509777	-0.6848067165819	4.08942420055748	1.16700117807355
NaN	-0.394280774891854	2.44193237091552	1.74600324921116	0.401879856615214	1.0661785488749	3.32112201326815	0.661231697533691	0.466014776780244	3.25834057027457	1.797819763374
NaN	-0.308539601115192	1.1155358822283	3.13121368608192	1.66245287818852	-0.0774267184497988	0.810763740351127	0.206662954262021	1.07886951248532	-0.0125917112481424	1.81069247815958
NaN	1.68230615347195	2.41266154645176	3.40642272445812	-1.06852636093708	0.710844100100137	-0.52811264488209	0.00754837409387779	2.47554768823947	-1.20795890674397	0.388946680989772
NaN	-0.0663348487433739	0.428559373706128	-0.292181527124818	-3.11201769498812	2.93667640617358	-1.54226765532848	-2.84537654457909	0.292174501249073	-2.45882582664711	-2.00717578044182
NaN	2.88731489081565	0.409593364555555	-3.17485352979171	-2.9838473026546	1.68793813619299	-1.14874541301295	-0.031927271649398	-0.77101973801451	-1.78092222370247	-0.927350950340042
NaN	2.845270607409	-1.29012141378171	-1.50480423268898	-0.122938635861806	-0.847203016231968	0.193427591002701	0.811025867306445	-1.03095669611916	0.0984937692883275	0.886107387054854
NaN	-0.605932142601619	-1.783875963069	0.0225845463531766	-3.28493639100856	-3.14663091283903	-0.169878875226061	1.02448219828619	0.565018296523619	-0.249565047084043	-0.320128902580544
NaN	-0.64727425407425	-2.57506705231522	-3.45797748603972	-3.53349199734563	-1.28453967588783	0.176512776670994	-0.890424472842239	0.81309386248784	1.3410865495297	-0.579567563601462
NaN	-1.68502117428139	-0.200635113525992	3.22750297857654	2.05519450554355	-1.60236803428259	0.0999700488407839	1.06828243361256	-0.778584085135282	0.421205338260747	-1.84990810083881
NaN	-0.965464338318894	-0.422657355310874	4.37488986229461	2.27328567766742	2.4055151753336	0.030044382690425	1.47374186515798	1.22284593951255	-1.84872459890849	3.31067800471177
NaN	-1.31956073388593	-2.66180600872841	-2.12783286889425	-0.501295053604871	-1.27734611411284	1.57498371880676	0.962899908845746	-1.54657749125206	-0.322505050281038	2.14985868775655
NaN	-1.60237989074109	-1.01431771711456	-6.06760559640685	-2.60326995052169	-4.79903247619166	1.2937886445527	-0.275687020217587	-2.85579868216231	0.970262510994129	-2.90494863941182
NaN	-1.87095104858374	-0.957299830672313	-1.46360937223825	0.223068767389304	-3.05617075212155	-1.10200397832941	-0.165273119397239	-1.27877168565451	-0.056114608547027	-3.76120104358742
NaN	0.2318962795877	-1.10200853376034	0.365909700945176	-0.111301975571469	-0.0252913111276367	1.84613159749956	0.0967893463570541	2.40224517921951	-0.182681780510607	-0.757786551487302
NaN	-0.419585847378634	-0.895171315230923	-1.1539453252974	2.88688466226897	-1.00705334025484	2.37328831150708	1.29568900984657	1.12727592390195	-1.76906630468379	0.553352288890157
NaN	1.4955447282002	-0.940041787264353	-1.84102760489007	1.74717231878757	-1.27122881694762	0.275864796303352	1.36959049493074	2.85507371871201	-0.907796830185616	2.20130071575331
NaN	-0.0446761441279461	2.4888613453895	0.0729287011233356	2.04697017740823	1.21086164571244	0.741159361734513	4.47273987032579	0.552563644401992	1.4140710853478	3.00328755791636
NaN	0.229545338698748	1.73454432667065	5.40433810271627	4.17123197294234	3.81915327802474	-2.30008222263196	0.712173568335814	2.19714185017764	-0.524232593905138	0.108289082498816
NaN	0.401609367628024	-0.754565570821307	1.30691642257272	-0.818288214043008	0.674463044154982	-1.13384577911697	0.772907398840211	2.34065962301515	-1.76282354948525	0.550266446901758
NaN	-0.0484657489047327	-1.83026597818454	-2.96499146041359	-4.16574302081263	-1.57298099047602	-2.71396508660124	-1.97956115508431	-2.32300735746192	-2.48252242396514	-3.84867913095236
NaN	-1.04745159872303	0.3917094330941	-4.17710530449394	0.242123262523482	-1.32406095325797	0.169933519453064	-0.887223976620134	-3.66619942719745	-2.31859801290292	-3.77709941461615
NaN	-0.0406171867176331	0.361831699107587	1.34460156322658	3.17637653312184	1.05594135186107	-2.24433443177237	-0.464660111342292	-1.33708333374943	-2.13522529794006	2.02768135449682
NaN	1.72792618350969	1.61802729552297	2.81750846395586	2.25941680274729	1.74110749022108	0.576604716373686	0.512848935575393	2.65052395289596	1.57945911913053	1.16655399178534
NaN	1.21733165864227	2.4307897004204	-0.0511783902437631	-1.68226676560567	0.254024666961744	1.00911388048691	-0.445054617602371	-1.20340084023034	-0.353799267266591	-0.708411108025069
NaN	-1.04614483452213	-1.04332826137462	-1.99550918458394	-2.60169251991145	-0.401829359436916	4.58329516658929	0.280051667877408	0.100084414649679	2.02623058354131	-0.411179408488697
NaN	0.437555193000153	0.0295779570319323	0.0675409867510342	1.63059210755954	-0.583041060108894	0.503011386754129	0.430830479782513	-0.114144787434496	-0.49503348097215	-1.77943006775856
NaN	1.52677126573103	-0.0274434659561683	-0.618065974041738	-1.42651263337959	1.62048694991907	-0.205607778291191	-0.468246040951421	-0.86064871550134	-1.48088442735087	-1.79608975017597
NaN	-0.795187699512109	2.3276277426572	1.15630501672364	1.49400752870019	1.65269954460324	-1.41057622444931	-2.94565072475354	-1.66342530659498	-0.631953207235107	-2.32619884663545
NaN	0.277331456390608	4.53588996495932	4.22879412547603	6.0170942113977	-0.282912166963765	-0.703616326973493	-0.264726640164517	1.25886775636401	0.124579410838769	-1.7290616044738
NaN	1.81441783089717	0.962733453268651	2.83873812156647	3.23658328445752	1.93775134836513	2.90825547168921	-0.71292315026105	3.20764996979113	3.10888661740167	3.00538109410017
NaN	1.32891608802743	-1.54771227460528	2.87147368490979	-3.15046658007391	5.09519480135323	0.172911719293387	1.28904090442066	2.78978241277744	2.63522886081203	3.81909365582098
NaN	0.549206053852634	-0.674610946541892	3.4706540095042	1.05974798070222	-0.648758224939513	-1.36447005108697	-0.884669641774379	-0.0464806345210278	1.48744491308667	-0.417489618261108
NaN	-0.415258140646859	-0.66589947849987	-0.53046352056569	2.84154348586191	-1.14471340387463	0.980857064629515	-0.664865087035317	-1.74404125372009	1.63444385212489	0.953404125547304
NaN	0.8869360951512	-0.587606606143935	-4.89770358380023	-1.90178459967394	-1.74177559885069	2.75734394783107	1.94644330312577	-0.178332812765159	2.21373327071553	0.838101900023944
NaN	1.99482900067321	0.0978894399997043	-0.0292765177511084	-1.35344396365901	-0.00451661963215536	-0.136436225036282	-2.01155720755643	-1.3406130367114	0.488500368757044	0.138855967688488
NaN	0.976209431176308	0.503829064662354	-0.957295201772649	-1.71709174348296	0.0103962180644402	-3.80253099656834	-1.14664655439866	-0.859386213106659	-1.0553840006493	-0.356435054578828
NaN	1.30607740141226	0.116790284787895	-0.537930805959083	0.128016573330192	2.48264904298589	-2.63273103505607	-0.475188892819244	-1.51454995893096	-1.41289924850444	-0.37889021933193
NaN	0.904057253096153	0.468615971267619	1.28352150001966	2.49751552752846	2.29692168743406	-2.41179010355048	-0.179392227935279	-1.05184698756824	-1.81404926069267	2.25674508019798
NaN	-1.93583005536541	-0.75753465980518	0.492137235937952	-0.388881120212748	0.545804033524616	1.60269590762694	1.70509102028087	-0.511818592041261	-1.44048650237469	0.194134608780182
NaN	-4.86201414591518	-1.28442521089836	-1.75203723425105	-7.09822795349959	-0.441854420984849	2.31307981657131	1.73642093349389	-1.06932190188054	0.99995644088338	2.19918589393244
NaN	-1.87427861619308	1.7977989076771	0.352365344062159	1.1391484225881	-2.75915865061058	1.38447489940773	2.33612623794027	0.109951842080301	-1.03848456193148	-1.11803110289067
NaN	-2.62284829120521	1.96691202389592	2.54268083402957	0.907220481488606	-1.82569134833147	-2.55918986862773	0.468742195702304	-0.115899871306874	-0.747404130392382	-2.05161136215045
NaN	-2.02362167049416	-0.580444781948998	4.33698677516257	-1.14549098471672	0.523157169182083	-2.97572005762361	-2.48693043732618	1.23566744400251	-0.946927013273724	-2.04356980699686
NaN	-1.8322219166043	-2.75293505720088	2.33655424775279	2.95988244306061	1.93673607139595	-2.05688986011648	-2.14097039991896	0.796623788745337	-0.771469901242871	-0.84922464519654
NaN	2.81707775294332	1.70784142319563	-1.18652143321383	4.21699227652214	2.00012189485413	0.275016194529557	0.59935923359419	2.31309039943499	-0.0916216351105438	-0.196321651451731
NaN	0.110700789883567	1.16200507614581	1.56359574337881	3.04539099690692	0.338261130716809	0.471982186404698	0.201799920420929	2.18402220546049	2.09251335989412	1.95566534167263
NaN	-2.13483552300075	1.80136081831037	-1.00431960709206	1.48030292771442	-1.82743899824291	0.573430545578043	-0.804666550722225	1.50008416596202	3.93737451100968	0.873039322331754
NaN	-1.75065300612482	-2.03015269442834	-4.99066659192732	-4.34989633755826	-3.92310033959376	2.38130560491236	0.195343963316608	-0.733303017457363	0.897135141595864	-0.377484034620158
NaN	0.991574213737623	-0.496333371976135	-2.6972375513517	-1.01435577135003	-1.94462510678137	1.49094679592918	1.89678439996354	0.970327269185226	-1.39775089994281	3.00495835727245
