NaN	-1.52971853488577	-0.993596020240546	-2.28317406855886	1.04703700907087	0.508631050338967
NaN	-1.85692700732769	-2.55107609219126	-0.110760496596325	3.30014128496453	-0.695907521994037
NaN	-0.251980824345934	-1.43880282362933	-0.213643861749641	-0.496002212922374	0.432824825049348
NaN	-0.415984442886743	-0.907127672983928	-1.05093199981038	-6.78633047499596	1.07271571527008
NaN	3.7738124705109	0.37868988144013	1.72426467267108	2.96416642666902	3.67135833208676
NaN	1.30858244608085	3.49815262086044	2.94032467697513	3.10144994197826	0.672694023286066
NaN	-2.47089885308711	2.75886706103854	3.55303088898258	2.25536173787654	-1.98892315711149
NaN	-1.33344094291066	-3.20524170640601	4.07659552018431	2.16410492752868	-0.943907749545465
NaN	-1.12764080221132	-2.13193429346536	-1.24305087274297	-2.89731327674954	-1.31970706757171
NaN	-0.294945515663709	-0.0362134593336521	-3.53685849786552	-7.0424128962872	-4.53010024911211
NaN	4.79903675104528	2.81646402840357	-2.56707864214949	-3.18449098050519	-1.57174792984835
NaN	-1.94428893598561	1.29632394340165	-3.09270560290408	-1.16807523713092	0.315775101989478
NaN	1.11493642145257	-0.280426336517075	-3.11000860907729	-0.211149881144235	-3.07083705911886
NaN	-0.831863981106	-0.376060769469863	-1.56165453482894	-0.541671063443654	-1.72280159030364
NaN	4.08693149743114	2.45928519466325	2.09503060751488	4.47036213053624	2.29765036612279
NaN	3.09739629539361	2.21684850933633	1.44007324564824	2.19346699719609	2.31678742921638
NaN	0.744657094193804	5.83921466298207	2.40931760868961	0.154835277174784	0.269631822510162
NaN	5.28239943023061	2.90661585909166	-0.746200411518872	3.85787505839846	2.97249652478096
NaN	-0.170383020879926	0.689131245617115	-0.422672121599113	2.70925620230049	0.767285675671453
NaN	-3.87453635158471	-3.53442657686838	2.62700563156161	1.7233948833616	0.408480847655924
NaN	-0.974988296191877	0.210380080192045	3.92313260179852	0.891545461377067	-0.159333128908283
NaN	1.77753121813332	0.0511229910942309	-0.0768005081198147	-3.19391716015661	-0.537355852544459
NaN	-3.62327667587135	-2.08243618695624	-2.03975269180928	-4.11367091149531	-3.00471470748491
NaN	-5.62367338267516	-1.81368347753089	1.97408927747803	-0.943521411700592	-1.57844666869668
NaN	-3.22486437585284	-2.82291306872822	-1.66951644257848	-4.99832363121124	-0.344995539007817
NaN	0.00601908037719511	0.712854524404572	-3.01990200553933	-4.06808545501767	1.23395597111383
NaN	0.188592459993704	-0.348432275507215	-1.62457088235745	-1.26274136129119	0.416894474989538
NaN	-1.34418897460985	-2.7944063807346	-3.12777291512254	-0.847756648789445	-0.0953158275004627
NaN	-1.36794937505926	-1.28801202377241	-2.23924657844188	-0.227886241681185	1.80231191419953
NaN	0.677489155395408	-1.60022389816456	-0.11809952570353	-1.51511955918304	5.48208695981088
NaN	0.797361349214917	-2.06433729800282	-1.56774146866402	0.619798848650827	1.29423554883794
NaN	1.7284410039102	-0.688300997368247	0.448452329395745	-0.327643576940095	-2.61473320030272
NaN	-0.0943120758929107	3.25902701247921	0.805485240188669	1.65689313187275	-2.13851866619871
NaN	0.0915162838318719	3.11882426113232	2.91277269817592	2.89550104730138	-0.606234950861643
NaN	-0.453943201804342	1.53314703324758	1.65207648326196	1.96707000971622	2.70212183325733
NaN	-1.58459199396849	1.64027828202996	0.194250597670004	5.85571315478345	1.38959190568608
NaN	1.9038577704955	-2.06134759306074	1.55499000031821	4.53354726265828	1.12793445864207
NaN	3.1772309426204	-1.92923748614099	3.5675029784547	3.08698664387152	1.01351288447894
NaN	-0.608833295271516	0.519751579381973	2.4309759045498	1.60370167426262	-0.142339867727096
NaN	0.415406612090663	-1.21004870397011	-2.28295538005497	-4.58984866033243	-4.21483198865485
NaN	-1.84459289416638	-1.7050919263327	-2.87732873681856	-4.11548819144085	-3.45402658609427
NaN	0.0913282144020117	0.296140885788064	-2.41302751964293	0.0955050567290456	-0.800902414443729
NaN	3.24843881900862	0.56541344846336	-0.168976138681815	0.267171725281982	2.1231639795899
NaN	2.02815034802831	1.10544545117157	-0.299822927550429	-0.98733806053831	0.2883049026105
NaN	-0.267323090551304	-0.752117238564634	1.22252665445493	1.03921382158471	-0.328354847341599
NaN	-2.50146405737989	0.620412434255937	1.35055055033675	5.81561253563086	3.49745393017766
NaN	-3.43314414218834	-0.214979602321145	-0.513505943308351	2.51114056819064	2.77800809546737
NaN	-1.70382347781239	3.26688127023952	1.36804500312596	-3.42236518230904	-4.68382844179936
NaN	-3.93361816394104	1.56913174741651	-0.0135867557195345	-4.06812850265574	-4.6618241355889
NaN	-0.370002269818911	-0.255559783321931	-0.12010263828655	0.0674254525753153	-0.596114888084149
NaN	0.0563043733824721	-1.93714640153555	-0.386851744174306	1.26597058476757	1.4911424520222
NaN	2.23770119767916	-2.03275132087568	-1.95630779465466	1.38138416775555	-0.527139839766132
NaN	4.53869165412758	-0.264828963705088	-0.700517015279455	0.923443361632415	1.15275490458999
NaN	3.70081443075355	2.00066595887305	2.2451368407221	-1.01984613341142	0.492981586375679
NaN	-0.819561125329637	1.03486331605415	3.81272273685335	0.122179467611259	1.66070731543405
NaN	-2.94089707450533	-0.286928443286477	-0.0200900120941304	-4.6772490723341	-0.35044217729979
NaN	-1.02020344160686	1.33892972859514	-0.86023969526695	-2.12422686711226	-1.43667366646841
NaN	-2.59964786252243	-2.43818999034383	2.35787401366731	1.83475925580422	-1.68403837501772
NaN	-0.484352129162992	-4.30674775359377	0.602378704596817	1.02092974832755	0.0478401533442804
NaN	-0.570485905765213	-1.34012726682653	0.75374565087865	-3.47065284250445	-0.918452489110753
NaN	-0.415997855813324	-0.217208295017575	2.87340067195913	3.61654234626747	4.11489297358916
NaN	-0.104892158183759	-2.35575429951517	2.12909895189492	4.79338341321581	1.69973662736821
NaN	-0.26124107310785	-1.55103787449362	-3.68054054362267	0.793494838082186	-0.497244663599036
NaN	-0.310144626418001	1.83622170423415	-2.87054104142791	-1.50613977359263	0.490651699155489
NaN	5.79064497425352	4.34132294645003	-3.92165297542386	-1.94363603457554	-0.132391946739381
NaN	3.8277932433674	1.66709131795104	-2.78552781686498	-4.54840954168919	0.700134541273136
NaN	1.53295235685192	3.71136414215084	-3.0561694362442	-3.72100758897218	-2.93707774654235
NaN	1.47312989565751	0.953540186310752	1.95673935482795	-0.0922671853174104	-0.638485788533159
NaN	-2.25026766878253	-3.09015793556393	1.53283559777986	0.30098795412219	0.595030162445973
NaN	-2.38872670437891	-2.29719447396198	-3.04498258867502	-3.21321251430972	-3.75867990808313
NaN	0.266573482278494	-3.19309234147928	0.469890951639014	1.84220140903744	-1.58096204608072
NaN	-1.25118043494954	0.302765644232614	-0.77691359554504	-0.283621796465006	-1.74383717671017
NaN	-1.03391796843423	0.261091734525714	0.788906064882308	-1.54704877080341	-1.02178235436665
NaN	0.493021694767585	2.554820161936	0.358854370821028	2.2626202953574	0.259632593541464
NaN	-1.2680183108876	0.19261078918101	1.23121943280067	3.53846622457996	1.7148732788736
NaN	1.25768951727714	-0.976245394398616	0.482218701231997	3.5057675908896	1.58368551211233
NaN	1.24281062881295	0.753810341867868	-3.16407189828395	-2.88814789942303	-1.79290440629948
NaN	-0.713401345384536	0.717913786724056	-2.16430774677056	-6.06784940106576	-4.0090997794917
NaN	0.525152492754336	0.599009380968951	-4.89596101164118	-0.215329641846687	1.96978343885062
NaN	-0.360859829759481	-1.07117783663399	-0.973270471554412	2.36633633802635	3.47196613868341
NaN	2.09900048808542	1.75644285368668	-1.00742751873006	-0.461434869991096	-0.389761856927519
NaN	0.277590495016944	4.9281797170803	3.19775312430019	1.26308137548477	-0.902002017083849
NaN	-0.326032903369257	2.75044866136679	4.03867069332125	3.71927456936279	1.31348741081688
NaN	2.48347501659493	1.13543146397657	-0.365216192647819	-3.19762262734517	3.64110584342455
NaN	0.444201983886894	-0.425272349194223	-1.46756585010662	1.18012971805551	-0.410632117129318
NaN	-1.83747645058535	-0.869769425691886	1.0107958523697	0.648062273631702	-1.60781503228481
NaN	-0.205982501415359	4.50365771628443	0.396692248745106	-1.62156379039775	0.758825564172233
NaN	-0.483480802359881	2.54138760882494	3.20501885772954	-1.48551617693739	1.98345202605804
NaN	-2.55335353170471	-3.05110844851898	-1.65365403241662	-2.21743694304862	-2.95917444880154
NaN	0.237651073157674	-5.47603352404078	-0.981085493080829	-0.0780322960567191	-1.88965903481177
NaN	-1.39335788146563	-2.94160804528325	-0.537166631419095	3.25648984795658	2.50361924126264
NaN	3.50849576103586	1.23520821661218	-2.46913065625959	4.52504566921599	2.58329253035021
NaN	2.52396331490138	-0.641833940987426	-0.934512092723581	2.5846052064873	-0.676330309617375
NaN	-3.64334748820748	-1.35699002241487	0.915155875107863	2.15813003498601	-0.154536472983587
NaN	-4.22233732383912	0.370947828204595	2.62776640555391	0.781364550377484	1.1697012296962
NaN	1.8942098862365	0.643315263590421	5.21052253182754	-1.13660175244051	-0.411864638144913
NaN	0.0669107169985874	-1.00794602839961	1.92165666265835	-5.11109468615852	-3.36178174950046
NaN	0.419111409477083	0.108613416914843	-2.37154450107872	-4.94525373161222	1.43746281982131
NaN	-1.94280874085612	-1.92522274733142	3.19791983411968	1.21987202644201	3.30109129307879
NaN	0.0750565764598171	-0.636939457952668	0.835690076491715	1.40438340684597	2.62694408952095
NaN	2.60666959118381	1.55669426583507	-1.32352910568472	-3.15797443030056	-2.68323676938784
NaN	1.81845052278685	3.34111132524619	0.518595339779459	2.50977194735865	-0.0267416893274804
NaN	2.93280311316208	2.50325895584948	2.55514918138011	-0.736002551440809	1.09183342501478
NaN	1.8109196546436	1.1395303378551	-0.750313652960157	-2.75212630083682	-2.56209970111627
NaN	0.859811961216337	0.79585168373601	1.71275184265762	-1.04450546775027	0.257484100678762
NaN	-3.81848721286452	-2.53198725184587	-2.96962253006812	-2.46309786286438	-1.59080550729037
NaN	-0.866522627062042	-2.0282050619804	0.455566038640286	1.14149640402924	-1.8938659987368
NaN	-0.991963709747462	1.12906500629865	4.12473201521202	2.10134049845421	2.05761618951972
NaN	1.01977736972317	0.602863308614085	2.91351858170436	1.79873881386333	-0.146134476032279
NaN	2.16914886532492	3.87619846497836	-1.06053909668921	0.413070167818619	0.597700862184942
NaN	1.6110184969726	-0.160438211447552	-4.59488138604942	-0.461518382727843	0.59504702600353
NaN	-0.879035783510182	0.457563416655127	-0.456559350361732	0.10161303429942	-1.90552006427406
NaN	-5.35609383991828	-2.03342502914018	-2.69551029112289	2.71345698408597	2.90145541896512
NaN	1.02758071867987	-1.75150934727659	-1.12873316055209	3.95357610384726	5.25316073670889
NaN	1.42490599997765	-0.597489779406121	-1.15146785368355	2.28150349504943	1.46881497760219
NaN	-4.6431929842103	-3.98801438989997	-3.02086107005908	-1.47362480883111	-0.33369280385488
NaN	-5.9034630311773	-3.71562387411336	-0.246182234648431	-2.50671848043856	-0.452701236703716
NaN	-4.16436235354633	-0.293526028743743	1.21556496657856	1.23083628100938	-2.01663785975202
NaN	-2.08095727049064	0.0834829465516801	-0.395076053349163	1.71186485532439	-6.05606621103882
NaN	-0.528195684712464	2.10881379343079	0.137248981281198	1.79816718415878	-1.65855896644668
NaN	4.32698930173424	-1.77434024642405	-0.107621116538836	-0.871297383183535	-2.58656772496051
NaN	0.379685651425485	-1.93298907455355	0.281904590579662	0.122456597706087	-2.87459214225015
NaN	-2.37285643382532	-2.86989146357122	-0.130662757912157	-2.09145477849248	-3.11381721623483
NaN	-2.18827537492228	-1.90106788737459	-2.12923965178841	-2.47158328598063	-2.09576384959864
NaN	1.9182547237241	1.16960539916376	1.04170368799271	-0.156249593651144	3.52887857522414
NaN	2.83615240162025	2.21286870310095	0.0821734676610385	0.537800886586299	1.85278089546502
NaN	-0.733278646479227	0.344338030857986	1.86032168292297	-0.631320006690592	-1.80563884371199
NaN	-0.873176751779715	0.594891450698189	1.69411573069508	0.187266601944028	-2.57063370824845
NaN	0.570593755527263	4.70091941018086	1.70270413245294	0.8931735910916	-0.460973274797849
NaN	-0.952570869171717	3.55422270570326	1.05857037327259	1.25808046046031	-0.360858844560865
NaN	-1.06770776497493	0.194905791403131	1.36414883095151	0.305638560766721	4.35086674563263
NaN	0.105545503576784	2.11412421309816	-0.14320488349738	0.39459409695033	2.80277121009963
NaN	1.22348528098334	-1.50636259074029	-1.41783143192751	-0.100802874748761	0.579997169847164
NaN	2.40032801224317	-4.60008246113814	-2.90520763032191	-0.716196564530628	-4.18536458324068
NaN	0.599782484070182	-3.82734329232134	-1.25862682529878	0.436234465340846	-3.57215388102518
NaN	-0.3903584340048	-1.30299863968878	-0.960705514485931	-0.200577580315791	-1.2967453342943
NaN	1.27200865622553	-0.0937414811149465	-0.407002503464286	-0.414250909888349	2.9544196111981
NaN	0.904131537500751	0.923540264783667	0.108160385361092	-0.430607904643086	1.24985389812127
NaN	3.53434610744762	3.66958902139635	0.316845341900441	-0.640701837357605	3.77217523712171
NaN	-0.648701467995041	2.44360269639119	-0.0949043729162152	1.09074185710935	4.72982617686439
NaN	1.6529844564725	2.84347342505998	1.14137705770816	-0.0631359227343774	0.528683108599459
NaN	6.16720883772122	4.3989500311897	0.42338402999536	0.936293595428076	-1.92874535779782
NaN	4.11982071575965	-2.57320022457209	0.334461586142883	-1.9521995292917	-1.1627168319606
NaN	1.2823040067131	-0.426334888789821	0.361469804185763	-0.242275923182402	4.18457125739348
NaN	0.34377798286667	0.0536936587603073	-0.17088326637943	-0.126795284558103	2.36606120471511
NaN	-1.69226201585998	-4.59792368739252	0.738906807825192	-0.424313192808689	0.921996500695623
NaN	-0.0474307940976929	-0.0980066409648566	2.60524459931554	-0.144312821950344	-1.962567224849
NaN	-0.397011057813551	2.81851148165579	-0.0983409665823219	2.53094126661862	-2.49503589835605
NaN	3.27196387692072	2.31033988626877	-1.301729819981	-0.460331522751593	-1.27797328921843
NaN	1.93740902674423	-0.521015696616453	-3.02022611881998	0.0507855420538513	3.75081263630422
NaN	1.01742414483925	-1.44853858608372	-0.179929164540519	-2.63029356467338	-0.973812117567889
NaN	0.0705894709049962	-2.42482585028221	0.558236435892608	-0.658308859420186	2.35206307481818
NaN	0.898503994607248	-0.112660215753194	-0.0960847587124178	-1.45583879127559	1.52842748108109
NaN	1.12635107681401	-0.133947101786638	-0.311038858445226	2.65227305676503	-0.935020678785552
NaN	-3.10890940356108	-0.844437230352297	2.07263493046155	4.20706781537329	-3.68532868761195
NaN	-5.8602228729611	-2.75297629865307	-0.308551184479699	0.595014860306249	-0.097112330161598
NaN	-2.84598139060908	-1.98394105010153	-1.29603169876396	-4.31640205167128	-3.21442449252976
NaN	-3.87044405592221	-0.175979298750123	0.424603207813951	-0.166643694163203	-4.80469978668418
NaN	-3.43312593760698	-1.52554738539513	3.05514871241214	4.33321445306462	1.41056518078646
NaN	-5.73696544378967	-0.128043347494733	3.25041705911541	0.231172698443927	-0.836135936191817
NaN	-3.10424963135972	-1.21371628631131	-0.751312153452939	-4.61998384522644	-2.98350288870883
NaN	-0.699935390958724	1.06863699056883	-3.66780594308894	-2.15488298291832	-2.88668383972307
NaN	1.55940726644617	2.62816750403031	-2.20545673141101	-1.69748992376209	1.97752176179466
NaN	-1.61978256596657	1.34030956961736	1.46844296513784	-1.3200256042359	2.60214006265142
NaN	-0.168929148810605	1.88873415762823	0.286554847232452	-2.51701074088719	3.52583058048808
NaN	-0.17851436943683	0.0172902870952879	-3.74592119107692	-2.39272185664872	2.57821238535366
NaN	4.64836872226228	2.20770592440424	-1.24432016539073	-1.04523513362755	3.0004903553853
NaN	2.68131353973192	5.44023895952932	1.36181806709566	1.93645661519359	3.08803841726257
NaN	-2.7071290441283	-0.499822608186088	-1.27841201126868	-1.28908162439255	-4.04451208905282
NaN	0.251219780464613	0.527786214575329	-2.63737403375228	-1.79029354359084	-5.38342034832412
NaN	-1.47076753333691	1.07998484470917	-0.351119436867256	-0.444662117007842	-0.0993937344536697
NaN	-0.759242833042225	5.58298505531691	1.1663170055046	4.47588885585213	1.95553263990329
NaN	1.54760829867825	0.94496850163275	-2.35508280377822	-0.872602971849618	-0.998161711745322
NaN	-0.312207440571689	-4.52977019528302	-0.159230104883518	-2.41348503143274	-2.9521956407137
NaN	-1.29326807272433	-2.7689656476043	-1.28964733890876	-1.25915273222832	-0.196430297847002
NaN	-0.714257936362687	0.55195326522913	-0.700661687870279	-0.666063247259242	3.07588005931595
NaN	-1.17429090629284	-2.56006126965858	-1.03990934529455	-0.883850407694453	3.04226875765895
NaN	1.47814405159208	-1.46627577247184	-0.495784234286662	0.328664609234061	1.89631432162397
NaN	5.57176304343835	0.625145602136071	-1.2445504907055	4.85638669728277	0.95976456079041
NaN	2.95984719348162	1.61652677404959	1.71164795542981	4.53100163371995	1.97404365294085
NaN	3.70684232227967	5.911393222077	1.63695446535476	3.34397378247363	-1.03656307144807
NaN	-0.523303523921645	1.40956450717529	-0.89044115064587	-0.684839008551569	-2.34125747224242
NaN	-2.22504578453359	-3.82876550482593	-1.05071190790007	-3.83695021587458	-5.04076566901228
NaN	-1.54686534579327	0.518139935944496	0.479429125953674	-1.11602967931972	-1.79273444195032
NaN	-1.74786213298508	1.07659969946214	-1.39566900710868	-0.835624100430531	-0.692650102104301
NaN	-1.46102367862953	1.3543266277483	2.75810909299127	-1.4723105245433	-3.19878208378333
NaN	0.218117133322709	-5.47982743261796	1.20633183515285	-1.57246953490968	-2.63996692348564
NaN	-0.0413799719423568	-4.17012271215563	0.464932340767667	1.48317697334952	-0.305250723093623
NaN	3.58344788002596	1.19305653818532	0.477061816744085	3.03285734937326	1.15274738242099
NaN	5.76124802256063	1.04022470986516	1.30304394787433	-0.682955073334404	3.21615971701537
NaN	3.55760157110428	3.6216878493329	2.17717911117132	2.56948424259331	0.717152399609419
NaN	0.280767413304834	0.237405712822291	2.00873817343091	0.256596126929149	0.89353218667741
NaN	0.729092507452444	-2.18003266975287	0.664810292833888	0.512375057832509	-3.15912526289136
NaN	-2.64547420097297	-0.881725720688982	0.452892804208038	0.249786674240472	-1.66381498733979
NaN	-2.15618215369841	-2.26468909535957	-0.725855301920794	0.250208808001937	-1.14843183692823
NaN	-0.817475573925235	-2.09090863334316	2.13473220198048	2.4339321495517	2.25257085003248
NaN	1.23439082667868	-1.66664286798144	2.91795899648165	6.59441295345923	5.19852830920622
NaN	-1.0165544014209	-0.430110763623509	0.27115786411013	-1.05265200090241	4.50785143173322
NaN	1.21784248604378	0.204084031500164	-0.524033805332818	-2.85731491339407	4.22815392208757
NaN	-3.24534473848258	-2.13178698786456	-0.43983540074803	-0.508941157751895	1.23366006738751
