NaN	-1.6800254852468	1.64810327644109	-0.903483919822523	-2.3776298624258	0.519011936759585
NaN	0.970139956778961	4.1022131960428	0.12788449906331	-1.39541413110723	2.06799955092749
NaN	-0.183026773906374	-0.820215726240517	2.60329758453561	2.41861203427176	0.966173867012943
NaN	2.6354306697738	-5.79109068333487	4.6715503054542	2.67555532416579	2.0886045460011
NaN	1.78942636110308	-1.6272259731132	0.505249569358381	-0.168731312364689	-1.1032961666198
NaN	-4.00723860925147	-2.17676109312619	-3.55819799173075	-2.49434574418633	-5.20868740896635
NaN	-1.59472647755497	-1.63210660208967	-3.67194237630538	-1.99056948947573	0.441699375422648
NaN	-0.584542411352191	-0.0114217619552379	-1.94508595176955	-1.67605433893624	3.57970406749972
NaN	0.660448220558422	-0.275085147970714	1.00512013594253	2.24287632255649	3.14965156156396
NaN	2.21840665300146	2.75547300857014	4.04185366232506	2.45954976767512	0.0714290690004823
NaN	4.79068543145983	2.04301647427587	-0.66453076831859	0.243877141913907	-3.54012038026106
NaN	0.573702436392394	-0.561270836787045	-1.85424534591538	-1.29299567213261	0.587273342382358
NaN	-3.24879854572905	1.03996937011754	-3.55116063550938	-0.499007384937759	-3.0202170926052
NaN	-4.05630076467149	0.334467786554652	0.35445957770176	0.964550657785618	-4.29448406086962
NaN	-1.65636726874345	1.06513785050833	-3.57588943152329	0.363345638036531	-2.26342626468615
NaN	1.50266292590385	5.89537571798948	-0.211966414329146	-1.0625037931213	-2.10431613079573
NaN	3.474006302037	3.55511505388269	1.06643291763498	-0.52711233235934	1.85884027528366
NaN	3.53466124561543	-2.31337685048347	2.68779610827408	-0.126419668745885	0.668476044447292
NaN	-2.84700651618867	-4.28474730431789	3.13018865094792	5.14737723031669	-1.72202859500527
NaN	-2.03110214092538	-1.49141881495824	1.99495748515646	2.46947913635732	-1.26701469882935
NaN	2.56677686886621	-0.224933884307747	-0.109186010799623	1.25587102423338	1.12280603508874
NaN	-0.64213362838017	-1.21034442597575	-1.98448268042385	-1.63681736164355	-0.980131313064711
NaN	-2.02163996853244	-3.38745344078656	-2.74554961455489	-4.25925703266692	-2.09703480454244
NaN	-2.84836060446465	0.615603906522307	-1.39379863363155	-1.53988599352527	-0.0909211998281317
NaN	2.12547245451298	1.79742886923918	-0.359334016482705	-0.727948666158155	2.35445835906031
NaN	1.8292409243171	5.57878741527609	2.8003730634678	-1.05557329347439	4.18453342667232
NaN	-2.47239336209881	2.23923060474603	0.617387769810568	2.56356395031063	-0.414927512913658
NaN	-2.64223729322062	-3.5194948853772	-0.397858187408217	-0.580486893236332	-1.69964932295287
NaN	2.08590153970432	1.12926104963553	-1.13932425771659	1.10806721312052	3.33101172672111
NaN	-0.408500101468561	5.39799610517945	2.70383322358169	2.75555973907558	5.31456707768471
NaN	-1.94323365846312	-2.30715571488948	0.954604316214821	3.46413608047467	1.0104694634623
NaN	-0.0377502903684207	-8.70369780775394	-1.09582457163251	0.785708753613198	-1.80413158896695
NaN	0.627155664777433	-0.279191131588325	1.8705775788221	-3.73057580308248	-2.70943181116759
NaN	0.127681853054908	-0.128811338244731	-0.277023821782598	-2.05180154859523	-0.852418083557297
NaN	0.49361460746702	0.511819132134718	1.26005132148179	-1.82518438019386	0.758939187646862
NaN	0.0533126885443666	1.33684206665867	0.949430580352371	0.237420935733917	1.25310109069429
NaN	-1.38048221114328	2.63488965586427	5.61393332465758	3.09434483982785	1.62396568455092
NaN	0.983111400003942	-0.813628749839198	4.58153517428657	2.70652596595142	0.715793348398284
NaN	0.0387263607143936	-2.50422785420636	1.53705701978494	4.18617918359598	5.26811181135047
NaN	-0.237858130228934	4.15943078308862	-1.27951881166198	2.86265778125421	2.10144674000153
NaN	0.742256701252288	4.16808683774182	2.53723816911312	2.6870142795709	0.707826791384992
NaN	3.63349603068973	-0.77702230410472	1.90227446604134	2.53876126836718	1.94170213502173
NaN	1.00183039460411	-3.64862593809621	-0.312972910816625	-1.69315850369204	-2.26407757371256
NaN	-0.548832669989025	4.41996147270435	-1.0742325469682	-3.91158025924899	-2.51429439799062
NaN	0.0946783807976102	-2.34479264481979	-4.07453411077284	0.205872500371327	-2.10984733644815
NaN	-0.24880057700198	-6.89941653239911	-5.38398438403439	-4.15264843881138	-1.34453370146646
NaN	-0.126815278482985	0.0633123402335164	-3.63023378865578	-4.3364886126156	-2.5089951173379
NaN	5.37659168617262	2.37636338244036	-0.0788612234989343	0.469170024545028	3.09106936332407
NaN	2.23816877865919	-0.169270506769986	0.614269760473581	-2.03668012915199	0.996424471564636
NaN	-0.776988540329589	-2.06753336830675	-4.28896673061453	-5.12208311461738	-1.64947980607034
NaN	-0.405195228986738	4.33829431297736	-2.07617392218386	-5.19172322076178	-1.6844518092292
NaN	-1.02925850911505	3.40540443934675	-0.465961335088255	-3.38323738381468	-0.153535888018919
NaN	-1.50201296706738	-1.10770567806813	1.52596328340998	-1.67887254863386	-0.215836138571088
NaN	0.0880152002012554	1.29942773640618	1.83231834309559	-0.130454333569239	-2.07226746121197
NaN	-1.09195483873634	0.482660356998792	0.771911774359469	-0.142039363391527	-1.5292810711583
NaN	-2.09678307475728	-3.4300408773017	-1.54971801272232	-0.869354174116332	2.13993362670652
NaN	-1.01656678147226	-0.117127237471585	-3.94107093584289	0.0385534275517597	-1.73094720020239
NaN	-1.97553614110616	-1.98169701034729	-6.3528379018957	-2.52201262520647	-1.71333385822799
NaN	0.0249328344717436	-2.92174928691576	-0.944565436118435	-1.01346467655356	1.4724241176763
NaN	0.210752840603625	-1.45908288257868	-0.24640423211791	-0.33392474582011	0.250097049997581
NaN	0.048359728284476	-2.07455739752736	0.765929147108699	0.0323330735442381	-2.32654746605004
NaN	-0.566734987009035	-1.45960545343907	2.724683822943	-0.0259990794546404	0.110253457023847
NaN	-0.189999765154802	-0.345793871790784	-1.24544920404918	0.79620984672964	1.12949155019853
NaN	-0.448096567462267	2.86895968744131	-0.328340280199748	1.26159930952208	-0.625434454460145
NaN	1.70641985924485	2.92481414501896	1.42188109658448	1.23473646346626	0.458379678824837
NaN	-0.438333748788926	1.35036155597751	-0.749517273615594	2.27872113341607	-1.58636754281384
NaN	0.969186646350991	0.359359229541642	-0.268721373929607	1.15449687467606	-0.17599978032985
NaN	0.898562416238201	5.16093047289995	2.06021551515598	0.953272520094523	-1.44778665916823
NaN	0.0379576792365973	2.1433353539974	2.42961600392078	4.55661356654769	1.21101542274354
NaN	-1.61704262376029	-3.73272027601863	4.34806810407496	4.23935483886292	4.56988350325858
NaN	-0.109862796942894	-4.84914703115702	3.9607022540125	2.73729636100313	3.75050304764874
NaN	0.71382224463159	1.11386967399522	0.277033853247676	4.28691135081316	1.40451482363717
NaN	4.74888953233363	6.19604018378199	-1.62361899315984	2.94044934770802	1.94280318010053
NaN	0.115236121464207	3.54046960742305	4.95588584696427	2.21482276407422	1.30588201643456
NaN	3.88469271375773	-4.80754189050701	0.797712020781879	2.18625401980247	-2.40373423524094
NaN	0.609541414868981	-5.55447209486161	-2.23033272995886	-0.89279208704233	-5.74568377385135
NaN	-5.56725025743294	-2.32190724703351	-1.48542146149869	-0.854764465706436	-3.81325623951891
NaN	-1.20365577913281	-1.33485998542323	-1.07994778493714	-2.72273506668035	-2.01132340985756
NaN	-2.09930503157661	-1.56235347119057	-1.00358720561315	-1.3923950515206	-1.52850595102829
NaN	3.10198237515278	1.14941113104561	2.31634039636071	0.977152108669327	1.48788199037358
NaN	3.78165489408958	1.3243065713019	-0.567474359153073	-1.5202855334853	0.0155197048836658
NaN	-2.45310189356831	-2.75898161557325	-1.43101242643253	1.05094452036594	-1.01977299814084
NaN	-3.44387945712205	1.69234253086318	-0.820871541351729	5.11184152676019	0.519894965313771
NaN	-2.31437032086984	4.69887024191161	0.772434472206413	2.54383388157804	-0.335830865155992
NaN	3.44766996529321	2.549614511684	0.812654997673015	-2.50238898456898	1.88418870614838
NaN	-0.0848302208502804	-3.30530522101652	0.832551426811589	-3.54298715925078	0.384604664976603
NaN	-2.36807292835122	-2.78278554673654	-0.537424256210655	1.43341810613302	0.750459711931079
NaN	-2.86029230647062	2.3203781729819	4.05281106400591	1.689786181649	4.27453813517538
NaN	-2.9275270029489	2.62556173948866	-0.0641329789265106	-2.15987197688258	0.222680391490124
NaN	0.0535676119169892	4.31940092542751	-0.0458606535358691	-4.73175305542331	-1.18733297991936
NaN	-1.63569909015036	4.52324836198752	-2.36073835900715	-2.46314113951204	-4.6640725868533
NaN	1.72116568711352	-4.37786466832009	1.01875196298617	0.570035400441939	0.0300417618873606
NaN	4.38563568607696	-1.62561660449317	-1.33952669580928	-2.34895691601362	2.12874025265874
NaN	4.37439487259156	1.39357335285537	-0.825440413422628	-2.07508808935353	0.942475734633165
NaN	-2.44176043032009	0.321014872366018	3.3153577750689	1.76465702397478	-0.238228454165191
NaN	-1.78684232746514	2.83593260939236	1.60277444274116	-0.406241944044746	-1.52644264491726
NaN	2.19941375179507	-2.72431218064945	-1.79167976001298	-2.0099441568392	0.124304715540546
NaN	-0.978137659454832	-2.38045952418916	-2.53276991605772	-2.23086658330937	-1.56656461205616
NaN	0.348704224645066	2.43051702460161	0.0561796793648412	-1.18241093374	0.94324965937793
NaN	-1.25545896702179	-0.0564517755306002	1.91016834361924	-0.930582693350946	2.23835494156202
NaN	0.669055971184001	1.89076289184622	1.77974526416819	0.989246020630313	0.789171275308234
NaN	-2.57095268325068	0.0374118151221595	1.0121943992815	0.152975951171362	-0.158938291673578
NaN	-1.23523142496887	-3.41346879680517	-1.51724844418601	-1.30170860254119	-0.180071291917653
NaN	-0.0775769292919567	-0.203618861433492	-1.42530503009239	-1.42089015527666	4.00800354982818
NaN	3.10650616901134	1.56530801168111	-1.68197370364962	3.07827442694127	3.07421020375264
NaN	0.411161442702946	-1.39684023041405	0.57570844694027	1.76583578562022	2.51080188324657
NaN	-2.12678543412124	1.31108550394347	2.37694187111424	3.81136367216721	-1.00812528685376
NaN	-1.3668017238247	5.06677032483271	4.82211679988216	1.84730062147045	0.831431165566475
NaN	0.0889257861853452	-0.11868773749356	1.85122565336978	0.0440192306854672	-2.92384617947763
NaN	-1.90032666990464	-6.1190974625841	0.723072309029279	0.307078245238346	2.67605105040832
NaN	1.4251856339563	-3.32624591300659	-3.77625758484023	-1.72059049462808	0.972581646779848
NaN	-1.4800034319214	0.471132466453672	-4.08329233136973	-3.55312276552094	-2.39234405131208
NaN	1.67410543190268	-0.879714428226068	-3.08030694979376	-1.15694830515261	-4.74911239199661
NaN	3.53499321520947	-0.412172971444278	-1.1542061455717	-0.98919694456447	2.66283556517341
NaN	0.242403541115262	-2.58033342719657	-0.500688150398839	1.72663210029135	2.17021608454198
NaN	-1.05024570440813	0.397360792371597	3.12060470828996	4.35223423533736	0.270238353791488
NaN	-1.70265809932351	3.88500611329193	3.19202748782608	2.88437210032611	-0.559042197368501
NaN	0.0607617467740705	2.93646032095992	2.03737186269349	-0.488951552351921	-0.760555039558806
NaN	-0.70265191759861	0.477899112596706	0.550572972694275	0.137907708725739	-6.21289876587729
NaN	-0.485697083547993	-0.992983044554612	-2.37733350556701	3.18391898206178	-3.40512682526743
NaN	1.63848499464985	-3.85625770680799	-3.16009906793722	1.4399831884732	-0.525441387985349
NaN	0.765038666099291	-1.81586993989251	-2.81872625329175	0.590768369557307	-1.44419757665619
NaN	1.72475782178722	-0.0229132419662856	-1.35142796227959	-2.27694792510126	-3.81178072908744
NaN	0.0847064628879724	-0.460026029284357	2.39165121041588	-2.22979355607293	-1.16476358277316
NaN	2.98980707561536	-0.667992303770064	1.19320455998286	-1.31173727472484	3.05423742166949
NaN	-0.145380346751254	0.085525864673756	-0.436634448626347	-2.34696665122492	-1.32569273432321
NaN	-0.530425969018251	0.639401626602443	0.191539936380107	-0.476744789776383	-1.56187686999254
NaN	-1.67226523702452	-1.0775570694288	-2.33732005917448	0.00379084160721929	1.92990309539318
NaN	2.25400132530386	0.0785934283440793	-2.79635883808146	-0.0520719057309042	1.61670578747804
NaN	0.777437755389273	2.54827483858849	-1.48398682578386	1.10658682202451	2.60291321458187
NaN	0.741594400703312	6.56218232512097	0.592055783733834	2.04589691923781	1.74432912306832
NaN	2.36841688501119	-0.0823627929232967	-0.468643848484222	-3.5299137704574	-5.05845741107401
NaN	2.23453678745899	-1.72216152277044	2.94609976361782	-1.43879221937374	-0.203573010858912
NaN	3.81824345441563	3.16111880883725	1.17968403648378	-0.77652002810064	0.972088314776263
NaN	2.03774522156549	1.21061177405886	-1.21297397417307	1.52941745327718	2.0732952283763
NaN	-2.92941248934323	2.68985080882189	-0.345220988764894	-1.64631282447791	-1.31161525549779
NaN	-3.71057510373003	1.55436507510562	4.3980938558979	-1.06187347976835	-2.1529448266361
NaN	-2.85320548496927	-3.44166132912107	2.65849776720834	-0.671716046768643	-1.53642518729719
NaN	-1.3532323639222	-5.49859582891453	-0.847389312118946	-2.39785500510889	-0.405326819661275
NaN	-0.977234579239884	-0.941645488692245	-0.958411260210912	-0.683836563920622	5.01243015641467
NaN	-2.37939157770596	-0.870918870315192	-1.64658044246298	-1.74131829574085	-0.457686230137877
NaN	-0.762708212203116	-0.653037609756585	0.295800515589401	-0.251904654450805	0.148587912393658
NaN	0.597221068042335	-0.0832705122534733	2.4443801211707	-0.429942111941349	-0.594674625392374
NaN	-0.415013292919134	-0.669982700163011	0.0222258449537313	-0.895026127131319	1.29013795618539
NaN	-0.235382950908984	-1.35436036051866	-3.10942035427167	-2.81389030824735	1.15080916939551
NaN	-0.129496707024461	-1.44569883926577	-1.90278610386701	-0.00906443624977518	-0.224239405590757
NaN	0.827912806901225	2.47660552012889	-0.349310169164371	0.0638130622545009	4.97456344061565
NaN	-0.259446226791922	-0.412768742240369	-1.75173179897205	-0.627956931633236	4.21318925521305
NaN	-0.973659636970077	1.29776283532324	-3.07800249129196	-0.539625864657535	-1.830683096205
NaN	2.16620049225223	1.02998148050249	-0.513993731647804	1.22131293696592	-1.4343251869674
NaN	1.35771883065507	0.58654834998788	0.238066961154324	7.09059208132731	2.02254239186528
NaN	-0.268193102785318	-1.07217207641887	-1.43343411507607	3.99994268758516	0.75332048595669
NaN	-0.720391689215426	-0.818744083748903	0.65512008012711	-0.507343126387848	-1.13779781786684
NaN	4.03887912784399	5.40043473765231	2.9479455454772	3.17475749664038	0.645210831672028
NaN	0.506224512581445	0.920535901033428	2.16299966526368	1.84505179067912	-0.996737406801242
NaN	-2.24057219225333	-2.93737868942153	1.61697970939872	-2.12497787208706	0.738141487234036
NaN	-2.68179692973092	-0.0371930285375659	0.17624324193498	-1.09721474991786	-0.879622554192885
NaN	-2.57421829171878	0.305909146410361	-0.0694156408264517	-1.14224378549688	0.810293135076537
NaN	-0.602147769966016	3.34859817884589	2.55228559247503	1.8683698797347	-0.924863944599656
NaN	0.910894599649677	6.52999247123283	5.38543798701227	5.90368934746953	1.8889178126489
NaN	3.50197991775309	0.357347907027576	2.48618110638984	3.82763386695037	2.86867044823902
NaN	-1.6587716524745	-0.55051836490839	0.338578485717504	0.0893309746850673	-2.43725038171534
NaN	0.701786747351563	1.43042074381299	2.84151632101742	1.08346338581859	0.450229629082761
NaN	-0.0295013938690843	-4.73565587329297	1.26919807033747	-0.361441877544493	0.633099361206627
NaN	-1.35605869348847	-4.532952332791	-0.408957106605029	0.903237967597579	-0.538612806228042
NaN	-2.1303881495083	-0.0422064695426627	-0.836783074641399	-2.89606707536874	-1.9326920401059
NaN	-1.39104129984651	-0.00446589156270755	-4.79130536709383	-0.666261222760404	-1.57602202753627
NaN	0.837664451454905	-0.879129677719746	-3.04397399187474	0.718053476457592	1.45768528251531
NaN	-1.39950483748649	-0.945088047964627	-2.66502621775244	0.321142754442089	-1.58194612947871
NaN	-1.87149030176609	-0.84594171831155	-0.954418860235056	-2.55766747611179	-2.07207406338921
NaN	-0.150850226831671	0.61210213592835	0.0711533505402062	-1.59407583287209	0.146177830522791
NaN	2.90143102478887	1.67237956480572	0.258870381486405	-2.29529675854375	1.0783331810259
NaN	5.63217792540232	0.454463275778116	2.28955736593693	0.879254667914394	-1.08373862585144
NaN	2.54302892833455	0.540611071573824	-0.0473651316483077	-1.59252669766559	1.1405006383833
NaN	0.922656056665277	0.170596113231649	0.366337505684446	-1.13321624716011	-0.268666875653802
NaN	1.27624615748316	1.85858716419105	0.0603805497536622	-1.07202748547866	-0.934623983608462
NaN	-2.5687388094352	-2.93198397171098	0.587170284611423	-1.84082806317853	-0.791664310672101
NaN	-1.83935519160198	-3.46581513109028	0.0942260628602163	1.63013971715781	-2.44848311895132
NaN	1.56107642231922	0.881438953803415	0.672292568467465	-1.47355379508753	0.831376511509114
NaN	1.58768670283558	-2.16366800304665	3.22046700838028	0.760424960274579	1.44786632120427
NaN	-1.15794845397574	3.00449910137626	1.67364573153979	2.26117279399604	0.379811035548579
NaN	-4.22273594390617	4.88745954690964	2.55614595705961	1.71675005513413	4.93842379544815
NaN	-2.9480503088909	-0.103353714658932	3.62133182094478	2.52082181055194	-0.145687892715441
NaN	-1.53474850541756	0.905214073183435	2.18859591829206	2.36511680122055	-1.7169575328635
NaN	-2.80702593113984	-1.1970597156671	0.28001050390157	3.3193854512381	0.176841976542841
NaN	-1.32461384481401	0.19644459940425	-4.99524788184013	0.974795799637402	-2.13164234180334
NaN	3.43626114531493	-4.18845658494898	-4.42574289047054	-2.52927426846037	0.970323711018007
NaN	5.37409087312006	-1.75186536964688	-3.49058224989211	-2.77591409730684	0.560752893964862
NaN	-0.768471565653656	-1.26663512263245	-2.04277967669235	-3.15223387160244	-2.60645561328148
NaN	-2.34312892063233	-1.94481394485439	3.97510321656869	-0.588808036465716	-2.39446695585351
NaN	1.92575576988761	-0.301535995488136	-0.206429984141428	-2.99156606133748	-1.03942374651795
NaN	0.561020393307109	-0.828003791267706	-5.00212004528783	-0.869990912097856	-0.733820622454952
NaN	0.59416915833932	-3.36829274108827	-4.86536752777364	-0.359643986246112	-1.33857265318242
NaN	-1.01964417633886	2.6426436456903	-1.05392720983955	0.128104592193669	-0.681070766372886
NaN	1.33991861350102	0.140981109915866	3.32740742854333	0.039019277864617	0.525640489909854
NaN	0.249107265330463	-2.55348129969647	0.528584624380987	-0.577809099739556	-0.0503758608022998
NaN	-2.83372064845665	-0.327521753754358	-2.67107856543744	-3.20249048237494	-2.58033932259877
NaN	-2.05296398828905	-0.199622385557925	-1.87079172617674	-2.82834669290568	0.406180070965805
NaN	3.08138601154647	1.58997247804273	-1.18874850713651	4.09305495210042	5.2158796221964
NaN	-0.0639525177009312	1.50962352395065	0.20996401908583	2.84587521020143	2.98121914451581
