NaN	-1.2064701298301	-1.69889583892989	-2.23251841282306	-1.99224039981997	-1.53135872794262
NaN	-0.291554266345907	0.359680573818671	-0.791690548791702	-1.28116024000033	0.591609980218419
NaN	-0.216715201763314	1.48975806776489	-0.103444344182165	0.496539905955438	-1.94698275833257
NaN	-1.13800908492248	-0.207567682784711	-1.38899847077579	-0.844445813652169	-0.751229753352784
NaN	0.109862112081261	-2.72205868756868	3.48674478489318	-0.336299901220773	0.444103008577899
NaN	-0.889606451765754	-1.32755372378491	4.4203911846728	1.98691899183924	3.14859302273216
NaN	1.40882096137943	-1.75768543811697	1.30380382143181	0.399463117341559	3.40253369992555
NaN	1.54849618200175	1.44552038865804	-7.35901853962008	-0.182755315905115	-0.322239212903687
NaN	1.92767726954424	3.16246915890525	1.49165738330193	-0.527608108252777	-2.00165355476883
NaN	-0.621544368939111	-0.627443587857493	-1.12411398159074	0.705461298295155	0.580534942819365
NaN	6.23338932907978	2.51403642036064	2.78015302277602	2.83009757816119	2.3759078458249
NaN	0.993229332094017	4.91306090899174	3.82217535244783	-0.540759006245924	-0.301838736585128
NaN	-6.22042789175149	1.33897849447055	3.2719880342711	2.58330131159096	-2.82658732258617
NaN	-2.65320186633983	-4.68325069969629	0.334170815657576	4.17580310794075	3.13213019621744
NaN	0.0339619413609974	-1.96480084970492	-7.94000263564165	-0.839268700247192	0.639192667485756
NaN	1.33632243012007	-1.92668860452682	-3.86883122114774	-3.33967584602156	0.34760927791544
NaN	-1.19138925811641	-1.38338407676345	-0.243138386225206	-1.66788047682973	-4.07920844290755
NaN	-1.62082819246326	-1.37739704423044	-2.12537489982282	-1.70094726960324	-3.24595606136296
NaN	-0.0360852506184159	1.24116114876813	2.51447585418274	3.79371024734804	-0.967281751069836
NaN	0.281554768306901	1.37532322878877	1.6337239995399	2.80453924261406	0.932684424968691
NaN	-0.328444533751615	-1.46562194007655	-0.474711807274766	-1.1736646779058	-1.7858571105974
NaN	0.434695938524648	0.293057813301217	0.505388711781358	-2.24916103101796	-0.580413322023942
NaN	0.610202414219783	-0.318504382170843	-0.98810086003159	-3.05837549475103	-3.25682076864709
NaN	3.60398905173165	4.53661827005253	3.26045560205753	0.778778616521482	1.56712411946039
NaN	2.75471850136666	5.91023511540729	3.92635455161101	1.6236252903642	4.18123254051157
NaN	0.633867678455516	-1.42468950604399	-0.745023094258581	2.16198348253759	1.96202807322937
NaN	-4.00469886560036	-3.66482777654917	-4.42111381788734	-1.50929490911198	0.130131484930059
NaN	-0.411063312938971	-0.999118956545211	0.0266540043511641	0.745230709507589	-0.463505732903352
NaN	-0.690597951727214	-0.994808347612488	6.22307596685227	0.516924224651932	1.12260479035226
NaN	1.56637342896716	2.32737272834201	5.72809065633281	0.416838563512423	2.75387923881484
NaN	-0.756609364651214	3.52939024758567	0.464172622526604	0.919242515925407	3.76179565154224
NaN	-3.93054262977184	1.90865584033896	-2.49454261776152	-1.37579936089959	-2.46690658969202
NaN	-0.545589847953338	1.07348806999949	-2.71941371636396	-3.21779155072289	-2.07998740287371
NaN	2.0024563805814	1.30800890336512	1.5620507254207	-1.50013094902831	0.11774162998754
NaN	-2.59120523881771	-2.38887374047308	-3.01328812485023	0.417408499320022	1.5529506937123
NaN	-2.0680855859447	-0.190959598453851	-2.48904117485873	0.481874320676859	-1.70717068509646
NaN	2.37198821361639	0.705332595251158	0.726785882764301	-0.692776609422058	-0.862642034061198
NaN	0.746220198978207	-2.67055996323543	-1.49731667232243	0.595972064860281	-0.748270832384646
NaN	-0.636484842338553	-4.75508198357726	-5.62133590193535	-1.42215089808	-0.794976547173409
NaN	1.26315545459017	-3.64317937930512	-3.07448086285329	-0.223263543358356	-0.435356916246692
NaN	-1.24573022001552	-2.36772599012769	-1.32630235180272	-0.664559852456251	2.10510186099897
NaN	0.542790507410109	-2.03872385317114	0.144018669176274	1.6667405627477	1.39255130472736
NaN	5.53070463660781	1.10031202876714	5.30532851233173	-0.197929504371354	0.0807562714234028
NaN	0.701909362355087	-1.70220609198406	1.11529612435674	-3.58013056624701	-0.142911050069199
NaN	-2.36719235270791	-0.872244811727193	-3.49034096004556	-3.16951685911348	-5.1497005745189
NaN	-1.68350955908967	2.80990969738543	1.9490876353147	0.231875882779861	1.33173514592102
NaN	0.652857501555787	-0.269623834183597	0.977104050763794	-1.43499924830355	1.13503875632845
NaN	3.84411099563516	-1.35654552251828	-2.17052763345813	-1.70776334057691	0.68207308342105
NaN	0.0604711533623346	1.3337802345964	0.767238012073799	-1.92047327447588	-1.20017244545044
NaN	-3.27734722782099	4.06820935517044	6.58234936972452	1.27693746456816	-0.6373225947172
NaN	-2.1159597430336	2.76732031565184	4.53614122555588	3.3884066431969	3.66100588022768
NaN	-0.246817372302625	3.29143157422505	-1.34566080548344	-0.186868087302004	3.53697541074712
NaN	-0.57385746384058	0.768039571846775	-2.47117117943428	0.503582279125546	-1.06354924282365
NaN	-1.37902568090726	-0.816643065823662	0.840429376675298	2.85141941804244	-1.32458698787746
NaN	0.341945192118562	-3.19973157818756	-0.556774894441614	2.84228814535184	1.53601914686635
NaN	-1.15203950383781	-5.71537042661766	0.727877651849692	-0.537488774875596	0.42676302052351
NaN	1.02058864536167	-2.32754389500146	-2.98835923809488	-3.28799843208307	-4.8510363261468
NaN	0.444087126127167	-2.47166456363251	-4.77446550769886	0.0532508806352092	-4.48257459760488
NaN	-0.483390345904102	-2.6368949415609	-1.64739250645453	-1.25486867566484	-1.06712466548097
NaN	0.321967493924539	0.588696346911871	-1.3321585157487	1.04808517771085	-2.22436084138211
NaN	-1.34692980082605	-1.251047735539	1.44688805567169	2.40422236296331	-0.876555143781811
NaN	0.37415769144377	0.549305012723176	0.259877299115599	0.521602667180034	1.84475615568494
NaN	0.865133317534662	-0.135767547590322	-3.15222443796999	0.467738967240905	0.516375506203937
NaN	-0.46556472836622	0.818241173461484	-1.0459118589152	2.9665947038058	0.429109022247787
NaN	1.75290282632925	4.66735840299806	2.3117369853277	1.29028037149844	2.77315715566138
NaN	0.445160295963338	3.30714503246181	4.73887726626019	3.54137919047439	4.78879981145097
NaN	-0.0229931544171702	3.65407479752871	0.469560053564889	4.36203509880783	1.60032164783541
NaN	1.77559209223892	-0.170709476094259	-0.910126042692568	-0.775983888083028	-2.83348357202854
NaN	-1.58725128928829	-2.58871007301545	-0.442234019389998	-2.34190615411386	-3.27761465976825
NaN	0.944807620210024	1.21340017971271	3.03452369038547	2.36524282678004	-2.05952554723171
NaN	1.27855729539992	0.354148479069748	5.04836843265946	4.04339702384237	3.22496022237463
NaN	0.834570514434927	-0.966620052738065	1.13357611248116	1.3046512099876	-0.392348279717685
NaN	0.475043859502212	-1.52671709217743	-6.4719468981047	-3.58753041571213	-1.94691601997043
NaN	0.283834098198676	-0.438548627800661	-4.93615890636806	0.267443865551215	3.26849015529126
NaN	-0.53301043074783	1.99508132137926	1.89064706602818	1.90735687100971	3.68404062663443
NaN	1.47298975983331	3.06757906296333	1.19838700437003	-2.45422411054607	0.449804598698504
NaN	-0.936398937491759	-0.564841046894128	0.603308892990939	-1.86303074116449	-3.87244469670422
NaN	-0.300804901428385	0.833800506528449	0.102326453379027	1.64113637166432	2.13592993092044
NaN	3.10771009633728	-0.445861146316041	0.093160075941812	2.13191184302018	2.78816631663266
NaN	-0.205288674476766	-0.881319267777793	0.102080161337042	-6.25434541995516	-0.261668186849206
NaN	-1.41810613709823	1.51546958630055	1.74930133252773	-3.44283632364382	-3.10164591212565
NaN	-1.13205081250877	0.0579767341286831	2.21169451574298	-1.12710197782312	-3.30910342856468
NaN	-0.917207359874433	0.358040990286513	-0.944910968411254	-3.12579921946356	-1.11561831584731
NaN	-0.69756618833616	0.587185990693992	0.272991299988967	-1.34126158950361	-1.98227465558414
NaN	0.0504782014118634	1.47886481768646	4.02197164164065	6.27952576799645	1.72324540039745
NaN	-1.86877481636518	0.620134657067876	5.41941447496135	0.993176590538686	2.06414078049523
NaN	2.63998471013221	0.877600342025475	-1.07756789776026	-2.69285764039005	2.17560627237145
NaN	5.38108880043273	5.49001525589813	0.146558257204243	0.887803395484184	2.08058464216659
NaN	2.81187940349623	1.03731805150248	4.55688878365855	2.1940268903202	4.29401509085658
NaN	0.140064947670437	-0.88370343994477	1.18572537291865	2.3124108413805	5.01678263124049
NaN	0.621730279438385	-0.377417740939233	0.393159847124816	-2.46422619612034	0.264226260628656
NaN	-0.168772674357459	-0.286678512673645	-2.28946586119156	-3.80360413725256	-1.07377241276609
NaN	-1.38772486000654	0.396706884678892	-5.76578958201323	-3.0926721169721	1.75418839949381
NaN	-1.68384473007999	-0.821949390652955	-1.99320854645326	-1.21284756099049	1.48395888874595
NaN	-5.10780760251901	-3.07646521732202	-2.43119716013312	-2.56120041771094	-2.98214003800986
NaN	-2.18823923495751	-4.35151477484484	-1.57547213574347	-0.77592967650678	-5.20097042532209
NaN	0.170377462830583	-0.649852840731134	-0.747064521304097	-1.2257647327788	-2.20471256741797
NaN	-4.21467918098663	0.476738448367829	-0.849549654110952	-2.06789746636873	-5.10003581946632
NaN	-9.30213920259916	0.94841804942256	1.82211017728919	0.880573611334102	-3.91202830534184
NaN	-1.60971739708405	-1.98246890947328	-2.41656982535573	-0.487476607845117	-4.1117539756491
NaN	0.56831751401168	-3.92115206502857	-6.42402918881204	-1.20233069535625	-1.89740497015452
NaN	3.09224764027568	0.124681736398738	1.69124304995571	-0.53237075553076	4.77551472114917
NaN	2.3310242241061	-0.939879058219951	3.95104099048806	1.77313010249099	3.2173441962523
NaN	0.917377633116386	-0.367536377888241	-2.04649069150899	0.938675843324194	-1.13497199824767
NaN	-3.63529807692116	-3.91369716667137	-7.83869966607491	0.149446296140196	-2.62976664396578
NaN	-3.38324582203428	0.106223409758897	2.6873216675812	3.5033864128652	-1.71173469163761
NaN	3.55944947743734	3.56136825510751	3.41768987278233	6.06614619070305	1.39414223558057
NaN	-0.871362082685377	-1.0737184013177	1.15322057104879	1.59310268357982	1.52793495158636
NaN	-5.49250569133039	-4.64912390935201	-4.28944486753714	0.443973029775875	-1.19946093553898
NaN	-2.00452248667689	-3.83670756129127	-0.468090303150618	-3.3723422785829	-1.09129619210751
NaN	-0.0674150881645489	-2.16916556592444	-1.26083255622431	-0.543213086150194	1.69091557930453
NaN	-1.50609649910589	-1.24343050398231	-2.5068787478494	-0.0256581947289967	0.0752657661949242
NaN	0.802632481167708	0.119074282232811	-2.12310623476303	-1.58808725555108	-2.57501798341083
NaN	0.414686832368449	4.34809530275906	2.52553242804154	0.251450665027852	2.65197018217959
NaN	3.25256191425298	3.9518643716749	4.74614071828512	1.89054382461517	1.1100132580326
NaN	4.58102996910386	-1.19108048872555	0.807401369964854	0.819631538251414	-1.16581170826126
NaN	1.85126772571212	-2.62182222087877	-0.101155334057668	0.155362895684125	0.229879325686423
NaN	3.21938425227276	2.31566306698373	-2.08249637816436	1.5733786891656	4.43795522253585
NaN	1.55467678134839	-1.05182927714894	4.06718630214501	1.52384216559935	0.799358700426891
NaN	-3.2680190479662	-2.26584055188701	4.6827928795267	2.47139752494137	-2.25065004663201
NaN	0.104858414239436	-0.973841827750252	0.28291283604712	-0.513675515221611	-0.377637161639276
NaN	0.780827850459198	-0.581183981639583	0.234718094927579	3.21176788779574	1.55154521555526
NaN	3.48487590830001	0.546491019838148	-2.1752030284426	-1.53927570064783	1.63213800706696
NaN	2.39405043635858	3.09499008377305	0.39342934912047	-0.575205681269271	0.480460238205447
NaN	-0.0945298775563008	6.10467920117794	0.751347251092709	-0.462132146265412	1.90585321663966
NaN	1.53629852384272	-1.71583361867836	-4.70726527060122	-3.24895542120639	1.58275536356324
NaN	0.974774703009142	1.80522386441331	-4.54258466359345	-0.782200365756347	0.391362709628659
NaN	0.938983748969011	-0.636977295560611	-0.862982139599665	-0.51879109829513	-0.21554114536293
NaN	5.20012635319043	4.11451717562002	2.8348616242634	0.187930056903819	1.42643385122833
NaN	1.48173851671899	4.27132832177188	1.29887715608421	-1.12650699233642	0.219524217908173
NaN	-2.64754943457079	4.86083922677856	0.719021463446508	-0.869342826219041	-0.861949567476685
NaN	-2.08351674067696	1.10219027252212	2.88733258926115	0.821800775970652	-1.37381693575805
NaN	3.5525483895062	3.14385817461708	3.16495097961277	0.682933314418428	1.8153398475332
NaN	2.83528199692422	-1.29138077115676	0.760042616520664	1.80693923882981	1.3937888238689
NaN	-3.30676211279207	-4.18595618820939	-2.84354187022294	-3.85028624944848	1.02524388887489
NaN	-3.41139230196079	-3.34147241418095	-1.85358268414223	1.35307575073245	-3.85709808953015
NaN	1.70981400146954	-3.60967157398074	2.79499585856757	1.72611757646393	0.485025298872573
NaN	0.446944928432586	-0.978248470878286	-1.11693473847701	-2.34280157908824	2.70086025676242
NaN	-1.22226587426098	-1.9834562184827	-2.37064758164871	-2.27860147663172	-2.86504105303713
NaN	1.80873636792432	3.05298651003368	2.75216318871066	-0.909265954211295	-2.00441961135741
NaN	6.24027215915054	7.00330583274962	5.19058351981686	2.27571531945573	1.39796114372435
NaN	3.01203640023496	2.86695271295228	4.62270852209202	2.34118211730236	1.57504833618816
NaN	-3.74421345866483	1.37163695969756	0.341737699813993	-0.244676730113762	-3.04157131081909
NaN	-3.55392865586521	-0.947776755465739	-0.234596345363803	4.00353962739586	-0.898979527125578
NaN	0.0175493005129977	-1.93141400187917	0.286041324701343	3.01942823705512	4.39106330473366
NaN	-2.01269793148897	-4.41428162838808	2.10253042402248	2.91603452812147	4.72669546958985
NaN	1.63221587268653	0.505696813308053	-0.578264425564414	-2.44133833131027	1.10126080186946
NaN	0.716384051934755	-0.597605738712851	2.20232454533806	0.339678758920037	0.46313799407116
NaN	-3.52126189713738	-2.00302636049324	-2.4207052883812	-2.13295700039111	-5.1164486007377
NaN	-0.27039542707212	-0.0546106387679987	-3.57345636824205	-3.25946593635516	-4.75853059031878
NaN	2.51861289004968	1.65797694923559	1.21624375727114	-1.16780298832782	0.556176835171461
NaN	-2.71647438263906	-0.361835465098943	-0.0183730301361244	1.16734763267817	2.43091538144415
NaN	-7.45833242008262	-6.74168009273461	-4.60862380125281	0.44109962155654	3.86872124083024
NaN	-0.655229609196964	-4.30039509191783	-1.76594439811304	1.78544464331848	0.389665059047625
NaN	-2.99810883378836	-2.52029600547186	-3.48190981133565	-1.0707412665426	-2.72434137176602
NaN	-1.9609161231873	-0.654391161172698	-1.69965488261337	-4.05153591863723	-2.16458284416207
NaN	-0.33767082926439	2.89148995427876	0.515469236115448	-3.23403002842678	0.259848376488274
NaN	5.153028771235	0.900653416437736	0.106697891245077	-0.919438681983302	-2.93578173789458
NaN	0.835751537502067	-0.507625090080508	-0.00940463027923878	-1.1898455821574	-4.65721633459958
NaN	2.02187104514609	2.65881042716483	4.12344255153638	4.12925663058502	1.20070393223885
NaN	-0.644206110185663	-1.24482944926047	-0.575769842287131	-1.49355940902677	-3.09637456620581
NaN	-6.52904679374687	-3.50416955779098	-5.65871690397703	-3.94297515452574	-4.54073787235891
NaN	0.988220103713472	-1.5269912775702	3.224422786425	2.3865088599945	-1.84062370057939
NaN	-1.48407397583614	4.28905319282659	1.91627386688701	6.74654416287069	1.38008494263045
NaN	2.62447017052355	3.01314192186176	-1.40840627680868	1.5453860403573	1.25793022551093
NaN	1.43617953721356	0.124132110271535	-2.12107986080408	-0.4846527920269	0.100954889724812
NaN	-3.95784968350254	-3.32303891125717	-0.528143638404499	-3.70454308247536	-2.51884781660833
NaN	-3.57543499121321	0.0956398760680126	-1.40820113952784	-3.20192429321985	-3.65031977907153
NaN	0.244463130933914	-1.23426666587338	-0.769932128581157	-2.59788524120464	-0.125493068728951
NaN	-1.80945706401804	1.59791411855506	0.967983844005204	-1.06140709617976	0.361713833958027
NaN	0.50495878858699	0.114051321454636	1.24136612085073	-0.416948568829322	2.26922893226009
NaN	-0.597110596162778	-2.67426991189466	-1.21429298968399	0.0989427543515591	0.632195726021481
NaN	0.705134189899959	-0.636822436319821	0.812095192357786	-0.332830106364974	0.552714385378381
NaN	-2.07933703057685	0.780975102796952	0.3820106814188	-0.531734393027772	-0.139920212071974
NaN	0.828709691146115	0.130016516489797	1.27292896323922	0.566669354420637	2.47458208001368
NaN	3.36364172286714	-0.274653506877921	0.483377010277243	-0.656069224985326	1.81377488330144
NaN	-0.773379074541839	0.223622501233388	-1.85598761395396	0.54843480123433	0.0256520207355007
NaN	4.12391174416234	2.02928657133734	2.50687487906016	0.583958687643611	5.42912982044888
NaN	0.838287820509354	0.790363084159262	0.750103734792864	0.366164216513398	4.69598832202082
NaN	-0.982602117894638	1.26649793447932	1.62860630847149	5.8105586537357	3.78818306338193
NaN	1.39784539001657	2.11630369967037	2.20088857479894	4.79121133682586	1.1006985707084
NaN	1.26019849477248	2.17448248503689	-0.435973271893472	-0.638410949903602	2.3011683762389
NaN	1.92513131497495	2.14828814697335	2.13104054892553	-1.53664209560658	2.83026195177327
NaN	2.41603967088482	-2.00588974241003	-0.837607172651961	-0.72363463010905	0.402581117745237
NaN	0.965170945989213	-0.5808926749113	-1.8554101170115	3.80929668842335	-1.37052989327391
NaN	-1.45607879982783	0.767033677156718	-1.19492637635741	0.885335404738331	-2.16655101323999
NaN	0.267184296200608	0.492345513026058	-0.738272078481744	3.37771630227073	0.0353680687119572
NaN	1.68137985360386	-1.00174009303443	4.0932333736863	4.23537777757582	0.565743873729205
NaN	1.32534926960925	-1.07867271442439	3.29109728535532	1.46541394015848	1.27712899808605
NaN	0.590970949503955	0.534765388112606	3.64065452113698	1.84703770397922	1.81741297219209
NaN	1.41360620007735	-0.668746202271173	2.92362809193107	0.0693241844764292	-1.54937190859706
NaN	1.52498578349929	2.25811979613803	0.174744840326857	-2.20763027360556	-2.84134795301256
NaN	5.747040080006	3.7617454882113	-2.52147067257944	-3.82007852945012	-0.0894325575821912
NaN	0.853376360846663	3.09147539636203	-0.706891965050018	-2.72073031827693	-2.28024045861441
NaN	-5.95309998646445	-2.90354376067606	1.6603584406631	-0.650491063327655	-3.63189034392859
NaN	-2.26528357388094	-3.56594738774969	-4.08583515329861	-3.41503126438672	-2.11081265808498
NaN	-0.0803125936100385	0.0877672558951396	-8.10584294001864	-3.48637535997955	-3.38816277587488
NaN	-2.20714967755991	-0.799245339939614	-3.63994123379691	-4.51236552054648	-1.73220186344449
NaN	-0.726354271835173	-0.423648379268722	1.87890386612342	-0.925680815444511	0.909181426690948
NaN	-0.303588831234869	1.56130551060235	0.402740183493638	3.81556856651672	1.59955692680942
