NaN	-0.781345832996833	-1.55134404473909	-1.51584831143307	-2.58037074421494	-1.2603776393455
NaN	3.64895321723163	2.66402507308214	0.0713392414524903	-2.18874047126668	0.176865600031763
NaN	-1.50440956524341	1.70282359683321	0.634534499815851	0.63757009261365	1.60387472836336
NaN	-1.43998893722047	-0.593954119223182	0.217166939402607	-0.680170555293992	3.31043001050174
NaN	2.63768472805408	-2.26642357656038	-0.255606749110775	0.465606514893572	1.8690411623087
NaN	-1.45536624570649	3.08554077847269	-0.103229829878613	3.00821384752612	-2.69134385238843
NaN	-3.06520760049407	4.23787995752831	3.83949182263748	0.886530645903388	-2.49125456201613
NaN	0.248517017632479	-0.833989275843957	-0.787260954118725	5.14628842626711	-0.776943622008664
NaN	1.81216029339766	0.169927436009617	0.29963589177747	1.17654768714939	0.120807643611495
NaN	2.7953499541624	1.25652701137637	0.27815124710356	-1.60882178504048	-0.379876998749261
NaN	0.158250540680235	1.44499750659647	0.897977944781105	0.135806434610123	-1.19400321637261
NaN	-0.929123151866081	0.166555004850377	-1.79052036669469	-1.30025463511971	-0.39482616753447
NaN	-0.329750853782794	-4.66070783065098	-2.68427364785714	-0.702247115772964	-2.54019333365121
NaN	-0.239847844487544	-4.40083150593673	-1.44817157028838	-2.75321753604548	-3.2216156471206
NaN	-0.634326499913682	-3.25428833560158	-1.76685235866064	-1.14199411214429	0.919134731521898
NaN	-2.2813944146969	-1.17233171828944	-0.904646256397424	-1.42072369035729	1.57237350844804
NaN	-1.16756077339034	-1.12302332961266	1.42817441214501	1.95215666078183	5.65171229520405
NaN	1.34831053075758	-1.69810348041167	3.11151894419809	2.74365677141716	5.41369725913065
NaN	3.62253550480861	2.2347861623423	2.9201568297582	0.248128023722388	0.642572593473676
NaN	-3.17227681497861	0.346991330716776	-0.301230775409589	0.652293797466546	-2.38290232466469
NaN	-0.110683194648843	-3.99320503883692	-1.10839626529838	-2.39702235518049	0.935722752930056
NaN	-1.85492878034457	-3.7451912986433	0.0487833223930481	1.23957801118431	-1.83264885292794
NaN	1.93043370123639	1.47802428905652	4.02040428745621	1.75888518600356	1.07642159140578
NaN	1.89599635955742	3.92366486819294	2.90296000822216	0.924944382717503	0.264192477199409
NaN	-2.81550778166593	-1.01361450055335	0.115173615366872	1.1484251513714	-0.193383842186924
NaN	-1.95545992346114	-1.95965391286695	-2.83657277305145	0.561372244035367	1.11191798568254
NaN	-0.618924091286895	-1.28052502244326	-4.15895203099335	-3.29678104023908	0.563362901423343
NaN	1.13591301859219	2.21761840490185	-1.19822580203166	-2.10655898762528	-0.053203591449337
NaN	-0.505674992195883	3.19904564142921	-1.59945168527687	-1.96759299283538	-1.50277969350636
NaN	2.29412635624828	0.711864277701975	-2.41726329349202	-2.5231340050456	-6.37262907250084
NaN	0.519970717715577	-0.416856852825881	-0.640946958566803	1.0023735243483	0.282500482146536
NaN	2.10144478377438	0.685107736792733	-1.38293718642106	0.0782904926647676	0.590574206153948
NaN	4.02410239798245	2.36630217387075	1.39596329540658	1.06023413746538	0.446520157434831
NaN	-1.60025823882109	-0.798260636953268	5.38137534738485	1.16498524971708	4.03308507364645
NaN	-1.19466406502978	-0.419638517922141	1.50830402789014	-1.08136008981969	-2.04051202052005
NaN	-0.354887772111589	1.14038464857614	1.46751783666453	1.1404771639543	-3.966560532331
NaN	-2.1298368264799	0.58604711604893	1.33386469402149	1.40889481831424	0.0987694811341563
NaN	0.264809666208088	-0.604814616892688	2.28088208270717	-0.847168149969087	-0.506977782736396
NaN	-1.78717464604662	0.567349511667663	-2.27176871615206	-1.73800476096424	-2.05254517201996
NaN	0.0977022187675172	0.335760129362773	-4.12410719061172	-0.51300553875822	-2.87820398509847
NaN	-0.315788986725035	0.96188468106243	2.36675835329195	0.428586039997158	-0.65765513487205
NaN	1.40081744524442	0.506663018682989	1.2956357199333	-0.335559095733932	0.520114004091344
NaN	5.84724893992448	2.43314048665743	-1.45579556053363	-2.88462586940384	2.91344932164091
NaN	-0.136907781398672	-0.0200279442277677	-4.96709477685874	-1.83739567791081	0.610881492527145
NaN	-2.10513468867407	0.429940081155867	-3.08539492311299	-1.48857554036249	1.76213625982836
NaN	-1.44516419624992	1.28891912286481	1.56390450223381	-1.1325486943823	0.845417541148064
NaN	-1.01803601959407	-0.321289526563298	4.02277347913684	4.50270371508698	0.0653462130970436
NaN	-1.04355686626159	-0.0588607521995312	1.71042025196485	3.79073974895476	3.96442743481949
NaN	1.42697257837645	-0.013223400452766	2.38696980551246	2.96330814215253	2.25758896961759
NaN	0.590984859140538	3.62846711304694	-0.93292477455418	1.26990733370017	-1.30255681502769
NaN	-0.709480019370911	0.202838790132458	-3.6278002537589	0.444045370572165	-0.398883098328848
NaN	-1.35980628161727	0.507870984126644	-3.73885457078446	-1.67242292923306	-2.09848593753096
NaN	0.314167854887327	1.57567424101917	1.56126772595248	1.14969039818432	-0.825995137472844
NaN	-0.876295610836325	1.4446628320569	-1.6376723046515	-1.72651771643697	-1.67536965173523
NaN	0.344501690906951	1.2434746248093	-0.0409791101778538	-2.61923015744617	-3.89930311551993
NaN	0.788111199031915	-0.51954296671409	-2.22794889969435	-1.7510760691202	1.035376639808
NaN	1.09187497193511	-0.766179839503139	0.0949276656600205	-3.08822252170968	2.08797030193359
NaN	1.17904539120025	-2.51003851722861	0.78356428340885	-0.0900489991669009	0.772011506339087
NaN	-0.129011198548163	1.84789780260808	1.46920326568743	-0.121364970762207	0.423536135903183
NaN	0.27793407332055	-0.5110069560339	-0.554698223682571	-2.35854601539947	-3.08209286654712
NaN	-0.298027604641313	-1.83947826653668	2.42350755271092	2.37125574826944	0.221482476307847
NaN	2.10908586841562	-3.07349314439139	4.11106537336234	3.56590102084121	4.28089807756717
NaN	-0.246719109455596	-1.74000460118426	-0.559300822759919	2.77941749601943	0.758111719290932
NaN	-0.12109978285209	-1.83992882045203	-1.18266512807861	-1.72811877626242	0.883690819823071
NaN	0.926342820573325	-1.95239201050258	-0.0978577154799288	1.70567550973605	6.31553624823226
NaN	-1.35274390242159	-0.270972834933459	-1.75836803966087	-0.810402259277574	1.11122346857857
NaN	3.29938328823596	1.85645846933869	0.171535031866642	-1.06548296552192	-7.14762962026345
NaN	-0.720509504502387	-1.5204807733123	0.303020216570357	-2.03238110021365	-2.75004272736054
NaN	-1.04458418558743	-2.43524486234148	-0.697490965724805	-2.48487980374034	0.15078372107342
NaN	3.0357477579489	3.8789789297742	1.68535368222171	1.34017033030284	0.572832929254954
NaN	-1.08918244549088	4.17679635329993	1.76517347225557	1.16362539217992	0.123365408272807
NaN	-1.43424930997482	1.10659585168384	3.16758104662968	3.73601838158909	1.71572678292192
NaN	0.716771738444865	1.15518014602127	3.72899158119297	2.444944946519	0.905125682190419
NaN	-0.898724109636786	0.651935648984074	1.82684574701461	2.30156188197796	1.89356611021744
NaN	1.72849619155511	-2.09911464115671	0.142975314005815	2.13706893778976	3.19719639274067
NaN	0.798418818154641	-3.21272550847906	-2.40705009189963	0.139682603084451	0.517042246742865
NaN	-3.37429835009189	-4.50719520622456	-2.63779200582723	-1.86314741676191	-3.72184551008622
NaN	-0.915005771172067	-3.89652843503842	-1.31109744942568	-3.6612048675639	-3.201629562428
NaN	-1.74581401824205	-0.985951098560925	-0.444252516619411	-2.26763061465979	-1.2315429087563
NaN	0.764924403966508	-0.197748609404883	1.60546022714745	-1.26265746801805	0.64161170942311
NaN	0.306461434238071	3.02056089168738	5.2736600184715	1.65398702933317	1.7345837920701
NaN	-0.058454405492397	1.03288498316723	1.1088855791251	1.3624439634242	0.515705977665831
NaN	-4.34533168049727	-3.58505679651995	-0.915363528782875	-0.689067396557003	-3.26415312339005
NaN	-3.05223788204697	-1.47639125160785	-4.05167179337872	-1.32557641184899	-2.78012348886838
NaN	2.44877732652481	3.32453376619813	-3.05930971122426	-1.5547104319284	0.754353617948215
NaN	3.18534054171751	1.70283534543586	-2.46786132631498	-1.65953062739636	5.09717657930535
NaN	-3.5236393576098	-0.224035842472226	0.7397166639143	1.67014020157679	3.76195744757545
NaN	-1.41499638172593	2.47953372337935	1.44516181055918	3.09316810412851	3.56656700235974
NaN	-0.626313745585049	-0.893824058441218	-2.88718051947457	-0.530274973669464	-7.29212618883793
NaN	1.7986536193959	-0.686481226335099	-1.63483876613151	-3.57420895132973	3.55671224174398
NaN	-2.0113843127724	-2.28526020793234	-1.85855679730959	-0.791430350549455	0.186056320789833
NaN	-2.50969649245715	-2.11609160759422	-0.69752391571333	-3.64513002089882	-7.24417191755425
NaN	0.260489084839864	-1.79036213355569	-1.07827840050255	2.35923488041081	-0.57947505984885
NaN	1.58175369443694	-0.971754452362609	3.64074438922562	3.05770988465712	3.23828316419588
NaN	1.62209879702606	1.38156699133775	2.18276207109917	0.970597460016539	1.08283210431775
NaN	-0.0640601770325089	0.856111786097674	-3.13829708104599	-0.902341708739113	-6.8661580357441
NaN	1.92301408571827	-2.13425214198243	-1.98496742247945	-0.592221790922699	-2.1800463799816
NaN	-0.48624699092984	1.01761140312343	2.27100301688659	0.615949140941662	1.23648963226646
NaN	-0.594948300239994	4.47966738616281	3.03618472630973	1.63119650332357	0.828775412002608
NaN	-0.295114062666392	1.80921295683164	-2.43441068804356	-0.924633688986584	-0.57631441746496
NaN	1.28773301537436	-2.81802145445138	-1.82042585749728	-0.934883103605397	4.76600836269343
NaN	0.959965564369466	-0.560241454668943	0.101244070194707	-0.783328978351728	0.357672180798319
NaN	1.72086399159381	-1.35945927831806	-0.125280750259806	0.376459073793845	-3.77425832215028
NaN	2.21665880405904	0.323520520410655	-0.68354754769713	-1.18127754455454	-0.657970905057727
NaN	1.86587130356774	0.869953549270035	-0.202859434596517	1.17995853586202	1.2425884885175
NaN	-0.817253213185885	2.91594119018052	0.0771868001253817	1.25043290183101	-1.5266106133871
NaN	-0.703071305451709	5.29833377827659	1.31497503665061	3.14424029743605	0.414914293032172
NaN	1.32017403505548	3.69684829684335	1.71137097625615	5.09880171835923	4.21635741136823
NaN	1.01628547173064	0.0783115436774236	0.278670152409769	2.56159099562689	0.808463079892268
NaN	0.549920163288899	-2.4869891445344	-1.66911639414267	-0.85505375406498	-1.90732011038447
NaN	0.193857587756023	1.89225591744484	1.83044526459483	-1.37078673145109	-0.762537858197619
NaN	0.00859443290065875	-0.58329641623927	2.01520561702087	-2.08730168334565	0.654029819004442
NaN	2.7928299632544	0.18303291720082	-0.0106648373649695	-2.1491556131385	1.10227508631305
NaN	1.57797361623845	-0.669953172322455	1.1189340502704	-1.86083629948929	1.36520304642851
NaN	-2.31890814260676	-1.01855098243374	-1.1207700814014	0.127066001381986	-1.84794780210159
NaN	-1.82976755324622	2.38868759396857	1.25855570676998	2.01799601585749	1.01668344042419
NaN	-1.18794605801949	2.13638287348142	3.61271783592558	0.80275447606921	2.472981457373
NaN	-1.63728451115918	-2.8156171710963	1.38104508892933	0.609021446899938	2.29283201881332
NaN	0.623890501864916	-1.44313104824775	-1.32874079202831	0.513460793230772	1.26937041565489
NaN	1.26658351781589	-1.11665715592191	2.59809566848981	1.14536070541343	-1.45508467481556
NaN	3.24311461246987	2.41564775521822	1.81231803789902	-1.30978902513147	1.83930028041345
NaN	-1.04947235169955	-1.12902497667419	-1.93347158485674	-3.3842634228455	-1.13431651819806
NaN	-1.54613985090265	-4.30565706765571	-1.54020571141114	-1.61682059554493	-1.86602574406906
NaN	1.05379571538893	-1.42557677338777	-0.25500319069833	-2.58312623473454	2.16625318743231
NaN	-1.28073600444972	-2.09772377753515	-1.25164049955273	1.18137361682363	-1.45464881526361
NaN	-2.73577754375467	-2.04896597328628	-1.92081077181994	-1.02386454855732	-1.68342115685394
NaN	-0.557485580959935	-1.3216819063792	1.05382862815275	-1.19568391217014	0.245160796541716
NaN	-0.840404431344192	0.992104583255347	0.408332969651617	-0.177628646651069	-0.254325783108042
NaN	-0.666166713255607	-0.43605449976592	-1.42913003550704	-1.11989561038619	-0.206519795117407
NaN	1.28177352448032	0.286887154031106	-2.99284696945392	-1.77305947087039	1.69726905668673
NaN	1.27422302995152	5.78574363419711	0.766148811449823	0.136627195817917	2.14032869269711
NaN	-1.36581385085796	4.26370941284803	-0.8011604645807	-1.65852068644609	-0.155596421280638
NaN	-2.13532022149292	2.86046612672525	0.161829131137751	-0.6457510666259	-3.83915879372754
NaN	-1.45735595040934	-1.98258386515576	-2.46526178751652	0.0838025965594739	-1.14805835928535
NaN	1.82124082163771	-2.30574196896813	2.08715150132398	5.4668810059526	2.58245665946755
NaN	0.228249570567836	-1.5483261627857	4.69936924102613	3.79264322956355	1.88406742252868
NaN	-1.04315027502792	-1.36952404796243	-1.25266435930187	0.752527307960402	-4.13583440393033
NaN	-0.382873506460673	-1.07677458116274	-3.75026320326184	-3.05965576162666	-1.8783385360081
NaN	3.6994968811523	1.0215583288	0.0462301760481263	-1.92047055705565	0.897841634645978
NaN	3.66103804547015	3.97034368692524	2.13307256055891	-1.80191149168495	4.05023421639549
NaN	0.384305734016681	1.23012428907131	1.25549316809858	-1.60121333724499	2.2263417825758
NaN	-2.00293464083466	-2.86944803150847	-0.629408158308558	-0.654249411485035	-1.86304703973634
NaN	-3.13985467294794	2.43137929783689	-0.738573755887757	0.603196602071516	-2.62331161056274
NaN	-1.10537380619703	3.15240475627789	1.64365916729581	0.179812490548784	1.68760978964969
NaN	-0.429131354701152	3.11756392670143	0.0741137599302162	2.18366253199023	-3.76733927100419
NaN	-0.0885018351829348	0.146109328706579	1.37321538861822	0.38917272853982	-4.1966130474915
NaN	-1.06140268026114	-3.86436339760093	1.47308379858362	1.04121029220146	1.41985015404472
NaN	-1.94389679061514	-5.66031742262858	-1.83667385081248	3.48286402319327	2.34936358770813
NaN	-0.624567015005595	-3.40711622424875	-4.23669027960018	-0.0124366213303634	-3.44477097307577
NaN	1.59738804878587	2.11070054421439	1.48048271007791	0.947229648477071	0.796931282162396
NaN	0.585312321850652	-1.72216222585534	0.361647993664942	-0.655544518174973	0.299673138224581
NaN	2.88826480643078	-0.634736693253006	-2.29473356629486	-2.36646296686735	-4.91607689989239
NaN	-1.21678610757456	-0.205513836643442	-1.69961772943959	-1.7040261003939	-4.60249461647355
NaN	-0.0273100850654192	-0.795767777606766	-1.63395807343095	-1.75831738434097	-1.00249194815007
NaN	-0.0813898170299927	-2.03766567392815	1.91320125454745	-0.54154121511426	0.758374579139911
NaN	-0.279148039224624	-1.96958232313758	0.304811142535326	0.697371964770693	3.02856598893906
NaN	1.06101701836051	0.981694319113005	-1.03525037886135	4.50482924616652	3.44611187328571
NaN	-1.14359655140965	2.65895114090826	-0.816448667503672	0.0768851740471695	2.75849329037685
NaN	0.454675472073472	4.52706272888949	1.38663721045851	-0.339558736854546	-3.40838472778104
NaN	-1.53381294758557	3.50144093404796	-0.201457480773256	-0.936084022376082	1.6897568023889
NaN	3.98076518927304	4.59897675123074	1.14388540953924	0.407630478264248	1.75530174885964
NaN	2.2736465575545	1.49182429609408	0.0275060171973897	-0.956426153100585	-0.150112207954296
NaN	-0.492288913797708	-2.36386331450754	-0.74344602352708	1.4419086740197	-0.187583556512018
NaN	-0.245210640769998	-4.17880664717078	-0.893853404119754	3.01925157690264	1.94865670712005
NaN	1.60812763749327	0.277417256717049	4.62544882299299	-0.218095092271299	-0.110057575527353
NaN	0.00932823520770979	-4.90256156435897	2.1772784539692	-1.05018827450323	1.8932366576829
NaN	-1.09386759360291	-0.697141476194766	1.43598762636578	0.654971368616695	3.07248972263837
NaN	-0.849255272852582	-1.46372780768481	-1.23304452878335	0.166391229915065	-1.35230513831396
NaN	0.831802999493497	-1.04241761444044	-1.57839381450239	-1.01911386552636	-6.07886068692645
NaN	2.52069517941348	-1.73108159835959	-1.53678905005857	-0.539411089303839	-1.29725400334993
NaN	4.89956489196685	2.05491571087629	1.8202480708674	-0.312724180400169	2.95338180860737
NaN	-1.4339331906434	3.8465103945077	-0.0146034968773418	3.51734025704233	2.81632245693355
NaN	-2.48485327576552	3.61248138913263	1.22718792783392	1.3787200100466	0.363048935958273
NaN	-0.101210640548592	2.83076098580382	-1.00721042929111	-2.63659977599799	-0.696385808965517
NaN	0.403062126959563	-2.15851861370051	-1.69385663725258	-0.195403562058654	0.555143100606799
NaN	-2.7868972597692	-3.30918226827017	-1.33436594351918	-2.62317698901359	-1.26019934574148
NaN	-0.744122897698148	-1.79997896692739	1.58456887459487	-2.21810577362636	0.864188987207775
NaN	-0.579991654534936	-2.76670499479081	-1.26968453257601	-2.67466613997032	1.86283874697749
NaN	0.301765041033557	-0.0262373691336308	-0.89324388641637	2.46251379071653	1.66470878667132
NaN	4.29595180639697	0.196729215092028	4.02128451564003	3.55192697899457	2.48605031613237
NaN	-0.844846509918716	-0.15661547860109	-1.53289661562147	-0.328809967679668	0.311656504671363
NaN	-1.40585677757935	-0.72570104872087	0.389277255408908	-4.546717619802	2.83389306563907
NaN	1.47417684692945	0.334874540163355	0.878430841549587	-0.347227304168486	2.3082068391685
NaN	-2.45795324727383	3.16590594942292	-1.50326659386763	-1.26578709859975	-0.469163239517509
NaN	0.972862257342078	4.30313962976442	0.674352209816099	-0.386998488334226	-2.27338619489678
NaN	-0.685332788852504	-0.996232037866351	-2.27210938657725	1.79106898558357	-5.09529940915302
NaN	2.21861406067615	1.75764470740283	-0.871582762546214	-0.363484331292115	0.692306292523008
NaN	-0.0964002139767251	-0.806802999609368	1.62908882461037	-2.1507676004735	-3.48723920094863
NaN	-4.27299903666248	-2.13186412783735	0.421485285911554	0.0331533665159984	-4.25385732515631
NaN	-0.427852857491623	-0.627825092146852	-2.01870565978902	-1.43851696525047	-3.13324016395214
NaN	3.15272415437604	1.13581060986761	1.92527559413906	-1.00861714602342	1.28231735061064
NaN	3.30761560273675	-1.13965155227512	1.16353000900869	0.345639901744745	0.826829278897732
NaN	-1.83871549381555	-1.30353988448668	-0.206781701154478	-1.44133588679936	1.16205896247316
NaN	-3.386840302467	-2.25407902310583	-1.15519832950559	-0.20864977765314	2.57866287695334
NaN	-1.29861847488066	-0.0221545657220424	-2.32544717496756	-0.0860305799627168	1.94759213778301
NaN	-2.35216959427299	-2.25767849197088	-1.21999071848278	3.84768818594953	-0.809949140756398
NaN	-2.49185208530589	-0.901273332399579	0.027408242449339	1.54820968688909	-4.45980743691462
NaN	-2.42069273078009	1.53183468018996	0.0920375162231626	-0.211715161246869	-2.36337665674305
NaN	4.28905800538126	2.20003908981286	2.06497139199215	2.09643883451375	3.44309104134247
NaN	-1.16298040525757	1.99241600394245	-1.25004696401371	4.80932695212153	2.1440992567204
