NaN	-1.66024486834719	-0.980748645741001	-0.550776153205891	-2.56199011187928	-1.13799271878296
NaN	-1.1084360819732	-0.3769413698913	-1.20831894530614	-1.88187008483774	-3.13359943227384
NaN	-0.965833372881355	-2.06214083554001	-0.377906765760151	3.87518967989906	2.31567195626797
NaN	-0.418687640927836	0.902577343121359	1.91014333899471	4.34654823318394	3.71162436640662
NaN	1.35326235242343	0.394706852372365	3.97342612939111	4.0861550104547	1.54063375846182
NaN	1.31782219290388	0.943714472176615	0.361974132917745	3.34221429512322	1.73617253453856
NaN	3.70482325130576	3.29330637028475	-2.17846659012302	-0.672754200003407	0.276282248741391
NaN	1.67110421997579	2.45507989203671	-1.44944163325361	-5.15507982078114	-1.79498384527817
NaN	-0.0572025576067317	-4.35799488800775	-2.54536221030684	-3.61102413269834	-4.31810054988528
NaN	-1.73131103461782	-1.67036554979167	0.698988031675934	-4.35948074879364	-1.48424704482633
NaN	-0.393738932835087	0.551045936538341	-0.422537600744903	-0.6084291651458	0.0110999047043931
NaN	0.0813142560073393	-0.412116970210852	-2.05254317258896	2.32398281663803	0.460889932452333
NaN	-3.39888557605929	0.898731321950105	-0.331244292609036	-2.86179605051571	-2.76405211756189
NaN	-0.217478207466308	-0.624952170392397	-0.180586357077634	-2.42296699283496	-1.86723718088802
NaN	0.423624786846296	3.90633826724738	0.963050705903798	-0.231309471390337	-1.62374381368324
NaN	-0.902670143900594	1.62063346388044	3.75068888087462	3.91602000664905	1.89257308604672
NaN	-0.345267982658166	-1.41113623563497	1.36717761070794	0.599159884527986	0.0310210309739748
NaN	0.585840085007257	-2.51302054002324	-0.964954511891634	0.90604346880336	2.18564658774256
NaN	-1.23357619365289	-1.56995210599756	0.702241583679329	-1.60933180316288	-0.26439450217372
NaN	3.78556075485608	0.932664002045177	2.15786475469756	3.11255233660875	2.99353911988366
NaN	3.13938105422983	1.81263035733636	0.945746767517608	1.90688947391725	2.95014680243841
NaN	-0.712189006675455	-0.953254466365218	-0.949748473373932	-2.2345353471527	0.544799583586279
NaN	-2.96229686093837	3.29332610409524	-0.468127055215665	-1.07677612705875	2.5864539554605
NaN	-0.795730201672807	3.11108793119969	2.2452664839229	-0.462428486621225	-0.2672797038345
NaN	1.99117627985936	-1.18516234783406	-2.00210827452291	-3.66116196107464	-1.7807418889608
NaN	2.22736108627748	1.05291570489656	-0.777486893374499	2.86456698942522	0.434601565346502
NaN	-1.35286727366434	-1.06119930657224	-2.70355072323022	-0.514557847555682	-3.25371869487292
NaN	-0.595369524197813	-5.10787506230933	0.2000548118703	-3.57837732401496	-4.68299702157297
NaN	-0.522433305457732	-4.05782647303927	0.566766210343695	0.424501522292544	-1.09383318970593
NaN	-0.188835876814601	-1.37982823974432	-0.694555909015639	0.606699211538668	3.23199697897078
NaN	1.65069746143334	0.221276833635889	-0.694954676035498	-2.29805978396377	-0.881653180362208
NaN	0.625048882632412	-2.49614189417053	-0.580017598277602	-0.0453900145073957	-1.06085847677072
NaN	-1.95323858716904	-0.115431846145446	-0.881096513722087	-1.50738225433702	-0.915662956389085
NaN	-0.696549243393906	0.381802022312222	-0.580797411584137	5.0507055421812	-0.0901298465004314
NaN	0.903738410857474	-0.625807106920782	-0.780158988176022	-0.370601263560264	-1.37398168245152
NaN	-1.22006363947058	-1.26111568981119	-0.105852656034582	-1.67103904238153	-0.800322749383125
NaN	-2.18665767574596	0.396337339871942	1.86067000837944	-1.35136666124025	-0.87610089756418
NaN	-0.67162781671451	0.704730810784051	0.0515546409804826	-0.263775853930409	0.822186013394869
NaN	0.565462830489925	2.59522122315297	1.9239320840266	3.00031200948202	1.98798664024394
NaN	2.36110483879888	1.93431074605971	0.842879631223872	0.996356449676314	1.10034127386612
NaN	-0.799243028441623	-0.341916670575147	0.361579846028401	-1.18708052901193	0.670843615508885
NaN	-1.16964433501503	0.0822496421207044	4.98011332482598	4.18599460912538	1.85126984510833
NaN	-0.914260196596269	-0.52485904226334	3.65146659660609	2.24072544011332	1.29858843749045
NaN	2.04020779500675	1.13748762042146	1.98645009893596	0.709351560557786	-0.72524032172174
NaN	-0.235330632662774	3.65465698241485	2.00594690501844	4.53375300641038	2.12513671827135
NaN	-1.3402495344677	-1.60937148826649	1.55719601746351	2.25159420091818	0.876604578673765
NaN	-0.173548869506005	-0.47376143628263	-2.78117819352033	-2.5942989400893	1.26335841633118
NaN	-0.704364458460034	1.19461177298733	0.0472476943969929	0.925588170351514	-1.74316082932404
NaN	0.838713098796537	1.89320914165387	0.758161952409336	1.23603533295691	1.71513984820347
NaN	0.0410842056571566	2.59741416538813	-2.06797459425047	4.16592219587744	1.43856920495041
NaN	0.298661848561741	-0.209617948685553	-2.50062348862222	-1.74488393078051	-1.80115650339264
NaN	0.438945546255225	3.48418638026843	-3.38170792157879	-3.95990996229309	-0.765193194942893
NaN	1.27844056456256	1.88734397112577	-1.52563775918694	-1.99521388542252	1.21942984441917
NaN	-0.87691892653588	-2.67490701448275	-2.31707894779488	-3.62179870677806	-1.07093347152515
NaN	2.71696862100674	-2.23213009465915	-0.896886787459929	-3.07323519714491	-2.70304812895108
NaN	3.17440321393082	-1.15254896292836	2.74897146232266	0.314369276186762	0.0515073762314681
NaN	-0.482386245258905	1.74208437787539	1.36328960631446	0.79416072625922	-0.0704148879966563
NaN	-2.22196886384132	-2.07947305972898	-3.35112422908006	-1.75196299100722	1.85383398583632
NaN	-1.96628161665036	-1.81991944001117	-2.5880607954456	-1.51368280823604	0.628332128753257
NaN	3.12196740754993	0.687076465790567	-1.60119742361824	-1.07685164298992	-1.08667691792949
NaN	-0.79958394886116	-1.63189717832483	-0.688624554811924	-0.253342009387141	-3.16059893307787
NaN	-2.67502078655898	-1.3923002944727	-0.639973618517582	2.33031825568985	-1.44692205686565
NaN	-1.80738829530163	-3.81016494058559	-1.55682099081122	0.0453090716943623	3.11286149634147
NaN	0.469634569849113	0.165525560598067	6.0259603712087	4.06238657242882	2.651826159837
NaN	-2.06321888351009	-0.576419141376099	2.91844327834516	1.19424686158363	-0.256378301117364
NaN	3.9094449478008	5.01931178703692	-0.532441329469273	-0.930064702776667	-1.88654322620911
NaN	0.973024614990598	3.38971529074843	-1.53059762004082	-0.651933967328409	-4.72540602868131
NaN	-1.01214039950514	-4.16385049409839	-2.5548407005444	-1.03206526893976	-2.57282770891547
NaN	-2.5553693853668	-4.37189020528889	-1.46068849861681	-1.65793584927904	-3.3105673734756
NaN	-2.62690618452864	0.150201030943167	-1.09640865182711	-2.9043183192004	-3.87667857835722
NaN	-0.831462567392963	-0.626828348475966	-0.0396066597125661	-2.30775416825344	-2.04410220235688
NaN	-1.31940939006962	-0.868728649892633	-0.896690309336178	-1.17275143611498	0.186807760393722
NaN	-0.370172214710235	1.29432224422963	-0.935360565162916	1.08696583675733	-1.03238293793472
NaN	-0.0757873794913778	0.669052541555106	-0.588323732417536	0.813555420514673	1.88123364074401
NaN	4.50587755020238	0.713067303942104	-0.0176346542099406	0.5430557332243	2.60596923895857
NaN	5.03930556355962	2.13836065630329	5.59132255053953	3.11623307814332	4.21987303940869
NaN	0.762295595116474	-0.532141898669377	3.82437630573869	1.24224108064759	3.63619746363001
NaN	-1.30193985859257	-0.0348122912870586	2.04883352255237	0.127597653896576	2.97979117870587
NaN	-1.80687298585074	-0.408236979607292	-2.05167013081035	-2.07090282933989	0.52387369473295
NaN	-2.46687352222234	-1.5909735546899	-2.09815258392446	-2.67956319439519	-2.34843272298003
NaN	-1.53680145297351	-0.601568740504619	-0.114120903116456	-2.41900596428547	-4.7476957618948
NaN	-0.172595554092504	0.626465063361589	-1.70824481144516	-1.41324867878818	-2.71360754185088
NaN	3.48854095925429	1.15833094510951	1.02076640638408	1.28522275414314	3.19003549094649
NaN	-0.0183855370916731	4.11086994194901	2.45504802805749	1.64523401681166	0.396613227905878
NaN	1.30747625011216	1.9112552543836	4.26707370336542	2.83205887804233	2.33833027614735
NaN	2.00753187872578	-0.680794727560526	2.04666113285541	1.72250699166814	4.80565138819147
NaN	0.319746156016196	0.110007056360543	2.65922503648926	3.16156373698016	2.53844724871623
NaN	-1.53003248163459	-1.07847760862112	1.53504352779325	2.86495146677308	-0.50047340071394
NaN	-2.37186656571968	-0.767362628130754	2.08805915959862	-0.614635715588827	-6.7937174610704
NaN	-0.396042041615188	-1.28997696398848	-4.74484347736441	-3.02116818835212	-2.9040704338785
NaN	-1.15729573906518	-0.427595724362734	-4.67490433982644	-1.96180107140696	2.21130780258845
NaN	-0.56966887172083	-0.406953252794528	1.2348888385945	1.67836854654507	2.1545226702774
NaN	0.0818276464958186	-2.20305235799825	2.41868152851095	2.75780574374684	1.21091759761298
NaN	-1.15114805644657	0.129552439432008	-0.711055587015656	-0.75865133855495	-0.768274480262034
NaN	1.96868115136186	-0.51743484489388	-4.23594576164603	-0.764390035783226	-1.94596325211939
NaN	2.49630968141194	0.874582793070839	-4.00335727222532	-1.55923785225855	-2.71040966149135
NaN	0.680191818112584	0.0685849840434481	-3.11419006295702	-2.64699528387029	-2.56511906013134
NaN	0.369948334114211	1.43269200536972	-0.153550999985217	2.11530840651476	-0.253376608005235
NaN	-0.405069608239802	-0.136364666466897	1.58129254398573	0.189576563500396	2.16840636329908
NaN	0.400969146540537	0.521482107320096	4.71042509322639	0.743301056393057	-0.12322581058998
NaN	-1.66138968194257	0.674311411173464	-0.212371500613822	0.0245041166787565	-2.11954455258188
NaN	-0.606443793098877	3.16816070791448	-2.06130779423739	-1.68914229009736	-0.633496559413647
NaN	-1.38074583992097	2.11913621437595	-1.7357943282755	1.89787677664683	3.71933499582642
NaN	-0.678546603268456	-1.85463462827699	-1.18790254130794	0.685959295269231	-0.447017279632807
NaN	-1.01132293423273	3.1289539321636	-0.225246922349555	-2.59630828005169	-2.08055138974853
NaN	0.352439420767728	2.9788267761197	0.692893697569104	-1.98410303574365	-0.9580599749351
NaN	-0.527364941040584	-2.01551559806283	1.3867050119828	-0.418279282035414	0.0922398486922145
NaN	0.119037355299939	-3.38811914287813	0.956325534233558	3.34005158622329	1.40918561648114
NaN	0.171750486611734	-2.03523230719915	2.11320799963135	2.88135012799554	3.2345266103136
NaN	0.427072316394722	1.15389679280444	0.535411780390661	0.315937288041361	3.00516998721681
NaN	1.18804023580062	-0.753060080996058	-1.09336155391216	-0.603549199584685	-0.291400539654728
NaN	0.715570521397414	-0.910258446454008	-0.222633637615013	-0.951262164563764	-2.26140053811327
NaN	1.07730479963673	-3.03307128374592	-1.40432786812921	-3.36299250843737	-1.56912655287127
NaN	0.595327127018195	2.32613576282797	2.26076952314018	-3.96857172079321	1.09683574151335
NaN	-1.32625994192017	0.260315027075766	1.20678346017509	-2.79139823490502	-0.54153124190861
NaN	0.302160431288762	0.484527836885728	1.68302548807803	-0.861240100981236	-0.436261950697805
NaN	2.4984125598043	2.87088257515729	3.41788078402485	2.99893716953881	-0.394627251573501
NaN	-0.637453021962932	1.5247650914201	0.955313206980888	-0.677623679786747	-0.68527754107805
NaN	-2.29197622419902	-0.278738502895122	-0.381151401269112	-1.49360627882082	-0.985629117120921
NaN	-0.396422835631804	-3.90383650347247	3.78236031008404	2.26881245771241	1.06890590461965
NaN	1.07288110290554	-4.12924503223199	-1.18979723077904	0.387946898973868	0.177959154542354
NaN	2.22483820782837	0.311351130567164	0.0197045790496804	2.94180117984177	4.17315586679371
NaN	1.2845842822145	-1.11450320671998	0.591881318634008	1.51502461520012	1.98275783097805
NaN	-2.50360438765604	-0.810932152782052	2.27558422580422	-0.191772992709102	-1.02218049881553
NaN	-0.400517014340108	0.997229076438063	-0.383385631279671	-0.879054504787738	0.647882395123551
NaN	0.56269065301947	0.630226912388981	-3.50110331479704	-1.20193477092331	-1.22745984408618
NaN	-0.674647483379475	1.62199394696158	-1.3562327171609	-0.405102428945218	-0.734908264869732
NaN	-1.48629518031277	-0.739442436255157	-0.8628482072785	-0.718335249430347	0.413558373253275
NaN	2.62402643756441	1.42356225901976	-0.948381821536986	0.0614251419149354	-0.684687581242262
NaN	4.56819952354379	0.592891199233974	0.764537701936571	1.36144728379712	1.69717395520693
NaN	2.81748167571359	-2.78959017058783	0.193727051803365	-0.419571674857343	0.579255627587066
NaN	1.20650320910579	-2.97581320081217	-3.61438572586752	-3.64821301976376	-4.10897012977272
NaN	-3.23130887209232	1.3754947157638	-3.52322858928126	-1.09717503265467	-1.81180066229196
NaN	-1.7249776639157	0.10661870135365	-2.73185251761851	2.71819084948754	0.387298406899453
NaN	-2.28727848788131	-3.37619100567845	-2.23292332541593	1.96121944805555	-0.206420435855934
NaN	1.39521573027671	-1.74479478906418	3.11204771849462	2.5039345926598	1.43219224547774
NaN	0.141859234536715	0.265118688805175	1.55332720833978	-2.61393873938597	1.47615440262782
NaN	-1.19546431235554	-2.47560372518147	-2.36967698040935	-2.90487224817537	0.16694069494141
NaN	1.39948521141454	1.4208826365553	-1.96554738009355	-2.32656291299542	1.28416297957319
NaN	1.12760676798971	1.55856497622602	-0.665107441301256	1.18452456384521	0.0549896721041734
NaN	-1.75017600696761	-3.01919501937848	-1.24532321628751	5.13758838289987	0.874160654743468
NaN	-0.912842048130354	2.92652717815413	-0.223582899599808	2.74342291392778	0.226402320552665
NaN	0.951329760834752	3.63012575534796	0.341552348977818	-1.62650910528906	-2.28426242102377
NaN	0.396927974647864	1.21018563079959	1.99307536866438	-0.313843549609547	-0.0906258280623869
NaN	0.170956383769559	-1.71136403066712	0.22955378020633	3.98591931803319	3.9982959392547
NaN	1.79754494090392	0.100399923131215	2.22761394388337	3.09175551405535	1.19389152973576
NaN	-1.33159011989383	0.117186696568	5.43238237291095	0.855208723144529	0.631409537404462
NaN	-3.55835427453496	-1.28229469788963	1.1043240727747	-1.09766008159382	-1.7653111154096
NaN	-5.34026076729865	-2.24796318641383	2.31839319288626	-2.17557102942786	-5.35126386759685
NaN	-5.25436753773395	-0.0652554962748433	-1.62130068012917	-0.655239754209034	-1.8768543745968
NaN	-2.27998838614926	1.278188202061	-1.11974885299251	-3.11082329859521	-0.285532217540374
NaN	2.12396571700635	3.56614341140516	0.0711232946336097	-2.02056170031876	-2.30754384454879
NaN	1.0986694237264	3.76891049891512	1.49556437355183	0.270452830145935	-2.15384076790558
NaN	-2.69619849657938	1.0765212041648	2.72728731426939	2.02815085300179	-1.47147208493952
NaN	-1.9956103913564	-1.99544219359689	-0.457751444601936	0.00426553620222161	1.90122817615945
NaN	-2.35259080445497	-0.153509254430467	-3.79268927224599	-0.113066466927263	-0.908478674967396
NaN	-2.06750750425157	4.1366391823896	-0.0381524821673737	-2.36022861587308	-5.41137435354612
NaN	0.39193306792513	3.70883799039366	2.37129758898175	-4.23950996520834	-0.523484446504209
NaN	0.520044755294692	2.25078488868432	1.13321692078644	2.56213588584592	-1.44569268739419
NaN	-1.87084810240095	-3.2377307306625	4.3160878119212	0.175163086638613	-1.34125332373525
NaN	0.205012055247324	-0.595097544078081	0.596818032363291	-0.539626963152033	0.567175662404686
NaN	0.823049016113013	0.0903900144886636	-2.99253440187945	1.55218935839991	-0.606255104561442
NaN	0.312065706082728	-3.25280554799224	-2.33741489733623	-2.24409421359171	-2.00169262520289
NaN	2.99093197423084	-0.737548620305198	-0.401484625702755	2.54749281657424	2.40601078614174
NaN	7.84164220663512	1.33082555862758	-1.49093511537551	-0.978939687588835	0.83737185960015
NaN	5.39424457239676	-0.202984698247931	0.40670891400969	-3.72674779848326	0.965935103495196
NaN	3.17380436275886	0.227764002464094	-1.40320919768568	-2.9649207047929	3.17025459499669
NaN	-0.0626799442533596	-0.996879288107286	-0.878486773324272	0.216100867572362	2.05144951583034
NaN	2.31807346816836	-1.09806372077919	-1.15978183265923	0.635947133397964	-0.883912328425882
NaN	0.658066955069766	1.21110632427315	3.12936838959086	0.903525030082914	-0.341358537364619
NaN	-2.58231500404335	3.44911615628682	3.30291313700675	0.863172108509789	-1.02511362159557
NaN	-1.08011745718429	-2.59189969948279	-2.56671159057917	-1.34395462879981	-1.56853290015352
NaN	1.25907350638407	-0.523011419791645	-0.124261989847468	0.472714874610406	-0.185638866139119
NaN	2.12526897566824	0.831952395792817	-0.487614693193051	0.619357266786914	1.80034211498433
NaN	0.523437353929196	2.06228065649185	1.57674559009268	-0.0194248026247491	0.829126482802683
NaN	-2.22050682107747	-0.156473827909845	-0.366631289166934	4.59734295993525	1.66361144531253
NaN	-0.78784475353111	-0.652787424995031	-0.701506504863558	4.07322713227395	3.73872842064701
NaN	-3.21838410277584	-1.7837362729824	-0.369089700645097	-0.524822581024498	0.168035475608163
NaN	-2.02738029652896	-3.71092923324895	0.895250624722508	-1.45843391811957	-1.18988019501452
NaN	-2.14588012099568	-2.74944090757568	-1.67759447093214	0.0659020625081507	0.682780515481075
NaN	-1.82354613314273	-1.91874831985379	-0.176865547960484	-0.309381842777638	-0.267028814084638
NaN	0.871312213253632	-2.34580017762291	-0.933907742281509	0.759521709247265	2.96440116366477
NaN	1.15803961877709	-1.30890371894696	-1.76571586963411	-0.143186989221413	0.890129141666093
NaN	0.122399510320402	-1.69922921631086	4.55812049209598	0.579364912659642	0.71285899106563
NaN	0.972193273861211	-0.4107302572522	1.798616964553	1.05047325540568	1.79643033547173
NaN	1.05707249461863	-0.762019400407682	-1.91260782613345	-0.551854605498158	1.73017744824411
NaN	2.77905694186802	3.76187672887029	1.42687677245347	-1.66168666062509	-1.35520308526622
NaN	-0.608206560683043	0.552652160526057	4.93834308740866	2.28773773512686	2.23753176271411
NaN	0.49868923638099	-1.9106794609165	2.86719275628909	3.28210296796166	1.7647671758888
NaN	-0.119770938114401	1.01778916193732	-1.90870112589334	-2.04328672444933	-1.9494915562596
NaN	0.315187026395695	-0.19858754874514	-3.94926739141637	-2.55679520509735	-1.85204020397748
NaN	1.10061597552315	0.0581631439243455	-4.13105492067095	-2.41638195063852	-2.56343883329075
NaN	1.03416003541263	1.12424326888001	-2.13371729068085	-1.14873852198711	-0.494851315819297
NaN	1.86329034020111	0.24378081926046	-0.329579427850879	1.92065290546393	4.61432867819725
NaN	-0.551345129954289	0.79177446735921	-1.32557569346633	-1.04916855053984	-0.394917277109292
NaN	-1.28993764857559	0.126012916094013	0.10463981066632	1.1338366404902	1.65371954270025
NaN	0.260768944466528	0.0912096448222462	-2.71535609562644	-1.16297584992737	0.0601274558830761
NaN	-0.572673963197253	4.43611590341209	-0.342191593130808	1.34790123979608	1.80911949500815
NaN	0.161804308631817	0.0681824204891213	-2.85659047315295	0.371998048921658	0.457288260894139
NaN	-1.54125773973356	2.62136632422919	1.17211282669722	3.25544849715977	0.0992094957165289
