NaN	-1.50294390955326	-0.171543281992103	-1.01306754094794	-1.639018153237	-1.78162360510756
NaN	1.97165699605845	-0.223924636202362	0.108838593846288	-0.844135962659583	3.73253169799165
NaN	1.86853243235248	1.83488933951252	-0.481654059873812	-0.730182633802685	1.48283195244031
NaN	-1.31062371729694	0.771999364937231	0.506158079305742	-0.970278730008152	-0.472022550380059
NaN	-1.04942032640198	0.901161248706196	3.22811220806564	5.59306160712837	-0.118109711675126
NaN	3.89277075786789	0.0292168670217157	3.91873015634245	2.96007564431577	1.92213899074131
NaN	1.47768868425811	1.40628069319215	-1.94879361712658	2.64950357779816	-0.236962262926525
NaN	-3.60587350353511	-3.05964407495022	-4.47401063858473	-2.5030279475639	-2.95646057544783
NaN	-2.72150287444724	-2.86754848033279	-4.71129998127349	-4.40958368048157	-3.94963169520441
NaN	0.991303682035811	-2.66009260318187	-0.703110364295389	1.24578692004822	-0.396852936152979
NaN	0.765350077526837	-0.453032860737152	3.67942354617932	4.12258525635828	0.822385386163598
NaN	-0.765365025941098	-2.4793081052696	-0.47881700869425	0.469172719530581	-0.716152162748342
NaN	-2.39834837971111	-0.365669134941621	-3.53480836389578	-5.09201999681516	-1.30008519714168
NaN	-2.08947739803455	3.54432655382112	1.80704178571603	-3.8743372508233	-0.836956792269227
NaN	-0.448096792141441	1.5136892902021	0.243511574733811	-1.50335459068253	1.5873835225121
NaN	1.54892549931235	-1.85992316362413	3.0800528608701	-1.53988278503998	-2.10039922845177
NaN	-0.279196099858791	1.63350999170509	5.31489434135478	2.07553914136651	0.517342245735353
NaN	0.66153838307893	2.79156029083398	-0.437082975637564	0.516990060183278	-0.477192630779326
NaN	1.64670790919387	-0.284011940702387	-2.29141166794417	-0.220148631380469	-0.926034659441087
NaN	3.43469903306547	0.16140736204451	1.55707460970613	-2.06685207266671	4.68508263875101
NaN	0.170004556093815	-0.428637818313621	0.196016225204463	-0.423527852341768	3.03828125063188
NaN	-3.21008269116497	-2.43475248757905	-2.47818557930822	1.9920818626564	-0.727717437896843
NaN	-0.196734039195532	-1.73648655371666	-2.56807676344143	1.96805993020627	-1.61095729707002
NaN	2.23416217578669	1.55708362286334	0.218033335339176	0.223563011919905	0.0579299206004297
NaN	1.85341690555387	0.76505422087594	-0.49069386438251	-2.97426793180147	-0.447982747254973
NaN	0.3163444015203	-1.6028296740121	-1.08524960120032	1.260445677178	-3.47179894079536
NaN	3.687867706783	2.96113364263606	0.237217309755877	5.82784191706896	2.29833478037639
NaN	2.68090812945959	3.38660552902566	-0.317959747915448	2.13497988962341	3.87236446275065
NaN	-0.131462108459385	0.158283094621565	1.06191215301013	1.14999524815691	-0.33058565752955
NaN	-4.45887035076693	2.87995949402442	2.9428693250985	-3.30216830891971	-3.1011299930169
NaN	-2.10017781807871	3.86793587342101	0.130592513764363	-1.20280789295725	2.30000635921803
NaN	1.89562482501376	1.81937809185479	0.400521943216208	-1.46060763115969	0.673400719199658
NaN	2.11170966292722	-2.78060089775785	0.0747026583169164	0.77327889555402	1.28664285833878
NaN	0.694500567609254	-1.2564590762758	3.66314982611497	4.80140042481458	2.04306633590828
NaN	-0.829268673196028	0.58214854238174	4.14688155696765	5.04015502093251	2.36299368669646
NaN	-2.12015825490264	1.19939482314436	-1.64359283337576	2.28683456061547	0.217739238636585
NaN	0.209284303984892	-1.69342182524232	-5.37295702191207	-2.81906108297719	-1.5521139570418
NaN	-2.60803919490583	-0.0991024470282726	0.404404475498032	-2.84889003808093	-2.69302065262511
NaN	-5.82347072762811	-1.52460850741488	0.773714501437161	-0.11463421506928	-1.81040166382753
NaN	-2.70580123859499	-3.25021868665119	1.57634606139641	-0.644093567550724	-4.05142493039676
NaN	-4.19092686996324	-2.43468576454343	-2.9659878973366	-4.92358821158372	-1.336960192095
NaN	-0.721477683110428	-5.10732142558317	-3.69866867718353	-4.48103496345116	-1.84054443786658
NaN	0.654659485737822	-3.75223161731549	-2.41889367782933	-2.48219812507412	-1.9141290006402
NaN	3.32889953332291	0.364172488971958	1.92696871539598	0.941302888300413	1.95263050855615
NaN	0.671269318183856	0.61648960095572	2.07357180180104	0.318838684378603	1.3421112290254
NaN	-3.30994679235376	-2.55760055551627	-0.447439490792802	-0.576709932325359	-2.72899909051581
NaN	-1.12938431978337	-3.67843434759424	0.36970514829569	3.6621229910147	0.446102530209041
NaN	-0.190531196907904	-1.31442428892059	-3.0247441064509	-0.628884407360961	-0.700063847704801
NaN	0.0813933686189691	-1.97271937098243	-1.24378736159108	-0.669180320971739	1.47222747208505
NaN	0.764331226512164	-1.16457011684935	-0.296290479821259	1.24115873981557	0.904418023560823
NaN	0.533351375353965	0.713402881824425	3.79577346928767	4.15683475715259	4.05280744411022
NaN	1.73033931962848	6.89271139379834	1.26514785823769	1.95926248634557	2.28161703100805
NaN	0.815564091596156	3.49030066229642	1.17066160905449	2.59693225650492	4.36600674809867
NaN	0.71955071784826	-3.4987357516278	-1.88189829748354	-0.816261682972622	2.40413261867206
NaN	2.83738249036406	-1.16244565216584	-4.78061815730987	-2.83369390402516	-1.86846915308134
NaN	1.52927624270964	-0.340737220384841	2.70146228182759	-1.75953319153976	-5.06951947356583
NaN	1.03778597114196	1.91791417475835	1.43474663622765	-2.26348418979838	-1.6146117130299
NaN	4.61680403030749	2.23691981409769	-1.2623038650731	-3.32771260486302	0.941108897553218
NaN	3.72403938589111	1.60167501256572	-3.05834438397651	-3.36385324132728	-0.747730028631567
NaN	-1.6838919798339	-0.0605392430360214	3.3648595720757	-1.23009943614199	-1.53961349068584
NaN	-1.04214870639664	2.79992369913805	2.6342750426546	0.254533256532851	-0.916644952352674
NaN	0.476106550010917	4.57502725943112	-1.62654885636041	-0.283831685432525	-1.56744177591339
NaN	-0.00384357875222991	-0.768499945710243	-2.8346019593436	-1.63577923127528	-0.822336755556895
NaN	-0.239154518063907	1.29749936020792	0.679343511545139	3.36024607027331	2.08504290960484
NaN	0.700425764035214	2.78727895841944	-0.27458125180747	-0.301469843388482	-0.293713845684542
NaN	-0.423457155946813	3.30134229295418	-1.24530925712694	-1.99558823698663	-1.88505081240024
NaN	0.0549921173702754	1.57351088109811	-0.511508647971526	-0.90284079914159	-1.82974941450244
NaN	0.331726260419485	-0.606825196504427	0.998336349113426	3.81479754856512	2.79109524537589
NaN	0.907492579435481	-2.68243118281595	2.25797268856016	4.59545908554814	1.77451862465946
NaN	4.56055773653119	-0.639185004056128	-1.78163748754771	-1.77843673618957	1.38018335082207
NaN	0.273106296722746	-1.67651841016789	1.18081906930737	4.24422702308348	3.69900847865729
NaN	-3.17747405154018	0.106355740798944	2.07108161051946	4.20188364800544	1.28993180848643
NaN	0.159971228605084	-4.80323492935037	0.946210504016308	-0.402687141177365	-4.51611512099914
NaN	-1.57246045016492	-0.638378725445114	1.67137139975351	-1.71811264429573	-1.79607941598885
NaN	-1.38282864667336	-1.64068554469114	-2.68499899077805	-1.26415457067499	-0.475490332295344
NaN	-0.661619123798718	-1.62627708570961	-2.09287896953496	-0.947211625803135	-0.137826586557082
NaN	1.47965093871924	-0.103342416181651	-0.881300736618379	-2.4626833960716	-0.618321376943192
NaN	1.69720810132909	-0.321824345110062	-0.894229124029299	-2.04593691664214	-0.332730195014209
NaN	0.703598937308589	0.687410530892899	0.18374404474056	-1.14545470551065	1.28003571832801
NaN	4.24138914860845	2.10170891049034	1.28107463912737	1.02695406383021	4.38543649402079
NaN	-1.72881673149662	3.2727391095105	0.163393800623402	2.163345454694	0.114970613839583
NaN	-4.57839725245393	3.63550926866571	1.11628274036421	0.604024121031094	-4.31929121740025
NaN	1.64210439922614	1.4493170767065	-0.693497458283035	-2.98903543459224	0.0384967435422237
NaN	4.85173409681854	-1.06014254946311	-0.587197308236992	-2.13238995927864	2.25419285368435
NaN	-0.706837180852835	-1.79299084604795	-0.741757382969509	0.0311376608407997	0.219772881383596
NaN	-5.55534566585367	-2.77812109629863	-1.77627081139617	0.810745328632744	-1.47449868251378
NaN	-4.79941964814547	-3.14862976938937	-0.276527576419542	0.516453085069794	2.72141409396633
NaN	-2.49199081675416	-3.31329162230759	0.225465771709854	-0.138452752060134	2.92270041628036
NaN	-2.13125478877948	-0.347747635426294	-1.6550949859914	-0.601442579152507	1.49441034485462
NaN	-2.73640168782996	-0.726005648912316	0.0388574968646599	6.01777494344109	-1.0680164936239
NaN	-0.580285080717298	1.00497285282717	1.14963918415713	5.41803004004215	-1.04120569689979
NaN	-1.33972799773783	-0.0513919704798242	-0.527862336447464	-0.883275994582994	-2.31947155504945
NaN	-3.67953673377978	0.766489807823868	0.782676715724151	-3.7545380476872	0.66221887770315
NaN	0.697079847527215	1.17924623394117	-0.952430056206703	-2.02368916850583	2.16797917576848
NaN	1.55148603006673	0.781350133287033	0.0765019312400011	-0.17361621368651	1.75633208125797
NaN	0.352187495249871	-0.490699754621035	1.33792167093815	4.31604548542598	-2.21507696378832
NaN	0.471779751671086	-0.537448164051411	0.719994134860777	2.42511303281657	-5.09145107777916
NaN	0.360397823383544	0.965620448505475	2.44722190344243	3.26798959629789	-1.33738757822492
NaN	0.301695241391469	1.06861103361429	1.06799368794374	-0.0077264405675521	-0.110275565650036
NaN	-0.882361736780769	0.571253933200631	2.96465695431702	-0.402654593110542	-1.14151843262754
NaN	-0.371047629130195	-1.15948133443455	2.17803722309817	-2.74339379938545	-4.05092192882714
NaN	3.19714361130486	0.645288977582715	-0.481799026918651	-0.820521733465371	0.292448301007295
NaN	1.63155126767867	0.881630717336119	2.49177751600792	-1.46545856014225	-0.430299276669655
NaN	-0.301141699576516	0.324923544094412	2.58905080496793	1.58335870643436	-1.19289215846622
NaN	-0.388870282212677	1.82419316398413	4.5294213821693	0.172002296315945	-0.728317356943292
NaN	1.50345942886651	2.51032303789116	-1.44113599981554	2.00921269093202	4.14898453858764
NaN	4.82003718180516	-0.372013820555171	-0.655666790397571	3.31604897069896	3.37814359712454
NaN	2.41154274822661	-1.92528036960084	-1.86213499432678	-1.56460016484662	-3.29969949976727
NaN	-0.825521286604587	-0.20143208584408	-2.31516500899861	-1.6603657347471	-0.511062694944012
NaN	-0.157874576317478	-1.47628114664806	-1.47589787387436	-2.04243073013118	-0.113613047966567
NaN	-0.0541161914221927	1.90767502136393	-0.77858225551448	0.260867971977728	-2.00894592544002
NaN	-0.270908295476781	2.66336922918959	1.13782451569942	-2.53872356021128	-1.89732011926923
NaN	-1.09951791636769	-0.00712234658164299	-1.69058867335852	-3.24511353234728	-0.277019940900805
NaN	5.81568981892678	0.964256601631572	0.138280670428037	-1.94856361001262	2.32867325124322
NaN	-0.139267463289081	-0.687658608920308	-2.00412366461342	-0.817230713002211	4.54582395858157
NaN	-2.17576924202822	-6.62087461558595	-1.97396528847729	-2.29471623448987	2.87382642444385
NaN	0.685806726342882	-3.44671665239714	-1.69087989681102	3.10405686825237	2.23898299055455
NaN	1.65358271123585	-1.15062170992473	-0.110046103963434	2.72500745977661	3.02601117217277
NaN	1.374207005963	1.72119179207028	1.91978674843702	2.68056180621368	2.26883839507926
NaN	-0.52140369324874	-1.42635101316732	-0.814537941049756	1.48900552667713	-0.842415072757178
NaN	-2.21790217357874	-0.259374506106985	-2.07032052925308	0.553598691809445	-2.81576961260929
NaN	-0.556584872447723	3.63907394500918	1.986571124648	-1.49062113023695	-1.05751989589846
NaN	-1.27713735336648	-0.650602243526321	0.00321059386319883	-0.641190486881889	1.65845560705166
NaN	-0.085671444867975	-2.92215625046456	-1.2081357325454	0.969157786076023	-0.295635618452801
NaN	-1.02949449925997	-4.95508915758498	0.607718361679909	-1.12113045206161	-4.93003739209744
NaN	-3.06853919251346	-1.09321698068971	-1.16756075605989	-7.78795080597362	-5.4877473494553
NaN	-1.15767029380634	-1.8573400228823	1.11167789316394	-5.24223577903273	-2.67599862533628
NaN	-0.590875013408651	0.964138758683849	1.12214411430853	-1.80164557287652	-1.98096994225159
NaN	-0.942927671660329	0.379769301259223	-0.908057945310918	-1.17742482016327	-1.42390289987531
NaN	-1.44481773641283	-0.314335549403421	-1.01562533456159	1.64391322891218	-0.17195384918225
NaN	-1.37918210739679	-0.678279274844843	-1.65262700160845	-0.638172202326817	1.24509023728469
NaN	0.548098331258272	-0.523459840951896	-2.33554875074291	-2.76590921819497	-1.71474778549843
NaN	0.717727814407217	1.35562032963306	-1.96399552205706	0.40191157718979	-0.89656050811411
NaN	0.401980265986677	0.740694930003173	-0.715216178420904	-0.160895522468553	-0.150443114862457
NaN	0.701971402462123	0.220010082562953	0.129951044790231	-2.22241095189659	1.06456814720557
NaN	2.19757643623916	6.05485686920769	2.28137165246409	1.05934467390778	1.64218380327176
NaN	0.85428688808473	5.02244341293782	2.05520137263026	0.785295559305731	2.16834034014051
NaN	2.99788121791281	3.99592915075185	-1.78390849695818	3.16988614420553	6.27502192522955
NaN	-0.556020199386838	-0.377284504336878	0.498666114915189	4.54219028354335	2.28756849961088
NaN	0.00237802530630586	0.650529399858098	0.265117295353918	1.08971751978354	2.74226610085096
NaN	0.448045183836669	2.15222100451306	3.25663657396377	5.17795405648172	4.50571734815883
NaN	3.83637195475015	0.723704388977698	2.86610525357853	1.04497723777372	-1.44805653276247
NaN	0.514881832682253	-4.79892659584372	-1.94968143643238	-2.1782598653581	-4.03863496060946
NaN	-2.70299852750314	-2.32558053387525	-2.37610366350916	-2.07419891505092	-3.92560198994147
NaN	-0.486394589938034	-2.86233410917255	1.4728339653954	1.38069151562275	-1.0717877289658
NaN	-1.25400644472487	-0.465559342134649	1.57498269834349	2.95636434663082	1.00714806901371
NaN	2.33353179921167	0.397725092161607	3.33056954808365	1.98412000217124	1.23347758681687
NaN	2.67548535856062	1.63716998269339	-1.84803261384129	-0.0327596647959941	0.997470816113036
NaN	-1.5977861848567	-0.523956340852283	-4.04835127277604	-0.881051406554622	0.863982460516544
NaN	-2.12053461914225	-3.00480806187708	-1.07887939677809	-1.16860680983621	2.01741533667743
NaN	1.54232976068855	-1.27011030894962	0.0131302716839482	-1.05928575798618	4.30162281946051
NaN	1.91438355455628	-0.470582558462371	1.25257091423915	0.0806362546998004	2.02857915380658
NaN	-5.28375584566589	-0.0206894450124188	2.24362658092949	1.2513830554867	-0.644935962746791
NaN	-3.2199289996112	-1.60790123475977	-0.994834103728796	-1.44947408217108	-0.173984780673491
NaN	-1.09733868449591	0.296459004872746	1.38672313628763	2.25005526740757	-0.874172953482111
NaN	-0.40326596465542	3.56809676159342	1.65890394741336	5.2539156413402	0.610387120044889
NaN	-0.604347158368359	4.21114304853527	-1.67939828633155	3.54134486841108	-2.892727347006
NaN	-0.297292531982057	2.38043793935651	-2.17020040711661	-1.36024934788854	-6.64370060839652
NaN	2.44137635955656	0.7780101870264	-0.155471888801864	-4.32086965677036	-0.440358384492746
NaN	1.83477414522357	-2.65338852950534	-1.88874777165368	-1.99978813977454	-2.50529711937323
NaN	-0.800438456534753	-4.58137351724811	-1.3136172276075	1.27650560462002	-4.09050372465084
NaN	-0.742876920968218	-1.62624219643464	-1.16037397059715	4.80930654062811	0.731094564282097
NaN	-1.17942088004042	-2.08613327903743	-3.50369914258276	0.372007417459226	-0.900769272629228
NaN	2.4807685472766	1.17464747808482	0.496696460882785	-2.82577056337957	0.050318868599834
NaN	2.92391450923181	1.98287847259995	-0.400195058829545	-1.6239665191307	0.0142591849136956
NaN	-0.708425758699285	-0.946508117614821	1.08915895426978	-2.65414437666684	3.1539527598645
NaN	-0.872633189747687	1.04622903123767	-1.18454540730343	-2.24295069947397	-2.47903461589544
NaN	0.350861345631809	-1.90688298947777	3.85438972057533	-0.0329488194297071	-2.75143124028905
NaN	-1.39995418751835	-1.39381781433879	2.8978766874333	2.48123300213382	-1.47143977856842
NaN	0.577115153594936	-2.2445884311643	-0.635477586688499	-3.89992418975682	-1.29568956097772
NaN	1.27178348642913	0.717634638800718	-2.24945720500814	0.424007009242615	1.46017337706304
NaN	2.9792541486628	1.42815730337905	1.73576230401673	1.59606329219322	2.26803452298924
NaN	0.111828659815441	0.0423252838679577	2.75399194433082	-0.0439049171723322	-0.0848099497947802
NaN	-4.35988486745662	0.443067787622043	-1.85011099265595	-3.58299463407315	-2.45369245296729
NaN	-2.60737138256032	1.22149189147117	-0.652886302063659	-3.14476716498315	-0.21733592590053
NaN	-1.73117104666958	0.370867678356303	-0.440350221594	-0.506901758521426	-0.789578692289427
NaN	0.618906069301762	-0.18513277536611	1.286489417822	-0.365962859808458	3.69594334744597
NaN	2.32945763742325	0.0605795882985465	1.79797337698945	3.7667046064634	3.93410278367478
NaN	0.460390821074041	0.33894949059523	4.39182759863313	1.47732999366152	3.27741191476475
NaN	1.09092891237476	0.674107722939081	2.40809878167449	-0.101356784581383	2.9333052534874
NaN	-2.79506730409203	0.967569687572359	4.01591680555746	0.425255250483381	2.72976245907484
NaN	1.07134452805696	0.935545119451855	1.84715961508637	-1.39969465722373	-3.87329144875742
NaN	0.101295905366476	1.35151167296748	-2.26759998524998	-2.35501817640202	1.92261201533988
NaN	0.144912474143366	-1.85568351273999	-3.81267148373543	-2.68176969173731	-1.558820061621
NaN	-2.88090738547356	-1.29218505847675	0.754603969076434	-0.0940450933432798	-4.81955453126419
NaN	2.42657510593997	1.74989018354239	2.75501221963482	1.47045068710548	0.82667521917846
NaN	4.4071471537692	4.2050444237249	0.808219415470756	3.33586172254028	1.23439710032019
NaN	-0.899277377597316	-2.12888498286694	-5.37932327439319	2.24398310245995	-0.570731367842907
NaN	-1.41984298409017	-1.01963725775723	-3.27107548495845	-1.66063593292663	-2.35814533330306
NaN	-0.793987828823096	5.32978267857408	1.96310070753451	0.358422745553878	-0.820093408035559
NaN	4.3159009181765	2.82441293523416	-1.59495162703574	0.33467803010153	2.50360533406002
NaN	-0.935707397467465	-4.03845425978882	-3.08381451795374	-1.06489748710176	0.451600970749296
NaN	0.800006286173185	-2.9265485989536	-0.924637353437643	3.44209793037312	0.663740938226911
NaN	0.457306254420855	-0.68568660005078	-2.71627795427284	3.46074254281534	0.244104155404575
NaN	-3.79618632594161	-2.3693595065993	-1.16671024811734	-0.285665299484379	-0.948189968874765
NaN	-0.136139027048101	-1.05017139139486	-1.66528577826952	-4.23851448842707	-0.814065439637567
NaN	-1.53835961664763	2.63077507469431	1.01905490757709	-1.51287765214718	0.0449536110658522
NaN	-0.529745303682994	3.37219138918276	5.61455882891144	0.407711043948319	2.34768518078976
NaN	1.66478686510201	0.50580748964145	2.11969274931128	0.621035821248633	1.69219794980944
NaN	-1.51117806009945	0.967908643165892	-0.353144717609609	1.74754464595208	2.61386154513742
