NaN	-0.895230129292477	-1.80245902650028	-1.5086356314006	-3.58445435519904	-2.57840262700012
NaN	-1.5199842222531	-1.73342256310724	-2.37824707108209	0.347758249212135	-2.13386304889864
NaN	-3.06446301031914	0.0917756053842993	-2.02217549905434	0.367783109754941	-0.889346638580046
NaN	-0.878881558969829	-0.320546090554747	1.10198775248662	0.247250715093852	3.5419845985985
NaN	0.314891987050924	-1.35785019573272	1.01987316383111	-2.01506504424947	0.981721597501374
NaN	-0.852127332129112	2.24814439846922	-0.317982593894783	1.6325370936636	-1.60481410926652
NaN	-0.580554052292864	4.3523023253621	2.02499285551313	-0.418421852554494	0.449374142059313
NaN	1.49284927823122	-2.05371577790064	2.52968812418809	1.81832046388082	4.01441667889959
NaN	1.50402942540971	-2.01059989565542	4.39478735991389	3.23847228745243	1.43220610550938
NaN	1.60702252071127	4.09883717382959	3.48392520461595	2.68340931692461	-0.18714825045756
NaN	4.8230951187299	5.22030103746559	0.151145429604048	-1.52421767468218	-0.0183216461144897
NaN	-0.579402241894245	-0.495616231769107	-2.09281139265257	-1.19255592499977	-1.21189417342281
NaN	-0.403812241674933	-2.14635466812944	-1.46128515733238	2.52438256724687	-1.37897376711405
NaN	2.98836709899991	1.21648947897332	1.35585717200714	2.4213443079328	1.15713988479921
NaN	0.74861725477351	3.05633064124733	1.77666123094193	-1.21954279661567	-1.44457883261192
NaN	-1.00422836755974	-3.62687379433316	-1.56101155899863	-2.06787112233698	-3.34882364903147
NaN	1.99065022043343	-2.79652835844914	-1.05248327969518	4.18301324634139	3.03986628418263
NaN	-1.79376765063731	-3.23121970653818	-1.29689403891011	-2.95215525210364	-1.32338319359429
NaN	-1.4157262610353	-2.19676265911568	-3.48193335190075	-5.14135847026455	-0.962968700277052
NaN	-0.680051464262009	-2.08412736107125	-1.42735834501153	-2.01282496716668	-0.599879926100767
NaN	2.9039213795588	3.63347966296919	-0.83459660741537	-0.770311825875739	1.66405483701037
NaN	5.42089776087327	4.09483350482943	0.603611598333136	1.25727749715792	2.76699202818852
NaN	2.34423101746482	-1.03291706221326	-1.18824338809637	-1.43600998432676	-0.241175987065984
NaN	-3.74890763416732	-3.5131714492803	-2.7610573710072	-1.82897461316554	-2.89321287029851
NaN	-4.47243597474723	-2.32381190532573	-2.30328734690533	0.294706069311659	-0.898989031454868
NaN	-0.989461013489599	4.24098185465132	1.3904020491409	3.19363324283079	1.69637342236421
NaN	3.22649648954353	3.05783085668912	0.210750860474212	4.26167754971569	2.56101134339323
NaN	4.48132972968344	1.11376422300902	1.25118521762471	-0.938079211870233	2.16458122907329
NaN	-1.07813356906372	-0.257313979702976	0.064373943008487	-2.67470763614731	-1.59517914943977
NaN	-4.41994099594305	-4.19612256034317	2.02487705499995	0.388127189656905	-1.50075770702751
NaN	-3.30162464380824	1.90671950921452	4.50377061272313	1.58228425308133	2.72973974495571
NaN	-0.835448482652135	0.347276534541346	-0.649001480862149	0.841373685196985	0.529351077320747
NaN	1.37171428852563	-2.18753571033006	-2.79739845297519	-0.253394994429848	2.25305253707556
NaN	-1.86125152092102	-3.49195204436348	-0.219670547181331	-0.326400065904211	-2.79646669468352
NaN	-3.96669337187291	1.83788789566891	0.453261880243848	4.39259366411832	-1.32882864986028
NaN	-1.65671739560095	1.75166602150513	1.86104467353482	4.45311197590444	-0.904165887908923
NaN	-0.95366418895702	-1.05561834263617	-0.175363302871872	-2.14487198716551	2.0491606398319
NaN	-1.94936783522643	-2.91726098083496	-0.930957973282104	-4.70598735346215	2.18788326911248
NaN	-1.66924437092832	-3.22127673121128	-4.12315252125228	-2.05461095357865	-2.09944778120888
NaN	1.49177512449582	-0.489331191973494	-0.540167931811676	-0.590132681994122	-3.84668214141692
NaN	3.18603137534976	2.82638190607138	0.586284496963502	0.756234100226926	-0.465747835600957
NaN	1.13881951034928	-1.52449815476218	3.26371837585046	0.502090771887142	-2.1562641163551
NaN	1.94781776522262	2.74066102660937	2.93055404156017	1.469341269692	0.723529678825444
NaN	2.86168058582209	1.76739716116776	-0.601598965922573	0.487119300489322	1.21052185821754
NaN	2.77960976841633	0.944289463047218	2.90843282137249	2.84229476685653	1.1805131072557
NaN	-3.41830982552543	4.19327330033909	4.41382442223012	1.21996344983897	-0.710738568112552
NaN	-5.03935604344353	0.548821168446293	-1.10158679717685	-1.55192150161034	-3.57601475892886
NaN	-0.598254879793449	-1.00455604715699	-3.3726864053953	1.20604735149863	-0.586078732505009
NaN	2.12167833719712	0.88886457176978	1.09588304052013	1.40596144139145	2.07183531233666
NaN	1.7030998510747	0.0285665681714163	0.841036538661245	3.75801130768029	1.52217530516046
NaN	-0.35055905516221	-1.49302969561775	-0.988628297347131	-0.0912883535668785	-0.847913644358386
NaN	-2.12053099591997	0.154533740132103	-3.19802222268642	0.467643347522217	-0.248662928461928
NaN	0.496403976542787	-0.36543076007115	-3.33023511468212	-2.28406026982453	-0.647655514780437
NaN	-2.52305734795976	-2.96692503016723	0.984438260082985	-4.8376658045394	-1.07457679306643
NaN	-1.99148756755689	-4.11902150727937	0.0583180664410942	-2.31978280791075	-1.85937202596408
NaN	-0.354078383816382	-2.97460961545222	-2.68707524527825	-3.73234481345609	-0.678903615501929
NaN	-0.984898931464703	0.550274239160175	-3.20543992249481	-1.66913647354816	1.24605018863053
NaN	-0.714973085193934	0.243627533549287	-2.59951280160246	-3.47927080618699	3.11897138312905
NaN	-3.24765513076962	0.235093976734931	-2.20632429133478	-4.6194915896699	-0.510344974586663
NaN	-1.36503292972288	4.88016160936632	1.68812632401601	-1.7302224308444	-3.50454655408946
NaN	0.696935898497239	4.072654541392	3.33162974011199	1.30110562686792	-1.36054942960211
NaN	1.73757500529582	2.08444899268109	0.850876131582479	-0.0250307066367031	-1.22803993857311
NaN	3.8892347889223	-0.339051016094619	-1.08955932640253	-1.63795419357922	2.30338707902099
NaN	0.388092965371498	-2.4958224027171	0.706668662933403	-1.12681823216984	0.0293844227549971
NaN	0.595625911414992	-2.45029063138906	3.38426720013803	1.09941112189944	-0.167429565681276
NaN	3.56154054156906	1.49173734376916	-0.847910204861773	0.222803364336014	2.97182310065434
NaN	3.38675358073072	0.267082013652043	1.2808718850969	-0.114285339744818	3.48600463629592
NaN	4.45716184095757	-0.587145458300969	1.11064092728193	0.841360996053796	3.64822171766695
NaN	0.219159618733762	-2.47506303523594	0.300766601932275	2.09866146461318	-0.30044465487288
NaN	-3.57085672749447	-0.0453638307310865	1.89295744650355	3.16227315051794	-2.44073934120648
NaN	-0.984030766521786	-1.83102075546017	-1.25188330920577	-0.0627588475425985	-2.27917611154562
NaN	-1.77898456384439	-3.09885337005484	-0.394974799542341	1.59498355274678	-3.54134748567839
NaN	-1.54327396268066	0.0768972791013288	-0.432887881728997	4.28458771144424	-2.2800827831195
NaN	-1.73058950065531	-1.55080537434284	-1.7853754361203	2.25520082689758	-0.483217837118141
NaN	-0.382434178146146	0.0388634341602015	-2.12357060819535	4.50074954042401	1.83381704881198
NaN	-0.584373769788081	0.391320596512183	2.06554122729888	1.43329056001041	0.197772466178181
NaN	3.44102472877392	1.29975528335912	0.0347380962920707	-1.38420519534835	-0.00278727122174744
NaN	4.60527472561592	3.42153882154564	4.91366325467781	2.48969675380275	3.68830250498121
NaN	3.43008838191346	7.12243216900828	4.25092042499403	2.53771159291339	1.87414829139887
NaN	1.71973264008562	2.98751398799284	3.74244187313819	1.85269360955098	0.883328049254669
NaN	-1.55686604341786	1.38012734961003	-0.195389173222207	-1.98925475634958	1.3451285680193
NaN	-0.991572609920896	1.53931078503853	-1.94850696590094	-2.79680914124053	-2.02217861430392
NaN	-2.12563920036851	-2.59204673739841	-3.59096775839343	-1.72488866334022	0.875114589795267
NaN	-0.644102072760476	-3.96201231055202	0.586334784949481	-0.614793533275726	1.90781657334864
NaN	1.83255119426818	-1.41877305502986	2.33375506912093	2.91603445899108	0.133470708191907
NaN	-0.201463450123477	2.82835991110734	1.60244557887443	0.127695538839526	-1.75012239585943
NaN	-3.6807054200328	-0.121828652848461	0.576795125480636	-0.305586693701567	-0.960770001201611
NaN	-2.33862008251539	-3.72245948371118	-5.44338397584659	-3.54840743149351	0.147393906869874
NaN	-0.483196484298008	-3.02284246881265	-2.27695199236855	0.260631803222468	2.05495664285191
NaN	-1.90845522729869	1.28094843842424	-1.37032129799809	2.35492578185573	3.62000355159602
NaN	-0.978836102170785	1.47057730857194	1.25710586185517	-2.40034874674622	2.50008310863473
NaN	2.51641452970409	-3.03044927134184	-1.08495939112172	-2.76058091546497	-2.34440020462506
NaN	1.2326186039772	0.996881968879856	2.96840716197909	3.08501075184197	-1.33017146256419
NaN	-0.764563749881597	-0.853176416275219	0.15307134151612	3.3691967693737	-0.571511860506219
NaN	0.739378854316276	1.85608093491045	-1.62252656724941	0.0515652703391671	-1.79707931596255
NaN	0.170770505081507	-1.3599033326634	-3.82898562681442	-3.33660749062828	-4.73336674736327
NaN	-0.155644231315162	-2.35916735898337	-0.722587513249876	-3.96494454069348	-1.48714826612769
NaN	-0.621274666430983	3.75528922403612	-0.00943917140938526	1.0391841539187	-2.90815169328734
NaN	0.790386838389894	1.20363666177931	-1.16206160360272	-0.381583594193592	-2.79859070176579
NaN	1.14719461464464	-2.65415836285351	-2.32749193153401	0.691123281067323	0.021508709326774
NaN	-0.906603029710731	-1.68079769578732	0.806625712841499	-0.0591969925103586	1.22049185894828
NaN	1.02124250476367	-0.728724785183846	-0.459220405724469	-2.69912582801344	-0.781717073709706
NaN	3.71635769839971	0.925500175404201	2.13602122834354	-2.64057451818514	0.833503186250511
NaN	2.45008524581969	1.62988800666959	1.4323881054874	-1.09804793941152	0.73674676793193
NaN	-1.33942736173716	0.312242542212813	0.239838210330384	-1.63387289859605	-0.0724956894251601
NaN	-1.67388397924239	-0.797821863817203	-1.86727912707726	-2.27000689814685	0.852089579049624
NaN	0.604077951975332	-1.79834188763791	-0.354949544294345	-0.304256832062122	-0.322582704856003
NaN	-0.409765427848902	1.08847617089143	-0.624219847512137	0.399518278760147	-0.1697460898578
NaN	0.406454942185655	0.453541676103753	0.341887503793443	4.67164163200382	2.79007572932049
NaN	3.1977046246602	1.10850680678458	1.45152549595851	4.10011773399479	2.47885329616879
NaN	3.22103925754622	5.71331969815921	4.51364402487859	2.188146554781	2.71821380569308
NaN	-1.96108545242095	0.433232848626142	-1.83341169033334	1.04789956413104	0.725775062415783
NaN	0.337059170941342	-2.52593760097555	-1.37096315435735	0.271863216449524	-0.508535608262747
NaN	2.12798213592811	1.56979511192856	0.570143457486664	2.64304817841146	0.92605117957696
NaN	-2.4652235071106	1.57154217230569	2.06824306712492	-1.77353143130074	3.55070202882694
NaN	0.520761923352835	-0.0752959545171773	3.48873773568581	-3.38089559350187	0.286700623902579
NaN	-1.93305243205594	-2.55481747701233	0.486553719729318	-3.08853185064102	-4.24530976677397
NaN	-0.70755184191901	-0.0862001989157974	-1.8525961774298	-1.6706039846439	-3.45479692325134
NaN	0.234162559441448	-0.256812359473075	-0.498758364554428	-3.94713099457859	-0.566292683456324
NaN	2.83501223692573	-0.364810764628974	0.675892937580443	-0.993027180646754	0.943558225133315
NaN	-1.99145961233982	-0.339049685110401	-1.08012176656495	-1.05879133153949	-1.17932478187053
NaN	-0.694048533893356	-0.397370297528448	0.163920114903722	0.295206541719438	1.03937445968112
NaN	0.282633629019771	-0.101498732376256	1.53759133003076	0.337855263366083	0.203543693252578
NaN	-2.54691639887269	0.887923919116718	3.48396457726417	1.77718206461553	1.09568140133548
NaN	0.0634230641472177	0.341224118055094	2.4175093596379	4.72982828592282	1.09953512304186
NaN	-6.15105433923651	0.943410707291246	-0.546924651891062	1.05586979775706	-1.15942628271587
NaN	-4.96198753925801	-0.844420825093177	-3.60920681377517	-0.417662502179576	-2.4060581679372
NaN	-5.17174953693906	-1.39948445221662	-1.11745476326538	-0.776847140024728	-3.68537432940022
NaN	-4.41960877101508	-4.61148193204432	-2.21269384425508	-1.39385578683141	-2.64705407887389
NaN	-1.60509650195931	0.465746500309613	-0.110712864031292	4.17669841416562	-0.133062787431084
NaN	-2.0505617806311	-2.80360538424078	2.62920379734136	2.04095391595976	-0.677264269413513
NaN	-2.47001000693548	-3.63983175922294	1.5584280205333	-0.314782946507543	-1.4680120727926
NaN	-0.833948617185567	-1.11087092272479	-3.91937625617412	-0.671336319188457	0.592735800114372
NaN	-0.178800281286304	-2.06695704105504	-4.39895177032237	-2.27053882964077	-0.227748572164446
NaN	1.03126694314055	-1.48719315063094	-0.67050633052572	1.52861333374728	2.02947146714865
NaN	0.494958899196832	0.252419959195444	-0.34563946543358	0.282398972535746	1.36462490295414
NaN	1.36505756594804	0.452157709280864	-3.04754100528515	-0.648594101947256	-0.30413870426803
NaN	1.95766859925619	1.26351351955627	3.90039978260884	3.14746275855268	-1.5059990455463
NaN	-0.75823867914301	0.877623690099476	-1.09826165954539	0.285760471684166	1.65953618090323
NaN	1.51006562921071	0.440591478094868	-4.16928974679613	-1.4073905686031	4.00177388596762
NaN	2.71610368439821	3.40843314180949	-1.37052142923566	1.09209713376824	1.23881608821408
NaN	2.96593451745388	4.46334506094432	1.56741122397865	2.13925715736555	0.479269386101452
NaN	0.739170331072724	4.11174754898296	0.519137222425885	2.58882481541871	2.17440238312323
NaN	-0.0786309449697747	-1.92765001920946	-1.73577459718562	0.316794338038364	-0.522669207616259
NaN	0.875961157296821	2.1313980735205	2.99094367418848	0.813077785513776	-2.01081359888223
NaN	1.65663835780714	3.26655064748828	4.54529720472068	2.91268054052182	2.14673603837457
NaN	3.08783979410363	1.52237787135289	2.37803814696657	-0.59334785414533	-0.343754735604185
NaN	2.88486532052934	-1.66173408137144	-0.600896584644089	-2.49199574376203	-0.61225096471464
NaN	3.26705134003644	-3.96563316353865	-3.89792195483204	-0.784058978737478	-1.86075000852437
NaN	3.2971976345701	-2.14709668808798	-1.6614751050105	4.29748287553401	2.88463768167663
NaN	5.42824034044142	2.19542058799735	1.57977624227889	0.61170716347048	4.98426165239766
NaN	2.89328843775906	-0.74524347172521	0.93461499205167	-0.912001785977259	2.58911633802993
NaN	3.28769100836384	3.93452427936011	3.55016367345379	0.733828979868101	3.06811646202226
NaN	-0.197606560016789	0.0155071242005921	1.03031302567634	-1.16176222787536	-0.789058791115583
NaN	-1.24940022679138	-4.82146141884895	-3.91945405246889	-3.65920341957031	-3.52029645419785
NaN	2.03462437933995	3.37328389220173	1.50956616589015	3.531285846082	0.859044706275672
NaN	-0.788288596811233	-0.539848288239844	-1.94844173447565	-1.77569124234128	-1.69406033582747
NaN	-5.40697699933856	-1.36669761996011	0.579995621694107	-3.18203590761026	-3.05822520071921
NaN	0.202075279716971	-2.02636498426573	-3.42197063861257	-2.67654171844326	-0.90762534326636
NaN	-1.72613977897191	-2.56270515439729	-0.634559737690923	-0.684496262310226	-2.19002959960403
NaN	0.973469639216985	-0.986969654996538	-0.468516838947554	-1.9193598855794	0.0166085122699694
NaN	1.95793433428975	1.9988068094948	-0.073132487462907	-0.895882548291746	-0.975248823420697
NaN	0.417698018998351	-0.63532626256736	0.720085923644046	-1.09250990516882	0.990076513914551
NaN	0.233097754385441	-0.914362347123848	-0.955130082400469	-1.12798073628264	0.889109520126255
NaN	-5.13394807621451	-1.81486201769543	-3.82032133836578	1.75712983087836	-0.440507612599939
NaN	-4.3738857679586	-3.14619459106648	-0.168352743087685	3.21639165480304	-2.31116892450157
NaN	0.108174920439977	0.984958870069394	3.07853881539906	1.92918917236355	-0.912582858635706
NaN	1.52125409125875	3.15512265668758	3.63083386609193	-0.269662076374047	-1.52634750306245
NaN	0.131272650635257	0.902955397389154	3.60886503480003	-1.93860326077373	-1.60750058872699
NaN	-0.213965586923163	0.605062676317503	2.63987917229408	-1.46219008480743	-1.02539780755505
NaN	-2.48582402999217	-1.72541576255365	-0.955300397961786	-3.28769390088527	-3.70106473091508
NaN	-6.5292275622303	-2.89062145071853	-2.54385774569759	-5.4233351246315	-3.93019330271053
NaN	-4.4948367516345	-2.39924014637554	-1.71412957391582	-3.01454616927463	1.456779030895
NaN	-1.31570713145867	-0.432637003324702	0.474238805052189	0.0150274184028813	3.18210770799471
NaN	0.796779157692505	2.44746107232566	-1.17567965985874	-2.12708557358254	2.21110142372543
NaN	-1.06155581366919	1.97425983759184	-1.49932588030228	-1.06523285484945	-3.52763622162093
NaN	1.20068881755461	0.915643970285622	-0.379287428011752	-1.3740184184261	-0.339236798820588
NaN	-0.719974382032648	0.55930663426284	2.29510007272231	0.893608080201593	-0.0258748034812735
NaN	-1.11189058203674	-1.68843376568338	3.91681569654901	3.24735551610142	0.675469789790987
NaN	-3.73550696946723	0.262742787711449	-0.489615437203012	0.631697074513648	-1.91615780413443
NaN	-1.8339563898626	0.294722675303963	0.106964000220362	-1.29004340951887	0.117720226826177
NaN	0.463934660934833	3.4913009723176	6.72960534123287	4.07369750951459	4.49366905237169
NaN	2.79259578977828	4.30335238392171	3.2796446425135	3.63320042778543	1.69176878526859
NaN	-0.0852736988742502	2.3508867719098	0.87390685636599	1.34206147681573	1.22210615466425
NaN	-3.04941836250554	-0.197544838270787	-1.61378719353557	5.2055612528421	-2.01627102137714
NaN	-0.197450508030679	-4.3412368075589	-2.53633447970736	5.28741083784036	-1.09011461037064
NaN	-0.480231883475484	-3.32520458271071	-0.268141657378385	3.69869746217827	2.20572290992621
NaN	1.16618883646898	-1.61085417877132	0.199651023188155	-0.984659354293088	-1.73048723936668
NaN	5.68914643637624	1.57518949495005	-1.75724129015076	-1.43674563522226	-0.398289951736992
NaN	3.62382628035311	3.07866791124329	-2.82566498061911	0.269308349413218	0.873107591711797
NaN	-1.90774867506673	-3.0783823616876	-1.04180458103641	-1.33431409245784	-2.7091695000525
NaN	-1.76013887354071	-0.465589854661914	2.90099547768934	-1.18508898896119	-1.37380126101755
NaN	3.93637329968049	1.61059524040314	3.08551159927041	1.77161075533063	1.14168672230818
NaN	4.08930960173416	0.556617734345824	-1.27812348506843	1.29682963249076	1.67450436616816
NaN	1.14068612888326	0.737370409092531	-3.25615576132061	-0.0424357876617374	0.864381151666742
NaN	1.54015805989791	0.283410900380299	-0.587903831471003	-4.02386288248106	1.22980854362828
NaN	5.19998831392864	1.89016974397288	3.64397495099905	1.25455127870715	6.45219686856396
NaN	1.62819755620157	1.32693653853337	0.574465299898022	-1.98970125346216	1.59226224834008
NaN	-4.25319937732321	-1.45260127948089	-3.0706103488939	-4.742321020257	-2.49083199176591
NaN	-1.1013624705517	1.20711842710009	-4.38149117147253	-2.5450884032956	2.14598939220684
