NaN	0.0816582027766633	-1.4620816872246	-0.81301073505485	-1.94993600652121	-0.961427678157976
NaN	-0.252875209284585	1.75847578151967	1.59527520959522	1.07999516522816	-0.654103438202015
NaN	-1.85659005911396	1.4530572256085	1.202787224415	0.279099432576265	-0.935018080596013
NaN	-1.88541915844222	-3.44724325794085	-3.99964053411604	-0.42721628736409	1.28075824045079
NaN	-0.167649051674177	-0.623615499629205	0.845304202938968	-1.65668192181396	1.16933189524497
NaN	4.35947172931563	2.16754027272726	-0.469241548783638	0.405894056572887	3.86634881919988
NaN	1.20906150045467	1.47887955351839	-1.29233802212689	0.635504214784181	2.60316999275505
NaN	-2.69168311545674	-3.67966524977078	-2.03242158385396	-0.780578017398206	2.38532589338189
NaN	-0.672992539729825	-0.96619661417017	-1.5670324966194	1.03733115815331	0.307427085422043
NaN	-0.509468521931685	0.882659813932735	-0.197779979138208	1.54403446553063	0.430318985187775
NaN	-0.140000362075733	-0.581209562740067	1.39226239771953	-1.22995449416649	-2.05438089644726
NaN	1.0334327105014	-1.2287481056443	1.72519560029019	-0.55769551266876	-2.69967559075499
NaN	6.70875221084035	2.94810676979871	1.85894383890239	-0.21183649587565	2.80111454332204
NaN	0.229921366076594	-0.194380311749036	4.54493755692155	0.945797201024974	-0.555990171757278
NaN	-2.58071958332166	0.855085378943486	4.5083631088115	2.33499462216152	-4.26856268653363
NaN	1.5100395748876	3.09017143383406	-2.14941789661453	0.958162598154883	0.318545076983179
NaN	-2.55222285387921	-0.655583785354852	-1.67710454716097	2.5896542542888	-0.446847420901987
NaN	-1.336747237896	-2.27377634431339	1.34435209241948	0.876269749697171	0.975201220864501
NaN	-0.53144458798378	-0.698147599709519	2.29598246532702	3.20979531715246	-2.16979363899054
NaN	2.07922412078107	-0.936689897455866	0.761802149942526	4.35449483609317	-3.6257668722826
NaN	-0.436517404440733	1.97303301387738	-0.676605949159176	-3.00892770371939	0.666579121714865
NaN	-1.60837147111796	0.0599705429415358	2.7695304620528	-3.54703160705776	0.750178316174318
NaN	0.317518935715663	-2.32796064663498	2.43467844347003	-0.534274884340013	0.358782079968123
NaN	1.76411560959622	3.64151460445538	-4.47992966250036	-2.96950388934452	-0.378359133840118
NaN	-0.978175824598397	0.871106524672029	-6.84080947816894	0.782987318585329	0.476241201751082
NaN	3.47181901362809	0.408614600534754	-0.841469868734833	2.86424781447568	0.917615843835315
NaN	1.02573189495729	3.78362993748687	-0.395525901068285	-2.09755316407081	-0.00645509749804853
NaN	-3.5657439069377	-0.786734219867133	-2.75089290662105	-5.89771741866165	-1.90693117047314
NaN	-3.1336466173772	-4.24584983980168	-3.65214649666594	-2.93001156902384	-1.48420376621915
NaN	-1.69466162189654	0.98266444973697	2.38804921584995	3.21660484094811	0.831514452526155
NaN	0.422626843973436	3.19016330267736	0.954259484474548	-0.171981740729552	-2.87908981719579
NaN	-1.17450217676125	-2.02597735674574	-2.35705654259237	-3.72581296272324	-8.398081368384
NaN	1.16530012637331	0.235011068293634	-1.0792726992387	-3.20616491577381	-0.215106767094156
NaN	-0.120163828822327	-0.355656352719335	-2.20825354460954	0.587534583622621	1.75528621171439
NaN	-2.04868389622948	-4.07230195705657	-1.45888386370656	3.52987654128378	4.3663776834961
NaN	-0.0856028035629487	-0.987680346069321	1.11260795069027	-1.84299448495218	1.42682059708431
NaN	0.45788874194334	-0.897672848235677	2.49501714239936	-3.02503591714982	1.47530085734214
NaN	-0.21467599633653	0.150178488557799	0.762006393139694	-1.74783422851518	-2.44253385593826
NaN	2.84952090163096	-0.671155952935378	-1.45845073966609	1.1457229526932	-4.4364305850553
NaN	1.05084299679652	1.53095692569719	0.384163762852894	0.103243129639037	1.20693080506069
NaN	0.180331114753288	3.95851429357979	2.88494528570883	0.864748485808141	4.88073768151612
NaN	-0.716967705430122	1.57802506299529	4.06625945472984	-0.0053185056567387	3.74895732591703
NaN	3.519113493826	1.1707505685263	5.09703992908839	1.64206527933959	-2.46089699380893
NaN	-1.03337351636303	-2.62374257412102	0.469053529479022	3.11800893912378	0.682262277283485
NaN	-2.21348388709265	-2.04009398324888	-4.31992474684792	0.340574546828661	-2.00055040683742
NaN	-2.80765839080433	-1.73024569630089	-4.76144483811092	-1.25864856268712	-0.482102153727527
NaN	-2.07193380088852	1.60318879704528	0.621201642196582	-0.297315862272689	1.39614078388938
NaN	0.203660409552015	0.877652767132296	-0.635874495774445	-1.06062477358709	0.320458427975621
NaN	0.178583301780032	-2.71676956268504	1.15433842248789	1.85405633332193	2.8533451885916
NaN	0.893907498992546	0.358582844328179	3.41532203432148	3.04261715927226	0.0776257678231872
NaN	-1.47180183180037	0.997172628449642	4.39248573368301	1.50198928606586	0.262546288491287
NaN	1.40099519765294	-1.79488205747254	0.351273114505259	1.88287205668369	0.76550057630958
NaN	1.4032665110376	0.0651088647465556	-3.58521704710848	-1.16542075070194	0.841678720591766
NaN	0.67451968329289	0.268433505740162	-2.01037070229676	1.99193391325697	3.2233831224084
NaN	0.121630837417333	-1.75709856142707	-1.46578538112207	-0.516781936587038	5.55696495177174
NaN	3.46841227966087	2.16627210164532	-0.418963751513428	-0.301892322962441	-0.127964290398615
NaN	-0.0443238423061751	1.45249828340975	-0.5452042846931	-0.256475812859951	-2.26428073105734
NaN	3.8552001780699	4.31685895265293	1.87362388634937	2.94113292278564	1.40361297909875
NaN	0.490703949467134	1.65251449281895	1.19893872517856	3.55773863664337	2.05890678671379
NaN	-1.51913662117728	-2.55768965346172	-1.26196381012006	-1.96940647956917	3.77533261434002
NaN	2.89218060097955	1.12077614939283	-0.402687367835505	-3.09434501735746	1.51144416649154
NaN	3.59805366347405	-0.360868430377037	-1.27764873270114	-1.7842561748081	-1.57122079588373
NaN	-0.163117827313895	-3.27960823568604	1.17259155417374	-1.24213378073595	-0.550681540072091
NaN	2.92500454211703	-1.29706580846734	0.358724675470982	0.567112128911267	0.565361181495676
NaN	-2.08981372019327	-2.45445763279145	-0.134512689521689	1.10542233544689	-2.7404538463483
NaN	-4.70825495875204	-2.83771800888723	-1.6865219316705	0.0247963276754766	-2.66910910547798
NaN	-3.20424786667254	-2.38366456197978	-0.345260560394125	1.9877482531841	0.129949794079483
NaN	-2.53865312880473	-2.15171761142069	-0.639611082982108	1.06880331106724	0.545383478462391
NaN	-1.53175387454591	-0.291772724106076	2.5022210099661	-0.911729690961307	2.54233766568316
NaN	2.58683160448971	1.37150906931028	0.821646906596159	-0.433522435953881	0.479614796143468
NaN	2.90876372684265	2.15558953611837	0.71633984853551	-1.28550811695316	-2.02304197837952
NaN	-2.51842444551898	-0.460052209704954	3.67932054842777	2.3331268209055	-0.264005835760967
NaN	-1.50377531724705	-0.561086079137163	3.44609872162904	0.352664747674484	-1.41506083288722
NaN	-3.23843369904596	-0.311948312335531	1.9971098055759	-1.16416345174439	-0.623195665729854
NaN	-1.34386881294071	4.03070518311061	2.5261004919041	0.95273523192472	1.05937023790521
NaN	0.31342701380314	2.72105956329593	-3.8986835580407	-0.254555341674679	-0.694864898272146
NaN	-1.55103112118312	3.29616549129382	-4.44225894488235	-2.4121229327371	-1.72383311927303
NaN	-0.329033960653988	1.11686953251651	-1.09322634944704	-0.87536226446203	3.42450988604653
NaN	2.23072600738467	-1.30804371646754	-3.09619263052089	1.64349411500856	-0.504025559799494
NaN	2.27750690428168	-2.17457417860943	-2.39107630858355	-3.58332150506648	-3.42903035293311
NaN	-1.35099875249647	-1.19368101302545	-1.21027381528643	-2.58231539112348	-3.51428787494524
NaN	-2.98339105084894	-2.06579939157881	-2.33668488466856	-2.28963400145887	-0.721004377684366
NaN	-1.77913257550403	-1.51164304670353	3.97536294560422	0.231766679877184	0.895085836514333
NaN	3.910865093256	-0.966389395380152	2.92583587497585	1.80416794664911	4.13828168726431
NaN	-0.299626666710369	0.22485819476083	1.10029410924691	0.21617309662768	-0.00314154793964529
NaN	0.704371374798787	1.77428142794036	1.53453188331786	2.53447375939854	-0.304839798202644
NaN	2.19480032374868	1.95756973774355	-3.1920712944332	0.142818947515877	1.98472629196919
NaN	-1.96034832574046	-2.46753091824737	-5.98631762677579	-3.26628882529166	-2.87376074480261
NaN	-1.12112897481833	0.213631164498278	-2.52755760855286	-2.30146497012509	-2.33165587245167
NaN	0.229628064642816	1.85992195371107	-1.53865660205011	4.77584666343698	2.50872392027541
NaN	1.14804814415638	0.802188330151146	0.00717475451401272	0.366329836784186	-0.682623086597908
NaN	2.91095326457047	1.42074876599622	1.93410698065156	-0.544516253902957	-3.50118693744012
NaN	-0.67997252666322	-0.0690409316346588	-0.850849649981069	-0.699503296529944	0.52908637201324
NaN	-2.2006080931674	-0.214967604780211	-1.76715505684163	-0.615549855194224	-3.53907915642541
NaN	0.779736710844255	3.34104166364314	1.02395702139408	-1.47359324378132	-2.91504168275965
NaN	-1.03858344533079	-0.370891093502222	2.97309799730761	-0.904303578241923	-0.34221499485941
NaN	-0.356058364754847	-0.0511557393533315	0.437444388236183	-1.06133466911251	-1.25147825240865
NaN	4.99858430665451	1.03522033922809	-0.560991535601426	1.83988622207934	1.70351893570797
NaN	2.41275861175077	1.88372807943418	0.123884804530295	-0.142669611123271	2.27116474079717
NaN	2.71481089318701	-0.12887488564191	0.244956669626525	2.17494368175797	1.64020067029883
NaN	2.41296502876315	0.330074060098873	0.01985758067146	2.21628851957989	-1.16327488575306
NaN	-3.6815549001082	2.29252954015602	0.102287723413888	1.00256157662502	0.573456328535608
NaN	-4.58599708421354	-2.86016973867283	-0.50940558274317	-1.30923178591507	-0.463166498660767
NaN	0.476986236083048	1.48625595173297	3.13479379877057	-0.652597416589011	-0.447029162057026
NaN	0.0380250168075891	3.18103694686643	1.99709547065236	0.570611044861155	1.34157457013651
NaN	-1.51061605973537	0.715901804868544	3.70817007542537	0.707272024188302	2.26856733575584
NaN	0.370832752065536	-1.95453845244514	3.58833500034348	0.553941056282437	-0.396329642384244
NaN	-2.76984313940927	-5.76552118983181	-0.7522406752474	-1.88449573880777	-3.34688410159998
NaN	-2.3149985648069	-3.60415770979834	1.69448614229506	0.262893287503339	-0.53961618481755
NaN	-2.39076148332898	-2.05589025155252	3.83284036451215	4.53716342605058	2.21639040296284
NaN	-2.94593966781954	-1.78549465863297	0.634691223888576	1.63830918121265	1.6569306490565
NaN	0.598462979760136	-1.94413419114582	-4.80428546263473	-2.70871732858096	4.55588426454569
NaN	-1.04657228117325	-1.65011376503482	-4.90286202408085	-2.85888561171941	3.26729891773367
NaN	-1.2582910681521	-0.986082780878087	-3.38268692651595	-1.27645536314976	2.07984017101098
NaN	-0.201162238288597	-1.56387932850123	-1.90361960328912	-1.79615819760441	1.93462494822907
NaN	0.988629198312862	1.9801027541591	1.24785328054539	0.0606914679654193	-2.44429929604083
NaN	1.10472225903773	-0.272326963078641	2.39111927119445	0.864538366779874	-7.07668613877811
NaN	2.23729970712631	0.743254160687986	-1.59240763212191	-2.41099120340797	-2.51662377845257
NaN	4.37382279009284	6.73603137760949	0.711769507725259	-0.166115532914648	2.10031011059076
NaN	0.635340757677004	2.07780922755004	0.0623987349137636	3.39730504915275	1.67597185679609
NaN	5.1610165769601	2.1674602274782	-1.38880379110391	1.02982748190477	2.05270307545772
NaN	2.86219533889928	-0.422083054156701	-1.59870708222018	0.350834569156581	-0.832540865942752
NaN	-4.58864519268875	-2.61543575898937	-2.73362333340994	2.64816531145835	-1.28964442629891
NaN	-2.02873131444656	-1.33159518788914	-1.75058889517535	-0.419914166998288	1.2865572807822
NaN	-0.249980830424059	2.54641084356264	1.61989854413071	0.0836847510338106	-1.86711639502183
NaN	-0.472222281236367	4.48605772636984	2.61052277783209	-1.31959715785465	-2.52294407657394
NaN	6.32421464496136	1.70703608273021	1.51296202144098	0.943876278707058	-0.748549651154504
NaN	4.56498458828208	1.44882644338091	0.278710965304175	0.288868717761264	-0.0346970302472873
NaN	3.10070835947314	1.64851616907035	0.234918487915709	-0.589256377175896	1.07862616579578
NaN	-1.07958951181478	-3.98012309045622	-2.16803420553798	0.124336439932993	-1.71498864653321
NaN	-4.67885692576554	-6.45673429926942	-3.39897262809854	-1.93057111838931	-1.88393005671184
NaN	-4.57088007093108	-1.21786498055643	-0.0322183813427377	-0.900373983322015	-1.57576326968906
NaN	-1.86420066345957	-2.70142427050838	-0.551121917471341	1.15605047838175	-0.694941011558648
NaN	-1.82467487049186	-1.48438151839492	1.96326058565791	-0.0331538540737615	0.558521709528312
NaN	-0.198037755648818	0.129195033900631	1.4334293085616	-1.55161608715043	2.51787752420079
NaN	-0.897100999872583	0.818309441279595	-0.122421600977813	2.33711703301841	1.58738858770284
NaN	0.071728290772547	-0.195321592679637	1.44241294773601	5.69516139436703	5.55397407708651
NaN	0.281165432660078	-1.51627762588791	3.10888334131377	2.52101286058676	2.5678553236129
NaN	-0.874357944697218	1.00643921157357	1.99497140949061	2.65428684948789	0.201254390650368
NaN	0.275088294879443	-1.65626307670182	-1.73497529302604	-4.98909758972367	-0.899838405875808
NaN	-0.0866810772132495	2.7401415021651	-0.710770020626434	-2.94189810740396	-2.36643859063307
NaN	-1.19908389645222	5.03205940585587	1.43099226012612	-0.496435185168994	0.151528871082471
NaN	1.14024786763544	3.18432378770851	3.68040294982854	-0.0108782078662403	-1.50332526390256
NaN	0.579513226685789	-3.11071548099098	2.2101288840817	0.999124196772254	0.343787756049829
NaN	0.103311783965905	-2.9974859904341	0.547831473755336	2.12364855035033	1.66786442763862
NaN	2.88223587256916	-0.72983563415181	0.041010520833757	1.62866196116501	2.14696167321099
NaN	4.89759341350519	3.13280454060253	-0.472216262565561	-2.20777670554578	1.68021860848696
NaN	3.916678364649	4.65648922727756	1.07824934541375	-1.95945892937935	1.70034299355491
NaN	3.10626233917885	0.231301246864274	-5.11663623519891	-2.96849967371276	0.229974163528411
NaN	1.93185949729792	2.58933934047316	0.0875216172161397	-2.67944934993532	-0.747401664672954
NaN	0.384370520722436	-0.583529366244971	0.983498738511273	-0.454395414319208	0.678628285415998
NaN	-5.53809478497895	-4.20458377693384	1.59694365141248	-0.224563448389841	-1.07953021370739
NaN	-4.67790035054985	-5.44182846918889	-0.250793492370784	-1.68667837103632	-0.412655558746705
NaN	-4.47972632870364	-1.66408403191987	-4.2587110127626	2.08326465755332	4.09853866744613
NaN	-2.30922641957904	-0.968025330633416	-2.41660006388326	-2.89178671028308	-1.71800275059444
NaN	-2.66193338260386	-1.43138887354935	-4.34651303579557	-3.6427839123129	-5.89293611776127
NaN	-1.01046281865957	-0.806207209891283	-3.55941302942741	-0.00575198926719709	-0.987303230458816
NaN	-2.5860169187605	3.80488827296304	-1.35243254442573	3.92555233871584	1.00344584393597
NaN	0.675299619993736	2.44434566633575	1.37550659146283	3.73217005175943	1.03804514323187
NaN	1.61434393900124	3.74262848794377	-1.31921528626801	-1.0781948642941	1.85717525911772
NaN	2.74524706883761	3.05407655592852	1.20967682805299	-2.80904316359217	-1.30846995583005
NaN	3.81758573085343	1.96837728613573	1.74756637884407	-0.791597967581621	0.397674425391667
NaN	2.96170172255235	-2.15119064428512	-0.118983035201375	2.23065410160756	0.106824268450029
NaN	2.94002064218033	-0.41545437545993	-2.83577882242678	-1.07112545894721	0.2755568420958
NaN	0.0973786731593194	-0.958231032054171	2.09161590742021	-0.763288470624953	-1.20292888629897
NaN	-1.73444520349111	-2.03227913164024	-1.10267996075434	-2.32668118085269	-1.91167497686304
NaN	-4.47035842918668	-2.78400690788893	0.314479994860221	0.189651639862278	-1.77518999003336
NaN	-4.90806940162956	-4.78538900705549	-0.167446610816469	-0.0234909975401941	-1.41365773889705
NaN	-2.5759708256927	0.713159547547949	1.49343645327773	0.250278473334034	-0.741345986457053
NaN	-1.46871388431539	-0.779704376674081	1.54660969501008	-0.810702308549139	0.923681708218133
NaN	-1.09542844302708	-3.83531181067425	-0.540858365910871	3.04416540376892	-1.9643686601223
NaN	-0.939681741543944	0.749417176090412	0.981816951629853	0.686967414125968	-0.417183377834067
NaN	-1.02041120690779	-1.18806829316683	2.90990727757114	4.38791168409257	2.85670535543085
NaN	-1.99424724172355	0.133159961896446	3.38842978228753	2.92494097606089	2.21412804812404
NaN	-0.0885531799565126	-0.0133189326832367	-4.06790767451958	0.501734292751376	3.23803941181442
NaN	0.592463410718138	-1.09229325803732	-1.11655920153995	-2.60876322090785	3.55957642669101
NaN	3.08641098382054	2.36106829084773	0.824741380441377	-2.03986676465206	1.72621243991906
NaN	1.69093696763947	-0.0791499670590229	-0.238328099824859	1.77220847339923	-1.05665944511862
NaN	-1.07792506214729	-1.37936415404607	1.11916655451351	-1.49612980645173	-4.52046784005491
NaN	1.65918329557865	3.94072131364399	1.18181433005254	-2.99581416063802	-0.625639247660625
NaN	5.18916259098017	4.79891681072367	1.71037749513012	0.894358170782144	-0.20446313230037
NaN	5.5581942614395	1.31464065431458	-0.735573132987059	-1.54960074441623	-1.76975788188749
NaN	3.00554835734456	2.40084646479468	0.471769524606941	1.08058221640513	2.16594561426214
NaN	1.16939298777194	0.0568079327471723	0.696603636667696	-0.0776487673050759	-0.513907904070529
NaN	-3.0324688140511	-1.27978989963573	0.661852139411589	-0.0257794803598988	-0.762286463821125
NaN	-3.27626048067336	-1.60112617237812	-0.108796381125739	2.5948592431254	0.481247340990168
NaN	0.495739661261272	-1.39916807294751	2.44155864402857	1.89194678742383	2.40058480373307
NaN	-1.50250531096913	-1.3006965051868	-1.73432332001211	0.552761656754206	-0.674535723236375
NaN	-1.35359316760416	-1.17024522285484	-1.00463861630478	-0.543675575402752	-6.01650178774761
NaN	2.3636338847391	-1.01808754522981	-1.93521295873734	2.7829386625042	-0.389475922155144
NaN	0.0472263682637589	0.0582523024670326	-1.24915555492424	3.49323991301032	-0.563137628001682
NaN	2.88152233066556	2.29790432145577	1.04077013333222	1.21895021289809	-0.111622823417185
NaN	1.470516954829	3.89272139967892	2.59076651079016	-3.01648604078284	3.02488307820093
NaN	-4.59164170607709	0.594688485435996	-1.3078988270963	-3.67115719234911	1.11730202819843
NaN	-2.12830921140817	-3.52863887126098	1.62491547757735	-1.35015693544354	-3.74670733268673
NaN	1.05359855914943	-0.0591062013953766	4.39066248049162	2.60291531056737	-1.58726568011932
NaN	-0.704802927944734	1.33945593422155	-2.46267915855672	1.17058274851518	1.47354362227397
NaN	-0.362963343045601	1.48821988489411	-2.26189631798976	-1.61961751579708	-1.19289395885313
NaN	0.0719523830072937	-1.03453533567258	-1.79905893370345	-2.60105478977275	-1.90295538345737
NaN	1.64436202170508	0.619794582472083	1.50122965131082	-0.239875659671064	-0.196461762973773
