NaN	-2.32854495255524	1.70305380590589	-1.36568003214652	-2.17260025935753	-2.80162419723676
NaN	3.35129646898869	1.5576498058323	1.01839219128328	1.12100621456208	4.00408345899674
NaN	1.06547193672578	1.58178519516907	1.32165308325621	0.43835918796027	3.8012908604953
NaN	-3.50796443863819	1.4112471280848	-0.528089955644297	-1.00977521832592	0.357084337715255
NaN	-0.714985818989617	-1.48323548319231	-1.67368006568754	0.341014496420486	-1.41536910695369
NaN	2.66313018889377	-0.0420547405707683	-0.273502223206495	-0.15542939020461	-1.07740093744663
NaN	3.06887534525964	-2.01741352593592	-0.196161450267446	-1.44019333743037	-1.4282757593713
NaN	1.12079139713573	-1.70012413140017	3.07712083397501	2.34516277358032	-0.391462890757703
NaN	-1.80761940461739	-0.450803649935986	3.60880366776524	4.81216188371474	2.70907551979301
NaN	-1.76223738539689	-2.86031178868455	-2.39028969247244	2.32148548915264	2.72593445286071
NaN	-0.796129065317263	-1.54953433931295	-0.366455287296824	-3.26458739299195	-2.91718524777509
NaN	3.38783781078443	0.552410368170082	-0.0327068433595297	-4.21946943723484	-2.52588959118771
NaN	2.49023048263397	0.528598205097275	-0.572177115480729	3.49493408974584	1.30904336041433
NaN	-0.0311951208969633	3.23821851661068	1.62478832521307	-1.17027007469871	-2.46776085101725
NaN	-1.10434480856122	0.577914246719661	2.40793827908793	-0.778582876010476	-3.01216406419113
NaN	-1.78731102423193	-1.92417743083548	-5.41232950488112	-2.61285548192679	-1.16500149774608
NaN	2.43478495204469	-0.570626615973269	0.369637284887143	-0.999839378511411	-1.55641842104154
NaN	-1.37319899184813	-0.752159133917276	-2.08609235131535	0.699430760476179	0.67699574142502
NaN	-5.09185579735928	-0.711009570136199	-1.59840037221931	-1.26539488460356	0.195982692142207
NaN	-3.01334090608408	0.894648426576831	0.0450056099718574	2.53873889345904	-0.422872485547114
NaN	-0.500619646792016	5.03697926966336	1.65918942746332	1.949477046478	1.70180430618704
NaN	0.0771609469009704	0.898201963293922	0.682018678370223	0.382142887287471	0.510149721730292
NaN	-0.82671859955429	-5.55075118105576	-1.58663417397513	0.511517862325752	-1.50655005271441
NaN	-0.594480990002962	-3.75883665614538	-1.76485535309478	2.57538358218287	1.70446759041731
NaN	-1.99894793671782	-1.05319335181951	0.484856752549614	-2.52180654729544	-0.115135678456963
NaN	1.98774115923899	-0.874221598161114	-0.786289850247823	-2.37966193961239	-2.79837946309784
NaN	2.75827715338507	0.713096308153145	1.1123999109349	-3.16641352481085	-0.855511568577392
NaN	-1.79839507406065	0.299359513895397	-0.646870995931486	-2.07255884915851	-0.496795506403602
NaN	-0.97530098652087	-1.06270996074368	-0.72116334357642	0.375437860285465	0.0160173700740569
NaN	0.0266403661970112	-0.342954662879978	-0.724428946050064	-3.23157975980025	3.23753537414749
NaN	0.0869312420538786	-0.833345999803858	-0.961699066848297	-0.984772975010121	-2.09544311439576
NaN	-0.637335259610161	0.694200205368428	-0.937757304971028	-0.0897786690195552	2.88598976836055
NaN	0.07199904228468	1.18298873457573	3.21332548811886	2.87975442992076	3.9855641139567
NaN	-0.750572951155424	1.49312264979851	3.19110227376575	1.35219114409995	-0.317796725064167
NaN	1.02552540571112	3.27425797768969	-0.513785385482642	0.33702190047876	-0.0768695338733371
NaN	-1.38759378064103	3.72194521169875	1.79063816995825	0.323235679516808	-0.311530544882835
NaN	0.309461583071451	1.16019208228584	0.452688967214833	2.62116702869946	3.02491639168176
NaN	1.50043518868819	-1.43974588580217	2.9517437047068	1.28938834078833	0.614433209400543
NaN	-0.484073460557629	-2.10582396913517	2.85017105779301	0.497924500025153	-0.359459809009978
NaN	1.3151223789753	1.52668901563437	-0.946841049893888	-0.610532733327148	-0.514620215411377
NaN	0.864776274268829	1.59973291701683	0.776753698884806	0.936285735191737	0.525608068196216
NaN	5.04909175791709	2.66382264074795	-0.651200209231492	2.63652983009439	1.15972493437006
NaN	1.76425947516401	-0.0441571653526976	-1.19784930812931	0.397644733263348	-1.34487371425574
NaN	-3.01764769966433	2.2446820348725	-0.500480035417033	1.51958788493363	-0.5069068418034
NaN	5.00109642661871	1.47787678313716	0.725596138127691	2.3817677258193	0.225938836518842
NaN	0.536633618110517	-1.81975935705596	-1.4783987672996	-2.44454097986868	-2.45875623154997
NaN	-2.12609007547861	-2.89020819180796	-3.36656613588891	-2.98319652267473	-4.01929510780648
NaN	-0.0645124753658136	-2.33925564572026	-0.622653607823677	-1.8506044371812	1.5216067803725
NaN	0.970016501941528	-0.948932202023036	0.373916370330971	1.926098251824	-0.141316817167456
NaN	1.30311369822799	4.2193729365693	2.53602536318347	0.201720742781406	0.627298868756317
NaN	2.03423768702926	1.84341668510839	1.7042994201381	0.427383215932223	2.58412962059494
NaN	-0.728055936164553	-2.87569399399129	2.83468915526187	-1.31710111273883	1.46429481349637
NaN	-2.21590980821936	0.992067507637823	0.109991892539271	-1.98528360360974	-0.421855554870565
NaN	-0.244779259292425	3.82521123162624e-05	-3.28758541261311	-1.92604541166184	-1.48724906606134
NaN	1.58487709340268	-1.33595596621579	-2.37855323701631	-0.324590615550354	1.68544949403819
NaN	-1.97864177938476	0.701439622584132	-1.2847002333202	-0.190371705763265	3.36739020959433
NaN	2.92028572111379	4.90400951216654	2.74179701273172	1.80225179774596	3.02698400122776
NaN	1.78913484980709	0.588126674016739	1.80537887340809	0.255872206504635	0.602200692020544
NaN	0.984724051880352	-0.940751201382755	-0.324899691673066	-2.89110684538086	-0.0154166450744496
NaN	-5.84351017713165	-4.71437313260445	-3.97289976296065	-2.68682631645434	3.17209946841512
NaN	-4.08463731600227	-4.34386051536851	-0.56589754473562	0.84842476734337	-1.6537814090147
NaN	1.46896410276423	2.53114241542706	0.547683952673615	0.352497837428768	-1.44446691153395
NaN	0.790002870985064	0.12685761910002	4.22765108080638	3.12637352269127	-2.07869679275846
NaN	0.144662000642774	-2.78573400034488	2.0140218711836	-1.05181077090915	-0.34732042424658
NaN	-1.28513664595098	0.662341806559257	-0.698729630566239	0.0518207596755303	-3.79992488451995
NaN	0.87270800165342	1.40855014829577	-0.158627601628993	-0.746931043452426	-1.65686015209665
NaN	-2.11689288715842	-2.0420851797911	-0.618062796006974	1.50162881859273	-3.61157474810755
NaN	0.355501424834602	0.194396117790755	-0.553950452920937	-1.18907045893419	-1.69305718420521
NaN	1.03232069478517	-2.55815284530974	0.348227616633466	1.11430068631478	0.595071004557272
NaN	-3.21075214908441	-4.9135622453199	-1.3167608154299	2.55140236312292	-0.229611937944901
NaN	0.54441943405024	-0.754798468979232	-5.19852101164909	-0.513903161118902	1.6476182261122
NaN	3.39512101515229	1.62367596148144	-2.0279749225271	-1.7089785901199	0.877557096892699
NaN	2.23522308431588	1.09864300864711	0.399298079929531	-0.533338388064951	-0.590905892817295
NaN	3.52965811436126	0.753260017581945	-0.814591863782368	0.114490685603089	1.87402174427051
NaN	-3.66026475359759	-1.10531131773365	-2.29932040345048	-2.69889735586315	0.926327886576405
NaN	-5.25457691379555	1.81180397407348	0.270164296271613	-1.48860026960929	1.94569571249294
NaN	-2.20411205830092	-1.54782571927014	-0.410908888215142	-0.417593173363802	-4.39466024250549
NaN	-2.13131457471914	-0.961146305281096	-0.475532891354459	-0.273743614710605	-4.3534708610049
NaN	1.23626271768226	1.38348646412166	-0.480810327185879	0.733239923119337	2.50225705881889
NaN	-1.78947564417598	0.358048005935258	-0.96287928926066	-0.89389932521639	-0.901633735307344
NaN	-4.43177576396175	-2.37027745194302	-0.613865169339973	2.01372254855187	-3.72190186476579
NaN	-1.7385304937276	-0.676769807131334	-1.74026422347438	-0.183669787152356	2.85015492473273
NaN	1.06620926404808	-0.315376971416866	-1.07004288931814	5.08540660470208	2.69545689628096
NaN	-0.981570182563464	-0.732802443716422	0.212479613024923	4.47612816148142	1.2781582097833
NaN	0.80524641724641	1.179889430303	1.59914653479531	-2.05597919188679	3.10325424338009
NaN	0.43700845187506	0.18826730680653	-0.021676285502915	-4.13449330006517	0.148809577831907
NaN	0.98969076804824	0.961643338160044	1.27757759120385	-0.512107893591226	0.0978002543252152
NaN	-0.311430429636769	-0.351710710207363	1.2430078877537	0.534142318891278	0.428907831264521
NaN	5.08047902244083	3.63640432269577	1.78704542539604	1.13184930505531	-2.06830512084815
NaN	3.0324932665554	0.549441497649915	2.0727433323532	1.43204749106164	-0.609752050877972
NaN	-0.05615290139333	3.79629346044425	2.29141598578139	-0.0431410357701574	-0.337496183558164
NaN	0.579898103297861	0.641679177902469	3.48885817419566	0.0614578004346151	-1.77776859347297
NaN	-0.176704235367021	-0.435479563692894	2.8166032082209	3.30311209231119	-1.9661782145018
NaN	-0.775172276117243	0.84290904252922	-0.124818349381815	1.85510926631215	0.15078188907556
NaN	2.11331867518941	-0.280747311603905	3.02744795617794	1.15305537683833	1.14301416902435
NaN	-0.0982186511249746	1.55835419043846	-0.21426447897899	0.911878508430449	1.98028543397516
NaN	1.14022935286779	1.82094235293908	-1.16682236178594	-3.45477092209901	-2.33333856350904
NaN	0.205156010135459	-0.168136057178205	0.627143342815377	1.62817353023899	0.242098152299594
NaN	0.113376578686765	-0.678602277470129	0.557872351479098	-0.168770325340353	-0.913280968853017
NaN	0.661845536558595	-1.69458436593796	-0.267101357482129	-6.42896068319599	-1.3997063773459
NaN	1.24746357358836	1.73264406893113	-0.85160336508599	-3.46107535406051	-2.50227232018208
NaN	4.16997962514748	3.6091766057957	0.277869290999557	-0.817057075393802	0.322928433807645
NaN	3.26748718190311	3.93388178508008	1.25867974638209	-0.225940812064141	2.39649400558244
NaN	2.29297209309563	4.71943570111382	2.2474316142375	-0.761586547196155	0.202463575682059
NaN	-0.468206526373839	-3.49889690670911	0.533190204390428	-1.52460743732676	-0.876020568613704
NaN	-4.87841269075697	-3.74969619429114	-4.81056933879976	-0.578769840763891	-2.73362322420958
NaN	0.0750332445350059	-2.49543282696679	-2.21827817707601	0.0936216932519681	0.178110821458156
NaN	-1.15572013779529	-2.76686758438107	-0.915966765336052	-2.44168400181256	-1.10567463277904
NaN	-3.28765245411601	-2.26954512936539	0.0885574245313073	-1.63061094522697	0.858090601312574
NaN	-2.46107721575846	-0.532740561188894	-1.87238690556246	1.85568216653862	1.29010731617813
NaN	-2.10308454694458	-2.74267574639248	3.11193999295584	0.654424481432736	0.99125029508142
NaN	-1.32437591729515	-0.0413157719701801	0.521221660513802	-0.0267871946641861	5.20303147051856
NaN	3.00712904446234	-0.331517331550357	-0.872202237769892	-0.118963902737989	2.67387408022311
NaN	0.60419581699253	0.377514640041922	3.14629248084589	1.93068665081652	0.940881796407975
NaN	-1.60726028022951	-1.48149504547951	2.60077698333252	1.00672004226015	2.37602693529799
NaN	-3.1526045633575	-0.38126716998555	-0.725571854391216	-0.673489897543239	-1.21475120389563
NaN	4.44865684447163	2.28998840056489	-1.74910442850989	-1.17094133211636	-0.485968862478999
NaN	1.76810641951805	-0.830798113834059	-2.36823444540696	-0.0167211946910541	-0.375125209538451
NaN	-1.52589555113701	-1.33125325328214	-0.247173562163955	2.19106596780262	-3.55497777909525
NaN	-1.39058214583701	-0.559859854523401	-1.31349514837954	-0.526161861933994	-1.66464390018428
NaN	-0.095189790627934	1.79562786918002	-2.08481290880092	-1.70781118613181	-0.986478387590207
NaN	-0.765228122845501	2.66349568665923	-1.05865007914242	1.38291380596532	-0.728858942309903
NaN	-2.11705499509991	4.5676329184612	1.39128548106515	1.67513200477686	0.226709563081986
NaN	2.18501909500479	1.95822907848235	-0.437783682938401	0.658206476957931	2.18775618145726
NaN	-1.62576836766439	-1.44957191095552	-1.99052231795038	0.381552554576691	2.45033430318831
NaN	-0.342632380496478	-4.31434627197372	-2.36117724359932	-1.77847796272801	1.08779269760966
NaN	0.0150601574794671	-3.32312824253004	-1.70276429671676	2.22651089569032	1.95504858680192
NaN	-0.62489874976104	0.48213852605135	-0.480392845127646	4.55882852353383	1.28541665607485
NaN	-0.705607151165	2.65806547523029	6.10604556587322	1.60821386160055	3.09336514674474
NaN	1.32953062812528	-1.82857001238551	2.0397722448147	-1.52395733319646	0.807154525590862
NaN	0.753386400459595	-1.02774269324051	-3.61728161476095	-2.74662699385744	3.64480026141554
NaN	0.110863880261061	-1.75266539542841	-2.64991679441502	-0.438394574993323	-1.53228845134126
NaN	-0.0918745163648022	-1.91126293697729	-0.666473429163478	1.39000055341172	-3.143891414784
NaN	-1.61455035744414	0.827423770108488	1.54113766641598	3.70342972212495	0.351042016631346
NaN	0.546211659745233	2.81051909252107	2.04950899149773	-1.66831150179734	0.829204677541763
NaN	-1.33385728205436	0.879327195947515	-3.1082758462509	-3.29870749136752	-0.408267261047926
NaN	-0.325021795995449	-1.87516222245471	0.537528372984783	2.12012584967472	0.467071914910374
NaN	1.33709601628835	-0.377544379608829	-1.79568115191896	3.10803364546415	0.73491317689979
NaN	0.922988802780189	0.0680615487683305	-1.84070968191309	1.43328497177211	-0.965618940973748
NaN	0.150147505193969	-0.241681713004997	-0.00357077096722959	0.91199088942032	1.41542179524059
NaN	1.51247310290642	0.657881919091024	1.43015353016454	-1.18841861218264	0.316819619131435
NaN	1.33625166170209	-1.14791690643422	0.118121887710005	-0.773542748751698	0.656239426288048
NaN	3.47837344755694	1.72753482803741	0.323974027775718	-2.99564227213609	-4.38425261245938
NaN	-0.197294823919684	2.50895266751202	2.20212869063067	-3.34544563154146	-4.90512146170057
NaN	-1.53956256450814	-0.671934447103273	3.52536219546301	-1.43915865795498	-3.57564880047904
NaN	-0.519786489435462	3.31090457387328	4.94982668782449	-0.911922806604383	-2.98087487159463
NaN	-0.536759279156016	-0.194355544968425	-1.35301849829556	-1.36711156598127	0.130798588980913
NaN	-0.648005658725148	-1.40006689519213	-5.7219478571564	-5.14632953066618	0.51895067907657
NaN	-0.410188524649044	1.44468836054917	0.783540610831123	-1.99225537810056	-3.22121776435203
NaN	1.76480475145142	3.76079641536686	2.51731955993239	0.470878134620106	-1.94265669499004
NaN	-0.00648029241131504	3.65399456650914	1.47752586522952	-0.200799509878497	0.442334485725179
NaN	0.813767597119637	-0.233373318538026	0.600157336813109	-0.740458589199236	-0.813366284153894
NaN	-0.381377103354558	-2.89882697661511	0.958759522107721	1.51253467310267	2.71150886416176
NaN	0.443798909090947	-1.53520003079278	-1.51714935326183	1.84811854120782	0.755444538423501
NaN	-1.5011471184655	-2.9520645403357	-2.74987497474277	4.3117710907811	2.03250684635328
NaN	-0.790389616505194	-2.07842271554897	1.22964631228642	0.123232099723455	-0.896477372269718
NaN	0.81653018694587	-1.2883603582456	4.26547588874073	-1.05410076258221	-1.69398283434428
NaN	4.08209954976191	0.904011959080742	2.12599482355188	1.49930411704344	1.19497021872365
NaN	3.25679140500271	3.1161182399852	3.91174339416476	1.69621499070954	1.37150490050956
NaN	-0.643263766333814	0.166093459029109	0.448462066999305	0.388770856949834	-1.84058143369171
NaN	-0.789802376383777	-2.76755969456677	1.0275661803773	1.12713541622054	-0.281562221865368
NaN	2.1803630638504	-2.85168308309614	-4.53867721709803	-0.19220954651292	0.422677601354263
NaN	0.393982344946453	-1.72273250344929	-5.87682336556331	-3.66831276798375	0.492937287415716
NaN	-3.86054991314328	-1.32803413914997	-4.81367024531251	-1.33517434480181	0.765843624934996
NaN	-2.10776394329432	-0.788871319308182	-1.09967691114706	-1.15006417459667	0.829540736399496
NaN	2.58935530954271	-0.91033465236508	0.918333919943722	2.10045691569393	4.20238448086939
NaN	-0.165530113299167	-0.369063154538296	-3.46338257578366	-0.528024517816285	1.5674120567627
NaN	-3.75420705155788	-1.9583535380211	-0.148314486362635	-0.894126963384561	0.452325697025271
NaN	-1.56471725490177	-1.03955889393345	-0.72788295500698	2.02854661345705	-2.43005057280674
NaN	4.02376896927254	2.8467937952779	1.2069029454978	5.49399303035821	2.02315715768455
NaN	-2.1096588244638	-0.43655305465041	0.397598560072476	4.00076891024172	-0.600553967002065
NaN	-5.03087632597396	0.596712005374023	-2.08671546945863	1.181969206184	1.28135867292122
NaN	-3.21361802946899	0.325276632744849	-2.39542234607129	-2.63318907490597	-2.98429102419422
NaN	1.55413486484931	0.820001513291236	0.169207943222533	-7.14737166152249	-2.20789364912904
NaN	-0.765136796471452	0.484779189411624	1.47908041673053	-2.03914661645214	-3.06684179451386
NaN	-1.00742151780502	-0.0664036571535116	1.03805811092818	-0.724651320688488	-2.43325140956532
NaN	-0.279391384802669	-1.55039406329759	2.14205347870049	-1.43041790148463	-1.06197913500755
NaN	0.782851761654376	1.11235271900057	5.2367285197997	0.58771913931082	2.098129786305
NaN	-0.429254075241768	3.47813243450038	1.4997048903863	2.12784365380297	0.222097883912697
NaN	-0.107591606419959	-1.78533599996004	-0.487705046188039	-0.930476648042745	3.52918795168835
NaN	-0.377222475134918	0.111683469631417	1.07934341643365	-0.153425548436902	3.75838689286835
NaN	0.513386558089381	1.57018397590706	2.36997042402265	-1.20373704874402	4.1441102990791
NaN	-0.935399678637515	-1.93657530506134	-2.50290830718945	-0.312737463199754	1.91890374206136
NaN	0.238136468710732	2.60177504314053	0.869986408073694	1.87870711561413	0.294713175825638
NaN	-0.481206644522113	3.56623590496868	-0.651559349518908	-0.40898457750085	-1.04931399406622
NaN	1.6258241310125	1.54207457117349	-0.502244435133622	-0.333735598933014	0.735842701498956
NaN	3.51765533822177	0.937537183286057	0.340949784242541	0.518006759360569	0.14464263559812
NaN	-0.125414789662367	0.993056571863325	-0.413392993438858	0.340689743276404	-3.53612925350121
NaN	0.026266623335589	3.84376123680426	2.47030769084089	2.02685247806175	-2.0506877663762
NaN	4.47111988490942	4.20584280828919	4.08436353259897	1.87113178379177	3.58312070756475
NaN	1.878761313763	3.96028236251411	2.90979400836168	0.960845699131083	1.93484303033338
NaN	-3.81238318559571	-1.2382302646268	-1.3856377697535	0.80103812771443	-2.54396347472951
NaN	-0.50113068280209	-4.95076779891111	-3.51770872473936	-2.29071134506261	-4.94428247026244
NaN	-2.26482910682701	-4.22765876505853	-3.02652622482655	-1.11069173096535	2.04059718610032
NaN	2.02816697130974	-1.36656227583558	-1.9844441486139	-1.00826336965284	1.24325514172518
NaN	3.08566333434406	-0.35304046165653	-1.3675226519116	0.741189908608392	-2.16692018230126
NaN	3.20203162283599	0.909878657626038	4.03979524887577	2.37995048627072	1.45365111960619
NaN	-0.795065575975253	-3.46931872438586	0.67686074014825	3.58577279898371	0.883454022507685
NaN	-4.61882421355642	-2.27829439433856	-5.3661335796041	0.866323095324974	-2.37645185827661
NaN	-0.155004443856884	-0.31970444694193	-0.160307574213576	-0.000778387520723893	-0.857612606047631
