NaN	-1.29960925938782	-1.41283367066187	-1.64294536900678	-0.876353256791367	-3.91709077481933
NaN	0.653768022997185	-0.168737242729769	-1.05956852334168	-0.829907094794731	2.03402657636942
NaN	3.10664439334881	1.19893890431041	-1.05164338237523	-1.04686455701697	1.83053247416117
NaN	1.34390510211717	-0.00851290388033113	-0.150007634255334	-1.23556249614265	-1.2776533252699
NaN	1.02450834989769	-0.819068019666524	-0.418263057078822	-0.718263715444111	0.52108703021372
NaN	-2.26715138314785	-1.77264907600836	-0.100514207521714	1.38753446760437	-0.136326953615292
NaN	-2.84381773102013	1.47439531260093	-0.346434263728586	-0.391068336290282	-0.394498824230855
NaN	0.527498823446777	-0.696366768053961	2.66026736285076	0.818224190959531	-0.0898069135700324
NaN	-0.962228703153268	1.50209392351463	3.87007547794247	2.75822445683621	-0.127036686845086
NaN	0.606790758415783	4.35562700277778	1.46438296403952	1.19721713525722	-0.744197675729269
NaN	2.1343158630489	2.53454969662203	1.10145555973899	1.48095375582366	0.153134591544341
NaN	-0.975361761814398	2.02552444341253	2.04474324881013	0.741233739790567	-0.594639780115469
NaN	-3.00363453531078	0.983956784205487	-0.570869920333243	1.12522567278113	-0.830345181658362
NaN	-1.63968395058466	1.15694723624117	2.06300420452871	1.14783658846855	-0.53749910092026
NaN	-0.685231194909087	0.904191382706377	0.465031979784765	2.95278553194368	0.196895341183711
NaN	-0.856348283554115	-0.955238317670873	0.112812845284436	2.00832651099409	5.15491265046966
NaN	0.826962559864157	-3.18468032071766	-1.63672133099851	-4.29327615104199	3.85634030276412
NaN	-0.946350550202426	-3.92352858935462	-0.523822628680276	-1.29665201174888	2.92396161448674
NaN	-0.387756673043366	-2.20584272035864	0.379929848758278	-0.105342101251753	-1.54082576456194
NaN	-0.789792866223982	-0.35481742455569	-3.58419179879174	-0.91189594672962	-3.54043536174854
NaN	1.02383551480874	-0.689798417484588	-3.15010001983684	-3.33832398035092	-1.34461047965365
NaN	3.16679450477215	-1.82262462847807	-0.984916464920031	-0.953381092547258	0.370554881287429
NaN	2.35173400179513	-2.26070633563596	-2.42332550107216	-1.40378579915159	-0.875676596276397
NaN	-0.0510797537037211	-1.20846802885268	-1.7403155169898	-0.400642908044088	-3.22750728411064
NaN	-0.652311976659155	-0.682747289415593	2.85904329890755	-1.01942259370601	2.77427602120403
NaN	0.0208867592934769	-2.79186597028105	2.21870250468262	1.83010493172097	0.441340865683176
NaN	1.1678704331448	0.601694592017219	-1.81406012431406	-0.185698702488735	-0.0198134204392754
NaN	0.764266405048733	-0.773494224835956	-2.71215260409034	0.496783947592872	-0.402305886111479
NaN	0.0583060649753914	0.899285762005482	-2.95191884903829	-1.96158357674031	0.502517490860827
NaN	-0.0702816509876288	-0.862546978128677	-0.678198788615034	-0.059230461440016	1.89317041753267
NaN	-0.120223530979179	-0.172376870374998	1.66172734089705	0.790666769069066	1.49334126559135
NaN	0.189745107975479	-0.635069578707729	0.484920193250075	0.372037259950684	1.8465194486607
NaN	0.872773238398308	0.0985248841656798	-2.0623234882745	3.40878281154479	0.0747474757577728
NaN	4.07721193687744	2.64700675740198	1.83314705255601	2.7422747488374	-1.4216245023521
NaN	5.16492236347825	3.46517920219862	2.8444903942944	-1.46001453164491	0.368712051563014
NaN	2.75172016576763	1.27835851779459	3.74196671352581	-2.97987820368291	1.21188944425353
NaN	0.924513661496237	1.52444990014297	0.595106973244147	0.54726097276714	-1.09921940224625
NaN	-3.02549039265171	0.696602453333591	-1.05834274917381	-1.50998552584312	-3.76067822722972
NaN	-3.09123525402413	-0.0658728892521152	-0.304231716016826	-1.04260531419647	-3.20011003875315
NaN	-1.32146967192823	2.02324197942951	2.21033599279136	5.95451629282193	1.67726560682076
NaN	0.824956127113509	1.03972135017714	2.35361667727185	2.84294664456813	0.551617770944456
NaN	-1.35964804593551	1.47126457006447	-1.30211245698459	0.114246194837421	-1.25765025531016
NaN	-3.15263002574002	-1.19076742357738	-0.29242708316273	-2.81082331241314	-0.809656443997149
NaN	-3.04247992864511	1.02924040032872	-1.9128253417983	1.811548983942	-1.24496616749633
NaN	-3.23814728230432	4.67253743199423	1.05372751253118	-3.05562973340123	-1.57242584909242
NaN	-1.72149659370448	2.19969316022192	0.00932314801283073	0.346886684677779	-1.3323817762178
NaN	2.71283103092404	4.31235466719259	2.6570633559822	0.0170594612063314	1.10954514467354
NaN	1.1701214199003	0.596251509121157	0.56606572185243	-3.41088553624014	1.60060501783317
NaN	-1.88347845148228	-3.53188594274137	-1.55898256803315	-2.70059343048556	1.86426327693573
NaN	-0.859744073488127	-3.28841250298446	-0.688850087749938	-1.46483134537384	2.62783567859192
NaN	0.230995120764668	-1.23126052470286	-1.1228077469127	-0.869899167603675	-1.22979631106123
NaN	-1.77112055594667	0.354201252550628	0.823408648051799	-1.12739145908198	-4.9600015244278
NaN	-2.05260361611802	-0.209234416224673	-0.0351855881921802	-1.14612020594774	-1.72987346683392
NaN	0.860495127743805	-2.89990318353067	-0.393872665804844	-1.41341649118589	-2.65325141251688
NaN	1.05555899898487	-2.66422060344577	0.19909791477193	-0.10594612383697	-0.741943827069572
NaN	-0.061889830530109	-0.581886035367322	0.135959911087867	-0.479076908203369	-0.185092771240207
NaN	0.622972255607199	1.88533646438187	0.0773731326751222	-0.508644659759659	1.4269547233156
NaN	0.818337318427224	2.25749479657374	3.98063021890682	3.89640228496902	-0.0480583860263421
NaN	0.0662215293110266	0.65296688753404	3.11169387212346	6.22264464173829	1.25739808250713
NaN	0.187054174956146	-2.17045129950052	-0.830158231283326	0.610102858880978	0.358526884808637
NaN	1.02877777798006	-1.47266624645437	-1.03994703013178	-2.01943672499489	0.738684045053156
NaN	1.29712023054311	-1.50987445302971	-3.64319330779302	0.186371916881655	-0.494342458509237
NaN	4.39039117675245	1.83213039808348	0.563099868749983	0.0608448988065503	4.27808622818151
NaN	3.32565037734967	0.331358950063899	-2.04430132103717	-0.123125419777157	0.519758220967949
NaN	3.69287435566259	3.81981871393169	-0.0537006140938111	3.87136092288385	3.78751623158228
NaN	5.06238946762084	2.93765359943478	1.92429654263926	2.685797124134	2.42425995053281
NaN	0.435508390419907	-1.95854948433176	-1.41172854069221	-0.27789355171886	0.921089113302986
NaN	-6.48024118189652	-4.1055762269031	1.35964322848873	-0.129828992408358	-1.02544849770674
NaN	-5.0667348586352	0.164073389574979	0.740456263529714	2.33837236003885	2.9791672010905
NaN	1.90678570337609	3.63710058629259	1.5167372837325	-0.301035143752876	3.28355668254842
NaN	1.49126321644285	1.92280154849537	-0.0247901196101849	0.24004271811604	0.462592537861455
NaN	-1.4121451967513	-2.96179209280497	0.38862302312539	-1.52931957580775	-0.970878323403194
NaN	-6.40175063810883	-5.78162156056456	-2.79634460948966	-1.28691329144215	-2.0152509874192
NaN	-2.27163576390776	-4.41465320340982	-4.58922082569627	-1.35905406887203	-3.13728445744466
NaN	-2.29040771955842	-1.2890692772683	0.404752110820371	0.111633149379569	-1.17252924180886
NaN	-1.62036051125749	-1.84689084432329	-2.90510491371603	-0.845920750216418	-2.72631515530212
NaN	-1.61664052076041	-1.43131248054198	-0.957123123942562	-0.806693007684452	-3.58247623003816
NaN	-0.11548933663387	-2.83754634898613	-1.59701736938205	0.65789180872735	-1.12204717916539
NaN	1.37627692745443	1.29639774563188	-1.49489085669393	4.97900430199956	0.763663333932597
NaN	1.25197853428816	-0.457379144101443	1.03522972960509	2.81505083437496	0.259131068555911
NaN	0.700355953087272	4.02850565612959	2.86599475112518	-0.993340533741418	-0.739264117420276
NaN	0.114843835453471	1.4046480981877	-0.0708220698595624	-4.77109687354806	0.588150518416229
NaN	-1.54728553942013	-1.84362841060518	-1.61806324639884	-0.215812535988222	0.408876551900355
NaN	0.521332487266294	0.151000862584333	1.1139980695272	-0.44280646370386	0.891300961948112
NaN	0.0405640716114807	4.83067476506455	1.77020452993425	1.29892320644973	2.72552815383166
NaN	0.652398189503151	3.40824361551404	2.93262852004441	-0.628350420783544	4.03691185640598
NaN	1.80576199703984	-2.62658895221074	-0.594944228793136	-3.01287331389658	2.36670916464164
NaN	-0.0823690084721496	-2.42919594366829	-1.61692077809257	-0.777409403971371	-2.655368435845
NaN	2.69956146089818	0.339465508623791	-0.910575101975624	-1.29401456848656	-3.06743494611756
NaN	5.86180658376076	3.0112582173388	-0.187720854000278	-0.951659685338838	2.45843269240629
NaN	2.53584849586257	0.194627096722347	-0.841163151850673	-0.0298929794060289	0.850281996456459
NaN	-0.110960389773064	-0.960111688095753	-0.480827097492521	0.761036445864618	0.978044528296526
NaN	-0.366420437811882	0.19951233912041	-0.283747699845742	4.51336358097856	-0.468255865846569
NaN	-1.61276812637053	0.787041900101195	-0.734376563418672	-0.341199908532073	-3.92955725246871
NaN	-1.61280721834668	0.453685320486432	1.10850905842854	-3.41783560817572	-5.39716520071758
NaN	-0.55190589903249	1.22101430786926	3.81596264137257	1.97682880808312	-1.96632629558556
NaN	-1.18115539475572	2.21894568465473	3.95458993195489	1.98425732225601	0.628529736732561
NaN	2.39602114361597	4.00613483104449	2.46062263065314	0.855832504428618	0.816860004826212
NaN	5.00247798646736	2.32524988086471	0.965185459974369	-2.02161894642914	0.952040150532548
NaN	-2.23124449296306	-2.95805269584055	1.57477165296633	2.19093440996656	-2.08427207107304
NaN	-1.31212171233344	-3.93187522347022	-1.47567501893286	2.78991214615384	1.68920126815459
NaN	-2.14402068766971	-1.13569214884779	-1.57669408517298	-0.776536901125928	-1.09577684488635
NaN	0.269060099212933	0.0682142071863549	-1.78450583028137	-6.51670634406585	-0.830344812396914
NaN	3.34990781422711	3.51814480153456	1.40913129509975	-0.783523564954992	4.65724833769661
NaN	2.51214061011199	5.96891647497409	1.13784211016849	1.06397405099968	2.98426555034597
NaN	-3.28647513247457	1.89865416362102	1.36437031140242	-1.04730481814802	-0.450106378849859
NaN	-2.89733560294717	-2.61185175618512	-2.20828380347564	-1.1482278089801	-2.88339301290604
NaN	-3.65602679432745	0.067115450901025	-1.30617146695395	0.808558348846891	-3.42868495982592
NaN	-0.434133985130763	0.549113514027247	-0.265714487142546	-1.85728172879566	-1.24319282102354
NaN	0.0516297098034595	-2.84602759251223	-2.58401238982871	0.354749466109311	0.504881028942912
NaN	-1.66021488524341	-2.87427313368824	-1.73133370306159	-0.269790046280833	2.26303841301645
NaN	1.53499031270749	-0.0135183295399613	-1.39449928840775	2.74599509895769	2.87405259873803
NaN	2.05837617042166	-0.513816293939443	1.05397599245332	-2.46204048418898	4.51382688983228
NaN	-1.58932589171031	-2.48865114608896	1.34791451862981	0.264556729062531	0.686475113625803
NaN	-0.93801790492262	-0.530119895791904	3.29851643361505	-0.145550574152712	-2.88018839262674
NaN	-0.214876821654355	-0.870851983299551	0.650472328654987	1.8814431208985	-2.92918874945854
NaN	-1.17680228818559	2.83318283673854	2.78399506478885	1.87900629042823	-3.14452625823025
NaN	-0.703677983099357	-0.7361003830888	-2.05553424448032	1.53746357111675	1.27298606903041
NaN	-0.142540293008869	-2.18610683807221	-3.17568711638461	-1.53877557399262	-0.568444918646418
NaN	1.28765578601258	-2.18249469582254	-3.26221245536478	-1.40910768903471	0.081397041724839
NaN	0.15085738466777	2.48544822788909	-0.7466600530983	1.58432194588787	-1.70874100288971
NaN	1.93341852914527	0.0561069653954903	-0.463254526234012	-1.2278077245472	-0.0748527961081681
NaN	0.648797244212864	0.42576267607782	0.596711058705302	3.34702178567315	0.655292482068854
NaN	-0.215875162982779	1.92356482553043	0.214728977772824	4.44344521506906	2.40169889143546
NaN	2.54441458592577	-2.14140306623117	-1.18712796271463	1.09244991638241	0.703483987099264
NaN	5.7162327192688	1.91897186972185	0.281679789173207	-4.493917721473	3.66332313650702
NaN	1.35568092851364	-0.331625253899926	3.42324126582119	-0.626085409203447	0.559846296057619
NaN	-4.34925125912009	-1.9146393714824	2.73989670590467	0.542557045116373	-2.99184129861036
NaN	-1.20749995121452	-1.74281239348121	0.518318414108069	-0.969121000975582	-0.171490041716005
NaN	-1.03431257683537	0.26236184300379	-1.42711232306369	1.1271615390697	0.752056052040189
NaN	-0.298047288908772	1.07767577046989	-2.42478454380206	1.78234339133888	-1.19152545922174
NaN	-1.58213194024549	0.103025639911145	-2.74109275914747	-1.98216184960927	-1.07694578921381
NaN	-1.29843569844822	0.96187271830949	2.92961367344135	0.0855007436021479	0.0190676212559579
NaN	0.21595142167857	-0.09842875744483	1.19499204741004	-2.16655121576666	0.533446777377218
NaN	0.869513584358918	0.520440858215438	-3.07468532510905	-1.83757081115762	-0.135029349193231
NaN	2.54674437352857	4.30710858775053	0.14397783096776	-1.3804166479491	2.68195532544519
NaN	3.09905516405055	4.1170787289281	2.30657914805145	-0.369475402681415	3.25441994471564
NaN	4.42506056863706	2.40698310442419	1.53214126349434	-1.26493448494482	1.16978220428073
NaN	2.8847972068446	-1.11929487889637	0.399711757727045	-0.503134965337727	2.12435658544066
NaN	0.933601355088288	1.19602420880634	1.59969130358229	0.799352309308826	-0.143043623498492
NaN	1.77970992029402	0.874096791877861	0.343965048480874	2.51325691530426	0.160912350566726
NaN	0.189950922450836	-1.57670888866569	-0.277333643870832	-0.260915924097696	0.808343555045268
NaN	-1.30728968197117	-2.1375229086967	0.433910398509669	-1.23195954994883	0.214818777197438
NaN	-4.65632871197427	-4.40059313748405	-1.71082956635774	0.831554419496051	-4.61685906797634
NaN	-6.19510387953609	-3.1199211898076	-2.571160339182	-1.12161836011011	-2.6995436106137
NaN	-5.31244121252845	-1.00231724114176	-2.18896726406188	-0.610246715286761	-2.70500984320265
NaN	-4.05938785859481	-1.79729954195666	-1.53136789574161	-0.568128006727036	-3.50552858875754
NaN	-2.98146818327762	-1.89619834646521	-1.93908585677474	0.0857984744780235	-1.54156591059762
NaN	-2.7532244745552	-1.98186691426325	-0.0948436373116412	1.62402646620061	0.412966796357153
NaN	0.646748214570402	2.63923254916848	2.41239587605647	0.0740812301817819	-0.263185201276228
NaN	5.91471133314632	4.16887625522831	2.69402357744668	1.30982729864885	3.27400598450767
NaN	1.74678685422226	1.08406375869305	1.48016393968462	1.08204603521255	1.43245966081422
NaN	1.75477845366935	1.17485904173596	1.41722080078325	3.56054135911009	1.44705499996972
NaN	-1.8891103889928	2.51489741794157	2.09205768932725	1.64655566888773	0.265105591892242
NaN	-2.9774088167101	-2.74808852908621	1.25580659683128	-0.648216059192085	0.502406066904754
NaN	-1.73729922963849	-2.46918759293652	-0.819944242792476	-1.74079726346851	-2.10404375202181
NaN	2.86518832410923	1.51379041203921	-0.824681934484071	-0.862246237806752	-0.223548710149855
NaN	3.58937077727932	1.20225354216897	1.54459004984682	-0.164941821214552	4.82511369776278
NaN	-2.6814745805528	-1.88929132318174	1.48361954265468	4.57034729204738	-0.854770060372324
NaN	-4.41326945681441	-4.30552907423157	-1.57685033150303	1.36248334391859	1.3529181367952
NaN	-2.81684101337691	-1.74417056478716	-2.20274455988685	-4.13483901726965	1.13624495619529
NaN	-1.98808877227818	-1.28601812442539	-2.51641526123051	-1.35139441655263	-0.214405968864915
NaN	-0.452667441678881	0.0954740257612594	2.67928990547132	4.82432777962181	-3.34186183394708
NaN	1.10863168190811	-0.490568255730438	1.64552469596725	1.65787741853474	-4.39134492581959
NaN	1.31839770868784	-0.478953864201773	2.35541146366343	-3.1214465141021	-1.59593307223167
NaN	2.30084560548272	0.360026163379794	1.76646733389058	-0.102304615758166	-1.61663919816524
NaN	1.22818876189856	3.25821915890155	1.92412960389848	-1.87339981662989	-3.78535924872516
NaN	-0.848840430850654	1.24304646851118	-2.85762956351777	-2.31214710976269	-1.20995436401413
NaN	0.384920876880851	-0.550258281336997	-3.45122202148636	-0.92996133286207	-2.65145213311798
NaN	3.72289492272603	1.47302146765416	-1.67384485678062	-1.34163153972158	0.265505815092361
NaN	3.8484812183076	3.34995000049729	-2.01431321608909	-0.202257074994895	4.67438609415565
NaN	1.82370483606883	-1.03740503016844	0.456259895025901	0.92559480127076	4.66731481654494
NaN	-0.284042761323688	0.337867299828453	-2.90699927811441	-0.731239542918217	2.46812897815189
NaN	-0.537989553746957	3.77692787264106	-0.026056420302693	-2.61908630987571	3.0460946686633
NaN	0.95966636558741	1.88274917792002	-0.438808532671899	1.7196901514871	1.2505370409003
NaN	0.19926879443218	2.19598626231651	1.62365947876418	0.234689421144812	-1.77645309160786
NaN	0.363144424804058	3.19480945583214	2.05699573154825	0.731464045387325	-4.51865738933727
NaN	2.29065570308839	1.26899091039357	2.08046665363089	1.7606768191537	-0.285071236981408
NaN	1.12728797122472	-1.88070263066001	-1.11434583491285	1.22443827330335	0.269973867232426
NaN	1.27721256344658	-2.40567196575677	-4.47287113353202	2.97012248760131	1.71933016009356
NaN	1.59956103284764	0.074244288351294	1.04830668846823	0.311952322754828	-1.68265009092557
NaN	3.71323067858815	1.18786989561335	2.22990016704277	0.0933888258982737	-0.396210229222189
NaN	3.32338855766471	-1.78753834322855	0.30873925954559	-1.66119055143235	0.640456570030584
NaN	-0.228373083825223	-0.242509314841803	-1.34486467456224	-3.57196317561991	-0.95675732550051
NaN	3.85254215092148	3.49670045988433	0.249530930230688	1.19325329664149	1.56727715122594
NaN	2.07715718335926	0.633955234311397	0.629312547060104	2.77485182473025	1.17449625984041
NaN	2.39426663544554	1.33975074487744	-2.04619332633181	-3.96973331557838	2.79485105415125
NaN	0.259159986119394	-2.42507810257624	0.153187542669446	1.18224767327691	0.612787008187125
NaN	-0.370538580466477	-1.63271489927148	3.00426001547382	2.50061874719801	2.3563864322839
NaN	0.0888831745100997	-1.91698917629763	0.326468035450679	1.7401852854853	0.750184567085477
NaN	-3.05539966706837	-4.51921946855902	1.95372474955732	0.64430118743744	0.214652194831771
NaN	-6.67727020876588	-2.09900214765527	0.108530186792456	-2.05184461709401	0.294055220387613
NaN	-5.01300736026503	-2.40669823113795	-0.176287064200128	3.52716871442201	0.360472148807818
NaN	-2.49745182918056	-3.79497280426449	-3.91971995433937	-3.30202723729415	1.02732866204565
NaN	-3.39948792030763	-1.41477943011771	-1.40194076484662	-3.78878242222827	-1.76589591790055
NaN	-4.42623468986747	-2.40905235627871	0.616746321919233	-0.97146196423639	-1.12295122068952
NaN	-0.698606084211067	-1.6612450503586	1.00479325661477	-2.58702789733279	0.728130591845121
NaN	-1.22512410332712	0.733744005106516	-2.49712608865455	-1.76915160592547	-2.72003228390956
NaN	2.61664266743568	1.99043178022791	-0.931431292459049	1.87407147534884	-0.805636753046005
NaN	-1.32225576896801	3.80345696655938	1.03016443193111	1.23748566054665	-1.30208992472471
