NaN	-0.244990549552039	-2.50841264808583	-0.0744203473870965	-1.61127944902722	-1.77174926701597
NaN	-0.586644824135791	-2.04037690436095	-1.8633338850867	-1.41698294222284	-0.98247752445813
NaN	0.170992936306003	3.46210661304159	1.11420891469602	-1.14036046163026	3.78044358096772
NaN	-1.20206606569581	1.56854166230164	0.326335710416875	-0.737820993876446	0.16939482351384
NaN	-0.0558084996574243	-5.89536222641118	-2.96102262309795	0.552142750679985	-2.94310528296513
NaN	-0.77600130782044	-0.557310200206376	-2.09156208163858	4.23794480137585	-1.74375121389193
NaN	-0.639605163175258	0.752041804404258	-0.633678244179829	0.0846829776832705	-1.06383913620162
NaN	1.35123557419657	1.02925857019445	0.727514403264361	0.841685729174289	-0.393909561111545
NaN	-0.85038145115372	4.57697522414525	0.120851227175754	3.99916459268176	2.94649022713885
NaN	-0.381618593201564	3.25837680284558	0.768372082760307	0.828637147107792	3.81665596936433
NaN	-0.14548977984098	-2.7036474466608	0.802813252766095	-1.90965471248919	2.35139231242289
NaN	0.736885726720148	0.943548408343573	0.552050425452057	-3.2770426243276	-5.0366245872424
NaN	0.532421835424927	2.29040689157621	2.47724935734369	-0.528890999844076	-3.33794968735676
NaN	0.571009013365916	-0.0020470409934922	2.23757412475855	-0.646113571683985	1.29592578169526
NaN	1.52614310496379	-3.23020270448265	-0.952180856229451	1.81252737575563	0.824046480778872
NaN	1.18144333902089	-1.84294288006005	2.68481208403271	0.346976686236302	0.457809032802012
NaN	-0.173170062989751	-1.1194552641183	0.0594160690750221	-0.871849651722618	-1.53703094770193
NaN	1.64229396757447	-0.278093895971341	-1.64331055576892	-1.45278608379567	0.0334668926722358
NaN	2.02347934253769	0.75267236120573	-0.145834777925216	0.0173738493813145	0.751469447839217
NaN	3.18360572788339	1.35070384549224	0.409088334030201	-0.0821658608005451	0.912003723538317
NaN	0.790083438634006	1.11223825699645	0.676815016208713	-0.447370741329982	-0.471055130302651
NaN	1.31640049390195	1.88669455401957	-0.154568713240953	1.12388220474715	3.50312841817216
NaN	-1.38824342286558	-2.97897791102895	-0.688297165348172	0.50726555733062	5.10331033664859
NaN	0.27179275689207	0.808636023742724	0.719343304936404	-0.445044558294974	3.26610153911884
NaN	-0.209936495367414	2.82097692300394	0.886815374456047	0.19008704887492	2.94130957963123
NaN	-1.94845129608345	-1.53791115172943	-0.866568926736226	1.85388071435012	-1.3634530522475
NaN	-5.59933350115819	-1.05756392562937	1.60483310697224	1.43044048118415	-4.18400145249449
NaN	-2.19211682851055	0.033740243654662	1.65075277086115	2.8441333016423	-3.09329054012231
NaN	-1.38576131410692	3.25441476812249	2.92710465242294	1.21039874171345	-0.794881823152867
NaN	1.73934081844813	5.33059216595433	4.9434231243917	1.18894823404638	-0.96952124740618
NaN	3.9580312800186	4.60018150732206	3.04930465541982	0.374770639847914	2.7148889656125
NaN	0.753258955297746	0.504532344610623	-0.792779928039368	1.9457829616759	-1.54169019020542
NaN	-0.218175425414354	-1.21674469540405	-3.7569278411958	1.0739174525073	-0.628105510352684
NaN	1.88587876090367	-3.76321488950971	-2.56971486669954	-1.42704203132532	-1.452637268195
NaN	2.00091733463029	-4.3612164665598	-5.03841174193629	-1.23241468063265	0.821593992794725
NaN	-3.15132308158716	-4.35718081115887	-3.2889433050139	0.994191978176558	3.60438736081807
NaN	-2.81724526242793	-2.96237158076256	-1.48728947669117	-0.509764963954323	0.432106309684015
NaN	-1.91813719897814	-3.36623161580299	-2.41982790453861	-1.71286494792978	-4.01267145719481
NaN	-2.20299219918161	-2.46971596537029	-1.69090069938117	0.833896521128189	-5.25368204740937
NaN	-4.48341962214977	-1.89268734815801	1.88035975543664	1.55526440593318	1.94920073254402
NaN	-2.00887505911881	-0.248119510805931	4.0296576354601	5.56907711850957	2.9192274836202
NaN	-1.67173765381284	1.96702005301866	1.95112365569727	2.40829096468318	-0.874069655429412
NaN	-0.687198939494893	-0.426230076465366	1.40574612215678	-1.60514748326967	-3.22049189894478
NaN	0.0486146224761121	0.769465312238848	1.79463723365633	-1.84212040917493	-2.40657218339795
NaN	-0.126035490577292	0.546303273493117	-0.934852522192994	-3.54206990339972	-1.16844830553523
NaN	-0.151404975070894	1.68296711094376	-5.75982846618313	-4.0879478227599	-2.73468380941225
NaN	2.04877630457423	-0.148973162915043	-4.91077231359274	-3.97911867476532	-1.57770985869816
NaN	6.38260959154644	2.25178094642784	1.27078819857016	-2.29968178228336	2.32154549247207
NaN	1.27484621009773	4.75786620468364	2.79857322335702	2.74443443782817	1.22253063039341
NaN	-0.204026117226657	5.85023687311404	2.44371352741087	1.69841692841766	-0.0458259885072802
NaN	-0.541851544392023	0.0745133655672367	-3.3933632734635	-2.46727618721245	-1.99157318408803
NaN	-0.207179001131758	-3.81728827900918	-4.04087482164596	-2.96038429991277	-1.95373521409267
NaN	-1.44999978321059	-5.02462424948845	-3.49182703958469	-2.88718917818859	-0.6408650011475
NaN	0.0841897243749732	-2.64709384627726	-2.33783488153297	0.233435352474302	1.03716655039134
NaN	0.353551331509029	1.15070214970273	-0.0531125429291475	1.49396031231287	5.19059146899847
NaN	1.34295065807044	4.47672286693716	2.23120001804129	1.15399439084131	-0.783173937838896
NaN	3.88912480624153	2.66171116491876	3.71212394414099	-1.52899871578585	1.36985132801819
NaN	1.22825072148034	0.040582431876656	1.54702529873845	-0.39836266519979	-2.14307220367408
NaN	-1.08106722433786	3.23591347315103	2.79205085609401	1.17121542515528	0.853275162173124
NaN	2.38095853902822	0.763523469039469	3.45401200953575	1.80219973939837	0.471591336418504
NaN	-2.03565937013001	-3.9166977790232	-1.86637514546659	-0.342359508636777	-1.73503969203413
NaN	0.235588908959103	-0.422993646173421	0.5659631494862	-0.645133954648369	0.881553553118074
NaN	-0.0505967472520402	-1.06894542049293	2.37299810552558	2.08849942122431	2.07643013018577
NaN	-0.56064506720924	2.63074249765959	-1.15437692654054	1.90249301260901	2.50760909118743
NaN	0.379522600495185	-4.46004338843968	-3.65012171636732	2.85960268073098	2.41674824032684
NaN	-0.421842722773303	-5.72709101079763	-2.85423577734921	-1.14725885941186	-1.14333060070024
NaN	-0.475235739932285	-3.15404729688078	-1.51124485513621	-1.27287708838584	-0.66723158688981
NaN	-1.00641460727528	2.59874967692422	0.977891843393831	-1.2832957045275	2.54465915696376
NaN	1.75337844975178	-2.069154504084	-1.91935351517776	-0.790176115629045	0.654837273621716
NaN	0.423568516634072	-1.689951202843	1.5454804097855	2.8791229809541	4.57736930052762
NaN	-0.71822365438931	4.20875288149328	3.26728862866544	-0.199765098153888	0.533716010661961
NaN	0.210630284117498	2.55376827970332	0.356382334917881	-0.684869045927198	2.54424984315016
NaN	1.08787676350676	-2.34960298639463	-2.90836402904038	-2.90102795193841	3.08564775567533
NaN	6.43009845787893	-1.29502544743063	-0.689980135217586	1.05878015434839	2.19364039496976
NaN	3.35079022143349	0.658165389912078	1.05778496781437	-0.299349510620481	0.695471763765077
NaN	2.17055516854661	0.673936947378076	1.13014027219391	1.21122380329478	-0.586340531776027
NaN	-1.35334022363052	-1.73551122207062	0.926103207921229	3.6398637861769	1.73292001710375
NaN	-4.3312944706783	-3.14001308279213	5.07729617033788	3.98239675328374	0.646877128379221
NaN	-2.78358486611218	0.185150709303234	2.53154562983025	0.931699534946898	-5.27366173069846
NaN	-0.666014856543171	3.05457349967483	-1.56545669991289	-2.70349761165176	-3.11914213664432
NaN	-0.884758224659523	4.67354183098385	0.865110972429782	-1.03383207404701	1.97317440947106
NaN	-1.00299327496961	4.7218162532355	4.06361559937995	1.62303389526024	0.432552275913823
NaN	-1.61671615750571	0.727749820705006	1.89933779108267	0.45104074314185	-1.68104330024105
NaN	-2.31178121754759	-6.09506063615512	-3.98913719213689	2.16816063377373	-4.50491181785755
NaN	-1.41957060228594	-1.37898152217971	-2.32310470817164	2.05529255990758	-5.30317712848264
NaN	-0.262092738770843	-1.58205375628939	2.60673168275933	0.174561945266911	-3.18976785875898
NaN	-1.2941818368692	1.73065599507659	-3.20903248911957	0.974047935971559	-1.79241752390352
NaN	-0.729361193312401	0.0484710255283368	-3.09433345103166	0.689915206339592	-4.01474907702255
NaN	-0.136872100424238	3.38138221312634	0.895939259539798	-1.40276469354922	-2.79969274325875
NaN	-1.21013986914024	2.29851033728848	2.9585381750564	-2.15772109976377	-1.43471080888093
NaN	0.777089136309137	-1.18934927196534	-1.29514028862112	0.102372689937016	2.15369080558876
NaN	3.30021892064433	1.19186347817741	-0.255296704847446	-3.02330773567165	-1.68171122121048
NaN	3.79565152346583	5.29717638364241	3.21204875303403	-3.5898277255468	1.10987335850636
NaN	4.78010879053857	4.42712321809092	2.31881996272393	-2.78627842205366	0.847405027126494
NaN	1.56777463729849	2.13553822086415	-0.0962360441216821	2.01874398763623	0.81711528200729
NaN	-1.69806788398803	-0.0500452982085758	-0.228128954427741	-1.54449098787769	-1.21236610296729
NaN	-3.48962259557176	-6.6908665184337	-3.52918715262834	-2.48787435342095	2.16894460803576
NaN	2.01198722181756	-1.7976771388095	-0.709069363717226	-1.02091806850863	3.57575067675408
NaN	-0.98027423591264	-1.96346732193206	-1.13831710657419	1.01076853278502	3.78807778727556
NaN	-4.80435452720579	-3.53304117603562	-2.65017432874815	-1.58026907363354	1.23572317856301
