NaN	-0.351830998776746	-1.17716383685369	-2.38040958754723	-0.654302920164783	-3.43749997529481
NaN	-1.63297134184538	-2.51507766461082	-0.152336102028168	-1.35066320412567	-1.54193882524883
NaN	-1.84576762540041	-1.23184458899492	-0.708761114793849	-0.934630967756177	-1.93168563101215
NaN	-2.44747362588147	-0.517978871825729	0.784541081998076	1.06864491793926	0.00842989302623211
NaN	-0.383707556839943	-0.0558787955505191	-0.221046778217005	1.17889870728141	1.5644413377421
NaN	-0.0989349729471171	2.04550628426585	-0.64172097386458	-0.928277115214552	1.92515971607039
NaN	-0.693751004640051	1.03511214998304	-0.174488292608562	-1.53082822975711	-1.38790090554229
NaN	0.721800395756316	-0.684299967088677	0.922733595184412	1.14003580230254	-0.0337949013431249
NaN	1.81530180758456	2.16408920981652	-0.801167087861579	2.76457176655185	0.933281005366525
NaN	0.275144130584844	0.243811202239112	0.44431939689561	-2.34450752084813	1.88592556378932
NaN	2.10659977160258	3.84449258262557	2.98354310876848	1.42291432002681	-0.355656420692119
NaN	4.17764039458966	4.1751961806448	3.14907270878087	4.1265329373915	2.65597261697212
NaN	2.59562880576206	3.04720077742497	2.02479725988697	-0.109313455830478	2.47486672876115
NaN	-0.331842860413635	3.26707937086711	2.49237157803762	0.565407178652249	0.0499375440843339
NaN	-0.333530090086111	-3.05397180844372	-1.15745967222789	-1.28011328516898	2.82578939438435
NaN	-2.17593665334722	-2.09754977550054	-1.87438224098845	2.01473710456874	2.75588003660063
NaN	0.237124176367088	-4.51909230106532	1.81397787208514	0.583958429097014	1.48572204331939
NaN	1.79920649943778	1.53569081504759	3.74931687514342	0.628518335133997	-0.782391082078406
NaN	0.504276922648394	1.87530017735257	1.2710257946345	2.81296332149196	-0.610908380247587
NaN	-0.100506294190763	-3.46024231789849	-1.57321780089334	-4.10690736715068	-0.219155886894314
NaN	0.334169782783034	-4.93406498572454	-2.39408103628812	3.16340801855694	3.11576294554358
NaN	-0.908762498154164	-0.71525127637829	-0.246155154752155	1.1172668172084	2.27876897648014
NaN	0.453872096685941	0.244136575960853	-3.79378239683256	-9.53550496895278	-1.37293675961825
NaN	-1.49881749404884	-3.62770539943173	-4.20466631625768	-4.03121514703887	-0.0692358248305633
NaN	0.326062605651542	-3.06140542001208	-2.09803851557494	1.54045329544086	-2.1724842709921
NaN	-2.78178264193493	-1.70982083363218	-0.66294574736936	1.5065664826039	-4.5501112671071
NaN	-0.45281208240915	0.535956064095069	-0.922071137748289	5.10712923248157	-1.59365182763962
NaN	-0.365876419485751	0.83400685053824	0.636931251555241	0.515822295446972	-1.79285046715058
NaN	3.28524542228765	3.78431065997856	1.92909747537971	3.11268924150663	2.67256710188874
NaN	2.24100535388684	2.77016935736473	2.18818032773602	2.87770088084241	1.8906559539351
NaN	0.228238577765396	0.195339584965352	3.26038617539998	2.72420309632937	-1.18901621103936
NaN	-1.06506021891153	-0.740802973347831	-2.43444190598386	-1.03211690735178	-1.81196643941932
NaN	-0.678412286487352	-3.07923333940039	-0.372174597822648	-3.76673292908474	-2.2042877951894
NaN	-1.16872688418826	2.10053869773688	1.48003807956949	-7.39831107027259	-2.48964948571245
NaN	1.51605226757273	3.29404784568467	-0.463093650758217	-1.06542526613655	-0.287154828396131
NaN	-0.712284595813338	-1.85044765228708	-2.30232463202313	-1.5047979319573	-2.37611340325405
NaN	1.44338718322563	-0.0754637871435467	-1.56353925835972	-3.66664915555694	-0.346643475437641
NaN	1.1053068009879	0.414425124449436	3.56117919054911	-1.54471090454274	0.580678984621761
NaN	-1.30095203479969	3.1409746579039	3.24373237265035	2.02209990588594	-1.13354500437174
NaN	-3.99429727104497	2.32286338206961	-0.103626034008657	-0.42889467244075	-0.552349798289369
NaN	-4.85605392531204	-1.33323551753778	-2.68228427778984	-1.71090740155445	-0.478180667384145
NaN	-2.12057396076119	-3.08461331714365	-2.35497389192442	0.654292552105779	-2.76819399504122
NaN	-2.42574409318739	-1.093860299735	-1.77398800931426	-1.7813932600406	-3.80889045585986
NaN	-2.19401198846378	2.83541294211386	-0.0783740587357496	3.76007052523266	0.137411296517665
NaN	-1.68863632373096	1.7600952385589	1.93918639869408	1.38254917724597	2.30159247100275
NaN	3.04378304207591	-0.188263709468687	4.57291389515955	1.00379903258225	1.41652732478801
NaN	-2.07434364164022	-1.85160646612749	3.13011427791829	0.907709009910205	3.31875420992573
NaN	-0.080744884657386	-1.95894746041744	1.83475919963243	1.41943457367979	5.15681626061998
NaN	1.79627728358966	3.47772311746385	-0.835983444102941	-0.18677765248813	0.628865035125966
NaN	3.30133561343274	4.00771251555715	0.183734878160567	1.6113569483066	2.10569253166399
NaN	0.34873828478239	1.72732817615253	-0.679952786260013	0.0600505382084223	-0.807441260273281
NaN	1.78821910552273	0.956530832693211	-1.53786893419886	-2.23614589551205	-0.0121112655073246
NaN	3.02705771319079	2.71605885382138	-0.601097132050814	2.00065744876588	0.875545704470735
NaN	0.88428093813469	0.400717138652997	1.11228292726271	2.56993595393798	4.06764655697592
NaN	0.243099911823671	-3.24031744623484	-1.85035225799626	2.7462136136418	1.21142357228148
NaN	-3.75795993109779	-4.74368889311071	-5.53300159854657	3.72127923644397	-0.803867925631627
NaN	-2.81460645901486	-5.01923777936593	-5.03602585396412	-5.0468051605907	-2.22539046612437
NaN	1.70764028279246	-1.85747651257199	-3.29701877938241	-3.11391360933308	-0.867158756265034
NaN	3.765079874698	-2.09017484907137	0.108727731636672	0.523141455696108	-2.57717317858531
NaN	-3.02045803474534	-3.20295824487976	-3.45252194035433	-1.95913044996063	1.90643937393286
NaN	-2.70474274994144	-2.88862935385706	0.297694255471618	-0.607509522708551	1.77762218823117
NaN	-2.15287950357735	1.43222605821698	3.55915431706259	1.3910714026416	1.83472878154784
NaN	-0.290564934223143	2.96360479995658	2.69910964303292	1.15165858200093	-1.44870719120793
NaN	-1.09639659438508	-0.628189898241746	-0.427977194475235	5.04403292411101	-3.92366739996943
NaN	0.596464075004926	-1.48242703720399	3.44951511759672	2.87846158226828	-2.57922338581667
NaN	3.26069613822976	0.246363485876538	2.65826858941645	-1.65953666443328	0.778168495228757
NaN	4.15572143126208	0.210708911081104	0.87651354640142	-2.06219179239601	0.595177343066962
NaN	4.60932725303904	2.17931688258613	0.66936819547398	0.716217849094423	-0.0639609515146903
NaN	-1.36775006716588	-2.21225081576611	3.13001886281173	3.86183696548647	-0.498422766131656
NaN	-1.98238367976128	-0.691592157879047	-1.1935358828502	-4.84451841189359	-2.75825098784496
NaN	-4.04347723332016	0.304717022308862	-2.74439584450201	-1.2605794365234	-2.30778674965422
NaN	2.84399914206086	1.95764601975073	-1.01407496631558	0.35526872098228	-1.56564239909229
NaN	-0.935773887655005	0.228532934612262	0.545712667431954	-2.2400368097264	-1.463440732078
NaN	-2.19207227886733	-0.241903055387669	0.871169876967529	-1.39491325941602	-0.748532275029937
NaN	-0.431254025275347	0.0947546045313257	0.033540371583441	0.152050733591064	0.207237722714679
NaN	-0.812466412343232	1.45753794796427	0.446364728583888	2.28016551558061	1.21361234796145
NaN	0.399700554314731	3.06331040025601	4.55508133395022	3.4155709314564	0.64022052912268
NaN	4.61555414088921	7.79154584002837	6.78091549156642	4.53378479809042	6.04393835227129
NaN	1.47569616512412	0.655087816837902	1.11520439269182	-1.46801419368873	4.3432004178683
NaN	-1.66926445511107	-2.24429867827704	-3.19186214495914	-7.49881838340462	-0.980430189407347
NaN	-3.19162316301963	-0.62601463631918	-3.08752892643287	5.30700562534455	1.13386604992504
NaN	-2.12580664282937	-1.3287536799344	-0.682078976697954	1.1233900326992	2.33459007072587
NaN	1.3972077480109	-0.602921960137359	-1.13908340901471	-5.9125110810881	1.11593378232419
NaN	3.63054444246785	2.64447053479227	1.64857766037896	5.61689502060494	3.75696970662105
NaN	2.48508113741368	-0.158641138380608	-0.804610561005921	3.0204591536641	3.02213700878906
NaN	-2.0775610805974	-3.20388958837513	-0.97548745765241	0.923568921350774	3.12988890714538
NaN	-2.28198592267282	-1.53261023128528	2.3927121595167	-0.648386245673155	0.843867008821675
NaN	-0.955072712933976	2.5831707409896	3.68689481098432	-0.210432308725024	-0.949290985870269
NaN	-1.66059689257499	1.1867606387302	1.0004286668856	-3.21482564783806	-2.19855867737728
NaN	0.552636483062549	3.81021742552082	0.0933401037425431	0.630723899599144	3.194758003356
NaN	0.221894040630923	1.60263774041773	0.246288566916372	-2.01800498962542	1.70734991485942
NaN	0.495725982365582	3.14698099599971	0.67211026071818	-2.01427394763397	-3.86817666232245
NaN	0.669483539370604	-0.774056920254697	-1.77295922353392	-2.66512746144733	1.43556557127584
NaN	2.16480648784313	-3.99544884624486	0.310119721894691	2.58284336839504	-1.09498429720298
NaN	4.26123709256824	0.492812855740861	0.0236061401318348	-0.477876686692616	-2.62784315286024
NaN	1.32567457099499	-1.42191364948588	-2.63324301215976	-4.07001050279223	-2.20865432092748
NaN	-3.20570356488148	-3.74277315827328	-5.84560582741088	-2.08342519833457	-5.83577863651617
NaN	-1.7465610032899	-1.54798849817268	-3.69360372129222	-0.702368910693697	-3.81717140114275
NaN	0.245647823119837	-1.60064260209308	-0.175589265212584	1.50780016648374	-0.415970212652747
NaN	2.80243420568767	0.892391974197278	-0.237663520985255	-0.5454804423767	-1.39355616965466
