NaN	-1.52377404450951	-1.87847965792565	-0.999342622580617	-1.20837148634671	-1.58330424700012
NaN	-0.396275712376303	-1.24847838143488	-1.32610724237226	-2.17306869539898	0.345372416171349
NaN	-0.785795788995715	-0.679394627701874	-0.197133769936706	-2.03471482049645	3.94541986543053
NaN	-0.939176779468628	0.366726382445579	-0.143050492939873	0.0645904167057144	-2.42400841765037
NaN	-0.976872415065925	2.49572256061984	3.46201457644666	4.42266356907852	-0.0527923758690432
NaN	0.248657522456476	3.00480258331961	0.959041472794444	2.93808923159	-0.405916631104939
NaN	1.58669387260488	-1.39123000562691	1.3741339388196	1.15714960250616	1.04477662740228
NaN	5.55513327626807	-2.35692240152024	1.12692237060352	3.74470291234186	3.39069118687797
NaN	0.0869270087330267	-0.229195848864585	-2.73261938771362	3.49935210002411	0.569199636330779
NaN	-2.69407800944107	-0.445862072499294	-1.71400009770386	0.0105799080326955	-3.31753939783384
NaN	-0.596695432887712	0.085863232637683	0.950277612820758	-0.598722414693084	-1.73386867885162
NaN	-0.0762661286323637	0.650122098483276	-1.58898474713478	-3.91693009455435	-2.8632283533175
NaN	0.457897355401474	2.24827737787166	0.076258020768746	-5.88538200325295	-2.40790183515365
NaN	-0.911806937483031	0.580585653598091	0.143898222676443	-2.58935800228302	-1.71149435331206
NaN	1.67938981350827	-2.14754038377846	-0.0935711725223504	-1.01364424027225	0.424366889666392
NaN	-0.137713425678938	0.537839233459221	3.06919910787865	-0.0149292361928885	0.693946982704056
NaN	-0.0476206370079373	2.04208111658407	2.75094043470506	3.26792632532188	2.35095259234088
NaN	1.35940265016096	2.29205301762573	3.16420209228729	1.16880771146368	2.20018157681324
NaN	5.08092470729909	1.00594254054076	-3.07610671250108	-2.21713923323008	1.5246038618299
NaN	3.79140647345469	-0.371168878093655	-2.13297978105988	2.96450960506581	3.00441854710185
NaN	-2.34612159068023	2.9499700567354	0.92512070763939	-0.0326397782987465	3.74248754196392
NaN	-2.85460987825372	1.9320470611229	-0.760582628882735	-3.05301892570278	0.548916724888873
NaN	-1.19133070046115	-4.68354331617653	-3.78351202068491	-3.15636011314464	-3.8918285267398
NaN	-0.413340206479643	-5.01085358763495	-1.67884772179856	-0.493766075074507	-1.35428872726453
NaN	-1.80717313539829	0.224524089575746	-1.08654530162416	-0.108699641945811	0.658390036185457
NaN	-1.00695490959776	-3.02320448513859	-0.532237849351232	-0.132936176505735	-1.99971110990933
NaN	-0.214381190822591	-1.16392173092105	-1.30833769018362	4.14404171942859	1.92528062600804
NaN	-1.2846364572828	0.808779911531423	-1.84651193348349	4.58910963863004	1.25307603507935
NaN	4.80743989402379	2.63814406564247	2.15403224242586	4.46569909893171	2.80862552659513
NaN	0.0482917342794711	5.78789229775424	6.22409172995299	-1.00844110995395	0.22575299646567
NaN	1.87267780667273	3.16582694813334	3.68745062698606	0.963058055265664	-0.432297431286363
NaN	2.34762029646726	-0.553869186616178	-2.86024983885434	-1.60175896925694	-0.435563157262099
NaN	2.03224523383638	-2.92902451404153	-1.52063555913619	-3.8170238970911	-3.5315369545079
NaN	-2.13055995669395	-3.58337818282932	-1.5811174190136	-1.80950448755116	-0.488041248431208
NaN	-2.65924643715616	-1.12759735250288	4.34104901806382	3.53255255403622	2.37244507488974
NaN	-2.00940305325749	-0.345559268625169	1.82130269415542	0.655732014204621	-2.54321402572357
NaN	-2.63466637393421	2.23789547027505	0.320044623622677	-3.4657697128543	-2.93996741581059
NaN	0.532359553812502	0.827043153487354	2.4633573819848	-2.21577526288654	0.0338494461419827
NaN	2.13189084627486	-1.12064379600971	2.06312654498651	1.37280318588894	5.00286345889792
NaN	0.943991601617222	-3.90731321594745	-3.53368980188152	-1.08812026697154	0.192699504624616
NaN	-4.14405021387767	-2.67204439222495	-3.83526971261862	1.84751757390764	-0.188182945827207
NaN	-2.24541230468681	-0.794722070401464	-1.50193739918706	-0.523471996424783	-1.36186673318701
NaN	0.15166275378183	-1.27545068855487	-1.60424822436072	-2.32264290734249	-0.0092050884158685
NaN	-1.70297737370788	-2.11695826821389	-0.906859252900173	-1.47573649328402	-3.79831708815877
NaN	-0.148918870329977	4.14507797800432	3.22580422836638	-1.17345460611526	-4.2211368368501
NaN	3.98820391893776	3.70057392357131	-1.03200041370544	0.702355963142656	0.0289838866643399
NaN	2.61863378628627	-2.19335930647056	-2.67779491339756	0.608369149780852	1.46600869305961
NaN	-2.24285761606956	1.31050041014508	-1.26601214117255	3.38044020585275	-1.87340548284096
NaN	-0.0381174144658242	3.33311299188953	0.0999811585430428	5.18737445253131	2.30407853712578
NaN	-2.43311276732141	-2.28794483246525	0.430293138687727	4.22142221123752	2.5139314845481
NaN	-2.73218511016515	2.90418521605323	4.30772021677683	-1.52321888949913	-0.266189923942581
NaN	1.07949860820941	-0.0502574881597885	-0.112367517931735	-2.76445297878342	1.80603361112707
NaN	-0.989150711915271	-1.38752716207347	2.06757165459375	-0.721906376282928	-0.804696533356063
NaN	-1.80521183086537	-1.28716595469037	-1.13644351163667	-2.25960560498584	-3.60663075909609
NaN	-1.1666026453286	-2.96343923405523	-1.16995782946726	-2.64291512661921	-2.08049245442727
NaN	4.07978751531876	1.05480313479177	0.334727893600843	-1.24908084903642	3.11968122066359
NaN	4.62654712502349	-0.0875073697725332	-0.52801815243482	0.568561407706582	3.43806419352759
NaN	0.0184494970897115	-0.866754029201252	-0.556634936350581	-0.0156273782070703	3.98513036289443
NaN	-0.380124479858624	3.0136514985947	4.33433584299854	0.768115286357752	0.337731909752737
NaN	-0.212106431032436	3.10698603831154	1.41505846679833	2.59513868292436	-1.75080986951268
NaN	2.38263908013375	-1.11819655534658	-1.18525831968238	0.796380446407787	-1.73422860293228
NaN	-1.18629807660452	-3.93068725298216	3.21925071619916	2.65186242089128	0.880061525384527
NaN	-0.0851808003346818	2.10930684596918	0.798778762902555	0.806301177592312	-2.1772641126301
NaN	1.19686224073569	4.47638756993176	1.08324940258309	0.816031466922213	-0.813347135292571
NaN	0.646316857776835	1.75639283726805	0.718652394868129	2.17566729140124	-1.46701386089871
NaN	-2.12733943595879	-2.44724294868444	-1.46153647964745	-1.14579963768234	-0.242668082707214
NaN	-0.25370609700461	-3.36904332877165	-2.96670921341527	-0.728395969310846	0.688606643969814
NaN	3.94032370593037	2.00261174886681	2.53410963152271	4.94855684076948	2.74020759907409
NaN	3.40375282617026	3.95963652516269	3.65375170363786	3.71229166320518	4.52291375311976
NaN	4.30542679708243	0.221610226944868	0.152882052124017	-0.632377538057535	4.60452261284579
NaN	2.10272120710298	1.19813617575393	-1.63819420642103	-3.56194757254229	3.24630125644016
NaN	1.73362127529404	1.35387874277537	-0.621325397606646	-0.70674242056899	3.58194844984877
NaN	-1.48063151921792	-0.903395469696086	-3.00197171931019	0.396858258156075	0.775511482257392
NaN	-5.45781289484263	-5.088971726838	-5.60380069449733	-1.74752402718213	-6.76330336261492
NaN	-1.25545181559417	-3.18177475412266	0.695519487491983	2.05604616096614	-2.38203129009565
NaN	-1.77435014046405	0.583107403983682	-0.46134184824982	0.0901529009171237	-0.904768579182115
NaN	-3.1479004737755	1.09746864235947	-0.666056233370176	-3.30248798290626	-3.24096707748158
NaN	-0.612352555829219	-0.345207777097965	-1.31870621571503	-2.28104738947485	-1.14376391010988
NaN	1.88887375835594	-2.47684010605571	-0.62470374048376	-2.56614563108952	-0.222520258476232
NaN	0.782356358023822	-2.25337249371966	-1.16878070462693	-5.66762144468501	-3.31101455957781
NaN	-3.09256706356308	-2.88064325641799	-2.69996213119342	-2.2008183079811	-3.29690217014684
NaN	-2.35050194458803	-1.57151011300287	-1.6615398990321	-5.32531947153367	-3.07509629143338
NaN	-1.32538456000757	-1.02083717020755	0.658966834306135	-0.498787700732373	-2.10976035096754
NaN	1.31087512105603	3.12156857688625	5.32970046546341	1.46446051209469	3.68670911028333
NaN	2.07193721209731	-0.170697517219433	2.11762844524238	1.67657955154651	3.99942107185137
NaN	0.859821628620936	0.388790533454379	-1.84269460786243	0.258656811622392	0.463394962873124
NaN	2.50516342118669	-0.570964342504643	-3.32330268060743	2.14566107975198	0.571050213538783
NaN	-2.29895020381297	-1.221471056188	0.0303134812708176	4.30783037332959	1.05435818966029
NaN	-1.69006658582937	-1.11269941002852	0.126343164635636	3.12380223640353	1.09055753443599
NaN	-0.299860752741294	1.22824963589805	0.420767592261638	1.24583379386177	-2.1029666855574
NaN	0.0302211328318742	-0.952977082504102	-1.11377740972138	0.543298993254316	-1.46469792228037
NaN	1.36389170840443	1.09939518806942	1.92138632314708	-1.62093264649999	-0.163632602484865
NaN	0.956374520892496	0.604624316917571	3.1798543126857	2.02865593064153	-0.157381699421813
NaN	-1.3283600275051	2.27784367179553	2.70790222229245	3.96296124081956	4.82303999954595
NaN	-0.811386169868708	2.01638298516522	-1.0797508180838	2.06973491803517	1.80033901350976
NaN	0.51600731707246	3.81912713972869	3.55554035675142	-0.967327476162655	0.867945977573611
NaN	-0.557920074360392	0.248318293025214	-0.500980990738847	-0.918537708632105	-1.70723434672569
NaN	-2.90108567312341	-0.573270793291155	-5.68733008803255	-3.88964251364662	0.396282928190517
NaN	-0.458825963497703	-0.715186426733086	-1.66882310528244	-3.85233633496603	-3.60352800540343
NaN	1.25234077942668	0.0714341688237571	0.923700930732677	-2.19630702635412	-0.889605869112693
