NaN	-0.899515231507651	-1.38161371912319	-1.64933069366471	-0.810832688761289	-1.24649746556549
NaN	2.88168305864065	-0.0518307482652679	-0.656391953560626	-0.597421047888247	2.28758715395062
NaN	3.94679055457573	-0.988790712652904	0.841113245878368	0.174573164737045	1.56825892878223
NaN	-0.990023970653649	-1.00738938707648	0.429151872743173	0.0205085498924698	2.10647901071093
NaN	-0.44599351093481	4.49419965335481	0.249125585464191	0.0802142489189685	-1.49798070836848
NaN	-1.4581679715283	2.62877104112617	1.51726873533961	0.0912313512650711	-1.53901395558918
NaN	-2.59901567663993	1.22637802900945	-0.922885188515678	0.626165353234461	-3.90732176511106
NaN	-0.27672663071127	-0.636000743156844	0.599270557034379	0.470551647200151	-3.24010084005633
NaN	-2.46604950716925	-3.79039767914814	0.65523458884423	2.01880014987527	0.959189466039982
NaN	-0.450447675734025	-0.43756100231269	-0.281840103828208	2.20978000104637	0.264055604000197
NaN	-0.68539109911499	-3.14068508908612	-0.3911936505547	-4.66999079351392	-0.636414382516957
NaN	1.87118062649645	3.84261412010581	1.65487762330259	-1.20137405839733	1.19427809069437
NaN	3.53695744135989	4.40872842339596	-0.150148140492098	2.52411869157811	1.13861485363466
NaN	-0.293908415443907	0.0747787457608297	-0.863877158264485	3.47821115481441	1.42158860533289
NaN	-2.7678248207932	-3.86096823998799	3.17315495899284	0.777262265024895	2.43021286063389
NaN	-1.65348923762453	-2.12643475867441	-1.08619036633613	-1.33107892537092	-0.450421437588371
NaN	0.599254429705038	0.607427570717096	-1.75097418088809	-1.93511273804051	-2.78182621190152
NaN	0.243629516411631	0.118514516587536	-0.0370989665406664	-0.761676024989557	-1.34215948891171
NaN	-1.50725603433063	-1.70803769361735	1.29329036031954	-0.337604338311778	0.271416500485828
NaN	3.8560949685367	-1.37956126239056	2.22326918214391	1.49652852656461	3.06649207121053
NaN	5.19311392480249	1.43229556381094	2.20490030405102	0.95730335525785	4.50682166300276
NaN	0.809082913634022	-0.668220271635394	-2.97848811234366	-1.15496607831628	1.43393287762201
NaN	-2.67777021498359	3.91134058397739	-2.80684584312162	-2.06688300658903	2.26759328007517
NaN	-1.45073727893873	1.34088097482753	3.02008978542572	4.06355504624352	2.72541729531668
NaN	-1.42021791694774	-1.69780990414023	2.8806777136968	1.60736812081843	-0.902549947764335
NaN	-0.778875162151377	1.48468433028758	-1.09168149697547	-2.4805487835793	-1.29621616750076
NaN	-0.473903927679648	1.66276856770542	-1.24218350912079	-2.19065277611065	-1.02912814709621
NaN	-0.597935477874188	-1.60700759857509	-2.94747649433996	-2.98160435989719	-5.93104026498559
NaN	3.72014801208643	-0.459120765159443	-1.397485046152	-2.07410064547621	-0.784361952468623
NaN	1.31245575267677	-1.10440081372	-2.19178124181296	1.20213049489029	-1.14557377916457
NaN	-0.433916530951492	-2.45519660134676	-2.65102423834585	4.72841738867357	-0.305541791971064
NaN	-3.02728259741712	-0.0618340502278924	-3.61633277264925	0.68518041036225	2.4501604417539
NaN	1.72589209889765	0.510264059344899	-0.311450373905178	-2.13460105443205	1.04699393897655
NaN	-0.211805069274699	0.210466336902752	0.472371672265195	-2.37648528319517	-2.55115714174848
NaN	-2.8681058400978	-1.60903668608985	-0.742789227011299	0.866642453590264	-4.42080573700581
NaN	-0.805310675761134	0.928381692001373	1.15909348855994	-2.08186671296841	-2.62116765999602
NaN	0.742219812425253	2.57541609629453	0.407448642934002	-1.5258385480837	-2.04631433554001
NaN	-0.995360203296289	0.86962287066339	0.594705276727149	-1.35406753946886	-1.34507921797604
NaN	-0.555794317297262	-0.17027967924137	0.0817427344502488	-0.19900134530575	1.5473746598566
NaN	-0.111521655448578	3.6017277423099	4.90946230151431	4.8526731986673	2.53774247171149
NaN	-0.00833472491466292	-1.62531252684821	3.99711657645888	5.38078070211816	2.04896986376121
NaN	0.450468258622547	-1.4429488372516	-1.8032754591272	-1.61194577003068	-0.726963633758274
NaN	0.422521833904631	4.08011760033465	4.43914740093444	-1.83209610591397	-1.95130661668964
NaN	2.18359159285551	-1.167186397778	2.83684680860015	-0.542209638096823	-0.223622520682259
NaN	1.04735609476838	-2.12275643359971	0.60828854462496	-0.849784543096565	2.27882879160316
NaN	0.429649587963117	3.36280861605243	4.21095438490558	0.842765805420829	2.31255749237463
NaN	-1.88907813596654	-0.265236011196702	-0.831450809927479	-0.0585058702413314	1.80800673004876
NaN	-0.961184401485529	-2.32266240587656	-5.83856177070112	-0.483951726999472	-2.44972309836941
NaN	2.46197441832478	-2.35600734969081	-3.45299777654034	3.15519454266156	3.4054802545716
NaN	1.74320003334783	0.0290057685293599	-0.940267583658232	2.16293918306573	2.4250540178095
NaN	1.19649366258867	-0.97706004662994	1.54442629458326	-0.526090042749085	-0.151100716398557
NaN	-0.335012429460434	-1.05618233339548	-0.805794153131319	0.146377805997774	-2.02353922881521
NaN	0.386051856512671	-0.166616034474204	-2.70668991714514	-1.7237626263277	-3.23220565887975
NaN	0.399306026550734	4.14803764653631	0.745195578759048	-0.48179812079316	-1.71325469222161
NaN	1.96342208105282	3.52869046639583	2.25257093211786	-1.31882464905227	-1.03388320766182
NaN	-0.411263648884133	1.40394126651861	0.324336657366018	-0.643347383327037	-0.452931629898457
NaN	1.10960050702545	-1.10019984296556	-0.956369224658941	-0.86777344644754	2.04881435164818
NaN	0.485720343910021	-2.22864865237386	-2.19493058928289	-0.21575849832949	0.897697978681179
NaN	-1.35463452598827	-1.53335125431603	-1.31059679577792	0.210172548393637	-1.25606648260745
NaN	-1.34439889715989	-2.51940565962045	-0.146733043318789	-0.604750760394554	-1.67568280077873
NaN	-0.223965869538536	-0.178233843219125	-0.780127818272882	1.60747161920633	2.75064278202729
NaN	-0.446126815061418	2.32752554318807	-0.805481389478813	5.4495144638826	0.755375589280616
NaN	0.795124941646777	3.26916835072516	1.69032147568405	2.26659363052967	0.809507951742731
NaN	-0.598000299036643	5.06789177164354	1.68228785219624	-2.64923115323621	-1.72535193955289
NaN	1.1996015697486	-4.34040015135059	-0.647772854101018	-1.25065334124301	1.67920449739522
NaN	4.59361913024923	-4.47062411105371	-1.68778136945646	3.95395268472421	1.35720593295479
NaN	5.12627659727471	0.0826705529101684	0.971708330715988	-2.1099162142078	2.9864098228804
NaN	2.87510327010062	0.291516782530751	0.192827799790371	-0.70709377104832	4.81577807286893
NaN	-0.892948975573868	-2.3274467945782	0.415584547830447	-0.9434045529534	1.81023996037223
NaN	-3.15459778458839	0.251368051060239	1.40127033698882	-0.585452907993517	-1.92497235904747
NaN	-5.10217826922081	-0.777855549770528	-0.941310308809187	1.21375449679017	-1.5931942981281
NaN	-2.81732831288777	1.81624008300949	4.63755610975462	2.52935140759989	1.50203485845428
NaN	-2.37371937331542	3.59556385795977	3.3675189825781	-0.364677659235597	0.0802602892816536
NaN	2.01406002246502	0.672395596976383	1.68562357557042	2.98391771414006	-0.940737249207149
NaN	0.222629461039141	-4.73935212434214	-1.47743100563405	0.0971297611387657	-1.45626416889195
NaN	2.33000762602752	0.119624035781832	-0.96182100363119	-2.32029671428326	-3.84993221248216
NaN	0.278528080734884	-1.62408281896014	-0.79707395559789	1.14980193477295	0.199976954897537
NaN	-2.70876643345548	-1.62412155783246	0.781038445767892	-0.117085750239419	-2.35209160662902
NaN	-3.56624937105748	-2.03499925237097	-0.584382737267365	-3.23147565023194	-2.60557805354044
NaN	-1.33113645151764	2.76743721753721	-0.409439926557448	-3.72115022552532	-2.09736533913222
NaN	-2.71677378995139	3.34424403266134	2.42051663145189	-2.25224878931768	1.09002922909623
NaN	-0.331487150330656	-2.0152222756877	2.44734204201477	-0.632343081758067	1.75015797108354
NaN	-0.988029757957578	-0.184938148442072	-1.03485294845536	-0.897055215366549	-0.771472706536589
NaN	4.45582877876769	1.2986276357206	-2.94615684877282	0.0862908911442197	-0.0930359628229601
NaN	0.63778478984333	3.67743204121132	0.0809593979652394	-1.10463981283784	-1.22828628393501
NaN	-0.363357994762915	1.88277346206557	2.84852164586631	1.18841922118103	0.14610341810113
NaN	-1.33081847715408	1.45405384255327	2.1213863698569	3.80370502830752	0.0632957494923455
NaN	3.25905955247783	0.705693968431382	-1.86056440362604	0.271617082124879	1.36919225604031
NaN	1.23810191337229	0.201266074208141	-2.48096737157441	-2.78082670913367	0.914192602659225
NaN	-3.77946288257836	-1.0329989712939	-3.58637721401466	-1.22178400091039	-1.5598910766739
NaN	-1.39256086196108	-2.89984878033142	-4.00608299390209	-1.01617236738391	-0.26934629423572
NaN	0.0696076290516401	-4.54630409282969	3.08287534575482	5.60174912605482	1.18523237751526
NaN	-1.78381638366558	-1.42266436626596	1.43518199795821	0.721048676507437	2.49891718756104
NaN	0.413549442014991	-0.86470487165021	2.54041621828094	-1.77549141402357	-0.825751653298774
NaN	-0.429844397652924	-1.22244819397463	-0.357418039839481	0.582147014085932	0.215506914962842
NaN	1.77608691752664	1.21941576273785	-3.29751746688797	-1.71346204360614	0.917180851763611
NaN	-0.0782063311755951	-0.976719551838405	-5.55883585157462	-0.125180760562622	0.689930944589951
NaN	-0.792922019270249	0.187023430209215	-1.80616537036656	-2.16827072475632	-2.41323085217011
NaN	-0.692918423928819	0.877901508946524	2.52499094602491	0.600930079722373	-2.12876860780705
NaN	1.09864070979115	0.917020762818542	1.12963689942479	0.777377798124483	3.71022788036864
