NaN	-0.0857569343863537	-0.866482861755039	-2.76105489610236	-1.06941682903817	-1.43149703409787
NaN	0.589463225962629	-0.141451624062264	-0.734873449662977	2.77776357731054	1.94803920966197
NaN	-1.4653520884078	0.777661758277648	-2.52097412798958	-0.508933286045657	1.79323024353483
NaN	0.0318633619370493	-0.316242354069176	-0.793767467853423	0.824983091621327	0.742943015146614
NaN	-0.489674664944695	-0.846471505350812	4.37978735943699	2.12526422654902	1.25944255099777
NaN	-1.4579487463082	-0.968963942302652	-0.332458657872224	-2.69508624825032	-0.391650604427512
NaN	2.80360506886513	-1.5526545261293	0.459418199358391	2.1659398406766	1.03435144430921
NaN	3.29833233076618	3.15781141070701	1.81919891865768	2.89033963169358	-0.423735354551962
NaN	1.83364095462653	1.71167576571566	0.326829655868673	-0.137534648722713	-0.45444962959143
NaN	2.4270059979206	1.2015020311231	0.024882464620342	-1.15665359170182	0.930095621617539
NaN	-0.617408622231264	-1.19777003646749	-0.140292078508508	-5.07525899146384	1.39836801068892
NaN	-2.54124150956314	-1.20233613519696	-0.613600671758064	-1.3655957193106	-1.23342686397872
NaN	-2.5885505089843	-0.295988503429504	-0.747930685221902	1.55724589316781	-5.39591926041963
NaN	-1.00160602667501	2.50450600320798	1.3578652677106	-2.6913256483054	-1.90660091183649
NaN	-2.54665603933342	0.45659550552662	2.25943048424894	0.104249352462859	2.29764997108389
NaN	1.73658345752165	-0.606007030483754	5.34982024504127	-0.0698710205467501	1.44991814271678
NaN	2.64719255635738	-0.0184227149496303	3.33119153056434	2.587219425997	2.46910193070897
NaN	1.58288222179027	1.09148644187259	0.378343910206312	-0.380872497207128	-0.976288657455208
NaN	-1.50681440796204	-0.328412919811297	-1.74772600895909	-1.86907766497466	-5.31915868370646
NaN	-2.96006274595974	0.961074246109079	2.56765863501772	1.1889611206549	-3.51904746490406
NaN	0.116233281895343	2.1017355195419	2.59076404086384	0.660932813351	-2.0717852998703
NaN	-1.92641341076644	-1.25791270730031	0.257469124374821	-0.507278380146153	-0.771147999412228
NaN	-3.30346974799841	-1.59279369996597	-4.6291751587051	-2.56185571820235	-3.18784130094196
NaN	3.22407399728697	-0.237063495817039	-5.60719362751315	-1.63409700700426	0.266880734678935
NaN	1.63226647373312	1.88783002166029	-3.87916547383508	-0.0726830848289199	3.555596586873
NaN	-0.374575530015163	-1.71725042172601	-0.745246239360356	0.648602268965061	2.48659922677301
NaN	0.244843360525843	1.08869675593935	0.388459050526622	0.65824214122852	-1.08403207896037
NaN	-1.65185573839579	-1.63126165286579	2.98729221647709	0.468463522634464	0.991498494613214
NaN	0.661986677908126	-1.04167521973194	-0.687305739216627	-0.722560981407647	-1.01588617759904
NaN	-2.08425622491082	2.65086785964019	0.993282384817175	4.21408188925689	2.56912062036705
NaN	-0.0183692153635436	4.62488178938226	2.81792893386518	1.59146887022505	2.310647957037
NaN	0.539802914068508	-0.430257222551799	-3.25672434564811	0.166919289037675	-4.21421000930464
NaN	6.35215116775424	-1.0839162914787	-5.2288277231822	-4.67069691577759	-0.947138493869904
NaN	0.608197670887504	-0.655383419313644	-0.0825873095086227	0.048110265449348	-1.89617542143166
NaN	-1.67535871042809	-2.61068899299183	1.67113288696509	2.74505357645071	1.59024492780084
NaN	-1.36709160414804	-2.35495404630942	-0.622759986370695	-1.37586408653864	0.627405209429563
NaN	2.00083872014792	0.256055481457173	-4.41676116152314	-1.41081974001393	-0.0523786185732427
NaN	2.78833567503047	-0.236793336011929	-2.40845904208819	-1.01242712620745	0.907347546072824
NaN	2.98987103833193	3.89458439912134	0.346671883955256	4.02336121876107	1.72421815286463
NaN	-0.365327575783541	3.62312051648267	3.48924268283924	3.82310751156146	2.19367335267945
NaN	-1.42453180904608	1.54872613935077	1.45071945864356	0.937955573806886	2.86654177734877
NaN	2.9400730616357	3.11971078646004	-0.649615226355847	-1.36394199637783	1.10505500688393
NaN	1.81412157220157	-0.679144491238603	-3.35759082865444	-2.49360366985957	0.52976327349854
NaN	0.122755019955665	-4.53351200680939	-1.26720893698875	-2.8865173666948	-0.42324279996164
NaN	-5.80730098977603	-1.45422679601932	-0.970877040792686	-0.202539627570905	-3.15521793050685
NaN	-0.917208155924764	-2.87469420891809	-0.261496655062584	-0.21502584056823	0.572370672783097
NaN	-1.55801453415684	-1.62858910000218	-1.96985446803548	1.12265675598957	1.79670429247637
NaN	-2.09381219703278	-0.262008413264965	2.35079216118369	0.789116744059425	1.6239855425407
NaN	-0.671604308813667	0.29120651499589	0.522597864490211	0.455918227521801	0.0903481925173193
NaN	-0.571549172775509	-4.11767664047	-1.3140442471745	-0.084656472317685	-3.19219677142116
NaN	-2.04536328269135	-4.82012561281687	3.02699641645494	0.403782217432522	-1.44676897290891
NaN	-1.04724739343044	-1.77329737863295	3.11436835574321	3.60477626733698	0.933227088233515
NaN	0.389592889318007	-0.719799940199805	0.398605922866726	0.804879009850084	2.42722699157299
NaN	3.15674638479889	0.589386517682472	0.194473092899988	-0.488552729265671	-0.35502763747221
NaN	1.74938533942317	0.664240085011514	0.467210779231552	-0.570830527374032	-0.237647577706033
NaN	-0.68429554689435	-1.36301064267838	-1.61919051256028	1.25841526093418	0.956537330101654
NaN	-1.83899122200716	0.539376122955559	-3.12441851740183	0.128461760731427	-1.54485914018441
NaN	1.52774293210727	1.38484250344562	0.146555938046084	-2.0748341010941	0.0764387388630069
NaN	0.425858314922802	-1.31797267281292	-0.736603876008028	1.24527313230098	1.9779242449128
NaN	3.59595583165506	2.18435607583646	5.93289996557523	1.7907749956325	2.09861324059386
NaN	1.81242325149551	1.33354717383671	6.19674263259182	0.339544240069112	1.12209291537638
NaN	-1.18191952608386	1.88188100875197	-1.22435320454849	-0.890854444204711	-1.83351750634112
NaN	3.12498549420147	2.39016524006688	-1.26788636829782	-0.563828832240368	0.0476930509129811
NaN	1.07147568469292	1.24653554804089	-0.371370979121026	0.98180451366239	1.41211798180529
NaN	0.309048236439325	2.23345636383739	1.06059664930742	-0.493858484318905	0.478460578398052
NaN	-1.50684150362651	-0.276732284986557	-1.11024560628462	-2.22801392958507	-1.37585607837557
NaN	-1.69112566431251	0.150527118464863	-0.312886707796761	0.132180286093753	-1.47185083463198
NaN	-2.28023422306967	0.0343880584266349	2.98006561040989	0.218305449603406	-2.23722026074145
NaN	-0.674297322312459	0.191685354420431	4.1002781567459	-0.374457692491543	-2.55789623901335
NaN	-1.16599140351048	3.00599792243746	0.793031489549379	0.530917304177167	-0.58156248948068
NaN	-0.488673811802496	1.84850461494926	-1.63398914581952	4.34348712019753	0.0960063032437942
NaN	-1.78548136195905	0.841902648107442	-0.963237160831594	1.52569661140024	-0.60684462553677
NaN	4.41862744746298	2.55107331334537	-0.120238427677198	-0.118877674481581	2.62156262700362
NaN	0.632505081035982	0.33125862761723	-1.54918016496723	-1.76300199461204	-0.712928448493983
NaN	-2.31361266017682	-0.330510514553713	-1.13710645864159	-4.60309475342883	-2.14016015558539
NaN	-0.0610504865821892	0.35003683164522	-0.609945172046578	-2.06634060273608	-2.84882709598084
NaN	-1.44830311106974	-1.4061848526346	0.611135513444423	-2.64575804030211	-1.12345965924348
NaN	-1.4895402674962	-0.944239330351107	-1.55216776646482	-1.29905055506107	-1.16731982468671
NaN	1.07248770292241	0.103898973176132	-0.885897198012926	-0.91718403745321	-0.193418171354209
NaN	4.11546658078849	1.16625720044479	1.09158605607439	-0.704108226660618	0.970072391584341
NaN	0.729740526778848	1.28956538150221	1.94999201514951	-0.733982831083129	1.29947467608264
NaN	3.09574733559471	3.78809932913431	-0.195580841030477	0.0703020644071364	4.06323824117127
NaN	3.56995281782203	6.83312877631797	5.13786401147329	1.91107460417606	1.5782414072536
NaN	1.95021968684035	2.16707787410127	5.86640632191442	0.400969761328585	1.17089016723182
NaN	-0.130056960233849	-0.493092089807103	3.07622401698252	2.26831206584317	0.0598310053969426
NaN	-4.29402226468904	-5.43111663368167	-0.371545838525833	1.68824469309025	-0.0224912581043229
NaN	-3.45171697359921	1.4489298387142	-0.923451877728386	1.64530258268423	-3.09974670152722
NaN	-1.39607754459936	1.43368480017228	-1.98513815455502	0.494072059297817	0.85178952021172
NaN	-1.69332053746081	-4.15733925220263	-4.40031921604724	3.49941856492279	0.509896228220156
NaN	3.70666050838709	-1.60398302056264	-2.37164548591963	-1.24002591546487	0.0663987009625705
NaN	0.645303281376722	-2.17247146524718	-2.54112896585067	-3.10961578390552	-0.585822477720507
NaN	-2.8914856093573	-3.13470569210775	-0.0816808828113384	-2.7253508403137	-1.54691195838186
NaN	-3.20695890361434	-3.18861391064634	0.0463089485718111	0.710216717227904	-2.37633851813272
NaN	-1.7211671902255	-2.7761277753952	-3.17000976093871	-0.198797651072537	-1.5071765782055
NaN	3.92928208851388	-0.252889341118439	-2.13134656257695	-1.74338876207582	0.404795010961897
NaN	2.028167878717	1.02504378483799	-1.8260930566817	-2.65623595555457	0.96359123836946
NaN	-2.8216315590673	-2.15518167080858	-1.86755582099616	-1.03218396463582	-2.17700596040929
NaN	-2.84227179591194	-2.60926985997538	-1.26668331088159	-0.821860309228905	0.0135306810088142
NaN	-2.3992678453847	-0.393407364431552	1.54687185013214	1.74181969018653	3.04540199300115
NaN	1.57926208885486	0.102501588594088	3.23947519207	3.98429499670855	4.43749147686182
