NaN	-1.22992098643183	-0.748330488244154	-2.14742714221354	-1.50367837811008	-0.957382124804677
NaN	4.25842025505572	0.989927092892141	0.203722029954349	-1.10036150701696	2.18416578822191
NaN	2.86456252027783	1.55780801078949	0.653810242538617	1.16115056700123	2.44810913233718
NaN	-0.141361178380006	-1.47427855562375	0.0728290192553462	0.35872207316588	2.58248621970562
NaN	-2.67077743240181	-0.657665052778366	3.31282357270499	4.38232159582391	1.52055406277972
NaN	2.68033504496277	1.33546241116527	3.70037973122388	2.26230204954817	-0.666333593519771
NaN	-1.12752604003951	1.14795536954688	-1.70769162062788	1.55357033521777	-2.39249566572472
NaN	-3.82970709562231	-4.00608358830838	-4.75014859062307	-1.67871108990376	-4.76534177398826
NaN	-3.30044311812181	-1.99892309177837	-2.43834256860307	-3.53556763036009	-4.19408780370904
NaN	-2.58141491943091	-1.66291359567839	0.03017293250519	2.71804791820518	0.377201738039186
NaN	-0.945932229487419	0.210249127597926	2.25058772315067	2.23938255300508	2.91538853876853
NaN	-1.48927502457207	0.465617250470751	-0.273872295712205	-0.783281130874457	-0.373617735776838
NaN	-0.295013714395537	-1.56794450365128	-3.19390565648915	-7.02006796866212	-4.0775735591168
NaN	0.864329867165804	3.56805820519564	2.07621980616032	-3.4328895257138	-0.293745457836965
NaN	-0.479129164709822	4.76926196985781	-0.359750440489407	-1.31784843536352	1.37639533183078
NaN	1.02928984305682	0.0709283789303103	2.51367832312431	-0.363108834856553	-3.2898045915882
NaN	1.30405567919338	1.07505559027371	6.16799588310344	1.47848906724094	2.74128410728662
NaN	-0.635755042680957	0.0897924503286377	-0.52890507972967	0.0624024945381551	-0.915683933831396
NaN	1.14919278776994	-1.68505407779465	-4.19571892612251	-1.74554115451883	-0.963539007715469
NaN	4.93226094496753	1.03298355051381	-2.00639223158836	-0.198309778341543	3.26913544061173
NaN	1.80936706394927	0.439513545941655	1.2914897829037	-1.74912676581681	2.23558216701941
NaN	0.745547770959688	-1.95824700553508	-1.13725062901128	-0.260220509575401	0.936964764451202
NaN	0.20355359534169	-2.64920160669622	-3.08596219564835	4.22787019698541	-0.159186385015082
NaN	1.84563929223356	1.9096243770195	0.370300379394116	-0.765332513782175	-1.14187308812841
NaN	0.351967409765223	2.20921267837489	-1.72303200362313	-1.37708833383264	-1.74403802172261
NaN	-0.502696696709877	-3.94198949007365	-1.00157868185511	2.02903995048337	0.00615645429099747
NaN	3.72935400711802	0.51913266158301	0.231394894348433	4.06292519410541	1.44220553255468
NaN	1.78504434983018	2.21567040677062	2.41365917372935	4.08357497312816	0.643687406726738
NaN	1.13773467361822	0.902216032933906	0.821903013527761	1.00757681626105	-0.663812536952038
NaN	-3.09668662688509	2.52256335902343	2.39517027661948	-2.18447806817277	-0.580355992829176
NaN	-1.48773993137877	1.80343112801981	2.88207513021584	0.119401032880419	1.14108564707969
NaN	1.51955949427318	-0.86700951982283	-0.640388778616868	-0.26376346696581	2.26437816845602
NaN	0.896447832318868	-0.845672477980348	-0.797970391517043	-0.446600038888137	-1.77003681756222
NaN	1.02247099654336	-1.83345184785364	4.61126261540847	5.48436767446311	2.17987389673912
NaN	-1.48219521104779	2.38342366164389	5.26610095935617	2.59955168595655	4.32270464016209
NaN	-2.16197529351546	-0.0918529139729016	-1.85026066160368	2.86715939503285	1.17163601566976
NaN	-0.216026452790481	-1.46245591426401	-3.95999547554111	-1.25119215881996	-1.25909279072349
NaN	-3.53299376897826	-0.167034504932786	-0.401639086638962	-3.39271964081791	-2.0373930787726
NaN	-4.4130152212768	-1.47147624704118	2.46680108753543	-0.978767042593676	0.181168673012649
NaN	-2.69829305629488	-2.0383526900884	-0.995846579728147	-2.17309294894143	-1.21096887341459
NaN	-2.81750914590033	-3.26173150865703	-4.00854403433906	-5.13118376598025	-2.94971620158841
NaN	-3.90672371803559	-2.60411661146934	-2.65828939993105	-3.27155434767012	-2.85578157295897
NaN	0.287641579911547	-2.90589505792135	-2.9293421458603	-2.79539357361574	-2.3457624047466
NaN	2.51757306017938	1.08618068687785	2.26306781440484	2.18917719061253	0.266168146357031
NaN	1.0626183612027	0.900516923139004	2.26768287345176	1.28531303542657	0.287523384178359
NaN	-2.89295161877079	-1.70829230474812	1.43497895327908	1.69966329273289	0.630679228975433
NaN	-0.660336458478895	-2.49211262631337	-3.00790694812991	1.72551489376494	2.87864754236634
NaN	-1.23759522106719	-1.65603875028687	-4.06276919429871	-1.04086525494631	0.0104760144474091
NaN	-1.78214109470742	-0.0445244198675422	-4.20717310518824	-1.77564999331313	0.888462854363352
NaN	1.13279208366811	-2.48203357151377	-2.18821943813044	1.46552773959934	-0.218969667349419
NaN	1.11277019530248	1.20482718359328	2.92417458233205	2.13230898358474	3.1041217357806
NaN	2.79822277182276	3.90228605797768	2.38316940038035	2.84250428877771	1.80377550840744
NaN	2.20147921493617	4.07648469774561	2.83267372028621	2.8064977506675	5.6217238286231
NaN	2.80646156711711	-0.554930912090674	-1.55822409583942	0.147462251353604	2.18690935926624
NaN	0.781948830304677	-0.811739698176161	-3.09159824646579	-1.86679596392533	-3.3024186920611
NaN	-0.53006436254614	-0.306982987409917	3.34963884259002	-0.439585501485214	-1.28021878192466
NaN	-0.204505814439972	-0.323169177935851	3.9749040799442	-2.47184073670165	-1.62366322130754
NaN	3.80584819036288	3.14763824648955	-0.658866798800348	-3.33893533329195	-4.14062769219602
NaN	2.30522234510191	1.00265621376049	-1.22619243535812	-2.32194187576677	-1.94062871195369
NaN	-0.420359965620481	-1.29838407233195	2.16278564505037	-0.495834361627456	-0.14709689538959
NaN	-0.666057890375404	0.487378381845084	1.40015707696181	-0.899215480868345	0.512458842702565
NaN	-0.514144800150739	3.52236281444492	-1.9955410925421	-3.48856058158835	-0.374206570334104
NaN	-1.49278151877152	-1.56772687885877	-4.1536977264237	-1.88530705748353	-3.15612792693161
NaN	0.810430776130802	1.53674482329547	2.84312176878712	1.81058662225718	-0.653851727592689
NaN	0.951347709091019	1.97188602290118	-1.02371487373801	-0.136670234285646	-1.19000632962362
NaN	-2.17729617945468	3.56653735650908	0.708638502070964	0.0147301723663139	-0.432686801722975
NaN	1.80213557529456	0.809060187284486	0.391535883337973	0.0405716505580682	-0.204898775062271
NaN	0.163395812066247	0.164014657683748	2.60186627095158	0.955337677918165	2.47013314466681
NaN	4.56965873086498	-0.953984120362195	1.89542869817713	2.68314958508976	1.73113147914601
NaN	4.0498274104225	-0.727749806747005	-2.59682561870373	-1.30403827150807	-0.956497137275195
NaN	2.11391120254793	1.81415527862397	0.0299268380735254	4.40278716163535	1.86205259827084
NaN	-0.133618019189687	0.122328073848155	2.52266071650974	4.0007614911942	1.44653723284723
NaN	-3.02764680027294	-4.8026944559493	0.313362241488591	-2.10660110600302	-1.4992058716177
NaN	-1.40907906441291	-2.99853534432175	-0.323488811887859	-1.02344568640793	-1.75848319242658
NaN	-0.89303595013686	-2.91243713070621	-3.72656462792154	-0.538902733341044	-1.10669763183127
NaN	-0.383243532931991	-2.39302930840178	-2.46061741118647	-2.0969588292842	1.00227729026623
NaN	0.774934566849846	-0.00088019476679823	-1.90926201595285	-2.96768770161063	-2.7693782928788
NaN	1.64817329772049	2.06069946696443	-1.54680776000689	-0.120193674918391	0.137486968568953
NaN	1.5782454602256	1.8902070824404	-0.518310530193422	0.830662771190431	-0.497734572877777
NaN	3.88804171879614	3.359514628097	3.41835797449072	2.8181130499263	4.87475106994728
NaN	-0.0235055373956824	2.16668615656735	2.63343163370732	2.48979797447766	-0.221922478872807
NaN	-4.87115119601975	2.33791897431569	0.484827914734703	0.904558418364103	-0.679874496215705
NaN	-0.544812000826741	1.43990468076151	-2.71486662318492	-1.67835250660624	-0.43384987871713
NaN	2.88836729382103	-0.999483554160105	-3.12680025858718	-1.17151083255432	-0.314456043313836
NaN	-1.0686946424744	-1.15351802666467	-0.701301047564346	0.044800410990712	-1.11572227605937
NaN	-3.5301901687826	-2.25224921035657	-1.73772875666309	0.131426398010282	0.227365104468118
NaN	-2.11825104536059	-3.10765346080138	-0.857821186985421	0.773538298984474	2.74526004497337
NaN	0.648792152390611	-0.330483586521196	0.199450337599493	2.23230378284233	3.64781085176694
NaN	0.527055099309225	-2.1559350255454	-1.27752537718776	-0.204039070634142	1.4977213782754
NaN	-1.77657527858141	-1.98762343716157	-0.947914697241521	4.1851856338432	-0.629483754434167
NaN	-2.8561888412236	-0.651709010603678	1.26802032923385	3.98059096735346	-0.430353489173111
NaN	-3.54585780793119	-1.40039482200131	1.06894943478989	-1.92331746689815	-4.05186760691454
NaN	-1.41201527015636	0.388561484460776	1.62479856801442	-5.73582964094791	-0.833979681609727
NaN	1.91354675017162	0.739184254434306	0.784658434445292	0.655437896841409	5.04806659660391
NaN	2.13887900446051	1.55731830905268	1.19811144295435	2.98428014894484	1.11071929797573
NaN	-2.73486113617712	0.302589503436113	-0.117058369254204	1.48310845560478	0.0718939748825473
NaN	-3.42208854379003	-1.39585870848702	2.39501144979518	1.29762934865622	-3.29767122192797
NaN	0.835343326566859	0.307321163468367	0.964060832772467	2.68077697609457	0.954485291140394
NaN	0.200986728784126	-1.08078414834495	1.50310192893364	-0.0653681637412031	0.0163565511432249
NaN	-1.4276900605123	1.2101746787352	2.31193029136622	-0.622005214529293	-2.54886609029415
NaN	-0.0832557831986054	0.275077706540768	2.20522615462293	-0.923403290512297	-3.28197389517021
NaN	2.02807676915684	0.0813558917620392	1.39306841859496	-2.13062266713836	-0.93923767272325
NaN	-1.4070332274719	-0.561611223811432	3.91276703611982	-1.59298355695217	-1.76336169145904
NaN	0.262350683786483	0.899858521355064	4.49367346948256	1.85339169413696	-2.06321477303627
NaN	-0.480477173480288	2.53238074323189	2.64364735592879	1.66556881323703	0.717049756286654
NaN	1.55835302036198	2.19291399000856	-0.797352853240442	-0.0099374040049841	4.40017804493746
NaN	4.02181939632824	1.78955365112744	0.84680055664519	1.34715998463634	2.49590682129186
NaN	2.03935460434783	-0.599940974218653	-1.34480250150948	-3.69574768586036	-3.74289242910316
NaN	-3.55073206886213	-1.39341210106946	-4.37428796256571	-1.79348767801079	0.675789699841315
NaN	-2.25904986470176	-2.01956319923171	-2.27540776690366	-0.574184812252394	-1.45637054983088
NaN	-2.45600645173992	2.26753828143647	-0.84763792744674	1.17555939591568	-1.21715027115672
NaN	-0.309711073957903	3.22322311540826	3.08113630280603	-2.43015436687074	0.793785852231418
NaN	0.538030177463407	-0.0298432187455782	-2.45162118130778	-3.63422673708605	0.389110390967917
NaN	5.32394712753047	2.97408645540344	-0.365351281084361	-2.01652465462168	0.0505383502186504
NaN	2.04876654381443	1.51498851055896	-1.69427315336936	-2.12353252325865	3.44004687837244
NaN	1.11709546396812	-3.59925386298422	-3.66399414506055	-1.14252265336887	2.59292643890416
NaN	1.0432051133993	-2.70020732640493	-4.61615481244906	1.07694141550059	3.20256825159526
NaN	0.690563645853132	-0.619542622509512	-1.34318393528326	3.8130328561069	2.93623530970099
NaN	3.74342820088897	1.43635019308188	3.42717715192443	3.4819812477228	1.48737645802563
NaN	-0.712285427457236	-1.62224512488342	-0.817720619124023	1.33265599146393	0.9274085433613
NaN	-0.0889107082704225	-1.39389583537562	-3.90868432655075	1.74532766429532	-2.1309979364734
NaN	-1.56828844148648	1.80738816587015	1.77764875312957	1.7849874782297	-0.223037469121464
NaN	1.56586049338672	0.952295603320823	0.794407770994487	0.235631931665214	2.11596477843432
NaN	1.1244354446914	-1.21617521557347	-1.2683283442241	-0.298424721148953	-2.93591302179085
NaN	-2.59597511608138	-4.48916076841971	2.64444972098168	-1.52973768036024	-5.37787517566767
NaN	-5.2399117068062	-2.77474153418268	-0.463055952358572	-6.43967560139343	-5.14765844978162
NaN	-4.01312418473823	-2.91119303874911	0.80935273992649	-6.4169479249398	-3.9476132618817
NaN	-1.03501813303255	-2.60819880762982	2.29970271711868	-0.214071724267477	0.148594719084775
NaN	-1.17575589020284	-1.20803410175333	-1.11327031423248	0.175890584214124	-1.85553166173023
NaN	-1.21251233491736	-0.112557938487411	-2.21317505277026	0.108631379498685	-0.641079740486789
NaN	1.15722975217853	0.176812838236043	-2.57390903702375	-3.73407938719022	0.0938112403314627
NaN	0.326204902714364	0.609299389121418	-3.0836301075977	-3.79879724706696	0.292445517113912
NaN	1.46465311609691	-2.25970369338678	-1.41134930203372	3.08470233470927	-3.39843901589738
NaN	-1.53870241100677	0.17448994759431	-0.834821601462853	-1.0921578500913	0.0570653153351878
NaN	0.403298498454553	0.489228437214736	-0.489923609778761	-1.30579665113122	0.523100728044056
NaN	1.17332352981894	3.91567228354514	2.86357420663423	2.48246976685327	2.60354935638071
NaN	3.63238192283438	4.37442946657308	0.826970768458336	0.773481976537963	0.830083207862453
NaN	1.1755302156081	3.38197115654589	0.360717220325458	2.12066602706817	4.28903890729162
NaN	2.38915850629264	1.53284839203817	0.566648100517089	2.99945660582798	3.09457672747801
NaN	1.23525497613076	1.54841586475169	0.394979674572908	0.148474788168899	1.72915701553108
NaN	1.83505216328065	1.42773097075266	3.73805933995707	3.44572330140566	3.14238715472278
NaN	2.54652504036725	1.70223247349391	3.09706477596015	2.39156760813603	-3.51637403620125
NaN	-0.314859759512872	-3.24364800176521	-2.02033879874191	-2.53717044847425	-4.86069199461125
NaN	-4.29108974578042	-5.44733204007554	-3.26030992738239	-4.17386309380372	-2.08472590127602
NaN	-1.57136261190958	-0.974909451204624	1.53019929329153	1.92210498258911	-0.761886283065535
NaN	0.137030560606586	1.28733086461827	2.58074355177351	5.853298965234	3.81777926378678
NaN	2.48132270319304	0.90687734109663	2.23469434942199	3.88109995501294	2.52660370317001
NaN	5.12106232090534	1.91959943470785	-0.936048560856878	-1.50298771579565	-1.69069743516059
NaN	0.945960623959327	2.32133577003013	-3.60664262056408	-1.72588029826687	4.0577390171412
NaN	0.0199135049044413	-2.63577163397696	-1.87888707297702	-1.95515245606866	3.58699957107033
NaN	2.92172814038854	-1.05013238493525	-0.822429827071812	0.477338211115854	3.32347781227705
NaN	-0.0750889320747664	-0.45112431960087	1.79539753342006	2.12551179347995	-0.501947440905179
NaN	-3.06414943898551	-2.64175324729869	2.32204241507409	0.131361346456607	2.93630665512678
NaN	-2.38800659631387	-0.612040333210664	-2.7967924485069	-0.760729106847403	0.904751537425032
NaN	-0.505670883102005	0.223232530970763	2.58552902118526	2.05812020561907	1.13455270599031
NaN	-1.21888883792855	2.73047107252688	3.22665048496211	5.85580409494112	-0.821158406394611
NaN	-2.09271341616757	3.61520116427296	0.177735471872109	4.30073433872581	-4.11639862796052
NaN	-3.69638864335422	-0.17599710127494	-3.25729632012571	-3.1686813542396	-2.73494833094403
NaN	0.184997565918267	1.09013872384158	-1.1936949984654	-1.59281621227382	-0.444505849148178
NaN	-1.50021882865415	-4.13381560931985	-3.21746674788159	-4.15547952963406	-4.3565687069506
NaN	-3.64809653088904	-3.23756520051375	-3.80616817014204	1.214550601827	-4.68228393694363
NaN	0.314433360363742	-3.68631501503178	-1.3986411350427	3.09017829859756	0.290354910233635
NaN	-1.36568282604126	-0.319314251871289	-3.27499506190207	1.0759486662899	-0.818273375620016
NaN	1.29930316678524	-0.275395923381412	1.82253270633719	-4.35853089338168	-3.15237134154401
NaN	1.90721909563361	3.43537569608584	0.683761691853163	-0.149019922814833	-0.118029030871117
NaN	2.30945707424368	-0.145521560879784	0.406226763170563	-1.71612182725036	2.61825310452521
NaN	-2.16376112180001	0.0155533749433908	-0.417488584937008	-3.89774075106916	-0.555045150000101
NaN	-1.98061285792408	-0.751162039069569	3.51170953525315	2.86083550878031	-2.44964236985802
NaN	-0.561484168794759	-2.32021289753308	3.43229172487082	1.22055836338834	1.0246099925613
NaN	0.0646681066093237	-0.974502593459332	-1.84221802592219	-2.82224162677522	-1.45828254744185
NaN	2.77037395620404	-0.150330122360415	-0.522283497342955	0.0289519402087244	0.0957412520315877
NaN	3.03501665916967	3.6921271158839	1.50104245913857	1.75081174360899	1.73098208280664
NaN	0.915353901420047	2.38626183136269	2.01245110914349	-2.86434878712771	-2.88146839033207
NaN	-2.4865316149893	0.159835375184206	-2.63535134075124	-3.23409937558606	-1.27508419911632
NaN	-2.8207123195708	-3.10730926982338	-1.30200824507506	-2.42718617620992	0.156940300114531
NaN	-2.18298652463131	0.661874045337719	0.85418391998107	-0.500655868882933	-0.623555588559466
NaN	0.840402257482498	1.57495040599583	-0.536270987523707	-1.25609719692129	5.59080439646592
NaN	4.15352580433278	2.72445241973261	0.60046324519762	4.95446422047329	5.94907045660807
NaN	1.89877608874866	0.590594885659463	3.75559979467621	2.69711269378214	1.40014835062191
NaN	1.01744617221859	0.692863596851981	5.02515997493326	-0.835858445967166	2.21234720415995
NaN	0.781551410063715	1.44439286856139	3.28762590917405	0.801159589859737	1.41461308792737
NaN	-1.09311318746194	2.36310082415215	1.15956129116907	-0.838295518753191	-0.758348274174614
NaN	-1.34215502948261	-1.42642426750756	-1.81064473038148	-1.35141564496604	3.62744922590833
NaN	-1.46477665822829	-2.3192626990934	-2.28941593451247	-1.38805363884209	-2.37454102048817
NaN	-0.991604013293749	-2.43775636547434	1.53405537455741	-0.6089450117634	-2.37090481671282
NaN	2.45451850646908	-0.994352208195292	3.22238228505686	2.50233476247318	-1.62584277361292
NaN	1.99463713193294	4.9939514542995	0.651657770911224	4.65577486232874	0.70972220807856
NaN	-2.04088948531443	-0.435136036068643	-2.71170999596212	-0.921071467277624	-1.85740703065869
NaN	-2.12051746981751	-3.75207536958078	-3.39784671979577	-5.62302563690585	-2.8262963426716
NaN	-0.108048783834446	4.74648979136358	3.57963610523002	2.02578161196051	0.27972428946421
NaN	3.97984155024679	2.95385201620066	0.299121278547481	2.32512373231498	0.314951375736837
NaN	0.522528756190487	-1.79085469738243	-4.50214546606336	-2.02157177383409	-2.23153800793988
NaN	1.92060501735029	-0.268973543447906	-0.839270178086574	2.23223888166314	0.136603642980393
NaN	-0.6963134426118	-0.980110660393257	-1.28722530074303	4.22460917312928	1.69571548489083
NaN	-2.49852096595413	-1.83955584520572	-0.851361644525204	0.061906389002188	-0.417991506240439
NaN	-1.50085192407094	-2.54730650564368	-2.8343416382349	-4.61211969464393	-1.50810537524832
NaN	-0.117157955222018	0.671186201192571	-0.072911405129175	-1.23037385554341	-0.749059246353782
NaN	-0.260018903507016	3.21782104429161	3.35256126808022	0.522726935960193	2.33071382037676
NaN	-0.373954322123192	-0.065626568978582	2.13948787885708	0.00781980433645991	1.90394921166703
NaN	0.181471698484808	1.76945030681339	-1.54524466394175	-0.927642380286244	2.39062970158524
