NaN	-2.73898206660912	-1.71606352137232	-1.60989600371397	-3.80093759207008	-2.21523603145457
NaN	-0.997280869626232	-0.114806188492959	-1.6863847139518	-0.0128459857693478	-2.56732317569312
NaN	-1.54883542157858	-0.791687574056238	-0.912144909537308	1.38420563080102	-0.514423213774669
NaN	3.4140106633478	-0.00742176093541155	4.05029682025411	1.56917822141934	3.27988921783062
NaN	5.08710408280665	1.38002578907149	0.450329179116453	0.12874944091485	4.83514146962156
NaN	2.88767357566432	0.687845976750371	0.393479730568831	-2.24598593366941	-0.932888109623137
NaN	2.35099787097742	1.38058891942965	-0.508649533284371	-0.875885730576656	-1.76985520665132
NaN	1.26593563940882	0.10860615874453	-2.35832271804461	2.66822529292429	-2.47274645351985
NaN	-1.51179409766757	-2.71918299850828	2.88208622273206	2.23874209123443	1.17794343626488
NaN	-0.370938766679144	0.863366356982822	2.93410821568522	0.915868150459764	3.20446761304584
NaN	0.59264836168162	3.15785461618859	-2.09770424778932	-0.869972214168612	2.66718790707448
NaN	-2.89436189165042	0.672093059959165	-2.53383392386632	0.160462910009936	1.28751201910072
NaN	-0.908709982731053	-0.665283732241662	-0.803972274665921	-1.34960245203145	-1.85321031983975
NaN	-1.71041960995624	-0.358358004060054	0.391451147235186	3.1800234595763	-3.34590458733622
NaN	-3.30216542177141	-3.07539734489845	3.20557011369834	1.33178686361724	0.513471476956505
NaN	-0.0817929662863382	0.226179838366802	4.55206714808454	1.27309929292239	2.56841018186884
NaN	-2.06418176441501	-0.984620407906038	2.50822198157811	-1.44040389260317	0.452385630495954
NaN	-3.17533004614541	-1.48493446539329	1.95516072378392	0.76577195858352	-0.728021323292878
NaN	-0.686807541886221	0.65240812089703	-3.08256786032728	1.54375302822338	-1.55751545301894
NaN	-0.147152654673835	0.0419632552932165	-4.80596912652692	-4.99284003186191	3.41418091878537
NaN	1.42934881032708	0.794937174360497	-2.79936646978136	-1.89704532474934	2.05887008129731
NaN	0.931482238823299	1.49291551726135	-1.35237784175781	-0.320220277086328	-0.92682620345482
NaN	-3.86415571679899	-0.385504754354572	-1.43868649295781	-1.49705092510189	-6.47215102456151
NaN	-1.92316886633346	-1.28477779741426	3.19292243340852	1.02751873583482	-5.21909007926143
NaN	-1.62436542232037	-0.729785896799616	0.143311709950275	-1.24623381970346	-0.000375676789727985
NaN	-0.0429533905976578	-1.53911936459166	-4.58788610525712	-2.05096692625576	-2.49646723520104
NaN	-0.318117892787409	1.2057380671941	-2.82176597856671	2.37400089572589	-0.714851166388908
NaN	0.879957181553492	0.850640870767624	-1.05997246485042	-0.305737206096838	1.34588193307214
NaN	1.20976138711686	0.830448260528895	1.89841498558163	-0.0424212216957669	0.493487062436118
NaN	-0.500931823339823	1.37548063176977	3.61897290081854	0.961190873544984	0.823256793487091
NaN	0.477535860147022	0.71234421578002	-0.54556302143562	-0.469873499447217	-0.020432170123215
NaN	1.49826755994056	-0.0227724838282915	2.64064781317771	1.00759548636785	-0.990391394646788
NaN	2.97525421436823	0.940878360640734	4.03231489532068	2.80420591483977	3.48558075878632
NaN	1.62278837299146	-0.580605956541094	-1.94373952628348	5.17602146418535	2.33462836726807
NaN	-0.491478140155113	-0.345158985214736	-5.6062428260982	1.93817171284138	0.765844177141659
NaN	0.174168280954974	1.1164156745066	-2.00637260277694	-3.16614311069941	0.675103663780039
NaN	4.04313716317322	0.684881791546655	-1.23236157213826	-1.9927107324441	2.31848933966635
NaN	3.2035467342312	4.46250956044775	0.937086014643427	-1.46017913499565	0.266145138877706
NaN	1.08625663035862	3.36536432337583	1.09418116001257	-2.81629545101413	0.34122957018731
NaN	1.8996159151743	2.36022984438104	-0.191152798080772	-1.32204693771779	2.34572044996692
NaN	2.29077075781423	-1.13047978272614	-0.355732667682167	-3.26206464071129	2.264682716597
NaN	1.12711679058141	-3.94105085663803	-0.416379796612225	1.89175991242023	-2.05635277137336
NaN	-3.08028406316449	-2.0495823360897	-1.62643396592971	-2.26956168999992	-1.76809723966276
NaN	-5.85647020928891	-0.0433884327179736	1.2915359885167	-1.37966365504332	-4.17208199149745
NaN	-2.01594983117698	3.62966370322644	1.46245817908641	0.674568068967074	-2.83909037974656
NaN	-2.93830574407023	1.39176306149572	1.08838311748936	0.644151760347082	-3.30218302673534
NaN	-1.87685516139808	-2.89755063187319	0.447349364748551	-2.57525402190009	-0.662552821379354
NaN	-0.47312857837169	-3.71059887322586	-1.25441155273454	1.33960334861843	-0.129492713882183
NaN	-0.657008877549125	-3.55853239625025	-0.609491944464761	3.21404750733142	0.226385017545324
NaN	-0.187689535154236	-0.684593071514449	-1.25469468375233	-1.33173098046071	0.675853074355659
NaN	0.953395023952911	-2.25205642510759	1.21047652739114	3.00068801844074	0.930482755883549
NaN	0.129961680936544	-1.65165990150349	0.681548609156059	2.02689611367972	1.12066700344739
NaN	1.44308728649185	0.0828920982297525	2.33726449963242	2.82167759572884	1.7421397598566
NaN	0.561867671110925	-0.892234073751363	1.61589754930987	3.00382535395015	4.3324108344138
NaN	2.63867186836178	3.76723798083435	2.22552537600789	1.18398841782064	4.34981651684697
NaN	3.79604146934847	1.38561373023231	1.34463765584126	-2.49161580190883	1.20024666260806
NaN	3.37045915237582	0.109332668066728	0.884655492190225	-4.12667495439069	-2.16644987473587
NaN	3.36982000186041	-1.104621270835	2.23246694849733	-2.7824362570151	-0.925317989583237
NaN	-2.48316716655817	-0.300550912884409	1.39557102040695	0.61300354194293	1.1175419565477
NaN	-2.54516355853157	-3.7074606823227	-2.91906746424043	-2.46868519769898	-2.14286668581711
NaN	0.747653871150356	-0.819293083010969	-0.88152682161732	-1.9338995592497	0.529282992557484
NaN	-0.56525964912539	0.583967222132875	0.549357499797236	-1.35290311994443	-2.90249444977007
NaN	-2.60977696720107	1.55316048757746	1.24752426270391	0.326275812639293	-3.74100312993415
NaN	-3.21830377170929	-0.71133165840107	-1.48570244808139	-0.0575427349036871	-1.69685658251443
NaN	-1.86395109692649	-2.32614572223129	-2.66704789562461	1.97618849718096	-2.90387130084384
NaN	-0.618439862268591	-0.990800762322523	3.47548743048239	5.02630283515719	-0.215510091018067
NaN	-0.100833540930235	0.428784270216515	2.35488717479009	3.86456966656185	0.765819699250462
NaN	1.72628375644229	4.80466930245825	0.314681939245282	-0.708171258337577	1.91141795954137
NaN	-1.09914621899473	-1.69650558030351	1.04250603336106	-2.50174026247688	1.59865548445114
NaN	-0.0689041316341608	-3.92085771596347	3.26670934016493	2.90995125049104	0.58107654634766
NaN	0.197016045497766	0.344091790219991	-1.3885705372702	3.84515545247719	2.2673230184478
NaN	-0.172683325359515	1.44901482199909	-3.44855734825452	-0.119606563680904	0.345341192090779
NaN	-0.389026135383048	2.31200223256822	1.39863265728541	-1.53875080621713	-1.567296029526
NaN	-0.109110539353302	-1.35134565543004	-2.60934009566625	-3.32039724044676	0.472048229983015
NaN	0.154669014060869	-0.847876088785633	-4.01386693137478	-3.02943630538791	-2.02863518967501
NaN	-0.290445673005098	0.729589532429553	-1.72287746942852	-2.03431058298313	1.60651804068408
NaN	0.21160771186973	-0.96633265909289	-0.5842390680555	-0.964272873791436	0.748979208609764
NaN	-0.441891744773945	1.4287311729601	-3.5905132181766	-0.843353493811303	-0.040082050123113
NaN	0.455174614925671	5.09499981106432	1.76323126282243	0.939530678410481	2.29642011134095
NaN	-0.0725283310386775	3.68764520272103	-0.896289165710253	-1.19953602638727	-0.423850559041991
NaN	-0.22051233221811	2.90356587943266	2.63427413638019	3.10288326671666	-0.230025748754744
NaN	-0.795550730461772	0.892081176010197	-0.636273861182789	0.0767074692236645	-3.08511954315991
NaN	0.737707604436832	1.32647449211969	-3.97282800327009	-1.50994423401086	-1.43090710423254
NaN	-0.239663653763884	2.10025089093765	0.0572027615606176	-0.277995911521235	-1.91215563443903
NaN	-0.830978010680898	0.606125394354054	-0.0826101826074475	4.63530186076955	1.89425270825622
NaN	0.321609908396716	-4.09009151393057	-2.79382164611419	0.948157058018241	0.34216477265527
NaN	0.21145823253405	-3.17349305152407	-2.76080826593305	-1.91956463258493	4.65064933691639
NaN	2.6576990644912	2.30555741159207	0.156625381817652	0.0468595402829028	4.49993220321182
NaN	4.03193558466007	-2.91926944750668	-1.10008698747745	-0.21810558963832	3.783427732752
NaN	0.789845762318205	-3.54464315619153	0.23245120657764	0.361190723415079	0.34144654532402
NaN	0.0665135463329797	-1.23836195987669	-1.99008215891492	-3.11418224358695	-3.66156490687254
NaN	-3.27582223147824	-2.45146441827245	-1.56027584078035	-2.04502701202754	-4.41985817367455
NaN	-2.37219107422368	-3.31231167235454	-0.0766313653951456	2.97894707398434	-3.10051320485719
NaN	-0.309820710626535	0.441197189617053	2.35898127870822	-0.45187289619533	-1.05127186665393
NaN	-2.09933593730943	2.66059196294674	0.956995359256493	-0.562458425749848	0.430659679419537
NaN	0.565511980862112	4.28452025046706	3.78116838799895	0.256094221115074	2.49353856967752
NaN	1.19513874366194	2.6353030328545	2.20281498799723	1.3865360319212	3.43683097497068
NaN	0.513480238528003	-2.68866013114898	-1.43349540874707	0.375259848774929	0.501122890679031
NaN	2.32353505651755	-0.660921196880131	-0.590227436747623	-0.609268459154789	2.26948919675168
NaN	3.15553848172078	0.366945194132307	1.47654360043001	-0.582420429074124	0.443483994283039
NaN	-0.377985782868856	-2.43291623832551	-0.11425763262053	-1.59636322864678	0.840792190413015
NaN	-1.09554079666346	-1.19473537982167	-0.414548463613867	-0.780356300285569	1.00746418434727
NaN	-3.22937027526581	-1.91996242766902	4.04925569168182	0.906011484391052	-0.977729293051197
NaN	-3.83062355666978	-1.98812194377364	6.30244716454814	1.34875906761991	-2.82315576633592
NaN	-3.27869577132129	-0.526556369309936	2.10178482820244	2.70413833109355	-4.36064146928954
NaN	-4.09590093776017	-1.84105121073933	-2.78762557283038	-1.02182751033841	-3.58519660648489
NaN	0.768848456038314	-0.22000629583506	-4.1036387110638	-0.838325671435546	-2.26614342563766
NaN	0.228621656071094	3.80035138617107	2.07868645627626	-3.21094709255246	-2.35173638046186
NaN	-1.06913939417596	1.66260006361352	2.0101380104686	-0.0248153441218836	-1.94479571684365
NaN	2.11184840150503	-0.991298242138481	3.46148374506515	1.04001547886873	0.810413921674162
NaN	0.873484827783403	-0.403552476884167	1.7309459670232	3.13353435915247	4.2554996714648
NaN	-0.691490505071202	0.595613444194247	-3.81781741699079	-2.48710926574644	0.740292439161908
NaN	-0.847505496548498	1.76285386499821	-2.21493233016447	0.374986344283598	-2.37014024478201
NaN	1.13000266757259	3.93986660065086	1.85056836283758	0.50505982770854	-3.14239966197356
NaN	1.76853753671209	3.72077143495584	4.88790760678534	0.564034689524453	-0.489059126202693
NaN	1.13508694434416	1.58773672545945	-0.37444256017342	0.581829337514186	2.55812737466492
NaN	2.26053065156781	1.17739194622363	0.2167678666121	3.84518423091867	4.96937048476771
NaN	-0.435040338129539	-1.81291272584909	0.181983996045495	-0.437624587125939	0.24442943419298
NaN	-2.68447656337532	1.82750596187089	-2.92126700680608	-1.02343890616265	-2.05960352382008
NaN	0.0142257544514663	-2.41326215206359	-3.58267859566629	-3.07110760003948	-4.87989331755617
NaN	1.10869415754715	-4.04110056623836	-4.89323365403095	1.0924996530582	-2.51039551267721
NaN	-0.129150632806357	-1.04238728393139	-1.34087564253498	0.673135925126593	-0.102281813996792
NaN	0.171901492793911	3.32786928219222	0.182708727214306	-1.61605249498096	-0.234038772027428
NaN	1.39517524437187	-0.262843212990075	1.33783704102871	0.0316965830433021	2.71793366466361
NaN	1.12639133683851	-2.65497358299463	-0.189358468737352	-0.0379417506729883	3.54317448723114
NaN	0.0774044867173904	2.47102573993591	-0.978683376991398	-1.97506796385483	3.51963984331067
NaN	1.51045011460176	-0.0771883125469274	-0.789403498019827	3.30943430015531	-0.935861726609026
NaN	3.28283717564371	-1.38405607659688	3.17467355930961	3.37577853331108	1.0139529381257
NaN	0.689288949437728	-2.41524839769122	2.54334516592652	1.05093591030106	-0.121109922081059
NaN	-1.24049211244997	-2.2517782410487	-2.87596270267674	-2.0651800406757	-0.414922076866009
NaN	-2.11122265952185	-1.08099100482607	0.377733880749261	-2.19035586737571	-0.117136918073866
NaN	0.508958007793828	1.05260181142489	-0.198400729027501	3.77844098692524	2.43351064927662
NaN	1.35553007258287	0.976069086017431	-4.60772249788943	2.46862582338836	3.49785799823809
NaN	1.85650794706904	-0.879740192286753	-3.18844839960943	0.344467108728627	4.24886394127361
NaN	-2.2223626567658	-0.650740617588207	-0.347157996870186	-4.61112645183048	-2.45241075789642
NaN	-0.734958074745968	1.65711008776202	3.20533424426653	-2.24250054065257	0.680127850419956
NaN	3.11981655282607	7.51258105156798	4.6612590744369	1.50367373078644	2.09454065945757
NaN	0.0891150387701395	2.52903773346568	1.07116147405651	1.00082379585245	-0.269202654987842
NaN	-1.47353984515496	1.51570023380492	-3.19463584239839	0.589720815914467	-2.30737169088737
NaN	-0.732098658982266	-3.42481604140971	-5.02985079169205	0.824476915004815	1.49556364327285
NaN	-1.20767953124078	-2.88849050981977	-1.0982557947166	-2.00574832467024	3.05024685013444
NaN	-1.67243503248985	-0.323015005665803	-1.13825685960938	-0.190153350876399	-1.95536525122458
NaN	-1.78652040248198	0.0671902566593845	-1.32278393604547	1.00775292505326	-3.09551364571995
NaN	-1.96405272613435	-0.564193420316217	0.994981688094558	-4.50824726966837	-2.50121826199235
NaN	-1.11565651707868	1.73341628864405	2.35507454076743	-4.93319560606356	-0.822268134996274
NaN	1.12674943611225	-1.97347626779127	3.004767511851	-1.30493677783776	0.653984374206726
NaN	0.43222362726149	-3.63208869392397	-0.72548993437326	-2.1649397831855	-0.0850133351158844
NaN	0.235352027136536	-1.46313914929418	-1.90423205776924	-2.32770861717573	-4.39858513287538
NaN	-1.00543038202019	-1.54675409636392	1.99288375538584	-1.05687988219474	-3.564619594566
NaN	-1.77991249429067	3.2788464469114	1.85418654626863	-0.380057690011141	-2.84450618697831
NaN	-3.01095098667243	3.38614509908997	0.990639091877454	-0.472652144322984	-0.372275934401727
NaN	2.77512805642849	-0.913193310294201	-1.11612111921653	-2.50985998715485	-0.996168868540097
NaN	2.29992581993127	-0.888558007107518	0.5482087193974	0.94643041869084	-0.397664117077812
NaN	0.923422511218309	-0.0627206294260909	-1.97516475580198	2.08285296680946	-1.08386388509692
NaN	2.4030829810989	-0.472274370805153	-0.0368832200170815	6.09792370538303	-1.05470851373164
NaN	0.248611884915137	-1.07194541360233	1.55610990400965	2.24669320288881	3.47171376712791
NaN	-1.28197457700385	0.573284792681993	3.67589460784956	1.242044917173	0.533070923600935
NaN	-3.03569050871741	-0.567836936916608	-1.43675300560271	3.61530466142412	2.28339646427041
NaN	0.165397158933217	-3.99749499247956	0.63590758177846	-1.86237190982235	2.3265192221156
NaN	0.468366561948058	0.743989637889639	1.72418790042828	-1.00040837349141	3.5792300902411
NaN	1.00948900058263	1.56083640989956	-0.492493399608453	-1.04553229052186	-2.8215727942117
NaN	0.598482964065903	0.836039720643252	0.993342150839852	1.92829785210484	0.650343999563039
NaN	-0.171405770739241	-1.24815070628765	0.966886186452078	2.8047833797487	0.319938006892891
NaN	0.573358771647742	2.79976474515552	1.5079523098291	2.38919078391587	1.31465172228277
NaN	-2.73672265454045	1.77021476258295	3.95934639271042	-0.369477695070507	0.28767213040408
NaN	-1.35460782067463	2.41971080044246	-0.175464274645666	-2.42905944156045	2.86353738220199
NaN	-1.49960856542921	3.49965952769322	-1.13987615492604	3.3904086499607	1.95516475276152
NaN	-3.23368193520761	-0.31535226602037	0.167609108778093	4.36150001322475	0.671401042961555
NaN	-3.21676806311905	-1.53673179006343	-1.88737410238359	-2.90868488778939	-1.35440455102972
NaN	-1.67948323570105	1.03220299597394	0.218051267128927	-2.6312615735375	-2.64573887296917
NaN	-0.0558390813792067	-3.66871513222833	1.88811918817034	0.549622408542433	-0.383769747261771
NaN	3.42514037143829	-2.83266944038115	-0.741779000273259	-0.667490092975278	-1.50799947785328
NaN	1.23916945134463	-1.95064316712526	-4.50229745782359	-0.854553605410505	-1.28546557699416
NaN	-0.318387197477448	-3.97303598914285	-2.26866564558694	-0.164333677035885	2.11585821291059
NaN	-0.228986095070542	0.155122044514211	0.164026745134417	-1.57392328302665	2.16340886545222
NaN	2.25536347275606	-0.729815218019943	-1.07136197326612	-2.41335716510106	2.18037976981544
NaN	2.66114395643177	-1.48879440044056	-0.67505292856601	-0.974722163610795	-0.389384184385156
NaN	-2.23833345270709	-1.60838039901354	-1.59318960068078	-1.15406309769153	-1.37060200304016
NaN	-2.27441248812224	1.96855927045544	-0.928728284788068	-0.0444771582103182	-1.64327677340518
NaN	2.45180557738801	1.49172518399995	-0.809215292009053	0.485830551165713	-1.21295996581823
NaN	4.77122032299938	4.35175123103216	2.52823755881348	0.950248825498911	4.43781269878084
NaN	-0.237573642405204	1.43180114912945	1.0048432758388	3.05863502505767	1.92963990736758
NaN	-0.888601227546578	2.81827746200508	0.4903951676712	-0.51709774632052	-4.25497720679218
NaN	2.16045248628157	-0.190927412561211	-0.309589457453525	0.900041612789597	-3.13601210945203
NaN	2.17668067445548	-3.57362521819372	2.35344350240101	3.7008766691861	0.912582725051395
NaN	2.26968635145029	-0.462807653269356	1.23726577759965	1.16892436839933	-1.6826472953486
NaN	1.67485546619065	0.988259151357673	0.139703394959253	-0.5345123901234	1.54331006512633
NaN	-2.20169043512532	-0.856928654442761	-3.98368377400469	-1.53262412717122	3.25239193555347
NaN	-1.89338593816673	-1.79446633005891	-3.45940562545018	-2.94393325759882	-1.41721369532284
NaN	-2.48928264164451	-0.729906842823765	-2.89298370281416	-2.07209441339532	-3.50847022470724
NaN	-1.04259329531479	1.13333662219798	-0.637445572439241	-1.37481088244646	-2.31120750820909
NaN	-1.13383867727912	0.847709592060988	2.22218091477879	0.805657973038897	-2.38086202571696
NaN	-0.102455958734122	1.78912567733973	4.24494973552266	0.906463192641496	-1.36412751366181
NaN	-0.0370188086288211	-0.292491461314689	1.06901896259493	1.76598450331114	0.630741323883881
NaN	-0.846090606072396	1.31441545774805	0.216954192477848	-1.9394300272945	0.0879517087380134
NaN	1.438205054962	-0.496061887154984	1.00476913076574	1.75049725090401	1.14303072399843
NaN	1.60764719412983	-1.55121020197334	-2.2988017173218	0.0986788714658373	-1.02196645188471
NaN	-0.775840596274025	-0.298366376779067	0.982034464177469	-0.516826993656843	0.153518842719971
NaN	3.87347773854393	1.73569196687864	3.69868120045529	-0.374421833593654	4.13719309143893
NaN	4.95787029452546	0.80079560649936	-0.892035781506305	1.52123408470208	2.80768453418521
