NaN	-1.29693450475962	-0.0287708650026236	-1.37807254189944	1.0377413328265	-0.822274249314408
NaN	0.0049886188465165	-1.29995722417726	-1.37925907902866	3.13689050961512	1.16093067792398
NaN	-0.5082549371517	-2.708387048277	-1.20081324380389	1.94376007804683	0.935193435568309
NaN	2.61124060805001	-1.0118094346172	1.15496472749386	-3.24013956930429	-4.91135863914264
NaN	-2.11122621602195	0.188728399024729	-1.43001350408011	-2.42507896123791	-2.10356661667057
NaN	-1.92048842553707	0.411546800948362	0.604489902919715	-1.50649351982921	0.115245196305635
NaN	-1.46912099217202	-0.0729179292471996	-0.00518213081476641	-0.945770321966812	0.919934945348656
NaN	3.60575408048674	0.451134214669859	1.13726317092668	-0.804484660721304	4.42282085367777
NaN	3.82527101665568	3.27423652761112	2.01072020515263	-0.727623411540191	-0.66555148107462
NaN	0.414756186194916	3.9320498184035	2.81745433768311	2.45005901002629	2.33457965445838
NaN	3.18033241528148	2.19998541846868	1.90721308990659	0.0528063004691756	0.571031220445779
NaN	-2.46855700182952	3.33384840675942	1.18703953045192	1.17551887053792	3.93058557593771
NaN	-0.0248751604466515	3.29760384302921	0.441725156256803	-0.376952028722547	0.444775581205977
NaN	3.25155696893919	0.539161616546838	-1.04967790419009	0.387036542209292	-3.54632239413173
NaN	1.60272906707586	0.764912162119947	0.144941233737023	0.95000127323758	3.70202223337217
NaN	-2.53388558438453	-3.41238472553492	-3.51177607602817	-1.23454186617053	2.58091005644096
NaN	-0.923348941146305	-4.35858069102216	-1.72311186099673	-1.89679739449533	-2.8489225673539
NaN	-0.925277432241221	-3.08511333811669	3.27754803026396	1.35069540479394	-1.45199488476143
NaN	-1.93651043726838	-3.37991503720064	-0.309154744437355	1.04215756414445	-0.328646493829281
NaN	-2.06744280626825	-1.16177989473897	-4.75657352873427	-1.52927216164997	-3.41849960043126
NaN	-3.72049103727855	-1.82106892229853	-1.25244421193064	-0.905884033833243	-3.73377542617139
NaN	-0.704953719542114	0.390055508963416	0.930404443471817	-1.40418959617064	2.75579474965044
NaN	1.71116373873799	2.83852347193096	3.11300733131254	1.48296552620607	1.26516024644502
NaN	-0.636159357111094	0.0610948142803942	-1.82485910460565	1.06541139540375	-4.67182745130511
NaN	-1.28391976793968	-0.792038852148972	-1.49575240414363	2.15986079858595	2.57213695343867
NaN	-1.76145201993003	2.48622904746725	2.75244890273065	0.428086331535106	0.122209228758216
NaN	1.61547968470783	1.6173885643954	0.430616478753852	-1.5130055642101	1.55059105615208
NaN	-1.97755384538585	-2.70545817677631	0.737601542250961	-0.679946125021806	-0.199824581699002
NaN	-0.93047566754127	-2.29549915601985	0.197554644680732	2.26988295317889	-3.54853643693151
NaN	-0.551806307922634	-0.671440726291633	-3.00804140418814	-1.46465585805962	-3.73846613445688
NaN	-0.938880048028131	3.03817501176491	1.10934115982067	-0.399495857371142	-2.03518046624505
NaN	1.99083394919464	2.90220233414544	3.00606746816928	4.01776396812194	2.18826746776144
NaN	6.41060171450262	0.285321365811287	0.409676055181701	1.40965532359826	1.97250517323892
NaN	2.16284757326457	1.96934099096663	0.0965788096062264	-1.47909927432237	-2.26151328376835
NaN	-1.39304354839082	0.0153499363741396	0.697432614168412	-1.43205157930128	-0.885901834355542
NaN	-1.59379305086409	-0.754338146869009	-3.25395033310455	-2.60766789813708	-0.503212188319102
NaN	0.661568722577332	-3.59380530478892	-1.41876027590284	-2.51846399267465	0.227609832246053
NaN	-1.24648528125802	-2.96132262228496	-3.34486282482516	-1.08393483919012	0.322625730850722
NaN	1.9720723863163	-0.00922601980675013	0.679133360790497	2.88878745544947	3.24940889386595
NaN	-1.7005717387745	2.49297059819186	-0.123566657539042	4.37427633576339	1.95116658231832
NaN	-1.22936121704334	-0.128889488364075	-0.324840002034668	-0.332947308174949	0.163095933350405
NaN	-0.810303212821242	-1.25723152272259	-1.54220340871501	-2.05139145127871	-2.96820896910234
NaN	5.3563915442066	0.0944901609574517	1.57616715917969	-1.06762204416622	0.769764690473519
NaN	6.04282423364382	1.88255306539175	2.07089775570858	0.573073529634823	1.08088939678592
NaN	0.411700079362566	-0.956983659485197	-0.737365705638501	-1.02713755782729	-0.171530321485594
NaN	-4.67571682685207	-0.980100192187681	0.284246116763497	-0.542951651705625	0.200041457295112
NaN	3.52729430637867	2.80108455953215	4.58640668402097	1.83394476979952	0.8000188441412
NaN	-1.42936536701897	2.93771838198652	5.01820783286682	1.78757250001645	2.01215844687283
NaN	-2.24509341885537	-0.125396958610318	-2.2000205168678	-1.50127636903112	6.18200840132617
NaN	-0.218714096145036	-2.48734667290716	-0.820865008518622	2.82073291147439	2.14387069712249
NaN	-1.77356525526147	0.0227124111616303	1.44865617359232	0.468452056699813	1.29246063416579
NaN	-0.633564045611199	1.67907018814537	-0.0600291108134006	-0.692931138687359	3.01738085960389
NaN	-0.671759033474177	-1.0067091904598	-6.12442269021704	-0.84343961669061	-4.70236085882581
NaN	3.6807910134548	-1.64498662364352	-0.705403156115991	-0.213905536936115	-2.65382448895283
NaN	2.61524075584222	-0.23715782911749	-2.02350829056807	-1.55115688182877	-1.74039132249917
NaN	-4.7248458868943	-1.40442188465539	-0.849879604446151	-1.27135604861243	-1.26035037296318
NaN	-1.67061373586413	-2.75944707854972	2.83537276547612	1.55085187079421	-0.314814085739242
NaN	3.66096450272142	0.452334899953439	0.804186519925823	3.07175210171408	1.08956445397685
NaN	4.19672962380777	1.10250410855136	0.473234490418867	3.17799329499844	1.69148466681726
NaN	-0.0744513529090512	-0.413069643610579	0.17115899570836	2.82137033964981	2.52666071086423
NaN	0.35081598196532	1.26458953796415	-0.78612660706093	-4.78571670242829	0.997088449948118
NaN	-1.040447004595	3.82619354690326	2.65671565709129	-4.12862604010063	1.27730092440312
NaN	-1.46387105428841	3.49847949383701	2.3185648959971	0.0235197401468428	1.97520319845538
NaN	-0.426374934896403	2.09589816274299	0.92056659489827	3.71943711743929	-2.90620094546509
NaN	-1.78367356518633	-2.54582577591259	-0.570931266393002	1.35415844379633	-0.0712429643418194
NaN	-1.88239795266731	-1.47251005513606	-4.45055691466973	-0.856549197893767	-0.683751020018587
NaN	3.37295502075687	-0.71379630415549	-2.52238635203595	-1.38453420038882	-8.52778820663573
NaN	0.816663884268204	-1.20188434623807	0.627682775436962	-0.598228810996549	-1.0142915936746
NaN	0.98812760574055	2.50602765894393	0.193375285354365	-1.11488496115347	-2.78990052129548
NaN	-0.455085333986574	0.8770567649546	-3.50242427519486	1.88091767745834	-0.860525773420759
NaN	-2.33669736076201	-0.774912567882238	-3.84648953656959	-1.32610972615852	0.0597788889773571
NaN	-6.35048916045571	0.260289076076718	0.434163530546768	-5.47932225155638	-4.2913001418969
NaN	-3.45416841301562	-1.37072517243907	-2.74233071770283	-6.56015907351395	-1.89536570571427
NaN	-2.9552424947115	-1.47418517321034	-0.0262689209996357	-2.33070888200837	-0.579297113063229
NaN	0.00849920185609757	-0.474533920986226	1.91056594881257	-1.47465092214252	-0.962521354019443
NaN	-1.69595058162727	-0.111082357678229	1.25539144154384	1.25935988109823	-0.0222713822504073
NaN	4.05140871088147	2.75113403085439	0.485931890123981	1.51368831046696	0.77373779592081
NaN	3.77458675551607	1.06759904208996	3.78085162557324	3.89441732794724	3.55012981861516
NaN	3.23082053616431	-0.331739334099525	1.76460801153749	1.50275162331102	-0.351630984180788
NaN	-3.15578643358329	-1.79104869146141	-3.49241907927715	-1.35728015919842	-0.75881569160255
NaN	-3.83255786078798	-2.02188993393604	-0.583545657583505	-2.00737540028329	-0.242130965492715
NaN	-1.04057718898404	-0.0872423642192524	-0.246423649446022	-1.78305916622505	2.82907717996142
NaN	-0.747622974022084	-1.30110281410482	0.152035566004395	1.8393409683607	-0.557930271951145
NaN	-0.94623734967034	0.239463742556539	1.94070492299056	-1.84708946752114	-0.873452342832279
NaN	0.56640610703669	0.607487098252959	3.72449652480076	2.63707956432792	3.55845854096834
NaN	-1.20211966973414	3.96045788876067	5.8185112227032	3.44733842914964	2.04814210873432
NaN	1.85420788695742	3.12843960617909	1.85639416066522	3.81298756378474	2.27368617122489
NaN	-0.397101563768629	4.55260889847669	4.7172394302391	5.33004451400751	1.71330066516006
NaN	0.52088182128371	-0.709339975217233	-2.96862792506555	1.88774913386092	3.14416053533203
NaN	0.534190607895919	-3.27946607012005	-4.15687468645291	-1.13279414726418	-3.0991556045482
NaN	0.566703608924106	-0.480696365830972	-1.07546683149409	-2.54616900003187	-0.357914641162771
NaN	3.65337863462293	-1.24346826640533	-1.19313064183879	-0.660245853181991	4.0336473612501
NaN	1.67677473336299	-1.83559306539227	-0.7715445809026	-0.308544002303162	1.94107340748722
NaN	0.349151982482369	1.54690854788632	2.11471274470741	3.82715546987777	-2.97289140350489
NaN	-0.0834330494530885	-1.76958552903584	2.96546163772298	1.59418005646449	-0.870197331962374
NaN	2.08113387955528	-1.31167874288165	3.18502698165804	3.04431197776945	1.43772462897949
NaN	3.76387527383615	-0.851693017757698	1.86963942776573	1.25426622794327	4.57705659708041
NaN	2.27947090661302	1.38631928053545	1.24806468624157	4.13282136876107	0.619497558219246
NaN	0.912098074106171	0.139342468499648	-0.833460721406262	0.599020763387712	2.58795272863245
NaN	-1.62950387229899	-1.7232326299989	-5.05130033376728	-4.02499842272565	-7.48946608049235
NaN	0.934388273040229	-0.257086059760679	-3.87952016776041	-3.14650752151114	-0.180336506369047
NaN	1.32245651363692	0.858873050496694	-0.827915439945714	-2.22111438442262	2.79255846091259
NaN	2.46808990071778	2.93446613753883	-1.16449818113973	-1.68069959667288	1.12727504789283
NaN	-1.00657576180108	3.70563816332579	0.273586626149151	-2.16182737285926	-1.14351666808686
NaN	-1.26547218887931	2.60853073926083	-0.798591218795195	-0.883783567470428	-2.75404046298162
NaN	-1.32664092564696	-1.03675013752942	-5.29068684468506	-3.42419471271323	0.620276154380472
NaN	-1.48651527795868	-4.15241043925619	-2.13630613592652	-2.54233120232404	-6.66539692219572
NaN	-0.978692401270805	-0.224576305818137	-0.108158808403406	-1.57844357231371	-4.71607874967852
NaN	-1.13101584693095	1.82548785554632	2.0442098764756	-0.930890742525384	0.208450043521692
NaN	-1.28130752075827	2.48938536153417	0.981136601979238	-0.537876348708078	1.20987457627416
NaN	0.485160535129852	-2.94817649405105	-1.85214645620855	-0.524149085515498	-0.607021572127389
NaN	4.16829708373327	-0.541297504538853	0.291726808460873	0.856263580875021	-3.01399348069258
NaN	1.21830665830865	-0.0535044555965998	-0.636112768197207	1.57236207484992	0.509519304324393
NaN	-2.8811556438209	-3.87411453309092	-3.80822895871078	3.39148326143375	2.76996230353927
NaN	-1.44432467026245	-2.88194157310179	0.201136195807694	1.83044138554509	-2.80984078482247
NaN	-0.0135354799015181	-1.95726395813171	1.29118869862888	3.58048409858698	3.17423657286906
NaN	1.10898629499587	-0.43858946057714	-3.24400211937406	3.13867652928525	5.5654461551747
NaN	0.138515127121542	-1.05156521331659	3.70388904760008	0.720370436502934	-4.84156577633615
NaN	1.94351025820197	0.514203778986516	1.97361285696835	-3.67381445593842	-3.91981178883726
NaN	-2.48992040420159	2.34632483786115	-2.22841649757216	-1.56164405566004	4.18023958886766
NaN	-2.62882953321858	-0.624081877506984	-1.82152302740548	3.00149452098945	3.14461350729369
NaN	-1.29912501800061	2.88244146416372	5.29659035972775	1.21683298280643	-0.992416438900029
NaN	-0.573848647456844	2.33781600330033	2.67737795705506	0.241954185225824	-0.754766966913747
NaN	1.98583821632402	3.2212544838454	1.38691690080436	-2.69694133303808	2.42394830023902
NaN	-3.21204478078664	-2.41541503648142	-1.22884208097828	-3.97024125976935	-2.79234650104337
NaN	-1.55488247523537	-3.69621839134097	-1.0547107195662	-2.01401284768702	-4.52810344212138
NaN	2.75201501760238	0.791372614495278	1.39825797333727	-1.67083808374405	0.122377926033007
NaN	2.76952152833816	3.2755056783933	4.10459209191301	1.556072216849	1.59685965146885
NaN	-2.58066231455217	1.12594596961376	-0.0614724157434039	0.582541586756703	-0.468772408083427
NaN	-3.20363378283601	-2.80669380230945	-4.88685257721537	-2.14536367066539	-0.374239788554117
NaN	0.804828786566117	-3.56396087607218	-3.62831490018491	-2.55866950128525	0.353868203288131
NaN	2.20479630094282	1.80802331366939	3.71153188215401	3.3021580296922	3.03863133885822
NaN	-0.357961909671905	-1.07319019200664	2.50907609274599	1.32306033544197	2.00535827792021
NaN	-2.61049321736841	-0.993817516886209	-3.43826433442333	-1.06156647158046	-1.07495134876326
NaN	-0.418006226563639	-2.09434962525384	-2.82862830468479	-3.77924972701648	-0.658338041149758
NaN	4.61477367042821	-0.45722974560751	0.612383698888556	-1.25601355865468	2.28280400087202
NaN	1.07947629281438	1.73134159415824	-0.271829514252418	0.0746488981873584	0.0408053162972277
NaN	-1.49147512630305	2.44954730203766	1.08840900399159	1.48998950976901	4.86442312454283
NaN	-3.94964870211604	3.30778308007414	0.405380362759331	1.5270859706741	-0.105511207824716
NaN	0.0651686626453583	-0.991244787927691	-0.870744952561379	4.270750924406	-0.319240733402656
NaN	-1.06253783131292	-0.582666213943964	-2.16173919460074	0.384596639951954	0.38207306607084
NaN	1.38059366638022	-0.138374213146187	1.1442937110937	-2.21754985212178	-1.04058156243124
NaN	2.55437134521155	-0.0764474486609588	2.97878380035989	0.62404694416931	0.746872379951589
NaN	0.350945392360518	0.516385117004219	3.61222388874889	1.79360076775246	-1.57844215660525
NaN	-2.37525401237344	3.5332691941771	2.13513223540219	-0.150861590331436	1.33448356941208
NaN	-0.713566723628148	0.553364311246565	-0.604690119363511	0.121209980861984	2.90853801881149
NaN	-1.25967787119358	-2.54558772430936	-1.72949849549189	0.101482619971642	-4.73602426848665
NaN	0.261424887504199	0.491512866862943	-0.161060957800717	-0.665924617249984	1.10790378792891
NaN	2.40217004020446	-0.866872954207336	3.64983809622324	2.20713707960297	6.20515440933571
NaN	0.388409605317234	0.744745250038249	-0.150389272840245	2.58843747744657	0.328845472655706
NaN	-0.925333110974811	1.07276648144922	-3.7191914821881	-1.20785624548071	-9.14425201009763
NaN	-0.230792781017496	0.262937166779145	2.88534483144503	0.50779224486902	-1.3016702971907
NaN	-0.148558087906839	0.247307738938939	0.512564488525384	-0.14586320925717	0.0108992323515497
NaN	0.720195379739261	-0.399002143706615	-2.44537787376962	-1.21306163086843	-0.649371713597068
NaN	2.83300334085739	0.964680382869645	0.980993918037898	3.95145041155825	4.2018916504923
NaN	1.59706817073361	2.96713948216176	5.14155948974997	1.54039805989659	-0.6949527511249
NaN	0.458082091746035	-0.210561192277701	3.13040436785821	0.78637587765367	-6.06499712653748
NaN	-1.06465632936772	-0.787398373312773	-2.06256698306913	1.61543816096082	-1.67095824499429
NaN	2.06442974630109	-0.788157474576989	-0.809468261901988	-1.07605835353068	3.17876419510907
NaN	2.6978429577734	2.57062625524727	0.582992412548496	-1.14566513198505	-3.40259185549692
NaN	-2.20022426485645	0.3742602788245	-3.37140851452569	-1.09681691697567	-4.30535695765283
NaN	-1.81146416512917	-0.450624821860338	0.699421058518892	0.900892286640488	0.771213183034565
NaN	-0.277511030832143	-0.166195643307095	2.43011676743957	-0.0513294729908324	2.23369024126473
NaN	1.78495844055098	-0.907519501090835	-2.73967384832939	-0.883586593863724	3.49395312253917
NaN	4.41964756860034	6.13230511755349	-0.886585251265199	0.186073984210906	4.80072224255236
NaN	3.76384277104563	3.81744748351268	1.59239619186334	4.13739952715646	4.24125938721739
NaN	0.159195948073876	2.14876889933297	-2.45822997120362	2.45050991517716	-2.48599558114935
NaN	-0.795620930252926	-3.90348170019303	-3.75700684543271	-2.26712884248819	-2.71822544561473
NaN	-3.68158814239868	-1.36981499458427	-2.92581495166244	-3.49205317313941	-4.15521931561632
NaN	2.1336712103961	-1.44653767091207	-1.52677024010844	-3.79232607168662	-3.74562460143987
NaN	0.636084033898426	-2.37974178976307	-1.029837370936	-3.20595381567784	1.84092259053094
NaN	-5.14809941893383	-2.66489432267523	-1.2620615076811	-2.57942365942318	-2.33243057378366
NaN	-4.57168381188302	2.41328487606798	0.532032804815005	-0.4381740540001	-2.53206836455035
NaN	-2.3306668074577	0.478919800677048	1.71943397835482	0.610287657249679	-0.180717212009388
NaN	-2.77207476546316	-1.306406162249	1.21167641604713	0.76387250808499	2.30686769749976
NaN	0.529809859030207	-2.60426137600333	1.34460767692899	1.05051966662643	0.558378387158797
NaN	-2.77259485455992	-0.987526109752542	-1.41241208998041	-2.60403621025954	-1.53119959960186
NaN	-2.23213366626965	-0.214645911439952	-0.972828267823479	1.51108803459748	-0.531576624661716
NaN	0.428504965685135	-2.0390554920115	-1.44267285544268	-1.15607454133393	-0.46559652264946
NaN	4.17135940039316	-1.64125737321164	-0.433354385389501	-1.80125803003731	5.56290701801416
NaN	1.81399324962004	-1.94192135135879	0.388882146410934	0.10711347690944	1.5072344470988
NaN	-0.676563467174214	-1.99938047557419	-0.956074246256982	-0.910756623803897	-5.31155612283437
NaN	-1.81130747670705	-0.464809623955367	-1.48401473677659	-0.702670122216914	-0.301197768862382
NaN	0.828540762195417	-0.276090678621384	3.01754739375649	5.04404125489239	2.99296109207602
NaN	0.945067920351363	0.538735758345531	1.73685897481489	4.35673968357698	2.55228837606287
NaN	2.84764582889843	4.17087715402585	4.30177046082472	3.21628832952473	2.417325425486
NaN	-0.00598942455456964	3.96050568980575	1.64770145886056	-0.527468980460347	0.585180246424078
NaN	-0.967682666317939	1.5746218119487	-1.27110017247641	-0.962431793565343	3.06921298860425
NaN	-1.19391556213112	-1.20120871710727	-3.02585066687436	-0.986660824070392	1.71748695030214
NaN	0.197093955526321	-3.30226795047887	0.339848664350486	-2.58389576529391	-1.71393974541946
NaN	1.86324097552429	-1.49432067432832	-0.720481133949177	-1.65839490660236	-0.182878633793319
NaN	0.582442504659692	-0.135354126934236	-1.69230457075201	-2.12809548669148	3.3369582942165
NaN	1.67807809444058	-0.582010344551657	0.129784453068705	0.158890532968594	3.17484142705141
NaN	0.916486862603581	-0.902219668382058	0.234093049529697	-3.20324102681135	2.65269243509705
NaN	-0.518906343338748	-0.143619262862284	-1.07831712403388	-2.86937677312341	-1.92778355236462
NaN	-2.30035490351367	-0.80557070019366	-0.131122995906812	-0.338602389187938	-6.12748919697167
NaN	-1.90351405836674	-2.21078137838446	0.124934975903416	1.41585206099911	-2.31172780655953
NaN	-0.113873990194324	-0.385392757095575	-0.0743454515706845	0.504190754535366	-0.397025611437438
NaN	1.33302662214692	-0.116480309817537	2.6784917544982	2.86379911213951	-0.297725317756853
NaN	0.043472727698689	0.0556999283973738	2.34954013195584	1.60163819679695	0.309393032754689
