NaN	-1.46277810858129	-2.21839473790662	-1.26478015444717	0.529247989022258	-0.674348339284029
NaN	-1.15505173613734	-1.21039883117033	-0.352520822807236	4.4156893264742	2.00246717049271
NaN	-0.418391173659048	-0.148691134682934	-2.15643019768437	-0.667544958514587	0.0936498655836972
NaN	0.760706771765588	-1.21955008444841	0.27897139187173	-4.89754616162434	2.48893060296314
NaN	4.70706435252353	2.61310298114567	5.98532948657417	1.70908234494028	2.20221305829641
NaN	-1.5122273728714	0.719703059932639	4.76353770075623	2.19488843120799	1.0189837870157
NaN	-1.84297701527985	2.41171870617628	1.91787268800721	3.4064958539465	-1.75420495130232
NaN	-0.0791155787077513	0.688567605125567	0.228874379477319	2.95855475700536	-0.736702693478539
NaN	-0.824436075929606	-1.59802039465861	-5.9063671365739	-3.53550235559561	-5.14667451318694
NaN	-0.305963690156458	-2.72035948749566	-5.68618893324042	-7.75440011228882	-3.34703483426481
NaN	2.36242282724247	1.27422053654635	0.123870704184892	-1.43021560572836	-2.86527129421007
NaN	0.488755240183079	0.560011750455089	-2.62420438127287	-2.90734241216778	0.237222056547282
NaN	-2.30291888697646	-2.03573786190123	-4.62425446969301	-3.31704470924499	-1.71821961276249
NaN	-0.192411854315055	-0.0924772489292504	0.543439291874503	-0.0430130139016787	-2.14769600213292
NaN	4.78279531862947	0.701070226940427	1.20663689388161	4.20237491297797	3.72130060407094
NaN	2.75822315584943	3.03291821323482	2.26250487014897	4.43264052529928	0.297353794266494
NaN	0.974202527950997	1.58342461906955	4.43555665445259	1.00630026897034	-0.414442338212504
NaN	1.76069267845329	4.20782928743571	1.98554060591669	3.91223341724927	3.7076317783839
NaN	-1.96701288485438	2.77416214910541	-2.3754834326336	2.21369054396224	1.94825021794272
NaN	-6.24750386314167	-2.58951925301558	4.10659290804671	1.14438667214291	1.25502733043167
NaN	3.72630956981571	-1.23594461228248	5.04557728883984	0.461695769380416	0.436517257149812
NaN	0.532801519534885	0.669253105190507	-2.68776185269919	-4.37181875735381	-2.86065105417263
NaN	-5.80417429452363	-0.315470432749904	-2.30098182447856	-5.51559407382381	-0.986133639977979
NaN	-1.86250630915029	-1.93247952670238	1.94824798033054	-1.39123599382733	-0.539874648012414
NaN	-0.183887426757564	-1.38249197222437	-2.85391960667166	-3.30276650199855	0.0168428184829208
NaN	0.270265526545019	-1.55939405937973	-3.62287299624857	-2.93741672870107	-2.33023184287565
NaN	1.46996004415527	0.506965138113807	-0.318490362169315	-1.82833702228261	-0.119398269014476
NaN	-5.60350524453579	0.0342003214970799	-1.05154879125988	0.73090059914658	0.363947506923249
NaN	0.153493995106892	-0.78008145044452	-2.00977361935997	-2.02478692049239	2.61081493565667
NaN	3.11292043653383	1.08228674135085	1.0487671650385	1.05718744348937	5.21647259680323
NaN	1.35246460528662	0.189683970887333	2.55000031656208	1.43370439506888	3.84108811401905
NaN	0.0235898374638064	0.164212377655276	-0.563774542550822	-0.792949999485411	0.371688268227923
NaN	-1.45600453698336	0.417300481533177	1.63052735519655	1.15655634600656	-3.90098887249295
NaN	1.1314714257265	2.39275683783492	2.07821796434155	3.89765079906115	0.198367899348007
NaN	-1.14573278220496	1.22596277534033	-0.712587458016532	0.982224565171761	1.00497486967643
NaN	-0.770963442784978	0.19902798004306	0.831794958320142	6.23272914219822	0.679085613252925
NaN	4.01510573382919	0.181273389858036	1.93282833612255	4.74605714623827	-0.765614042313097
NaN	2.51680377783244	-0.484683102552257	3.94017444462746	4.44272636074722	1.66357373557066
NaN	-2.01553353927886	-2.34336003771706	0.123509873015629	0.25560388361374	-0.886271581337388
NaN	-0.361830438395399	-2.74491169598584	-6.18162835042309	-4.0429314054319	-3.61121871003617
NaN	-2.80171837547176	-1.29510700217797	-2.06223212007255	-4.63575010968916	-1.21905001406037
NaN	-1.47703712862561	-0.511727369961651	0.366134233764572	1.29403194310909	-1.28914476483447
NaN	4.52498709924812	1.27418315389653	-0.163417639636185	1.73028437065633	-0.900503274732102
NaN	2.63557651398227	-1.00195731859857	-0.341134863761611	-0.252850185197669	-1.79010948553579
NaN	-3.58550739712054	-0.453445596387421	-0.329088049152051	-1.34340417207007	-0.923718608210382
NaN	1.13294635398919	-2.59194809627297	0.485381385501074	4.74921663713346	4.42995951362529
NaN	-1.13358613921916	1.75339473286961	0.123448470093339	3.23878709931547	3.37088751192324
NaN	-2.29590797951424	0.341777080174585	1.70392983247749	-2.89954262181657	-2.70167231635906
NaN	-2.10425423910979	0.745691842762662	-0.118131437349367	-5.13779781881147	-3.46239050901765
NaN	-0.599451489022917	0.147055534728631	0.531908773159925	-2.34018929481369	0.0520693862910141
NaN	1.69419314706014	-0.577295913735159	-2.08508357005594	1.56017732996678	0.415561522990021
NaN	4.40968082330224	0.0748569936082994	-2.01110184272472	-1.26257169783925	-0.112274626194524
NaN	3.27722224896235	-0.0850987758223291	0.956573354376928	1.34008322109937	0.291832524315327
NaN	2.24211715742727	1.10246009839156	2.29387374052159	-0.105157970364913	0.181969249705592
NaN	-2.7470277283732	0.94376609184884	2.99979994423658	1.25318853704526	1.50267091580605
NaN	0.030407396589948	-0.992140135296522	-0.853354438092975	-2.91690797946225	0.482079911292984
NaN	-2.78184988000626	0.940272658561201	-0.588445130530466	-2.00297326429424	-2.2652004353146
NaN	-1.24081086441828	-2.08911280584148	2.27145296980399	0.725281693065554	-0.0293696277970193
NaN	-2.50955516539869	-1.87412046839203	-0.496243507943051	-1.62266744650435	1.03428153300622
NaN	-0.630423115500668	-0.282784079727476	-0.92622566493423	-0.718861011922408	-0.687375312087748
NaN	2.3915522309843	0.450095765541256	3.77780207188766	1.02621715715617	5.1640395894573
NaN	1.15703332477112	0.46445132310078	1.18361204891524	4.90198894706638	3.66727644692454
NaN	-0.216607691776585	-1.03656564997751	-4.40261650196944	2.09634505008451	1.24175964371484
NaN	1.43625468054988	0.911578767957957	-3.66843893790175	-0.27092802473349	-2.55434646231783
NaN	3.73233251494969	3.02174831249246	0.285480543569939	-1.41126133661756	-2.35178506303031
NaN	2.20063339185608	0.196440568992291	-1.47026721887085	-3.66736555388205	-4.20528582286402
NaN	-0.657042936727156	2.09698166264233	-0.0546185906658094	-4.04543616557418	-2.93461179802099
NaN	-1.04930591914928	2.3824421072598	1.9522611930036	-1.24615785264909	-1.0552036751338
NaN	-2.14971160897823	-2.35475181699518	-2.8113943543583	-0.657953572681607	1.8155433559618
NaN	-3.71976586870184	-3.01620798996897	-3.25303146347719	-3.21631620523018	-1.76357948714808
NaN	-0.788541726383194	-3.56979196061501	3.20211251258325	1.29186082259069	-1.6623968757611
NaN	-1.09062847702354	0.289823260512001	-1.33044056416063	0.102145443329387	-1.45600431240731
NaN	-1.01257814955038	-0.239920887929458	0.214951959612814	0.169032068378887	-0.0607539668369499
NaN	-0.920632928443382	0.294713556062907	-0.417192772208076	2.53472542416459	0.869356982534235
NaN	0.944929920705778	1.38576846592886	0.438718946137132	3.18486990672613	3.39325646764811
NaN	-0.871482224380473	1.03052538827204	1.03791817185307	5.13189457873391	2.7798219090982
NaN	-1.107351987438	-1.85747181805685	-5.65710297876264	-2.84290171152685	-1.83470155576651
NaN	-0.971421053997746	-0.422913799388277	0.133656141783497	-7.22040485814647	-1.72876161636308
NaN	0.82913905723782	-0.998054998764835	-0.172101840442199	0.315975967193615	2.16687761373719
NaN	2.48286994521017	1.72160871240659	-0.720450806866887	2.75885187888595	3.48917119570591
NaN	4.30801608274284	1.83853189088471	-0.887733238335518	0.0711098832888528	-2.78004605819032
NaN	-0.519900075422424	3.69404746242204	5.64222368160066	2.11604110104037	-0.0300838804211847
NaN	1.43891106436255	2.86857327823538	1.91675870942067	1.30956748827747	1.69375169349731
NaN	2.80997450709592	4.51757069787954	-5.21159392606645	-0.864947393765018	0.0557207565215015
NaN	-1.0546799890167	-1.05135499577645	-2.27259864891039	1.43203651572964	0.215750039757657
NaN	-4.21947121436315	-1.54177104723931	0.151477103368339	1.4904495944642	-1.74053196808025
NaN	-1.53369334343817	1.3852792421284	3.71994836223471	-0.667609637674321	-1.93553269793839
NaN	2.32396728708626	3.19631286394594	0.829303288097914	-0.444394382044244	3.30512512506987
NaN	-2.95528636959363	0.422137550022719	-4.37176218517137	-2.52893807782497	-5.15698192005902
NaN	1.06497043086026	-3.39948382598775	1.34944117910765	1.59719147851775	-1.81354211221337
NaN	2.47567542208804	-1.79857983000094	1.17571302308106	3.82889959539976	3.93780706771447
NaN	4.64098814307537	1.48266669945024	3.48637800809971	2.04526437356596	0.790487967664018
NaN	-1.41935006575789	0.752946697690488	0.0201109977277641	1.67590477278138	0.335410098402058
NaN	-2.90056961746918	-0.859616066399955	-0.434402947033592	-0.384426213951817	0.0123977972261022
NaN	-1.55952197482182	-2.36695123234187	4.65594809403457	-0.0717699579261595	-0.757389097996815
NaN	-0.674932791837032	-1.09669916443601	4.78745176750631	-1.36084463130538	-1.98502711165765
NaN	-0.724225168044229	-1.10942321010589	-2.56505326288525	-6.09389278557971	-1.19638255695276
NaN	-0.958950569458007	-1.52912203685695	-0.277135660274609	-5.83433322425077	-2.56853122333724
NaN	1.77131467533248	1.45109406604673	3.66402654630711	2.25027009112933	5.03695213864761
NaN	1.12414390779917	-1.51943571705603	1.99197159215007	2.3673886781739	0.823675745339154
NaN	-0.996654566981064	-0.62696744484567	-3.76393290497533	-0.481402422765081	-3.98364239189996
NaN	4.38480005040324	0.438929287275633	4.06991798495898	2.61061036860569	0.0204544137089706
NaN	0.809130530603975	2.60114204761906	1.95278310495028	-0.447150058044406	0.767132983602826
NaN	0.233314128624341	1.3764591202431	1.05242796711736	-4.07165827002666	-1.73566760016992
NaN	1.23942405236397	1.68102231627941	-0.0337573257828485	-2.07039256290794	0.171436738030914
NaN	-4.29373705683255	-0.744938197622381	-3.47226712567603	-0.324627969728359	-0.103509209837079
NaN	-1.46551938585331	-0.609756984110955	2.63792972374457	-0.447170829963449	-1.58532100856836
NaN	-1.35407902998913	-1.58893192598409	2.13288137718364	3.08113865865029	2.33980945932893
NaN	-0.392546094038287	1.67741456726688	0.313944411624979	1.30913855160496	0.346986283664549
NaN	3.23442201556405	3.59035670085601	-2.15483114877245	-0.865178476063879	-0.0383254868752632
NaN	1.25116798686494	-0.0549321909009359	-3.51134544564033	-1.95533101641518	-0.940448087531653
NaN	-1.783915189806	-2.03762492768978	-1.15125316271301	0.707047230576209	0.741573047950648
NaN	-1.80914109565842	-1.21148422822688	-2.91321415121047	4.7907320076971	4.57695589793036
NaN	2.93830066991647	-3.2347853582913	-1.42632215949263	5.82470710592402	4.31126615863277
NaN	1.15356009364101	-1.86387401291937	-2.2140660855797	2.78014622299872	4.02322879827203
NaN	-6.53564954270102	-1.92628843938761	-1.62260342277711	-3.25847096824636	0.395048529727828
NaN	-3.20890957529816	-1.93447247841917	-2.53989871452313	-5.74125839222442	0.563822147441247
NaN	-1.06119805893296	1.36092620016324	0.470684391293575	-2.43890160115159	-1.29260621084995
NaN	-1.2240835490156	1.5803857518575	0.992552501708146	-0.00260700214724731	-2.79887216211295
NaN	-0.408144137765225	1.24402822806291	0.658915082627778	3.3231186283673	-2.63150479812458
NaN	3.68180538034429	-1.21210281415947	-3.29924852223898	-2.19790129504654	-4.51391124436233
NaN	-4.49418711653495	-0.456489481956222	0.442403268872089	1.06089863532999	-2.66591496463687
NaN	-3.54998357526685	-2.66159818233514	-1.52662296467151	0.453731326218695	-1.16829864909857
NaN	-0.559749972994106	-1.13526158406492	-0.690494142764268	-1.2627191430534	-0.636409817058174
NaN	1.66323023613203	-1.66278388735341	0.518870721817365	-0.580966791926888	1.82859183545129
NaN	2.14076278631822	-0.282064047306726	0.270822488541517	0.288443955366848	3.04707864917973
NaN	-2.82620828162907	0.396042819341906	0.299292261560127	-1.47209007471819	-0.572939300691597
NaN	-1.11948991549589	-0.787238191518295	4.01661357852689	0.278768306626722	-2.3764616846976
NaN	0.874818507189873	4.681610245023	4.02858769692785	3.62449548875391	-0.800732667607042
NaN	0.604406289015052	1.88854822790482	0.014343388326809	0.285649761692278	0.313062015148277
NaN	2.31639308768951	1.50875899749772	-1.31628139260241	-1.14545424383625	2.16699241349722
NaN	1.97889158143736	0.182158788129087	2.13277917504553	0.301931670791778	4.28993237477812
NaN	-0.566172208585884	1.27014190377269	-1.89429259286637	1.02143643963078	1.38516750050405
NaN	-1.4640685463798	-0.974165003959255	-2.92466395603408	-2.20817127377094	-4.74953510644533
NaN	0.329321008224918	-2.51266601621662	-2.33126029422408	-0.107917979957804	-2.51273303566447
NaN	2.44196062145147	-0.995763531548433	-0.155911584040597	0.414396388551937	-0.761621978117087
NaN	1.28640632800338	-2.25394237440212	-1.06945546827021	1.36513826486895	1.28005527120919
NaN	-0.0483747761057645	0.964932993345583	1.5694962994949	0.327917170783439	0.782078496896845
NaN	4.08473421130624	1.05463003492095	1.15246186372407	0.384719275143139	2.52739193439524
NaN	1.68451982432286	2.01726607185098	3.39427536525624	0.137908087313831	2.5688805511814
NaN	-0.096606146541606	4.43912773675851	1.48630273953378	2.55729351310199	-1.15315397561614
NaN	5.59728246738909	2.25855024333696	-0.0829992155569299	1.1209022669772	-3.70146106529199
NaN	2.36747284236864	0.354319405854322	-1.2744739676522	-0.691051570440493	-0.648215888070624
NaN	2.14165025043759	0.697496082131988	3.50453085784371	-1.29374186169096	3.11715142718073
NaN	-0.0742027500871565	0.241112150244922	-1.40623943254158	-0.0235950382423409	0.974837889191206
NaN	-0.113275511088187	-2.56773133068189	-1.29923535295255	0.224860643965617	1.56355583523724
NaN	-1.75730687489126	-0.805475878775087	0.501386237591975	-0.148266733378614	-1.67712143004929
NaN	-2.08097651608338	1.71905304590267	1.17735220061967	4.70024770207241	-3.13122996984948
NaN	3.54520974708266	0.51511810666485	-2.13115708452799	0.202149479189658	-1.381103790368
NaN	3.68306827629584	-1.41055116218785	-2.17946245412498	-1.52742597417628	2.27245500867679
NaN	0.162844646884387	-0.884242636542973	0.764997516466746	-2.27522118166626	-0.576707148029286
NaN	-0.937179153910908	-1.18013180847849	-0.763692330796003	-2.88841458157614	0.808663483353464
NaN	2.82370734720006	-1.22492570226166	-0.623822103672715	-1.29443458365486	-0.34241282264973
NaN	-1.52003473540946	0.632535839100045	-1.40836228538539	2.85955202020201	1.8193320941451
NaN	-3.90304132540488	-0.370820611942679	2.26209780470661	2.80507966396346	-0.558205554129141
NaN	-3.03071807647596	-2.782031530204	0.85754512176046	0.352672957940674	0.314653878717461
NaN	-2.14633421727962	-1.55803188819747	-1.86409875431306	-6.42995356354744	-5.49040644590888
NaN	-3.31228190636225	-2.53431924752916	1.57670728203043	-1.17767990929819	-2.51038465938529
NaN	-2.91558850670049	-2.06072714992964	3.76868900388521	3.85024871533125	2.13405020443279
NaN	-1.79455110378495	-0.281443291917781	2.80922615070334	0.986824454287962	0.644435621389174
NaN	-2.9057143409758	0.916560944791905	-4.30416216867293	-5.33402903861263	-3.99900864749299
NaN	-1.65363718305281	-1.60132878959635	-2.0393455648279	-2.52257410153329	-0.766257414365837
NaN	3.88632057245134	2.37728235022429	2.66352941186306	2.03934507051423	-1.33423836729335
NaN	-2.53879806294866	1.51679759988692	1.15140315625414	-0.736127291546901	0.278389984086362
NaN	0.113467909419802	3.30539307684788	1.05167578862322	-1.08461188151805	3.29077028207428
NaN	0.681002510739376	1.34179042246603	-5.67482694544958	-2.62547127925239	1.63128987518153
NaN	0.971971797668501	2.51593161683256	4.19859923307663	0.372336395385834	2.25806879080616
NaN	1.4192161586108	4.0453313014986	2.99051703478339	3.1832560334779	2.43458028247723
NaN	-4.46605058908233	0.109787160455256	-8.97717356244556	-2.6474683190417	-4.95053372348096
NaN	-0.113556365041769	-0.404982258364544	-4.52447125083326	-3.87974585591538	-5.63510503542749
NaN	2.80323807792116	0.710808226906224	5.01766843515684	0.746080841517103	1.0411298272452
NaN	-1.19057512806857	4.91053523620447	3.45458727248591	4.77530988485289	1.68023275780422
NaN	-0.729239747877802	2.21487619151408	0.792607840934106	0.857747342086249	-2.43055112944436
NaN	-2.97128445224933	-3.33169655489425	-3.3455934048303	-2.94906622821168	0.788252349090231
NaN	-0.507275141067724	-4.7313900686861	-1.81502760424414	-2.08163074763394	1.47942581204357
NaN	0.922871644065053	-0.961116289056869	0.40904104287624	1.41075776168454	5.43595040667525
NaN	1.16120332819537	-0.989584559772183	-1.28802667755103	-0.317177280299295	3.37408541729056
NaN	1.58694118292054	-0.823072817157987	-0.27754276406795	-0.898808736716339	1.51233802273705
NaN	4.57796769196842	1.5983665790901	-0.389484082031452	4.86111630520149	3.7419718993212
NaN	4.4163246323493	1.38879090065504	0.380800154545336	4.20722549706502	1.54890711614067
NaN	-0.651526550817323	4.51648884009745	3.71430220209352	4.41522409250085	0.580575438668224
NaN	-5.42046542106271	2.45329757706164	-2.26709644835816	-2.8320380179574	-1.28334261063521
NaN	-2.36924652242995	-3.88258382534406	-3.70335089281902	-6.25822589580847	-6.48906651854211
NaN	0.0567534434994416	-0.760413828301358	2.64927587512791	0.927499245842988	0.210577392806574
NaN	-1.41632347112443	-0.0805582589740163	2.91587447066603	1.63776219587978	0.229985857357144
NaN	-1.68898530618399	-1.25992576413324	-0.812845067519364	-0.426862422473769	-5.59779679985267
NaN	-1.76696934324753	-2.01361502682507	-4.02491308212695	-4.18016459772194	-1.72864536118117
NaN	0.409926766978897	-4.04836661971424	-1.26035625519766	1.04265584173219	-0.497871188930764
NaN	5.57642562564472	-2.06925227390156	2.94201405820723	2.99457385470513	-1.08430907029412
NaN	3.71829501357462	-0.764591972110807	1.51269436587256	-1.80933601439571	0.902881885916758
NaN	0.901601119605623	4.02695153512376	4.04930712648448	0.911050072990114	1.9343332503721
NaN	1.92355976337669	3.15967512999171	-0.511622321818654	-0.781356174039121	-0.393205207376433
NaN	-0.425697276084913	0.285214874137156	-0.04534072778007	0.906313787779833	-1.91805473866109
NaN	-3.8489619038709	0.00677508994067047	-0.311726338210715	-0.129711867808583	0.895623392754455
NaN	-0.449491937752189	-3.28962639867342	-1.81313845489723	-1.92676522347913	-0.545767978102687
NaN	3.50850108939231	-2.10346996489646	3.24252094173357	0.733515573937242	-0.271835772871361
NaN	1.24754464224123	-0.62390369334544	1.83158327979905	4.3107963567653	3.05827448364976
NaN	0.205634991681071	0.930031895117378	-2.26773316775406	0.306418684110017	3.32903485466113
NaN	2.63171440040729	-0.349297092393373	0.35102724832406	-0.801935305092883	3.97910314616556
NaN	-2.89755924988315	-2.85904310907035	-2.5229829882984	0.0986705973893986	2.07795214049255
