NaN	-1.40217797511887	-1.10941810819892	-3.16240069760919	0.337623535406295	-2.31699307024181
NaN	-1.77740335761205	-3.70009696518368	2.86393277199151	-1.06743801953367	-2.06402865546831
NaN	-0.0580590497005416	-1.06688378212167	-0.0432156240292422	-0.886990676883828	-1.97435624909856
NaN	3.32876495340058	0.706323939393024	-0.441850749695099	1.80133846268969	4.74797145532547
NaN	-0.0415217505817931	0.220480431032228	-1.46225410474304	-0.981044360707024	1.70082492466028
NaN	-3.23325371774375	1.10109024504517	3.38560934565603	-0.445486125311122	-0.739422820598408
NaN	1.25782610339701	0.405285641870369	-0.954857055855685	-0.396725206530715	1.67294752267429
NaN	1.79145983631228	2.11899244647316	4.5876112357319	0.298589910249349	1.83275650203622
NaN	-1.01540473381436	1.71937286889596	1.38797872006475	2.35268774268841	-1.38387859253514
NaN	-0.898531138889826	-0.251665588774025	-7.50203326193095	-1.32708083095915	-2.53513887273051
NaN	5.58968962666992	2.56305240107853	-0.436449023635263	0.0064968990504725	4.36726237961248
NaN	3.84418239924409	3.5415895741343	4.01428998976067	-1.68445634661941	2.13415450575654
NaN	-3.41595788639667	4.22151506349419	2.07581528172195	2.5027444605523	-2.54143771459774
NaN	-3.24554154136618	-0.459306687087256	-3.09626239747049	0.000364923793420718	-4.13112233334914
NaN	-1.20824728345359	-2.58192304270225	2.97529468158931	0.306298522910311	-0.872240813318287
NaN	0.549319321958355	-0.772493821688387	0.889245862146117	1.06033642975496	0.244641023764113
NaN	-1.5695043686678	-1.16875272284034	-5.31900066257706	0.605770748891361	0.0454449399964403
NaN	-0.403811886583733	-2.82193109735196	1.80425277774911	0.765424702045381	-0.163374983064254
NaN	-2.5918263953133	-3.99711622627138	-2.53528934337704	-2.5609132972983	-1.75226947184901
NaN	0.661188033191535	-1.53360573197683	-6.11460245499983	-1.11068576403271	0.153186280991236
NaN	-0.152371569980357	-1.48106905548008	4.15877219650782	0.839735146447591	0.325428398020517
NaN	0.750829098995283	0.296546157260536	-0.433952696064345	-0.379909286414753	0.292332245266603
NaN	2.77728125816695	-2.03454801199173	-0.979603351835269	-0.332315797367573	-0.342198639217679
NaN	4.76817097926102	2.29147603831306	1.88791848435622	0.309818752433561	-1.88552992345661
NaN	-1.05517614360317	0.174216384752395	-2.97353715784285	0.736186832632993	5.60070995492525
NaN	1.12804750414007	-0.326419381121322	-0.554736681261275	-0.164725947575556	6.58954704663503
NaN	-0.0011556874383314	0.778066280686474	-0.4026191550002	-2.18569257709126	2.52366087225802
NaN	1.82499875238743	1.08818715456771	0.695606126353295	-1.58539788492829	0.384729032888763
NaN	2.97288023268486	3.37843690493552	0.658600079940515	1.67333825944257	-2.21998865418585
NaN	1.47031887647677	2.10273762044433	-2.0115614385584	1.29884620197058	-2.08183438440794
NaN	-2.17808163659879	-0.39985783215967	0.137275692835916	-0.685286770325315	-3.68221353086187
NaN	-3.09175490038164	0.120235785029077	-2.02885782009823	0.54505229872195	-2.08768059291931
NaN	-3.22542531798477	-0.615159878073313	1.38198521694901	-0.0461885143047984	0.0636783794275921
NaN	1.33601955285738	0.542675079295988	3.24162939181728	0.946525310446074	-1.43239347763872
NaN	-0.873130606281875	1.17250568691337	1.6546880431256	-0.0529647440578396	3.26411358154514
NaN	-1.99009842793262	0.196155513833065	1.52421772060424	0.517515281669321	3.81804719634877
NaN	-2.67096348479901	0.642786767829819	1.44286918147795	0.179098657356378	0.050270806199687
NaN	-2.48487391883467	-1.56112551871523	1.76006989531005	1.99206897255396	-3.6697668742831
NaN	-3.00720650168034	-3.90049567609033	0.563957902065875	0.893663078653571	-2.59533393093279
NaN	-2.40251349300597	-2.32924737511376	1.52638260816406	-1.49099882175682	-1.66868671505663
NaN	-2.59002596852563	-1.72043102535328	2.18711829698402	-0.686998027920756	-1.23618373695659
NaN	-0.410012575762606	0.406033486278495	-0.55838247439456	0.526913519695145	-0.370249054092199
NaN	2.43990995055803	0.601732017249446	-1.8242133802708	1.82837809278931	5.30935225886794
NaN	2.54561179812303	0.4235813322777	-2.81991245775001	4.17452053727519	4.03976026883372
NaN	0.93792512367944	-0.307217546578189	0.982705926189792	-0.998518980031391	2.01789528041101
NaN	1.77450414795702	0.908789112138628	-2.36100718746903	-2.46370177808573	2.39538811792439
NaN	0.68356140772778	0.233981639706442	-1.44520798944192	-1.5487329221083	-0.251377924162019
NaN	0.614777480906999	-0.645484586724341	0.076240109944265	2.83238263552288	-2.69171920772713
NaN	-1.35680453418187	2.71166825947133	4.11587902039525	1.41517268922691	-5.51263997835982
NaN	-0.512758554331935	1.49047477961995	-0.0426973274241439	-4.75649210535349	-2.86664088104176
NaN	0.512796721602449	-1.0988295542152	-2.92782662527623	-3.312571496547	-2.74385525836026
NaN	2.41608008066439	-0.941076518061216	1.06798676534155	0.721900099565559	-1.58840667829607
NaN	2.44886066393976	0.323158484221326	-0.777210653178111	3.24411588004204	3.4272186081253
NaN	-0.0281644379277322	0.225754246861457	0.735763702955372	-0.497793600571735	1.54812187943692
NaN	-2.03920087673859	4.34572842290181	3.96859487183739	-2.28728600242305	-2.66894626055856
NaN	-0.373817134958821	0.204980632001172	-2.09793110105784	1.65094927558809	-1.88577996333302
NaN	-0.251859983096077	-2.26031928280211	-5.56402813500081	-0.44685158058894	-1.59996195375012
NaN	0.154365028876681	-1.88581534444853	-0.309415770927177	-0.982679111455147	-2.56911351037719
NaN	0.729375853985175	0.431136932111948	-0.644436498416969	2.45552844638339	2.17251098292521
NaN	2.03379020729777	-1.0397538339918	1.32458811312489	-0.908371003082763	-0.0640304206119239
NaN	3.90658366015676	1.43536187004323	1.78584885387916	-3.26520667834628	0.619117499981671
NaN	2.03170979644698	2.48689842150439	5.51856475324112	-2.21947760863396	3.46405948106103
NaN	2.02902412049003	-1.28858844631073	0.123122926654437	-1.65411149113218	2.80442258208219
NaN	1.0619145428725	-1.1129847431236	-2.08293580162251	-1.16117641582657	-4.47830170320264
NaN	-2.50059129996486	-2.96370389600518	-2.1953833782385	-2.10749401216784	-4.49364788382861
NaN	-0.604907826859744	-0.864927273625164	1.91959199712413	0.0863871841077506	-1.1368230790782
NaN	-0.965536904420512	1.23144850308529	-2.14653957949913	-0.380594175022001	-0.952858589635339
NaN	-5.90036923720008	-1.57359598219161	-2.87520055764528	2.17380116663377	2.79879113148572
NaN	-1.39908168482213	-3.01324863657823	2.49993063285877	1.468237153083	5.0072567172327
NaN	-3.07977332561803	-1.82983805396721	3.94147991343204	0.24945028364008	1.196908123439
NaN	1.30349288361182	-0.619777416195561	1.09181982907636	-0.729211609128019	-0.644784841512167
NaN	-1.03984932161585	-0.665822915928895	-4.17795121110419	-1.56767962584379	-0.171160582041037
NaN	-1.96505786859599	0.416982899698099	0.600991575187842	1.04356983722206	-0.742866091086034
NaN	-1.0860737952436	2.62624902362642	2.75677037126264	1.27303698826546	-0.64190457101788
NaN	0.0844310608965242	4.26342272580095	0.38923912508304	1.07154298356894	1.51883543907811
NaN	-1.30767543145212	1.62925480266618	-5.40327020628182	1.93820146486459	-0.78032398865564
NaN	0.522068055376848	-0.158372518875978	-7.74451563621064	-0.878540099278167	3.06023466562027
NaN	0.129276523777163	-1.32989574088302	-0.263916881215746	-2.13214879024946	2.24624859453299
NaN	-0.123713800660726	-1.1076424181096	-1.45314363159289	0.486083998694228	0.10797469759148
NaN	-1.13072716955745	-0.886743413117939	3.52735867998519	1.67311459609651	0.837357328299117
NaN	3.15126629756884	0.774522721593122	-3.56929743291585	5.93522957783945	4.38490677921123
NaN	1.32048569332184	-0.978581002433509	-1.77380263424045	0.692599413219632	2.67592252777978
NaN	0.849094045163365	0.199120557743102	-0.140470556497036	0.972617178306654	1.08495709434319
NaN	0.417567850181594	1.77580897113915	-0.578500925591601	-3.11044465634039	-3.89590748015601
NaN	0.817447123392178	0.7876915008087	3.93858393733553	-1.50764743580479	-1.79751297929308
NaN	1.33330856194502	0.464717940290362	-1.21412077011169	-0.282065045497292	-1.70594194680386
NaN	0.404029841355104	0.725750730428007	-2.42856098362551	-1.61197155965573	0.17919353295869
NaN	-0.52304229791441	-1.89903012795408	0.500491594186602	1.03102157802791	-2.17877418464273
NaN	1.58399756344127	-1.36126087442188	0.829097960210368	3.35017219630657	1.71321404240233
NaN	4.6830560836362	1.37638163175134	-2.25947127146259	3.51223779675331	4.18965599756593
NaN	0.835389744486488	1.63266877428931	5.56225837867971	0.880279184810818	2.68314762129588
NaN	0.309110815954131	2.69508463737201	2.39607177799883	-1.80689968985608	0.61590220547129
NaN	1.89773447248414	0.612880440131199	-3.54374394465705	1.22729942837336	-0.464229567690451
NaN	-1.09253725688397	-1.03886923784948	2.77910940556641	0.955669976031507	-1.07013443629304
NaN	0.252814510398455	2.08216027948291	2.44921124255915	-0.977462717617611	-1.54100749461604
NaN	2.52982022464021	1.30491218921006	0.763107272552175	0.213925206113362	-1.60712156553369
NaN	2.43913310567705	-0.370109822908417	2.15164812069168	-0.899903629416573	-2.71646293578167
NaN	-0.565168610269105	-0.624992193247265	5.35961244768699	1.62471877823214	0.986406724593162
NaN	-3.11011141278442	-0.637037105100904	-1.52314101419732	-0.255201415206392	0.113853145059501
NaN	-2.3613419922648	-0.179595515864576	0.205940062700461	-2.66103646561698	2.81421469864329
NaN	-0.687839963886486	2.01603319086705	1.96996921481742	-1.16701630665546	-1.58310237130644
NaN	-2.49536453976992	-1.17584244107468	-2.58922139640113	-0.924571929586891	-4.48616988317259
NaN	-1.30679084669755	-1.60971733782344	-0.947054111275776	-3.29349293226304	-3.12434942394294
NaN	0.0347863177241063	0.420641232717323	0.772504734732781	-1.06347406722048	0.675246767280542
NaN	-2.89820285695668	-0.881113836354906	1.34988617842114	0.0117287828474138	-0.682282260021822
NaN	0.721451184747507	0.4463846966056	4.58173790002764	3.46483733591913	0.747302441240791
NaN	2.86843015715244	1.03289323698274	2.32687969989452	2.01553671819198	1.34093769857889
NaN	0.586955908125854	-2.14773863067312	1.85232164197705	-0.843748004706165	-1.42862585615147
NaN	1.89177414716879	0.322968642391654	0.317035485873825	3.02589077167712	-0.510362355190643
NaN	1.17945022111642	-0.828556473271355	-3.53892699393116	2.63087941302552	0.293036498867997
NaN	-1.30572949363101	-0.0977257099494007	-4.54674097777775	-1.81394299720647	-0.263575181855612
NaN	0.01318843401456	-1.90017421910378	-2.49830756165902	-3.48570571052603	-5.07222665187076
NaN	-3.39548630070673	-2.20184128165433	1.4643702970084	-1.8854023137903	-2.7365143007208
NaN	-4.80509182280003	-1.063099882262	-3.65529340487319	1.49688196845897	1.70416309263478
NaN	-3.50762822213286	-0.422626288482713	-3.73980425106053	-0.990516845678341	2.05803108504894
NaN	-3.6323379366075	2.82829134048616	1.5811755821208	-1.90717635103976	-0.00983843496383802
NaN	-0.448915543542398	3.39537948789617	-2.54269543413834	-1.99262622288224	1.45147003255385
NaN	0.162105382288286	-1.8843369842324	-6.17643267243355	-4.62767398785157	1.96746938832922
NaN	-2.12785311096392	-3.65026437652485	-0.674140333534181	-2.47815811912699	-1.7866233055109
NaN	-2.56730275079882	-0.73411106288096	-0.446490587223203	-2.65802042248387	-0.407092681152488
NaN	-0.100998182444792	-3.31139370644492	3.68951115679911	3.37346559117482	0.98516599164855
NaN	4.42506484575309	2.94511048644007	-0.0329058498978575	0.885326357199879	-1.58440798805549
NaN	1.47600629275096	-1.85780635798789	-2.93944206524097	0.279636455917051	-1.24103050994876
NaN	2.37369016403589	1.19600256760358	-0.23561534740943	-1.31593015129828	5.16099659104738
NaN	0.780957911097253	1.8543725142885	2.61943744966644	2.59929476294053	4.29498756106605
NaN	-1.78333178703458	3.45240794042288	3.32283865375159	1.95599969665117	0.334193536835869
NaN	-0.824757280163365	2.15515526462765	5.35039301493708	0.434374848485097	0.309288356704321
NaN	-0.354543706957909	0.891620290172861	-5.15901459581502	0.0686604007870418	-1.38788065499266
NaN	0.486389275911671	-2.03922486965272	-3.15833873573113	3.54177443044259	-0.179707404941903
NaN	-0.212631169620746	-0.627428849998782	2.00388816663561	1.69540137143849	1.16442829555541
NaN	-1.29515064713187	-0.303573022559458	2.5528988779698	0.10750842706369	1.61867382706777
NaN	1.41032166624468	-2.6593281846071	-2.56429184588452	-2.5653445007321	-0.699163711990494
NaN	-0.455107221437995	1.85213677589192	-0.299669961685863	-0.0607371563276399	-4.46069278335425
NaN	2.94665657789449	1.24640521093009	2.60532682265422	1.03467185374567	-1.54495490877438
NaN	2.62429826501567	-2.67096962201238	3.45823152520163	2.89681781171995	0.036218873525863
NaN	-0.0522083030194029	-0.240434408827143	2.00098535174647	2.21506867459165	1.64801206330011
NaN	2.65195220669584	2.84164937107526	-0.257047599376103	0.196790279332358	2.60770468126299
NaN	-0.949713383978582	2.02157232422142	-4.36078283540766	-0.312610613783879	-2.7668006683168
NaN	-1.44528527146826	-0.492735742550011	-2.22880700997164	-2.51282911468556	-3.97382087510909
NaN	-0.13784419170102	-1.02798972474396	1.26397461370409	-0.615404115999104	-1.37553720162583
NaN	0.760454216447407	0.260959034935666	-0.415473675546403	-1.07935161111396	1.06529881108213
NaN	0.123079874503086	-0.995760373291941	0.032207427338255	0.331310065417642	-0.829688920164783
NaN	1.40282071194747	-3.94535511886661	1.80719692667651	5.45326098370974	1.93237454221161
NaN	0.204355862202143	-1.18741781763689	0.142845279525999	2.18065166455333	1.68121517789508
NaN	1.10603197763088	3.37757556534089	-1.22785818430113	-0.562043880595678	-1.18662992347854
NaN	0.537874420511432	-0.399099358171844	-1.99755838955821	-2.56804348617204	1.89519398967398
NaN	3.37581098482826	-1.07856125789973	-1.49759495949256	-0.460009106818632	3.4239786478922
NaN	0.243179227318704	-1.74684979640563	-2.41723196669756	-0.777327626622435	-0.0685201853533038
NaN	0.420220838003505	-1.06903694144195	2.83905779156526	2.685170169955	3.8551554617607
NaN	0.400512676912251	-1.01879263135813	4.33471065472058	-1.46636053840086	0.2238040225304
NaN	0.0187427891501428	2.25836286064855	-3.09346427900554	-2.25458322196034	-2.19251971048911
NaN	1.02984379831038	-0.75727229916384	-0.81529856694278	-2.10264954392735	-2.13467205828475
NaN	0.6136790168475	-2.22690057636274	1.44062064896305	0.421714972553798	-0.810070748272799
NaN	1.03936570057708	-1.83508000692894	4.61382359564294	0.353111268354495	-0.221337885753079
NaN	-0.457716220219449	-0.628901202265041	-0.242406112075641	-1.34488821046884	1.62806986900739
NaN	-2.23360124684171	0.605288520935152	-7.11654588179929	-0.69076793758654	-0.273001952986057
NaN	-2.77617571493594	2.44845448734156	0.426323211714488	-1.47032867587473	-3.76732139176424
NaN	-0.698612526329609	2.46111291454991	0.798701191752984	5.43269433545899	1.92350197503017
NaN	2.60339097894365	1.20027229655694	0.405203937342608	0.322691125888932	2.41077140882504
NaN	1.93415596660712	-1.10175312930997	-0.860912559011589	-0.126626347728944	4.79601066522795
NaN	1.18594979481231	0.403385904438464	0.946395368142379	-1.04442258106276	0.726313734887645
NaN	0.0963327724851655	-2.46735826049781	1.40653985613753	0.0680502106926357	-2.47442921843838
NaN	-1.83989869761208	0.67988930692101	2.9668179696108	0.544847833446468	0.866921618919084
NaN	-1.10612132718628	-0.410967858299576	0.785021342348318	-0.525073621694102	1.59905204857955
NaN	0.712813499615291	0.496803086581821	-3.13817974795475	-1.55899950027775	3.01887760477549
NaN	-1.25090112893684	1.87577112713823	0.963855874085844	-1.17452867363588	-4.04697425494881
NaN	-3.05855810186905	3.85867374027636	1.09950233705809	-2.2134295503824	-5.97318453883725
NaN	-2.4252507112422	3.45048757781372	0.753181878805005	0.893419548162469	-4.55219556600988
NaN	-2.30760776413637	-1.65645475788587	2.33368480994203	2.97820067039898	-0.905261809335203
NaN	3.25530997394333	0.000450700223665187	-0.413415499497713	-2.10573014379312	-1.9164109113832
NaN	-2.93745248805818	0.527523685123705	0.623632011728741	-1.25442279363274	-1.84348768513371
NaN	-4.00206021824366	-1.66551251746894	3.55567834865325	1.70838393252422	-1.19791963363547
NaN	0.470723330853085	0.974815193438735	-0.943771864957218	-0.554846098507757	-1.6264252148682
NaN	0.472586774272572	4.45981802884951	-2.81957309824053	-1.54916001474659	-0.686376835203541
NaN	-0.12800256029063	1.96781723097981	-3.41977292751029	-0.795396416771246	5.04922702164293
NaN	-1.72037186905406	-3.88349025541177	-3.23343791690627	0.106523627386517	5.06797291936412
NaN	-0.851180838262649	-0.440473844652843	-3.50919856884508	2.07686301334095	0.226120130814695
NaN	0.534242752141346	-0.883015845520622	4.1907127271525	0.291287210698701	1.18993396937778
NaN	-1.67312177223557	3.17974364774812	4.02787834253228	2.08515816490204	0.0367217671770444
NaN	-1.56774051414502	0.601651739851143	-6.67394634240581	0.235252192748348	-3.86561421289371
NaN	-0.391850436390744	-2.59816456062436	-2.0356246426309	2.9563139849661	3.17090890813314
NaN	3.56533886203253	0.708380476844463	1.18858407142156	1.51765966884868	4.51320361813753
NaN	2.1253053388478	-0.213257551024807	-0.351113821713918	-0.558189586669826	0.529152284889301
NaN	1.08040143343151	-1.6104295657949	-1.28315541348206	-3.53692831610409	0.711191631546509
NaN	-2.63548188151269	0.738207680098477	3.39115559555324	-2.43452438913437	1.00173529281012
NaN	-1.10864457980913	0.290145673887029	1.29026861045228	-0.727673822710431	-3.60211787506855
NaN	-1.08676198026983	-1.22297397992992	-0.72974973423769	1.46214684223892	-2.18020076782382
NaN	-0.819453205732763	-4.32754540892707	0.0285935732636262	-0.450054137537045	-4.05800316339543
NaN	-1.32956548816204	-2.02025226374575	-4.16995192616583	-0.0530132415185438	-2.91501624772862
NaN	-1.49107348137082	-1.52836987294648	-1.99537883301142	-2.06389859732114	-2.34759200516443
NaN	0.624061382397814	-1.24102723468758	0.648694297375566	-1.15400639513413	-1.54559057614999
NaN	2.27595607212514	0.568297200100522	3.40968335856767	0.710372137047428	-1.14094940455199
NaN	2.14755051166068	1.45138255193669	2.35292443995574	1.26003417912123	0.0492918180268132
NaN	3.80558955092595	0.130681426785272	3.42739175862653	4.07583453276113	2.23437378218066
NaN	0.788933865431138	1.24790463969254	3.87608625326716	2.1037583681939	4.15836050972972
NaN	1.51477795201564	-0.0360290270551345	3.18476853048745	-0.319046471014869	0.146026939303351
NaN	2.24720156547997	0.432083917071724	2.07503489142778	0.486964417996736	-0.511838621371228
NaN	1.07287850899757	-0.473738604748149	-3.79947488890883	-2.51873889351926	2.59945654347273
NaN	0.929696589673031	-0.197119650772393	-3.50600536863192	-3.50544479993276	2.93953620141291
NaN	0.411575260357809	3.42462537206673	0.879564283737849	-0.353342552895776	0.495055006311898
