NaN	0.846453568237312	0.4601264853711	-1.13440990635765	-2.79321036474496	-0.0398535621832729
NaN	2.73850604377905	1.67147285821643	0.50099149338536	0.00248722146108364	0.841951981447893
NaN	1.62390705891107	2.70605737240396	0.0366904288933813	-0.121346542249373	-2.98911055639873
NaN	-2.2443137330514	-1.59030143013522	2.97023141919846	1.25593838419708	-0.908622411396181
NaN	-2.31378971839561	-3.52036172372491	0.705597812353961	0.685417370492197	-0.544400756658282
NaN	-1.2239728847123	-2.01730461524701	-2.27329024810249	2.690567379496	0.809113155149808
NaN	0.230562396760828	0.131981318124052	-0.94270438607553	3.86582107994216	6.10621750119418
NaN	-1.70645008253352	-1.97583754251155	-1.80045167255724	-0.952339638671174	-1.13586338042734
NaN	-0.969937992936654	1.57297221165317	2.02156705982315	-4.43534694059462	-1.06872015125486
NaN	0.710440977344625	4.68619437444252	3.34342702448768	-1.83256443040644	-3.66003224323889
NaN	4.18076918322937	4.24182983386189	2.74266561964244	0.498398428182974	-0.122023057038474
NaN	0.419927855928087	-0.684167409848782	-1.983003029214	1.68826210188162	-0.350070155643308
NaN	-1.15808939049561	-4.37148238862493	-4.07071775538375	-0.174290924906721	2.75808778678561
NaN	1.90997192845619	-1.58682026070819	-1.20942338761501	0.676117279829477	5.30604891239938
NaN	-1.44842184046389	-1.65846692710324	-1.8573700572198	-1.34717380425298	2.13095558335098
NaN	0.465618973318114	-2.32380017996768	-1.55655840924231	1.58026026044269	0.547057456927673
NaN	-0.0657925735431422	-1.2077959354076	-1.01423652612475	0.967072699583786	-2.84322953231844
NaN	1.07223135013265	2.17164178318378	0.174713063879956	-1.56337983236088	-3.27393959832289
NaN	-1.78069395220219	2.62827086416721	3.24894760292156	-0.585846247805747	-2.02937649253753
NaN	-0.512938592187266	3.76392143367699	4.25375621668289	2.59219731760894	-1.75663887008729
NaN	2.69582855270866	-0.582062221347886	-0.0134793220119245	2.76425360875045	0.643539194112887
NaN	-1.79540683705705	-2.12769524329971	-1.3213640569642	1.07405816333114	0.670866231101086
NaN	-1.48530994604482	-1.35454872328685	-2.7963368776713	0.738760081851782	0.0378642313119495
NaN	-0.286459463148696	-1.42292502650098	2.74881430679648	0.267849637672695	0.989653961455473
NaN	-2.73116691820249	-2.13326592561626	3.49276340819405	0.669944375546307	-0.579298543975784
NaN	-0.490567498587865	-0.449958338720858	0.130477769430504	-7.89717736859	-2.08826357721678
NaN	1.36204192440574	0.866308835396725	-1.23274743928257	-4.40904418533586	-2.86584589713327
NaN	-1.3603778410209	-1.98030634844444	-3.31100734007847	-0.000615254522798602	1.48828530464166
NaN	-1.53199336200121	-1.80923020022605	-1.18170646531618	0.452627988895981	0.0691341647317374
NaN	-2.18164790291524	0.136755782653838	-2.8530790830381	-1.37848747514073	-1.75486508276833
NaN	-0.646583392509006	1.30202264690002	-2.67245271165849	-0.645934172766025	-0.677868725288564
NaN	0.938574976821847	1.90476993147888	-1.56419679411975	3.83957241410248	2.86810761794439
NaN	1.17679729174953	0.19567869042012	-0.136628298710239	-1.87222212606227	-0.653375198106229
NaN	2.76248174048717	2.72896657482223	1.05880648492871	-2.90734769012244	-0.305846494961666
NaN	-1.16250376309911	0.211980301946581	-0.138974423316301	-2.39476767790895	-1.79179160325572
NaN	-1.46897962762104	2.55518609873447	1.32753273131402	-0.488878404743604	0.492018857824931
NaN	1.85089969204472	5.05350641647569	1.16971366508643	0.549511017155035	3.10761624099273
NaN	1.42797562111611	1.63847805577569	0.742774772927659	-1.18516432581947	3.39068810925863
NaN	1.12023121663336	-3.5601733615871	0.296463153709429	1.47479691616425	0.578336872556828
NaN	0.431047387931671	-1.45278756577758	-0.0673619131093664	-1.40175600929129	-1.57774120175266
NaN	2.73258012840338	0.644828697601859	2.32359717127935	-0.136179788502726	-1.35593514479142
NaN	0.460760067409224	-0.952949864515566	0.321287305426044	0.193194889994537	1.08086257890537
NaN	-0.426931277182989	-2.63030364064445	-1.46040135439682	1.50010900525465	-0.385283004341835
NaN	2.90880299918252	5.56335490203349	3.44725167839	5.04302619721453	3.41891287331902
NaN	3.66270300962227	-0.981320387223993	1.65262776015907	1.71013164715757	1.61246482373234
NaN	-0.773333983145271	-0.0496684046497512	1.09269317471116	3.91041828207354	-0.344653789273855
NaN	-1.29304767839922	0.172517739360015	-0.318240404429337	0.735199756133217	2.2627730669224
NaN	-1.03122333432057	-4.07286124648094	0.187981654509407	-1.96755230939756	2.45988795918568
NaN	-0.498477883848685	-0.926381639217966	2.42818559572327	2.56240206579143	0.283611944822541
NaN	3.31103214341123	0.830961360715138	3.64187972454083	2.33360566984969	-1.72627644044755
NaN	2.33969771191167	-1.79942858211384	0.878718350054632	-2.03220267077568	-2.46856646836444
NaN	-3.09768564698198	-2.60577682618589	1.47657814878795	-3.29434964597249	-2.69358613699747
NaN	-1.65916925162105	-1.42141595934909	-2.62175810688721	1.71664596867929	0.33082494629908
NaN	-0.314861551164662	-0.441075705136235	-0.390252956305895	2.45444530301794	-0.581387163130821
NaN	-1.17652262483657	1.58185842957798	-0.0397094150950137	0.791133421835613	-1.43803578770363
NaN	0.886631596500452	3.83995668859786	-3.56867065092323	-1.55278242523147	-2.31447874987051
NaN	-1.82879321626725	2.85835307802853	-1.98605077046457	-1.86612739075951	-1.36276713146898
NaN	-2.81251934535368	1.63957796019931	-2.50917082628158	-3.24774564430115	-0.375162716368871
NaN	-3.24924392657375	-4.20598415958685	-4.1136625296195	0.811298070675132	-0.690105760815333
NaN	1.17708230660109	-1.71414292818896	-2.10892925664492	3.37833987084561	0.499831760101808
NaN	2.79068650474253	1.60458598119949	2.52752229909891	3.4446484241248	3.29383904186952
NaN	2.0951311034593	4.65084050220967	2.13307292556831	1.87010164941801	3.19189491855068
NaN	4.04278567542572	1.8633776066607	1.42905878555938	-1.94814367600316	0.86825241228703
NaN	0.440088322313788	-1.2766617199788	-2.42930065165263	-2.72273219317825	-1.31783352925749
NaN	-0.235408682318315	-2.77964759616166	-1.79420530959408	-1.67539160911328	-3.80331398322872
NaN	-1.00072342666455	-2.20885449679346	-1.45175903047574	-2.63704536450123	3.0513866445077
NaN	-0.197768463096718	0.486008229312534	-0.641957159724305	-4.13997223656784	-0.401713860958478
NaN	-3.2295768983693	-0.696835642483817	0.911691830907099	-2.93382117115901	-2.82805034687337
NaN	-4.69799463737909	-2.02247138162579	2.57277405314077	-0.108436659659933	-2.56045074682712
NaN	-2.18919216732598	-1.04985145408854	3.92647896347611	0.80615715394177	-0.799520612694467
NaN	-3.29801244191355	-0.300450482029999	0.634674965703733	-0.467521435402824	-2.17430846790136
NaN	0.198004216516591	-2.56353673242312	-2.71480123954862	0.194655628970812	0.0981656775398211
NaN	-1.30728367325847	3.75337916657355	-1.49801325429982	-2.26620866599885	-1.1364851607922
NaN	0.191784707756625	-0.686508295502484	-2.43915710943393	1.04914782196547	0.179680412225051
NaN	-0.0957986297362296	-3.99918509589016	-1.58349283420932	-2.9576258299941	0.620063769011143
NaN	-0.262055179131254	0.336534429208398	-0.842722806800087	1.35446440893902	-1.16197303286129
NaN	0.0979334573769919	-2.10539895406284	3.16959439126597	-0.129977269824488	1.31673033301854
NaN	0.548261792607946	-1.58300721090454	-0.470217622379844	4.90590450767669	1.31781670880108
NaN	1.44470016026319	0.239917096326537	-3.40846528749057	3.41276702503471	2.06306415711256
NaN	1.30667350967592	0.27293535014307	0.212811524976052	-0.746646541625332	1.80514365877302
NaN	3.25066127517016	1.68608083874271	3.78262595608141	-0.354201886674257	0.767637054165917
NaN	3.47576985909571	3.91455722786412	2.52559735209365	3.10098064906002	4.19329642411185
NaN	1.2687980579839	2.39929854741526	0.663740436136034	4.20631795064134	6.2638064428073
NaN	2.89590648052961	1.56688132949859	2.65647753907065	3.15579358630763	0.267589034703655
NaN	0.252215075571649	2.75683932977997	3.70157482926065	-0.751492918785257	-1.95798607363746
NaN	0.728585683868202	-0.334338448459543	-1.54331897882511	-0.357758888725022	-1.05079296546814
NaN	-0.00828758549078909	-1.10208463531095	-3.45073546013687	-1.24219639678694	0.910785348346854
NaN	-0.389634622436638	-1.75026558139937	-1.99449565961741	-3.31151647405556	-4.68277640983039
NaN	-0.916008506222514	-1.80873794275549	-0.0211480262841884	-3.32389993075837	-4.17274649664067
NaN	-2.20134863487609	-1.57152325530089	-2.28051123811762	-3.43736233901317	-3.40878182769057
NaN	-0.570891151979289	-0.0266828838299833	-3.73619224222884	-2.12068418582387	-1.36873085902612
NaN	0.0606244171818996	1.99967534671691	-0.163540688778844	4.54106086792059	1.09876008313095
NaN	1.38809929341234	1.16155270167684	2.21778860243958	2.44906398704857	-1.90201640275211
NaN	-1.59800916654628	-1.62722755193789	0.100867699969745	-2.02049978853725	-0.973769009317543
NaN	0.37400238419589	2.02944907185951	1.4771996365627	-2.53021513145082	4.03745058144012
NaN	1.16491357683208	1.42938620525094	3.80465292993891	0.87713064927982	5.211897822575
NaN	2.55689542925097	2.17110813936743	1.45515114240294	-0.128690803469585	4.30455289966179
NaN	3.66109398801982	0.773738890599907	1.70883426211119	0.692800091139703	2.05201759632081
NaN	2.94520072023043	1.78476392794287	-0.430460385934604	2.72014904413504	2.68914829311889
NaN	-1.52004760861415	0.24477591088548	-3.40133849343439	-0.0659223934196591	-0.908259887738161
NaN	-0.496120742286638	-0.0149904056172583	-3.26294573635789	-2.28962324496842	-0.237229672239731
NaN	-0.524849231053021	1.6160319285374	-0.677518939605791	-1.71510503487573	-0.461215098350172
NaN	-1.05165717542061	-0.859168807409837	-1.03163145305245	-0.917073460198941	-2.65306508789675
NaN	-2.37462326217075	-1.97189482117491	-2.21803850331014	-0.568672666056391	-3.30622050542651
NaN	-1.90849584634332	0.443190235386675	-1.45759780395042	-2.23256969709073	-3.66009129417628
NaN	-2.47411807939231	-2.0976555490322	0.508967075344667	-2.22963708740036	-2.24873614587905
NaN	-2.36871215250004	-1.41830845240787	-1.42311956960164	-0.395023008670473	-3.90383061001409
NaN	-3.24148649400129	-0.986453214670396	-1.18689980132373	-0.158192393325352	-4.80621994624065
NaN	1.19705824227991	-1.25692508340017	0.110515545195284	-0.0171373008804247	-3.87342223485626
NaN	-1.38159833682283	-1.83024064740242	1.83562844386236	0.800782882369781	0.36744782147633
NaN	1.78059219919499	0.879059763556394	2.82620697505917	4.09870876803923	4.18839714296013
NaN	1.43144500285371	2.56082929637664	0.260176068698036	1.69766373034454	1.58850139167561
NaN	-1.94850734259795	0.850907044231975	-0.347692944715356	-0.407661051745798	-2.57637385433789
NaN	-1.86115699982134	-1.86104573452352	1.78614019128883	0.403384704168788	-3.87108358071233
NaN	-0.402963837271381	-3.05441297212074	-1.25798521603425	-0.538201387105616	-0.112736733067219
NaN	2.81376605974599	0.0983828532340158	1.30376546416781	0.537529866857198	2.2146000986349
NaN	4.90967638668002	0.644893058743561	1.34657549108347	1.04417375542292	1.45041967308824
NaN	-0.166178022638771	0.0355494918379473	1.61752418099766	2.00125944505792	0.71218712470512
NaN	-2.24071790281594	-1.55588580720311	-0.588055524204915	1.39785781510794	0.325729961733519
NaN	-1.72164967947486	0.322566988766315	-0.172396745183153	-0.152981124421791	0.744488665430208
NaN	0.812338056922093	1.50938972328038	2.05949206484891	0.546841394160677	2.85061442177923
NaN	0.923777140121719	3.53470266680039	3.07255615983903	1.74461179017015	0.850198489569742
NaN	-2.24864436810943	-0.730884866005452	1.97247048791055	1.16200788188904	0.586941161357882
NaN	-3.19724381199546	-5.24192701796509	0.500479949291111	-0.188997400331597	1.4971485681393
NaN	-0.450640314687207	-1.66070352746431	-1.44808426350293	-1.13185767556245	1.6446403246385
NaN	1.26836522674954	-1.2488891786906	-0.139754290600112	-0.277425605998545	7.84529449027501
NaN	2.8896600945298	-0.885302239552892	-0.361852099825503	2.0395178692807	1.97640636424406
NaN	-1.73108848196526	-1.69640465404706	-0.212137088235217	-0.355481379504006	-0.916984251117181
NaN	0.106695741132541	0.302463091229721	0.156061695789167	1.16330204481786	-3.05607031591126
NaN	4.14640527131001	5.14356773125097	3.6326601141994	1.0815293301086	-0.304282523897587
NaN	2.49676864977121	2.05170818905829	5.30909619592357	4.00366644520626	2.97490151437417
NaN	0.904614240372598	-0.672392759729846	0.260412938518308	0.0797324924885324	1.51696628479482
NaN	-3.01301415048851	-2.49105293896934	-2.32081637910396	-1.61996443136992	-3.12255704009651
NaN	-2.46645895236256	-2.28425938424964	-3.7752845478856	-2.5454492406332	-0.790889842747584
NaN	0.229053740269632	1.81916073324096	-2.18999872887158	-1.85957087227059	1.835637102084
NaN	0.549443896256003	1.3817972960063	0.548097916620924	0.697505954648553	-0.0549988926319133
NaN	-0.73372764469714	2.7697989788927	3.45471714048025	0.69686580675408	0.123843502487183
NaN	-1.89516955205171	-0.0685593023863571	2.34601796704741	-1.28807609634515	-0.0696873962081456
NaN	-1.20937254581978	-0.821909399245492	-3.66893556698025	-2.0392548355034	-0.788337639581408
NaN	0.485169331405599	-1.51430409267846	-3.95636745489929	1.95222186186424	-1.0965410505374
NaN	1.1377099792725	1.63924113304646	-2.19765877220363	2.1826269957953	2.43021831747917
NaN	4.84436969034292	-1.79785622997598	-1.48598069165126	2.2292353875433	3.87927656850108
NaN	-1.24109586207779	-1.20460516451529	-2.39846826581308	-1.32908124044089	0.745109939240839
NaN	0.457166708973379	1.68190461263946	-1.23432183248686	-5.59013251880672	-4.74575197357985
NaN	-1.07963725555622	2.99450166780343	1.35874604935189	-3.90499461604427	-2.96777220086423
NaN	0.271141576690313	-0.565868475071161	-1.16358060263746	-1.98386052012464	-1.067881894161
NaN	2.67374672341491	3.57054274531094	2.72527240324645	-1.20933021749126	-0.340392318137042
NaN	2.27693912304921	1.37715125242047	-0.70479020395133	-1.27420663708456	1.35306390054403
NaN	2.46447882424512	1.50257441004994	-0.472266238510446	2.62492410991275	3.8481303178446
NaN	0.973663132340241	2.33416081119816	-0.279291087373929	-2.51001602250226	-0.657712992240471
NaN	0.0790690857829859	-1.71570090585356	-2.30343096663797	-4.66754519864903	1.34365282451652
NaN	2.21056733794413	-1.76905965061965	-2.98418514558791	-0.995993827603178	-1.64095159761829
NaN	-0.405653876174617	-2.8928348195747	-0.510841371163696	2.15240314972348	-0.454896630681438
NaN	-1.23142779692929	-3.46355776195513	1.59081693428743	0.197246927802005	-0.0499687124373616
NaN	-1.62542940878329	-1.70187862515605	-0.887241253701689	-3.81267843360802	-4.24128649616442
NaN	-3.91061732166089	-3.10136194050368	-1.64742443201489	-2.54782945636641	-4.12318384494909
NaN	2.06939281190723	1.94485290727002	-0.270748028309012	-0.910888452695243	-0.425429052480953
NaN	3.09198008027995	1.27314757528866	-0.37706979693263	-0.951345075883175	0.707339172132642
NaN	0.897444339484551	-0.303755894269303	-1.0616159766187	-0.394697187056424	-4.73673668119123
NaN	-2.6554818256591	-1.9528785689756	0.814819472792771	-1.47708925856719	-3.34447477565887
NaN	-4.50630118572364	-2.57930791945165	-2.92996591620667	-0.474417967043115	-1.34232172292196
NaN	-2.17587437175267	3.80986864831407	0.927259500501123	0.45742974466803	0.493398339023142
NaN	-0.0727555069748755	2.31625058404885	2.49322932496819	1.33049286461559	0.44843707630483
NaN	-1.4229889557326	-0.378804763039159	0.142603021290599	2.72219783232968	-0.724384475073608
NaN	-2.19288969855003	-3.64700027363684	0.925542466427897	3.08948334028363	-0.493475059468527
NaN	0.0911612582603861	3.15999222400371	2.68733415768878	0.961827983122127	4.90656449815563
NaN	-0.927612271911822	-0.211352258295089	2.13017642556275	-0.485752824417963	1.50198757371765
NaN	-0.0106606908578066	-3.66162796870922	-0.589754763624214	0.185058146914747	-2.56636957083169
NaN	-0.265992301256223	-0.583081306015329	-2.57025583163144	0.716264328564322	-2.3594107627089
NaN	0.995937074990237	0.619855839098027	-0.294035021681587	-0.465378007902461	-1.5230330202617
NaN	-0.474285038151066	-0.77830639439174	0.576628873277004	-0.656388278315497	0.864650582382306
NaN	0.739018002383618	0.0199049597357401	2.94645108767861	3.8174202514596	0.605449852375932
NaN	0.733222993599358	1.57038497662398	0.608938391104297	5.00548725330411	2.75319257948662
NaN	1.7113198941138	2.82868878743092	0.723026409156071	0.787157230832473	0.635669844952738
NaN	1.59842444824031	6.11857582674593	0.810512921171529	4.66657914305268	1.45113985172709
NaN	0.30144783804618	4.98095683357896	2.83851226575943	3.93434910780176	3.29830457756644
NaN	4.30462129219397	1.55737334070219	0.876886418608239	2.12026671461513	4.49043152263206
NaN	4.55719588207528	2.73249103895716	1.39005161792409	-3.3402452077323	3.50143680056072
NaN	4.71053034867152	3.11580868534754	2.16314605680136	0.90930731535696	1.82224022924242
NaN	0.0383120433848932	-3.11823834662131	-0.196357664733704	0.243796263215755	-1.88171323439687
NaN	-0.542890432128425	-4.55412622829209	-1.35235844985989	0.139208403943321	-3.8769074810412
NaN	-5.04449163429858	-3.69554685451607	-0.510983714325399	-0.268373251978759	-1.33396822878179
NaN	-1.9607467526109	-4.30425488258661	-1.44409495201544	-1.82221089739711	-2.0423466095045
NaN	-2.79551814648502	-3.17932018650526	-5.2196575458033	-3.86232134968968	0.27569739436385
NaN	-2.56517522015064	-0.0419204766693949	-1.7354355292036	-0.836885022692628	-0.274447214074493
NaN	1.44380545336647	1.47722699856434	-0.496836046214796	1.11301883492821	-1.67182212874593
NaN	0.614665729391928	-1.36865275839291	-0.35265254646815	-0.456031779822128	2.87479583748551
NaN	-1.77955324154904	-2.02046899013345	0.875996950750023	-0.275687313602241	3.98031929038951
NaN	-0.440196694006854	-0.636626673399143	-0.419985648803858	2.96627947470839	0.944387636745735
NaN	-2.26325355785766	-0.414254732375779	-2.29323746907588	3.36400587937534	-0.383035823231862
NaN	-1.24834348451463	-1.16378527504095	0.894370371078574	-0.636255088067378	-2.092052062714
NaN	-2.47745148155464	-1.85684551869011	0.9968958214521	0.166045782243008	-0.982816314871506
NaN	0.588431456217661	-0.653071463611453	0.921292444288201	3.68514509026208	0.581666603923877
NaN	-0.98790595271959	0.203650650249187	0.314868515099719	0.361156290611022	0.0681976540854219
NaN	0.281489885310711	-0.407083084047601	3.24697656757797	-3.38688316724457	-0.834155582590094
NaN	-0.20596967526684	0.351925425020957	5.91123940063356	-4.54961439063605	-3.05083366474065
NaN	-1.19935096669971	4.96490583152744	1.16859957778455	-1.29652232811204	-0.838241844117625
NaN	-0.473549144401197	3.55073365307864	-0.950262401006791	-2.87173388745026	-1.02365629147453
NaN	1.7028820953145	0.00274555872099	-2.15855652481557	1.25054889302292	2.4040936285217
NaN	2.30920540316479	2.50184271689708	-2.26204303393744	2.25100760157172	3.47362008877108
