NaN	-1.17580231912112	-2.65076850321636	-1.73199607875173	-2.07286377691429	0.0647804462898729
NaN	-0.934941476068762	-1.26219255361786	-0.334731367406798	-0.88744120218556	1.75954646445796
NaN	-1.07226853346999	0.139403679915726	0.593967111428407	-0.258882872937314	-1.68109660383052
NaN	-0.361345513961892	3.48615627662529	4.57604084666529	-0.460747073294064	-0.233212470209042
NaN	3.21090612597766	4.43027624957156	-1.52070528265585	1.51156556967484	-0.329610397703198
NaN	4.7437990597601	-0.0750013689362366	-1.47195526599789	2.3653057506953	-0.275227158420031
NaN	-0.20185037594285	-3.02893566844819	-2.24234968590209	0.529185619252355	1.89407573070009
NaN	-3.85620979189602	-0.620302597226662	-0.697861691341736	3.40100907864808	0.304024673114697
NaN	3.34244981763915	-0.111916240447193	2.60379980933803	2.51667304472692	-2.32101022183509
NaN	4.73881767586017	0.300098598263664	0.383324097150234	-2.91673121965712	-0.900653215084131
NaN	-3.16770619123254	0.226143866250328	0.649742578410392	-2.50091082437273	0.345706254679389
NaN	-2.86137977642723	0.179363092252703	-1.06270495996286	-3.03691684034191	4.81989033407724
NaN	2.90360058918189	2.23288813145601	2.641799454176	-0.00849028654983159	1.63411678729823
NaN	0.829797798077506	0.767572163356138	0.244382670381961	0.215251498808134	-3.45009092254575
NaN	-5.4603802000144	-0.633264971926452	-2.17295274733774	-1.68047267701291	-4.34253571036598
NaN	0.01377243025409	-3.20743697511464	-2.28280354205102	0.59265281078494	4.28249986521382
NaN	-1.52280272050128	-1.29481001398222	-1.79104042930439	-0.763191982206148	-2.10695743727425
NaN	2.06570032486849	3.7116733116454	2.17275046376723	-1.93605158208276	-2.75704245323497
NaN	-0.970697587324033	-0.218442009280394	0.125444154308377	-0.942414008859678	0.240328525623069
NaN	1.11387100752012	1.58152047991699	4.22641112206787	3.86304958813147	1.06204517093376
NaN	-1.29936676977433	-1.71834243586833	1.95150792491485	1.01444776426104	-1.43035998009211
NaN	-4.97523327743717	-3.280120098268	-2.98297709545528	0.32900599201941	-1.62326273053807
NaN	0.145735310228974	-2.39179009890194	-0.64195264003006	-0.952865778617277	4.54495784266306
NaN	0.687032224528301	-1.54823812703458	2.92033585319491	1.1278852259319	1.05687506748819
NaN	0.517032459146561	0.494617179501668	3.06696601618039	2.4065814545274	-0.362149479005327
NaN	2.62384074073299	-0.349108054034827	-1.22928541307758	0.266371447195128	-0.480537853587998
NaN	-2.2883191097013	-1.61658072947876	-5.40186280005539	-3.42603881261815	-2.82498940587623
NaN	-3.51266725635654	-1.00865520912493	-1.89751513771874	0.831306595793987	1.48993704107938
NaN	-1.78235116098368	-0.836072544115179	2.61888314927158	0.992826772175305	-0.191032627976306
NaN	0.196126071280669	-2.42223250552007	-0.228643974023587	1.42186306361953	-1.61506659875569
NaN	-0.638991831444696	0.427688202920905	-5.11736595792352	1.9753821357619	-1.04840439946519
NaN	4.74706461634426	1.35069403931962	-1.87563959917509	-1.62385762447614	2.79710880450512
NaN	5.40894556500859	4.34285287691811	2.26671487577562	0.33381620400354	3.98606162918589
NaN	1.0839674698894	0.657035057466309	-1.17100755125642	-0.745214067663842	1.78221643470876
NaN	-3.77642620770715	-1.29387371814532	-0.882212221157568	-2.7715328502794	-1.29839677530163
NaN	-1.92914689843401	-0.278279738281093	-1.33532733656814	0.554477575853561	-5.03929138447101
NaN	0.267225156878672	2.20623322828119	-0.905078620896198	0.142216259561206	-1.04944987542535
NaN	-1.85393411970161	2.07572488657858	-0.0187830472746278	-0.239083306591938	0.782483253994527
NaN	-0.589353250747516	5.99634165865993	0.668737280160519	0.212243329318688	-2.34251586652571
NaN	3.99773149174017	1.10545931803582	-0.00227527804381972	-0.316304467037318	0.432205603791216
NaN	5.83434587430552	1.84323146042867	5.12894384486866	1.3691184723782	0.175101360856645
NaN	0.148270686214644	-1.25005221548374	0.365826483331229	-2.38599444525116	-1.16044755417627
NaN	-3.37740313503503	-1.88468041458735	-2.40332626683348	-0.718565843864187	1.7576843811698
NaN	0.0559673556156215	2.44670689251382	0.166792169510486	2.06879278121115	1.17628671664973
NaN	-2.45667393751206	1.26299831093633	0.846296719057204	-0.767928255947529	-1.5903216489495
NaN	1.91334940479656	-3.29866052888346	0.851604679861719	3.90024500600499	3.86880632202052
NaN	2.44616124750083	-1.00627304939187	0.604905912310702	6.81326777502406	0.765673913437737
NaN	0.188914868883673	-1.55972678584954	1.94767559763149	2.1749255575331	-1.03396283618868
NaN	0.0445568719071262	-0.747722338274678	-0.0858055805659907	-2.35924586216624	-1.42516420209937
NaN	3.18247354825032	0.0395983654598127	-2.89080629269172	-7.06219085639472	-1.94996868689418
NaN	-1.62416651280557	-1.44885047070417	-1.77679852676784	-2.43862322753799	-0.571299623516959
NaN	-4.35218100313659	-0.647667444938622	0.456559730175195	-0.520805551570714	-0.450658147256648
NaN	0.373997457207131	-0.834236280519769	-1.42118399255899	-1.01806524780754	0.147372903673778
NaN	1.07143585923253	-0.106662293686577	-0.00417699455623888	-2.95077262058519	1.07522355858979
NaN	-1.34294200621859	-1.76522082055286	0.521238849957377	-1.77061639308328	0.0956866858742377
NaN	4.56534833530285	1.66798699736451	3.56840697392064	-0.284285622300545	1.94502561593965
NaN	2.5675293043159	3.64280727132962	3.76490145586942	0.567304189651529	0.0487684151534278
NaN	-1.17685730110123	-1.24344421146026	1.16932078827806	-1.06960092572455	3.25540649706112
NaN	-2.70111984492193	-0.82636799448543	-1.55208634689813	-0.873057888493722	0.718896968878454
NaN	-3.86014935204205	-0.862765539700768	-2.05735011118163	1.83932835411256	-0.566872187935458
NaN	-0.970526796220818	-0.279515604088243	-2.27604257179928	4.42241178507801	0.56478490179724
NaN	-2.23638593198763	-1.45327669147523	0.307170043650612	-0.244271667518323	-1.75216814810541
NaN	-1.00904067684919	-0.690871100239627	-1.08768049220332	-0.836887640358794	0.481433221979066
NaN	4.1144190776096	-0.137009482945705	-0.459803712398797	1.74862699598216	0.150415436031816
NaN	4.23014468902026	0.106856308504614	-0.329989292894457	1.03065196625799	3.54211754565772
NaN	-0.224678803586593	1.09025427128983	0.420794107807378	-2.58966613351899	1.48984834123408
NaN	-0.294537919499666	0.348559038747169	0.701222479250701	-2.2042021033872	0.0485923081659363
NaN	-2.15577846012745	0.465571226423091	0.150200130406641	-1.03443312313749	-2.64053998864682
NaN	3.17350539627377	1.40278886965555	1.17228058379351	1.64618306286996	-2.43687392820461
NaN	1.97906312049026	-0.407499190276871	0.484169973036641	1.13609843156876	1.67520058592569
NaN	1.55578249759701	1.31640088127414	-0.499551920166134	-2.42819989662038	-1.54444286415842
NaN	2.43809154164292	0.980072168688447	-0.640301884355708	1.33663615303717	-2.29916510810914
NaN	-0.222935310824115	0.30912689827064	-0.620781828377696	-2.08324972757112	0.348083605022213
NaN	-2.33099737109734	-1.15627089380503	-1.46659472138411	-0.204159565348292	-1.97635414106886
NaN	-4.80022718073174	-0.427859364755951	-0.812542529041307	0.97927046141895	-1.65499873813715
NaN	-3.14976370219519	-2.75115079871026	2.68333802378225	-0.303269723060644	-2.30651985320283
NaN	-2.8354887770895	1.10719086085711	0.675688081482821	1.06550622986717	-1.99568133776037
NaN	0.533995741707485	1.14007478131542	1.5392728328619	-0.546939877393449	-0.0309604237283559
NaN	-0.415853908653106	-0.672136295167131	-1.20031504705331	-0.635975138230656	2.33801619918386
NaN	-1.54522820182494	-1.19434584301693	1.04758327297826	0.887052723285324	1.77510448744372
NaN	-3.39274585005735	-2.15613544866647	2.30350671150294	1.85800774193825	-2.61465342676994
NaN	-1.85416907303846	-2.23408952797478	-1.71732320126752	-2.35999642376405	1.7863724099271
NaN	0.64454083736079	0.00186839404976612	-1.04790184397203	2.62620336654958	-0.359663773022339
NaN	-0.203194286819797	0.677351880308374	-1.38198893586604	5.13366977032371	-1.43252550425717
NaN	-2.11455065649518	2.01390824396675	1.06968250864184	2.2852399358416	-1.60268880563441
NaN	-1.04502042062973	-0.693366837169791	0.661656190294394	-2.97124821887565	0.288207343122068
NaN	-0.856002741644231	-0.110825740852296	1.15072035873608	-2.0450839766029	-1.51572734425744
NaN	2.80095458380623	-1.65031328786238	-2.03658285132487	-0.460825766127294	1.07545436406686
NaN	0.689644148236477	-1.32223933044893	2.16251061895127	-1.39011312973463	0.442969502236872
NaN	-1.85200752693585	0.082395657355371	1.62079676290685	0.161874941533142	-1.05406814603898
NaN	1.80774780735526	0.157103051798694	0.276159553571143	0.661433853774112	0.759646534956085
NaN	4.21658377691494	1.30186725349942	-0.540035974649895	0.351037525709955	-0.698478914496431
NaN	1.4556905509542	2.97113841062373	2.86329876918198	-0.390891589656978	0.895397853548742
NaN	-0.435827765802975	-0.178238316583328	-1.65845441508671	-0.437201128078922	-0.511275693526803
NaN	-0.234729932668655	3.20231955572411	-1.0281047786532	0.461648059709018	0.909116145748942
NaN	2.23437121962406	4.72386965694324	2.03029763386667	0.650443838887614	1.52730891527206
NaN	4.66646571507537	-0.15234648975857	1.33912015829515	2.6272416098109	4.11477141941238
NaN	1.50575393353233	-3.93700167798426	-2.87665729563765	4.43980058535447	2.99193524130081
NaN	-1.94122544570214	-0.803409726367207	-3.50956811316699	-0.60078884640673	1.96171246397377
NaN	2.36620916779356	-1.48359689461184	-2.93689436965868	-3.97991303087292	5.37941308340955
NaN	3.40170227002251	-0.535725772248084	-2.79692301994345	-1.82203901596876	1.25640405999408
NaN	1.2715032578157	-0.357179491367038	-2.12529294816365	-1.87561574000149	2.21365060280426
NaN	2.75857301636671	-0.585942456318597	-1.08627254376753	0.221175043164555	0.52657282739318
NaN	2.16025011694166	-0.784839954684414	-0.536246749684825	-1.76519774540702	-0.829105951149546
NaN	-1.58266245353782	0.631669499480147	0.285097513516403	-1.1154903738995	-1.03669335573178
NaN	-1.62354669921701	3.17698148220363	1.69327285058406	0.88426851759808	-4.02669799782156
NaN	-2.0771919723881	3.68910139478752	4.12056001779725	-0.189368178551301	-4.68623591112842
NaN	-2.37100029289051	2.03409630071288	-0.391405658092662	-0.664431678380739	-4.09254812520739
NaN	-1.3642726173598	1.24176767703077	0.432317639218534	-0.745789723010381	-0.656626464361111
NaN	-1.44432979515582	-2.57373279487205	-2.09001861687803	-1.04674505658782	-2.20384714155232
NaN	1.12398510337184	-3.94589500660944	-1.11824404243996	-1.01993025741578	1.9993706560814
NaN	2.23153250739341	-2.0813137585969	-1.20228843928538	-1.16700292763699	3.50749673429939
NaN	0.681525089825236	-1.42077258061833	-2.38070867634019	0.666942222669834	0.438673682452771
NaN	3.83509688425338	-0.40735631857552	1.88875203889087	-0.643761694061849	0.671026114396124
NaN	0.0061084226760699	2.80255977211711	0.634081943163826	2.3661174902305	-0.129374709702008
NaN	-1.28661678470298	1.81064307307364	2.94431547815557	1.78333896159093	0.717755343653534
NaN	-0.361168526792867	1.79683339502138	3.83002876288352	2.12922244671369	-2.58322184287226
NaN	-2.87638732023023	-1.20238084526433	0.558921424228587	3.89753354451374	-3.94229392478895
NaN	-3.34532566870939	-3.93516618798743	-4.52046831347131	3.51591554296602	-1.75983712189102
NaN	-3.47410132696924	-3.29493171185542	-2.56157970396856	2.67238091709996	-0.418513312714526
NaN	-0.660749004563164	-1.09681267093826	-2.60604734945156	0.581067450217573	-1.75112238323845
NaN	-2.91764574117952	-2.61279289209567	0.623173770682456	-2.91328064703822	-4.15144199661899
NaN	-2.6273042083466	3.625229760619	5.22583302552856	-0.962625163738759	-0.79027716167221
NaN	0.843464839647101	2.88206644224921	1.73333643968005	3.2490598812412	0.631652200721131
NaN	-0.464771844736842	0.290734053826117	-0.0713933000418116	0.978685418720311	0.68390952821309
NaN	0.981009441131582	-2.48872565531549	1.11051976997142	-0.634614464035383	1.86413751601681
NaN	2.71295972071625	-1.22206947081544	1.01800033338584	-2.77306896943031	2.61534489679395
NaN	0.48821756353334	-0.407971210396504	-2.88521037351754	-2.40134979349581	1.44150215087876
NaN	1.68450363767832	1.05996600653877	-2.11393667197863	-1.87565951054495	-3.80223539582986
NaN	-1.948452397607	-2.16904673634491	4.70458656513166	-2.76777947465191	-5.24228692462671
NaN	-3.89055805073627	2.36161485155176	0.402404614056192	-3.49707606648354	-1.68238912830591
NaN	-0.989924206626694	-0.721052721168463	-3.20339117722702	-4.34463387350247	-1.14682170411628
NaN	-1.72267291446695	-2.4831699338516	-1.8378870137011	-3.95380336586158	-0.0351720145833361
NaN	3.06310403745918	-1.18372930905059	0.350506523230473	1.59503347212794	0.581231900565643
NaN	1.07545073905712	-0.521987194732151	0.679135188183343	3.50222006965682	2.99166073590813
NaN	-2.158510559398	-1.28330457571178	-0.0798816036926645	-1.35016628766015	-0.433015083865017
NaN	-1.06945450453531	-0.967318950911494	-1.61286667209064	-5.34655817829857	0.570580756521049
NaN	0.269385830779656	-0.294764083720157	1.42788490331054	-1.67418449176105	1.04423674721512
NaN	0.906242982821797	1.43636142912044	3.68386562183028	2.78048735805311	2.41526983486937
NaN	0.397789694085552	-1.33039916367413	-2.95591539833851	-1.84165879798208	0.765310467757831
NaN	1.58950543388082	-0.199739181370565	-2.18114784799917	-1.17702724079871	5.23914599321896
NaN	4.404436627525	-0.345413667873695	-0.926814967737617	-0.688551150314626	2.17937718679817
NaN	1.54593774094097	1.71567783098281	-0.85823492778019	-0.214694928887978	3.42142710959047
NaN	-1.81926932566859	2.36300203302967	0.83445717800231	-1.07385513922461	0.088590557389936
NaN	-3.31732692908004	6.09786866596693	3.96899757452592	2.26525104926545	-1.46516952916352
NaN	-2.18145137329441	2.78742305358116	0.45342098181027	2.08134069975851	0.0911051465489625
NaN	2.28568236469767	2.66634404358918	-0.588835887834997	0.462784773760127	0.160207343243623
NaN	0.534585102561887	0.00267368152330409	-2.84279413271766	-1.15099587343394	0.599972847061239
NaN	1.48322368204236	-1.98767136434759	-0.911796035165919	1.10799940339357	1.51912491216712
NaN	-1.36446384567615	-0.712243337125795	-1.21221018622603	1.97245850604242	-0.089108380241994
NaN	-0.450765768906835	0.967104828224296	0.296361022276681	-0.50071527921468	-1.59987103496575
NaN	2.11201748661722	-0.00249785219316069	1.56854633236829	2.22849841267877	0.140230167910471
NaN	4.96619014140367	0.954252213353345	2.27160702074826	0.427911101835429	-0.431862382767585
NaN	-0.446598786478059	0.772737979159704	-0.741236116993715	4.96407884416683	2.90119393853243
NaN	-0.943145492408437	0.0656635497710959	0.711273244044276	4.32811088907382	-0.276866185622029
NaN	4.67510246787511	-1.24541489942646	-0.445305943261771	3.00979190936988	-0.341197874826649
NaN	1.64771930425789	1.48682850717359	-0.276237293697137	-0.265302763309491	-0.307675614818095
NaN	-3.00801126071168	2.31200846474858	-0.0937376950963475	-3.25674315332414	-2.09495556742415
NaN	-0.957193817319378	-3.06183064126191	-0.463585861563572	2.77832257379512	0.474300864250127
NaN	-1.50482791974805	-2.45397690898804	4.03919943295326	-0.144652377923701	-0.182152806685898
NaN	-0.470069078683679	0.145508588895927	2.09318705075128	1.21338993136766	0.0156104872691798
NaN	0.38709402659258	4.24633563364203	-1.38785915705478	1.90019325511465	0.452448640897071
NaN	0.49939244685643	2.30269094839943	-1.71078836246373	2.54666124408889	0.773126424496753
NaN	4.15609522123785	0.278362584709654	-1.78232320703247	-2.86314811793683	1.23784812970443
NaN	3.56102109179891	3.26384032799145	2.41849394537446	-3.20817837131682	0.945819103694138
NaN	-2.31682742746885	0.854160195142891	3.98713348285925	0.385607687555522	2.13341419810068
NaN	0.0294642935969941	0.696155564266566	2.12202727225639	-0.0646540901953098	1.43948657077327
NaN	-3.08078230212259	-4.32103396786018	0.348960346951641	1.89004801926298	-4.14519215068989
NaN	-2.40009950037703	-4.80929232239176	-4.3346647200719	-2.70552887579871	-4.04773584857708
NaN	-1.33442033562949	-4.25089081076088	-5.48729838146544	-3.02344028031339	-1.66010475771019
NaN	-1.75259541421529	-2.21414722747041	-3.28541798321057	-1.68336816993578	-0.488425843456736
NaN	-2.88984244196376	-2.86591260477648	-1.87763679302419	-1.16002857417556	-2.69905778717564
NaN	-2.73207651344011	-0.880552420313495	-1.82189572255026	-1.9401828341587	-0.906765478434233
NaN	-1.61408868597468	-0.188226543553866	-1.31516820812096	-2.26018438335983	-1.14602861799208
NaN	2.46939269763659	-0.90778298244495	-0.319344378902083	0.845716144143347	0.843310813524774
NaN	2.88326660725511	-1.26558422870525	0.65257649424466	-1.75392819248617	-0.584028387082667
NaN	-0.595088560197788	-1.3665026417986	-0.489146097727439	0.776451520805241	-2.97724250845775
NaN	2.02680636438845	1.14743396865416	4.63087211428438	3.93938923079928	0.240157838265527
NaN	4.6760972105809	1.81470278588017	4.98998800316198	1.72140652012539	-0.304733468162061
NaN	3.82123622935366	0.614536058459059	2.96653928519669	2.05957280246958	0.766175470716064
NaN	-0.848980013439026	2.01807296627813	1.17110937610926	0.203305240526062	-1.23889867159314
NaN	-4.39977252911665	0.423542815319582	-2.65887058969079	-0.216041645640401	-1.25701799652056
NaN	-2.99526249677937	-0.548803898017129	-2.4220190597538	3.19492372101067	3.51549284898155
NaN	0.0298936559773182	-1.20107652411066	-2.54306846869664	6.15875636085399	0.446063488648185
NaN	1.5522975983168	1.49177025892378	-2.01403050351984	-2.14312214301834	-1.67979339243911
NaN	4.33133360591159	3.68955405797599	-0.0945869073539868	-2.98834791795906	-0.11043987460497
NaN	0.879819051362994	1.69201852567521	-1.37929022608302	-3.59787933202858	-0.0350162742130853
NaN	-3.56663861683756	-1.33328008909989	-0.591302770823536	2.2380782010032	2.43817026070575
NaN	-2.703398792041	1.34810832765601	2.37885407608398	1.83108566837015	1.73317962514411
NaN	-1.05695093679451	3.40119099203751	1.92465660342165	-0.522841807907929	-0.0145533804443263
NaN	1.64982995992936	-1.41330817602379	-0.150360218554425	-3.38440293809254	-0.745971521384746
NaN	2.50690584698888	-2.6308370173227	-1.00922881564692	-0.958023816506628	0.550492860243446
NaN	-4.41898697948067	0.885969538840246	2.90628667794686	-2.71681859218301	-0.949894779967323
NaN	-2.71083610190796	0.557981875742542	0.452815056456937	2.62595780370981	1.62164361927027
NaN	-0.386501649718292	-1.17168862462141	-0.448009995790878	4.13226192428992	0.590368060208861
NaN	0.179969414167708	0.480400138065631	1.70911897605772	2.08406689425003	1.32379937157323
NaN	0.384021770847509	1.7856034608721	3.37632855521879	-2.17549543968378	2.56585593599624
NaN	2.58378249446957	-2.30433705401147	1.22143808246904	-0.191361483572953	4.02607620211301
NaN	-3.01035970910109	0.101726606527013	-0.536093403178565	-1.23143495167218	-1.73884882924327
NaN	3.58960804814074	0.52595431218815	0.0904047372786897	0.117855415563376	-0.466956761991041
