NaN	-3.0044522247559	-1.76059657851468	-2.35118380393461	-2.32362759857887	-1.43916879131254
NaN	-1.59084025088353	-1.86816846080045	-2.24735427100549	-1.60275558382191	-0.512213140090304
NaN	0.448168253034305	0.878197962771134	-0.181898096782184	-1.41983314672522	-0.154024255316939
NaN	-2.12557337812569	0.621431323409519	-0.637160531281114	-0.273123757916008	-0.81131241627465
NaN	-0.62926025622728	0.653110483533628	3.66177768532628	0.820372200583804	-0.644737946333306
NaN	0.663759908050522	-1.49982014050377	2.43997262064201	0.693621355690601	-0.376567005565453
NaN	1.47488122494238	-0.0388694418768485	-1.81620333655705	-1.2247244806066	-0.665165923413988
NaN	-0.344522008427551	0.0510065528678452	-0.427268935231873	-1.18623657781977	0.298466244590419
NaN	-0.937438750601981	-0.502755909831296	0.389455060015333	0.124886462610051	-0.658966916579596
NaN	0.84426905644118	1.55153018388616	-0.60071870948321	0.738470971548715	-0.299192400254344
NaN	1.07968976263858	1.08162095786658	0.777190846736025	1.2872030142282	1.53966270519635
NaN	4.60524546624648	2.16234552059596	-0.881768262980348	2.11014229574564	0.395731683057117
NaN	3.13211973273458	0.135662202108512	0.0728526593375735	2.27778733401192	1.33130374564231
NaN	1.80745930739756	0.0715813267982916	0.44504942757537	5.22400390147767	1.41746254609807
NaN	0.00691854956451463	-1.25470766882868	3.2589677068512	2.83745244324474	1.01717038346105
NaN	-0.346485664642165	1.6819931008355	3.20838445053663	3.79888110229833	2.23478306244886
NaN	-0.0460310769105603	2.12904492643371	-0.47729923651821	0.012515308338946	1.35871055537589
NaN	0.0315356052216623	4.15385561832355	-2.25894329411881	-2.2086502259336	-0.458620246308706
NaN	0.0578334737577817	5.14372229303096	2.05943980145328	-1.25078959485965	0.732210326581552
NaN	-0.472334293668504	-4.62549840118434	-1.77757925013088	-0.96612932370195	-0.491602381069182
NaN	-0.0531660398690629	1.6949686617516	5.05965574074967	3.73315277906161	-0.561654069834803
NaN	-0.435646399251788	-1.07727507864371	2.23552808768745	0.140733119283776	0.601526866761443
NaN	0.164530880739206	-2.28206696295164	-0.987501984821434	-0.263217546313353	0.88681117004157
NaN	1.10523829583228	-1.1088497173633	0.469945621623314	0.668192130415206	1.26888223181727
NaN	-0.0276958738809848	-1.47877521782066	-2.80567408569705	-1.3029902228982	2.92671713236208
NaN	1.34636624587565	-1.67113100875684	-3.95487123320192	-2.48182754983456	0.694651032548068
NaN	-1.21574180098975	1.24903228732776	-1.67142871329428	-6.12537729061595	1.17272809988181
NaN	1.32809979632147	-0.267749731714185	-1.21639020975266	-2.70499373842847	1.24941850680428
NaN	0.972648469781189	1.38342221642298	0.427966262975316	-0.897984763134786	1.05352058046043
NaN	2.63227689080382	3.38947637475129	0.713984087394349	-2.86617460216159	1.3819458361068
NaN	0.409366347384692	-0.0545984725384048	-0.411093286905873	-4.4247898297814	-0.603413105694699
NaN	-1.83028670582826	-1.68185617197991	-2.1252483197039	-3.63156333972564	0.292474924662649
NaN	-1.2505962626614	-0.940544644429928	0.0516978475340979	-0.122953242337451	-3.94239922275378
NaN	-3.825887309058	-1.78057056936512	-2.10244623322813	4.38624727800304	-5.54217778545727
NaN	-0.451343780454413	-3.53794931908863	-0.86758167848082	0.496000834225559	-3.42002148270605
NaN	-2.10407405434098	-2.27810221627624	-2.29903114284477	-0.324900667554961	-4.13553292563725
NaN	-2.14964103172839	1.3829919295416	1.49297684205538	0.248157975799481	-3.30248156186113
NaN	0.972346556982617	2.49367312159273	0.218876515870933	-1.11049376801661	-4.11833277113924
NaN	-2.73148482795633	2.25540474414782	1.08542118343041	-0.00600908426189823	-3.1559803288158
NaN	-2.23260520551448	-1.05130659820711	-1.71254397784934	1.66466145016534	-0.024402302938135
NaN	-1.14690941420371	-3.32413076589038	-0.989979086040438	5.68443023537309	1.78540203427556
NaN	-2.64014332187447	-0.383368396957872	-0.548893149964188	3.39128219081612	-0.590773980728688
NaN	-0.17020737235742	-1.95412091261347	-0.691721351713598	2.44838249013022	0.0426738383315661
NaN	-2.11402782893039	-2.96184500795362	0.26401434666104	3.52728251758277	2.92853768275094
NaN	-0.823055161835923	1.64700218714952	3.85949648115079	0.211533580424078	0.754247109980532
NaN	1.02903293821269	3.08465072892131	1.71783080644217	-3.76921040431175	-0.2527615330958
NaN	0.145867243560483	2.96649200956	0.739118254354746	-3.52172164974451	3.36112794394605
NaN	1.32988804435525	1.3383662349186	4.73337443866634	0.2459870234048	0.0531434795357883
NaN	-0.269549582603081	0.296772381410284	-0.896171785142951	2.4474473935172	-1.93022856004675
NaN	3.78071469968532	-1.13580326682226	-4.41002609889589	-3.35131065544085	-1.56512051597323
NaN	-0.139218620435651	-0.723482501628778	-1.05184700788621	-3.00810988102518	0.317774492908245
NaN	1.07265804349216	-0.312327190435885	1.04187009597356	-2.05249451932284	0.192253661458922
NaN	2.40012813424145	2.31262978275305	-0.982018123502732	0.478016873883566	0.71318167536739
NaN	2.48587601702283	0.700842624967271	5.30378914854468	1.63443962488167	-0.687245386926703
NaN	-2.63747393882103	-1.66847437283964	1.77864302944257	-1.29040964928246	2.68676534690907
NaN	-1.55877069998963	-2.62000320836667	-3.97142427143212	-0.699228304460422	-2.27189443258394
NaN	-3.34320300104034	-2.4006775494315	2.88402892800666	2.64022159042925	1.16780486818678
NaN	-0.13205118327088	-0.631130817794752	1.50088253130151	1.39640025290162	1.20214921372811
NaN	3.30362024715253	1.02328772691784	-2.96009596451628	-4.8478197930418	-2.08414827339551
NaN	-2.08135988116892	-1.44667513637963	0.915697521025704	0.977836570988942	0.157420724309469
NaN	-1.75142917003816	-0.631334370299859	4.71663482253008	1.1626497008846	4.47866407324465
NaN	0.797153469328731	0.0739591392467891	1.64907572830806	2.7541438543029	1.86039104678143
NaN	-1.13260053732011	1.62927784147474	-4.39876742553632	-1.97873721916754	-0.77956443271384
NaN	-1.62592395200773	-0.379747912310291	-5.56431662182806	-3.31107128924457	1.25402489237167
NaN	-0.777982433525486	4.58534114253476	-0.364638491189237	0.455276064955108	0.13886004859934
NaN	3.95092115933413	3.27248102933443	0.0556121768999831	-1.71725204087418	-0.0640669273475853
NaN	5.84636332750241	0.0988813113375469	1.17118667999278	0.752186860613288	-2.41659755071694
NaN	4.23537045731613	2.73304672721301	2.91587170636858	-0.804699263716952	0.326490584234401
NaN	-1.55527792238364	1.07640256996019	-2.72335957315736	-2.10511424714875	0.839837619088272
NaN	-0.208515663700861	-2.45824134506228	-4.34456306090957	-3.20341528790581	0.430921129005833
NaN	-2.79713309515782	-2.68535675125866	-1.7768751348831	1.10118378918796	0.498713609013311
NaN	2.18577879081473	0.158981994069446	-1.65837662474802	4.84801428529547	2.7963898985683
NaN	2.70922815592158	0.505710551198387	-0.379733965448476	3.00187913191545	4.08090416031982
NaN	-1.90280576769791	0.947989498726251	-1.23905811206238	4.78477462355195	1.63855532411417
NaN	0.426850479788811	-1.03449689872396	-0.0713215877150826	0.153298699073346	2.33877898153946
NaN	1.12431502217244	4.1167735223353	-0.280430724982755	-2.02815489319928	3.00132914004722
NaN	0.896401862710537	3.49100948987052	2.89588976929327	1.30589992906936	2.63965343812882
NaN	4.07355515065997	4.82330610047511	2.32529361128562	2.05085146874578	-0.41966022405754
NaN	-0.899471449098943	-0.704123960477875	-0.573783288027363	-1.19575413302182	-4.05147814750976
NaN	-3.02738386422364	-4.27492261614196	-0.902672258897335	-1.91595494748954	-3.72024210861804
NaN	-3.5732004530315	-3.15823808377183	2.23080961341829	-1.45395980259555	-4.38780723950646
NaN	-4.21033223003769	-1.75431475048372	-0.403766278383391	-0.682676799428741	-3.91895212403702
NaN	-1.49661235607361	-1.41819765985175	-0.666009413316001	-0.331495364104691	-1.63356093119986
NaN	1.69694164054116	0.492185693873019	1.7966596856565	-1.15512803551069	-3.06674421020512
NaN	1.36903898971918	-1.69107163387876	2.17750271859438	3.71789112786504	-2.54960138564876
NaN	-1.86392596697772	-0.838295547953498	2.90679273144025	4.30982562202769	-0.191287013613286
NaN	-0.122973240016645	4.69857651511079	2.54260432061716	4.25403807882999	-0.455252130885251
NaN	-0.000912232417723112	3.28039956521473	0.223515918079924	3.36769069653047	2.07151531090583
NaN	1.16484979944427	-0.532257573026239	0.564481093258695	2.30849704029096	0.844130280494205
NaN	0.519790419605711	-1.18273986127952	2.96546291712427	2.27312634674689	1.22017972898814
NaN	-1.02142831299851	-1.87664298833625	2.59033066543523	-3.11981954226656	0.365371125972232
NaN	0.379297717724239	-1.35016452434545	-2.43294151101881	-5.01128587512865	0.637301340811791
NaN	2.88590787717935	-0.457896974987458	0.920439037952827	-0.9031075780764	3.79226456853968
NaN	1.38800283943588	3.60774472349952	-0.441143198057908	-3.66232025879872	0.409903016132663
NaN	5.17315345506588	3.26251295150589	-2.49157452970179	-3.64078098695064	2.89109773344409
NaN	1.47877061001933	-1.25279834629939	-4.02043111458489	-2.67392172579991	-1.44789407344454
NaN	-2.61757538086463	-2.89289827378191	-2.71080875300245	-1.3471571385902	-0.570342460352461
NaN	-1.7469916919558	-3.5386978794721	-2.23764852782716	-2.45952682608685	-1.23820355390122
NaN	1.39999329179819	-0.327365680491236	-0.837134031817455	-1.25809012622628	-2.21560133239845
NaN	0.346618114645399	0.716908357736333	-1.01095795285789	-1.22093056894062	-1.80295151520898
NaN	-2.56801545850619	-1.85876398572507	-3.09339751926846	1.62416619775653	-0.241982475334293
NaN	-3.8505642315552	-2.92108117951411	-0.00512698268967262	4.60204854473269	-1.15436764788068
NaN	-3.68204949162868	-0.0406039897751773	3.97690943341322	3.40601383885333	1.73189698581801
NaN	-1.8204463500769	-0.157167430013397	1.78874886819842	0.0558390201359716	0.405769559617466
NaN	-1.01369159375515	-1.25365707781298	2.01616670607733	-0.284685731104788	0.191376811275455
NaN	1.55534656671421	1.34581886664795	0.302781263725518	-0.711692269379877	0.46793516208709
NaN	0.370072205315448	0.469922213554122	-4.37001754970537	-3.32417325029331	1.53142366678845
NaN	-3.12870105256156	1.18127153841531	-0.274102447539527	-3.61306654909528	-1.40480579136407
NaN	-2.02025852284957	2.02888029173219	-0.831153104992515	-0.0598172809104462	-1.3489553280698
NaN	1.0953108580798	0.90752884137832	-0.19581695290653	4.52858393112261	-0.231076391590516
NaN	4.79059697944007	2.77413712038335	-0.986747069114847	1.26205720696456	1.36085182002768
NaN	3.15617174756501	2.4308513743005	2.46708290629531	-2.16270099841147	0.561677358298115
NaN	2.82097829170136	3.11198982544426	-1.46418205035681	-3.07747384316642	-0.99916820041043
NaN	2.91580277816293	0.664206635731405	0.421469827747514	-1.70567958982539	-0.512181274061363
NaN	0.130436885024156	0.213957681868078	-1.43195053312323	-1.70938249505729	0.526065085753336
NaN	-2.16924960248094	1.23204095765423	0.927348111628761	-0.000607618932099773	-0.0942170529456546
NaN	-3.89356958891916	-3.06238827644845	-0.607198325120285	1.3009117516668	-0.891499360261055
NaN	-0.459463650827888	-1.02247863517367	-0.151585292611688	0.881424055086044	-0.674703169465545
NaN	2.02637840577318	0.42871361586154	1.02939299679326	5.23665107350937	0.481227664299381
NaN	-0.979736547558457	1.28296784965818	3.15053219954683	3.65755215979532	1.66039177727491
NaN	-1.62925723204002	1.51731133508201	3.31270909146313	4.70431464143092	3.22243813516622
NaN	0.412549481651444	2.67383827646234	-0.125545070078382	-1.80274896373874	0.874514521041323
NaN	0.933010491977601	-3.88351518316972	1.73658604587457	-1.74722598789435	-1.66210270401521
NaN	-2.92563243505117	-1.70811577725286	-1.19767269245137	-2.9723525248611	-1.52422906938301
NaN	0.189552219695344	-0.461886721496626	2.17438874836297	-0.379509739010193	4.04658616800258
NaN	0.987292517150767	0.287586299795859	0.157132543987134	-0.917185362302856	0.808528222512462
NaN	-0.0713083750225493	2.30298036012479	-0.0767054318883269	-1.61732050406245	0.0475010893290599
NaN	-1.84033418008467	1.75428758177941	-0.749867028015766	1.49452333773445	-1.73663796138875
NaN	2.90461613266373	1.41838517401826	-0.510408542930874	-3.50549195764791	-1.84397205946888
NaN	-1.4670351018271	-0.802426748044699	-1.06186860663442	-0.228452426479967	-1.51643573679262
NaN	-0.267696396288304	1.40021570792033	-1.11436574011372	0.336037755926234	-2.05518985778164
NaN	-1.96046498066511	-0.520850993715854	3.95302915944477	4.70570134625168	-0.637068389575502
NaN	-1.79269143584082	-3.88921553077581	-0.915111461046706	-2.07913523621357	-0.0963059735596231
NaN	1.87092048022836	-2.81001979850781	-4.39732170611364	-0.359054563504952	0.898372329881777
NaN	0.70981939780372	-4.77900504051861	-1.00583365982518	0.103295121485411	0.316928238540689
NaN	-1.9574575792474	-3.36737923054056	-1.82975640844698	0.0380830948572822	-1.4792942056653
NaN	1.48716094399984	-1.82893588874353	-3.31860956422502	-0.554023730356904	1.45644146332402
NaN	2.43913390219717	-0.631453431318813	-0.538239862399009	1.55797851509008	1.83156903922124
NaN	3.40741930163256	-0.846552756342152	-1.08471493870749	0.108003693931561	1.56974473223815
NaN	2.89435140735759	-0.372450604373738	3.04272694016374	0.818556592171759	0.38282369992688
NaN	-0.597962322342598	-0.828832197563822	3.57484694561142	2.71200861302079	-1.82036555105585
NaN	-1.79546886321964	2.29178330407658	-1.29903577854205	-1.88211692743692	-0.427194841537978
NaN	1.72418984153439	1.44282540881394	2.44251693365134	0.781002462708682	2.55174217123345
NaN	0.880630941831695	3.01506813808027	2.76621192889014	2.26468156375223	1.45751890301599
NaN	1.60148958562965	-0.107650405679281	2.21826612128845	-0.787210184060502	-3.52876000805865
NaN	-0.367335089045786	-0.0960759783583704	-3.26563361353174	-2.55722988697881	0.910556582611244
NaN	-2.78050512183655	-1.09864509405044	-4.4754115427801	-1.47732861547431	-0.815718073012356
NaN	-1.5264236736107	0.210194617149165	-3.96609994094822	1.00090820865546	1.335316387602
NaN	-0.0136766325688223	-0.113956546528697	0.183971603822931	2.38925844194072	-1.52792936473573
NaN	2.05229374106483	3.34268460332333	0.19667495353656	1.92385269949118	-2.17508746681633
NaN	1.93556306963171	1.97925026613903	-0.300554459080971	1.67855104076155	-2.47678121020597
NaN	-0.772442784701494	0.180272908701617	0.128661828177717	1.03046620288382	-0.730183656089567
NaN	0.103433427078606	1.91152369596946	-0.435505616013473	0.442351765329365	1.88040529012883
NaN	-2.21690091595276	2.05666681647141	1.0753150056324	0.446636364372355	-0.497675815084249
NaN	-2.33703989684758	3.1868196540491	2.25931248708871	0.0511778983228446	0.614856121058192
NaN	-4.01986633026735	1.94672604064798	-1.61349178449967	-5.01208279085318	-2.36944791990442
NaN	-3.84218229406387	-1.83716676061927	-0.29326949136007	-4.88071032834601	-2.27023123530242
NaN	-3.81849089271915	-5.27498317277273	-0.0214282547920559	-3.47939270720592	-1.70167221668338
NaN	-1.48478596354994	-0.909534508278454	0.664691904593568	-1.55049236550439	-1.01932019672739
NaN	-0.900527173445055	-0.28092142089483	4.59074177191484	-0.53946237575023	-0.351826330953979
NaN	0.640114913594563	-1.83118775027891	1.55445692452558	2.05785622546999	-0.584753759504106
NaN	2.77067154685228	-0.200239435540656	2.15997889955654	4.54007924956641	1.33539531729016
NaN	3.24262807422015	1.05401599548988	-2.29575881810348	3.75971838759712	0.766332151003069
NaN	-0.382814505020039	3.86193081380416	-1.32197964683019	0.111918873332374	2.19375991580955
NaN	-2.51750864548367	0.839230144645414	-0.710864323185412	-2.67015855654344	-0.224025219115394
NaN	-0.226334486901787	-0.957715577728631	-3.03054007728217	-6.21321554338813	0.341498879893648
NaN	-1.06300502079198	-2.12984055487292	-0.171887548773098	-3.56860044269975	-0.0279640621477236
NaN	-0.298391815104482	0.367639809386652	-0.0370120934152422	-1.74356809714047	1.68069760191115
NaN	0.643995929394212	2.36336610564701	1.50216023873223	-1.78215251823566	0.687480849886298
NaN	0.867105384592895	-1.58713836871433	-1.61244648607145	-1.30552637746066	1.61693074836118
NaN	1.56641522781835	0.734999390685438	0.00886867945992351	-0.744383940806001	0.000794704542535853
NaN	1.74365010213591	0.533658614278489	0.185260851203666	0.191602058276102	2.84534810357437
NaN	-0.935720797096277	0.120139837827604	-1.2436524186502	2.40428245866508	1.17247330431425
NaN	1.09651467215377	-0.829344731309879	-0.931302213491363	3.68074070374511	-0.98612116328484
NaN	-0.395312556329715	1.32453936730326	-0.155532009619519	1.67795565568686	2.0540309853991
NaN	0.041519255848383	0.0542494900794095	2.29641541106486	-0.545663943241981	-1.45685943406595
NaN	0.35570778577104	1.30236893579364	1.62877702319046	-1.66534078106498	-0.315447106902762
NaN	4.33095646171902	5.88088842652932	2.05522484432421	1.87209977614971	-0.294180909549867
NaN	2.7312018070022	1.60245019172077	0.768216895225118	0.145575495717008	0.241379056960658
NaN	1.01998538488729	-0.371557199940685	0.109562874663566	-1.27042155027931	-1.43650872970717
NaN	-0.824482030277336	2.89332523320296	1.70481980762973	1.58579836472456	0.392620652977665
NaN	-1.17465762404076	1.55280528097047	1.7196758469005	-0.459537842797571	-0.888604870246588
NaN	2.04602200255431	0.387814457630724	-1.43254285721098	2.344622415054	1.44578353331011
NaN	2.27195803180657	2.15761437123803	1.164829705033	2.41453658128561	0.408996572765418
NaN	0.208472754675904	1.3809171419941	1.57506574234677	1.01539901399599	-2.44651182214017
NaN	-2.89748001048551	-1.78559978785064	-0.915098164797325	-0.831206756765651	-0.311819976193184
NaN	0.761010808074673	-2.38889296315873	-0.803238773908503	-0.315455482018587	0.34614237259014
NaN	-1.41146134748216	-4.52660498924733	-2.35572437569086	1.17390389333299	0.606183331131446
NaN	2.86166100976038	-2.88329105872814	-2.0633605128919	0.00604688917600087	-0.548542949819059
NaN	4.05604573117137	-1.16270471487735	-0.844461784703039	1.02029561257728	-0.414058990543296
NaN	5.83614582935334	-0.863438422516356	-0.228633615581412	0.537490340155604	-0.404139208030886
NaN	2.56179165006495	-1.16394084085053	0.482767497076339	0.58162402203148	1.06129823344942
NaN	-0.463357463390639	-2.9821223470742	-1.49417989033386	-0.536679733284142	0.937206523815597
NaN	-3.84995007526896	-3.7131947265813	-0.67504225386139	0.294324747525274	1.87914805105123
NaN	-2.27279449367474	-2.94029106128521	-0.142896951113694	2.34519289362305	2.26607790066262
NaN	-3.75500888694223	-3.08973194817064	-0.402029888928966	0.189592448245769	-0.220141587488858
NaN	-3.38343864029977	-2.02809240487521	-0.510129007216792	-1.10103871720491	-0.27542405145142
NaN	-0.33313497867787	-1.57009847235683	-0.200961106384407	-0.504305748171316	-0.412824606361684
NaN	-0.0891657909089592	0.233299265445367	0.952246801836104	-1.16598537574126	0.0986708472988746
NaN	-0.288133935586414	-0.207787274226623	4.54808585743112	1.80059008600741	-0.580383374796206
