NaN	-0.575202299251833	-0.806493509338216	-2.90326529028961	-1.77936449408258	-2.72201582961719
NaN	0.666902903788459	-0.711411861468002	-0.125860490141646	2.2811942885454	0.672969311333735
NaN	0.762333793280012	0.160020450190739	-1.39919175104591	-1.68100978964997	-0.863323601236496
NaN	-1.98284772524282	-0.778403180047325	-1.33823674670077	-1.14185407191821	0.712007447032462
NaN	1.42372522249549	0.183973028667259	5.16427182953845	1.68899194797225	3.14855776120532
NaN	-1.18618434527379	-0.284307904099328	3.88252204372683	1.12821005734714	-0.675393738896755
NaN	-0.560319251847656	0.98588387681857	2.55926523553782	0.896333664196373	-0.60534640883587
NaN	1.72500896220853	0.14967690406555	1.57174336944014	2.53444798660756	1.5702096855106
NaN	0.321745524971668	-1.52295870081461	-4.26665800739265	1.35662996949898	-0.398877744693563
NaN	1.64875694144173	1.55228435277623	1.7554328400373	-0.714549727656746	2.26595593195316
NaN	4.42939256469424	3.1739506160244	-0.541722594476574	-3.84722728548506	3.4554988718041
NaN	1.55246416092294	2.5588398373793	-3.59042881423942	-0.848000516331677	-2.53935867917176
NaN	-2.65720335731812	-0.131157761447943	-1.29291887259216	-2.4331167262411	-3.91234101515154
NaN	-2.95904942332167	-0.667648904941161	0.677064833189999	-0.857359401157929	-2.2118045596016
NaN	-2.39149978940395	3.01586165304226	1.55329760535563	-1.80096618164984	1.78167598359642
NaN	-0.342450139551182	0.646501239422707	-0.216646776731003	3.46978559627923	2.64739918241111
NaN	-0.382557981177588	-1.34166070324363	-2.62400504671167	0.0703830377989273	0.607787698701249
NaN	-0.200888213754873	-0.759833963738499	-2.80413713190159	-2.07883953701134	3.14011730490387
NaN	-0.217607068159555	-2.54448272212908	-1.59265365382099	-0.654919437244627	-2.38084528196556
NaN	-1.17876207624285	-2.8540549592268	0.425323855220002	-0.385739301510367	-2.18303992405452
NaN	-1.92910883374396	-2.74287553629896	0.463448378266282	-0.850867605924175	-1.67608219233574
NaN	-1.78271881226619	-2.06325348095521	-0.461264541228847	-2.28179249435477	-1.89524888439025
NaN	-1.6322691234523	-0.242468467149828	-0.439064685814792	0.136752155899887	-0.799152300511297
NaN	-0.0326846774518653	3.49846955015198	3.33161547051095	1.10647226169671	-1.31710385422415
NaN	3.19224410346542	1.91105942018325	0.849412283820268	1.57809099108245	-0.716244449124682
NaN	0.947993979581506	-1.35352425912434	1.99830484440695	2.82078898779072	2.1173838323804
NaN	5.15495819324682	3.22521979606858	3.4221440064135	4.26244016897425	2.7593103922959
NaN	0.0121149685828293	0.366897211790593	4.43822366662632	2.63364580816767	-0.155223269646018
NaN	-0.39261219253231	-1.28975251811345	2.87604098074432	1.50896060843624	0.602041095045062
NaN	1.61343309711248	2.00469166015997	2.29495105486341	0.0124631455404922	-1.05106280788045
NaN	1.40012703342933	-0.155346003412133	2.26594837970966	0.308980903602672	2.09797831970429
NaN	0.314894633764792	1.91518048387495	0.317328289513526	-0.186661940580236	3.9479994117441
NaN	-0.48154565291698	1.31063675788502	0.356373478783419	1.15017305268809	1.97227261424056
NaN	0.0369124911170205	-0.708195107527462	-5.22791235972982	-0.744591978093668	-2.56742830448438
NaN	-0.141250888924585	-2.42693955675433	-8.59582844168031	1.53031327487454	-1.92650305493246
NaN	-1.31958974220785	-2.27922007243904	0.657984514806262	-2.02255214170738	-1.60210875364306
NaN	-0.668857012123832	-3.92846480458547	-2.56223174687104	-3.70334715939783	-3.93005489777952
NaN	1.28846445085919	1.62333369494236	-1.74626254286435	-0.275388018646492	-0.255584065546588
NaN	1.02290511952044	-0.145204814035314	2.68002231993215	-2.79630245954764	0.715055024378219
NaN	-1.81604443006484	1.93835110272792	0.553896737955327	1.42002475929475	2.03105445785007
NaN	-5.2227664080721	2.29664897668228	0.975131304238199	-0.988986419155004	-1.78611885225991
NaN	-1.09763503819783	2.19116455764063	-2.33760730398023	-0.55079368835948	-0.771157943345056
NaN	-1.03832338110366	0.219010168495286	-4.51601990719278	3.88975395859357	2.29043874609424
NaN	-0.196941803308574	-2.37450328086539	-0.645833810812107	0.52415540537625	2.05953160369267
NaN	2.14367380868816	-1.94504305788802	1.29282919126412	-3.38846813395353	0.430068496951716
NaN	-0.17057493066417	-3.74809840434662	-5.96817840688628	-5.51626580390528	-3.35795303690082
NaN	-0.872246735888382	-0.756566295581709	-6.1026613181918	-2.7815600689254	-1.03106534083249
NaN	0.441550483872027	2.6868428695495	3.41459979167637	-1.16490314822123	2.40315257266524
NaN	-1.40705455688497	1.34455017938379	1.97878253226112	-2.49075086314096	-3.12668068439232
NaN	0.695144145034874	-1.83190947588589	3.02660696844276	2.26211500922052	-1.11966901800442
NaN	-0.828023088515727	-0.743765710641682	1.76056666677797	-0.346902580538292	0.646534463380828
NaN	5.11721200468314	0.0611891769232551	-1.22443483917513	-0.0766254165388054	-1.51542120092907
NaN	2.37329598048784	0.204630074917888	0.672833597445485	0.540266441138717	-1.49915149686182
NaN	-0.653106227244586	-0.472206383966344	2.32383630499044	-0.146094188414411	0.868506267196883
NaN	3.97687861884361	0.718348733250249	3.23948668822736	1.42395574668215	2.96587860691464
NaN	3.26404552378297	4.02333932712298	-2.19096887386434	-0.284934872814905	-0.0128169459767477
NaN	-1.9973862919459	3.20378700241606	-0.904523883771895	-0.61763043504662	-0.184032349263806
NaN	-0.0962695304212716	3.47162001186407	4.46886331251233	2.35229854677488	2.35734841290863
NaN	-0.82105794707527	-0.320127701201794	1.17247191685141	1.33736717814818	0.622204798709144
NaN	-1.26366095270936	-0.855817148874509	-3.45703639295571	-2.21888814940747	-0.500557382772077
NaN	-1.50882825768095	2.39702588131179	-1.22138128306236	0.657649763269728	-1.45539707583496
NaN	-1.86282917827966	1.45206706602982	2.00294135864686	1.26626746955583	2.00993085100334
NaN	-2.44264286569016	-0.583889061629609	0.821237197979858	3.66002322035978	1.26375804720107
NaN	1.16263616184578	1.28103903125713	0.123129379775343	1.18388092790122	3.25694119224476
NaN	2.47090320669114	-0.0087288443128852	-0.00771419670189983	-1.12254383738777	-2.63787408785025
NaN	1.45077661811272	-1.15752313822854	-0.351806146892474	0.0504358987542364	-2.10864921667742
NaN	1.89475700942256	-1.40926015945268	-1.56571334221532	0.675465923631915	0.265441118786116
NaN	1.37861449507245	-2.7335193650623	-0.309833089312358	1.18344468751543	5.63765932432996
NaN	-1.72679566134356	-3.23260796284221	-0.270924568190425	-0.737708270496783	2.75861410941709
NaN	-0.353826245312224	-3.97961460119301	2.0056471073792	-1.64731224651605	1.39949389068838
NaN	-0.59853105678029	1.56313695850533	0.451554083959788	-0.0116247628680591	-2.87793838175458
NaN	1.78109392355451	2.40413619782724	1.5123207364553	-0.0499797076690027	-2.47271344871915
NaN	-0.278490970118087	1.55387661445365	1.34160505238129	-1.56885247079976	-1.39544365168068
NaN	-1.79608999753721	0.719755479798034	-0.0020865907347192	0.656389719323457	-0.389759019013701
NaN	-0.31090255846336	-3.60327591017476	1.77493238234454	0.250347022076359	-1.16839465057355
NaN	-3.24214788637907	-5.02134484721322	4.53391125463669	2.05132278726843	-1.3270181268528
NaN	-2.44463069708909	-3.95327054746383	0.840180294237052	3.14849662992611	2.26014550098328
NaN	-0.577961493045336	-1.4855911010444	-3.44769738917349	-0.391330039441951	1.73694112043746
NaN	-0.182535127660096	1.71982316177369	-2.72925776711412	3.5567740252864	3.27613580295018
NaN	0.177973018663923	-2.21894972129416	-2.43863965361183	0.575709073647187	1.27256223485902
NaN	-2.33615643931216	2.24277099416461	0.886422887183684	-0.938911269162213	-4.26743659380479
NaN	-3.64161182723956	2.02677290185678	0.965304100590919	-3.49034036992581	-1.40843556977931
NaN	-0.0447124685814661	1.55477754271518	0.902287314569319	-1.54996231257141	-0.570702746516271
NaN	-0.649005561721544	-2.18498540746686	-1.11276743878712	2.05406783879593	0.244229379898751
NaN	0.223812535472808	0.140299252648126	0.129069040637795	-0.363815058328232	-0.467377745522391
NaN	1.26682896657957	2.99904996658549	-0.0412334658289685	-0.206489040393242	-0.705922400447327
NaN	0.777806000756387	1.50195996984229	1.89555066456662	0.186995422615852	0.434851264410327
NaN	0.405642822689416	-2.6281492200446	0.269311677496083	-3.56278622869539	-1.75081008411281
NaN	2.24916402234298	-1.48045298499963	-2.32325370503826	-1.98205533987045	2.99156893016807
NaN	2.49221544310971	-2.79705561238249	-0.910191574137744	-3.666056049093	0.377814547594007
NaN	0.856751611090709	-0.316111644633807	-2.65321143284741	3.46559229076105	-2.64426362199839
NaN	2.68030050460843	0.557973325230272	0.523959969457458	-1.62579051975588	-0.347373491936452
NaN	4.82130781944311	3.10299667460373	0.474754193728011	-2.26799349244256	-3.17959832645149
NaN	-1.77860071079907	1.227199915628	3.09824340895609	-0.191117101998828	-3.75080838056636
NaN	-1.20864761048189	-0.18338244015258	5.14440251801037	1.71823694620309	0.931721571029646
NaN	0.624815101696868	4.68610206919432	3.30633025379301	1.24415100633685	0.965447907545656
NaN	-1.01591424155498	1.40314859474888	-2.47018767137639	-0.152725784021555	1.54117824492342
NaN	-0.681149331238709	1.75626402160227	-2.69557239960235	-0.392537916667486	-0.89713616092414
NaN	-1.65295615739282	3.46250901599192	1.11452065252888	-0.870205735521846	-0.267630011351886
NaN	-1.61333295158826	-0.191515947186502	-2.48413908946993	-1.48943674775692	-3.01001236252369
NaN	0.837472707158134	-0.566893837051134	-0.221429117812108	-2.81543803322989	1.45634361654086
NaN	2.18103875442797	-0.372678143854471	-0.136654950812527	3.59409549228093	1.29682648855143
NaN	0.789523700204794	-0.14799408721677	-2.3926817324454	0.479114974110353	0.812091850037552
NaN	0.0220778252666479	0.710765309104096	3.64654709348595	-0.305218441863316	-1.69153014493782
NaN	-0.169150214667386	-1.77483023377527	-1.61553842095275	3.15046028730296	0.662480195622323
NaN	-1.22784036103967	1.75310725443261	-4.17050539193966	3.76092613914189	2.96257565698525
NaN	1.51837168820025	2.82421959216765	0.190957476850346	3.37427781549687	3.27858747379336
NaN	2.73851967891267	1.47629829403615	2.8756643196534	2.44317997050933	3.12981506704258
NaN	6.45207316271919	4.54058872190887	4.34402994263867	1.16870624705225	4.23634514456844
NaN	1.91653454777866	2.43504868930292	2.98064676564696	0.158695576882633	3.57790849886936
NaN	3.63068746060955	0.956529006759279	-4.31461461761555	-3.76775049018704	-3.43568393898214
NaN	-1.2790431705747	0.698147896292369	-5.49760102601589	-4.39559474791635	-4.10414861548186
NaN	-0.301901429781116	0.224522497025057	0.0388102303629403	-2.24806065307522	-0.434977936942114
NaN	-3.08219668426339	-4.11605650534234	-1.6631241546524	-1.68711892255274	3.06686853288298
NaN	-3.50369407903558	-1.02232352596545	2.07942108752691	0.0723884797938195	-1.15997616469164
NaN	-3.72600653143255	-1.84006261249	-1.57394335291083	2.8829796751207	-1.56241038051205
NaN	-1.78899214139404	0.324660900393852	-3.13715836411766	0.678044372091541	-2.42217659202034
NaN	-2.64870765602517	0.796094093683445	2.13639456900284	-2.8926102514512	-2.4170191891021
NaN	-2.43333143470898	-2.45250296494484	3.54689507699562	-0.705956957964428	1.44206977702613
NaN	-2.13930113914445	-3.77777255556859	-4.42653103804395	-3.70836258494359	-0.220934682110329
NaN	-1.08924688161571	-3.15161466355148	-4.06922987514746	-3.57922072451199	-1.28317275418834
NaN	-2.12258124837422	-0.967764517935103	0.511202164670732	-1.06676227341161	-4.77686562112641
NaN	-1.57160299628545	0.717882819397837	1.73138040685787	-0.621055548300184	-2.9425501031784
NaN	-0.721606530480036	0.167628041703176	-1.57467759188742	-2.07110703457425	2.25950313284708
NaN	1.10446797296959	-0.464621679033336	-1.57796275556443	0.259748083224975	5.84109566310818
NaN	1.35867145250508	-0.391830857099667	2.55182013922104	-0.669199354247914	-0.045126662618439
NaN	-0.460630537463463	1.9186533345856	2.68255568098251	2.45838947268571	-2.419411201634
NaN	-1.08498950946701	-0.543638918484148	1.17763983386623	1.48589651934305	-0.612072534664795
NaN	-0.624557907643726	-3.00202183525549	0.806257385026005	-0.983188043928193	-0.868490546153532
NaN	1.95898697457542	-1.82333253164051	-1.00952296780001	-0.235260719501411	-0.386625993257618
NaN	1.37328544198932	-0.101714525860452	-0.181842550590777	1.84840063216978	-1.31176727392972
NaN	-0.736777101306411	-1.28390017423296	0.359984447587223	-0.0318396564687395	1.69159706597441
NaN	2.27212242962307	-0.0781182238216248	-1.17784144704626	0.696285266356418	-1.94788974395398
NaN	0.0301117938243857	-0.122587408958095	0.505515309824921	0.7448719575923	0.465179754191195
NaN	1.75531868141879	1.27152661020384	0.410114191154994	2.1444788701708	0.484497535231134
NaN	-0.831499545580421	-1.9483426362315	-0.631216620205114	1.89533590290417	0.80108593072151
NaN	1.72915430670749	-1.40952664368436	3.81223181744144	2.88141034793256	2.12104694491339
NaN	1.85549406656856	2.52771445852466	5.34943749812668	2.25926421647571	1.72678641512436
NaN	1.28002119156933	4.69391656871073	-0.841366510620639	1.90188790236012	0.561439464387938
NaN	-1.15213822533113	-0.577192626241436	-1.56837580381734	1.48652425814764	0.34558856708274
NaN	2.93879675550067	-0.535942715925395	-0.24193284063192	-0.358097448905065	4.76938788413571
NaN	2.62734895917248	1.10743097484885	-0.600174954356457	-0.661063020112209	3.05167784236478
NaN	0.71131948508169	-0.728153928672821	1.98265002662548	1.07975036011856	-0.566417596898708
NaN	4.01204629626783	1.28890464095076	4.5209543573842	-0.302716170007441	-0.438233110537045
NaN	1.79373492428136	-0.161308321669148	3.35104987671834	4.55226486641858	4.69833790077746
NaN	-0.0666016814738052	-1.02831669124864	-4.95073340022845	3.67636611118178	-0.614297024683744
NaN	-2.20850419304284	-1.70316233173989	-1.25211886369668	3.15356131517877	0.847500096015649
NaN	-0.0585680671226714	0.853628945236823	4.12108434937147	-1.1805008950468	-2.62258514421648
NaN	-0.457740708889157	0.687144038096047	-1.84263800630656	-4.69244015138813	-5.11923986335293
NaN	0.499917441588809	1.54142698156079	-0.726912232914272	-2.574877958678	-3.01550264810977
NaN	-0.504262962294183	3.28266107051449	-0.645178933624926	-3.2019843036355	-2.59714062700934
NaN	1.65258942770995	-0.914357169171573	-3.0001992662461	-0.530004843498081	-1.63735056759652
NaN	-0.430337923752096	-1.33440273204645	-1.19169098803296	2.72555176937961	0.893301805163784
NaN	-1.0425331185532	-0.674984608368957	-0.752045439295143	-3.1524731431538	3.23702605224119
NaN	-2.29112068986453	-0.710420776599743	-2.18005853277122	-2.89063478188289	2.87279483084109
NaN	-1.51415163552058	-0.155817270688109	-1.43451555004491	1.41204065299338	-0.713394205918981
NaN	-3.87627789122848	1.05191427210927	0.540045634218723	-1.37093685819182	-1.39755561431659
NaN	-3.08238243511077	1.2448542981688	-0.0553547815954637	-0.58450757761822	-1.52669176896648
NaN	-3.11638980519943	-0.848623260259873	-3.26102631451589	-3.33370927173641	-3.70873567153415
NaN	-1.18689405479921	-1.26495019735741	2.07946824741189	-2.65137683421837	-2.73446161634632
NaN	-2.66558585693705	-2.73293719980536	-1.02973688409187	-3.21155085039398	-2.26779709876866
NaN	0.128812156268486	-3.43596277971131	-3.50754377275035	-2.94370746867054	-0.758566521283513
NaN	0.0760194947656782	-1.2422814557238	0.407878716198364	-0.64441293434412	1.41980187371496
NaN	-0.0365158874466024	-2.07672575121972	1.35565936963006	-0.487780866335869	0.481110393071403
NaN	0.0365020391523371	0.77005179568312	-0.17247030905618	1.98372108189896	2.19802458629869
NaN	0.249845274325557	1.19257762688197	1.97906556795526	3.88889990429603	1.19111242338242
NaN	1.38573437025699	2.30067535965324	6.23100010541729	3.57190092141673	0.555035938030765
NaN	1.2367936273909	1.27133935361568	5.07547917797828	-0.568515242982586	1.68863598878253
NaN	0.759122020439623	1.30025610568371	-4.54257929207784	-2.24772769206438	2.70505758931921
NaN	0.695087813055287	2.15286980667645	1.20053547867786	-1.16301981675009	0.821973937226835
NaN	0.220271503829343	1.14248575687399	-0.771348290472266	-2.75095453186582	-3.3316077757132
NaN	0.0610957501021886	1.08300022202854	-1.96372297459862	-2.42404912278848	-2.00613131945939
NaN	-0.536425121070964	-0.203834303282634	3.81119792713913	0.753406834071654	1.07538259167204
NaN	3.03317582627177	5.93609010571522	1.61754356580518	0.0634163765059401	2.33454187691169
NaN	2.19779260473754	0.238817203595608	-4.5119106588555	-0.882490759711763	-1.05115653722022
NaN	-0.49646114662978	-0.608159900827925	-2.31778147827575	-0.942046164542733	-1.1508276572935
NaN	-0.484855571169801	-0.207422326675593	-0.345924188288408	-0.370406968626956	-0.584689943854995
NaN	-0.685374696031494	-0.339064807936357	3.99480332521405	1.88393922467129	2.84919746235324
NaN	1.71642785750084	-0.300914938058904	3.90494711421586	4.06486127067086	0.00301893610678458
NaN	3.94312395950532	1.96681183695869	1.04774330209548	2.44691806633786	1.56645404494334
NaN	1.98224027537566	3.47120263339525	2.85515344530952	1.68311559992219	5.81210869193456
NaN	2.34207798702301	2.29103635767202	-1.40689422207874	1.22442235214331	3.36997672674294
NaN	-0.928162596251088	-1.72982652377477	-5.31815512578679	-1.90601000210379	-6.25202198015745
NaN	-2.01877452729848	-2.75298877633594	-3.98291998730561	-2.89035369861262	-1.93785903089048
NaN	-1.62609552282164	-4.44510256075562	-3.55099626506197	-1.33357345572837	-0.27643208100053
NaN	2.32130144703301	0.444933729276095	1.0524988303366	-0.216082486140833	0.722570492371568
NaN	1.69180698495028	3.74901807209634	1.73591419759576	0.64181405633986	2.89297413467687
NaN	0.599878693994288	2.73788768476303	0.557768226882556	0.470004754991436	1.72035004245143
NaN	-1.48738875043349	-0.653276984506534	-2.24786637295094	0.343361808403698	-3.40978798600678
NaN	-1.20787301037045	-1.65909656708194	-1.77393779811136	3.71469783327859	0.906777762585861
NaN	0.434154636618556	-0.750728432521151	1.2577281839183	2.20708264969167	0.200535006769101
NaN	-0.150104345732319	-0.0714889356632981	2.87029278686447	3.15487374247369	-0.555034218840154
NaN	-1.85196830469637	-0.240362488793925	-0.0872138655517441	-0.521173396480552	-2.65274916283152
NaN	1.81384689370053	-1.35578243630998	-5.03767987734283	-1.00703516056194	4.4079259194689
NaN	1.873109624388	-1.04979908591261	0.572196904574752	2.15503465183288	2.85843755814379
NaN	-1.09460975153464	-2.1823121374	0.832817271442969	-0.64595952894733	-6.48833792814833
NaN	-3.55329575304808	-2.6029095606978	-1.52370173254275	3.78676633355835	-1.75157442861875
NaN	-2.54034079003251	-3.45308346029959	0.857587374119174	-0.342717184590564	-0.965389761350442
NaN	-1.07857161123089	-1.53347900186223	0.519537818409986	-0.220344719240152	-0.469260507953068
NaN	-2.6609229795923	-1.95874341640889	-0.488399916215278	-1.34757251669815	-0.851013994557899
