NaN	-1.5420119647336	-0.522989034508777	-0.824243688021897	-1.28589069989621	-0.791055833379143
NaN	-0.0101061690232503	-1.31513586473102	1.20626442028854	-0.391048140269829	0.124175755089295
NaN	0.50661853986577	-1.11696752166385	3.28178464130265	4.19069439079411	0.582319657519302
NaN	0.454830844482958	0.33691181999372	0.432438405654996	3.95735073428941	2.24567539793417
NaN	1.74983941191822	1.60120619449325	-3.77502492967303	1.64801755218115	2.9342502442342
NaN	1.24811902278305	-1.80823526837681	-2.20323565204745	0.320120093412686	2.67493163253875
NaN	-0.814718795832687	0.4074481318239	3.31428982181116	2.73058698911757	-0.421237587149451
NaN	0.978208188113232	-0.116069460939122	2.08172781800378	2.31921939169408	-0.505437139143686
NaN	-1.50923766894352	0.0772070116588128	-3.68945245566723	-5.74772814608734	-3.11734871347923
NaN	-1.07645949834168	-1.88474311431631	-4.66659358555056	-6.95947492101854	-4.84817896130486
NaN	4.06649737383979	4.59865893165258	2.56527902132584	0.503242928633751	-1.48562808589862
NaN	-0.750435424040549	0.599171348081872	4.06155146835555	-1.76115645182961	-1.99793820640222
NaN	-3.68060791707044	-3.13368818320776	-0.636457590445322	-2.60941667332372	0.305051264035657
NaN	-3.53937282856765	0.0746797882240057	-4.66932911720266	-3.23834447622863	-3.30175158799032
NaN	0.547044099005939	0.0689860378715301	-3.15464191864037	1.59261289956337	1.32296773185584
NaN	0.267918355792102	-1.11448086868755	0.898663532472121	2.66670427652215	2.09063248325511
NaN	-0.313610382071928	1.49111774876767	-1.73007633943878	-2.4707097090279	-0.998399022777152
NaN	-2.39707048015982	1.14371423195318	1.17498662484408	-2.91726824488092	-1.81569650418702
NaN	0.993782285466543	1.30848802224745	3.06900200292892	-0.866563969415278	-0.691852990397156
NaN	6.91972720798138	6.87815942673776	3.91537966980354	4.39255722721413	1.98565878160035
NaN	1.82864774716293	-0.591589387884597	2.67630326869318	3.83327487504417	3.25064792752408
NaN	-0.684550555575182	-2.81267932606139	1.69388893513273	0.766489559610579	3.16603306186551
NaN	-0.709438384191127	-0.440712393705409	-0.0729744845959409	2.44119358798101	1.12487486249101
NaN	-1.97032170314934	3.47239567417677	-2.12180963140322	-0.560930791855816	-1.69450557268796
NaN	1.55934932007984	4.6064283561131	1.41161426527775	-2.57290852893225	-2.88096537249422
NaN	3.95369470666973	2.08496398675338	1.30236511477558	-1.45725533585894	-1.67695532936475
NaN	1.32778723515728	-2.3495041998362	-1.56175513393805	1.26708177375514	4.48015312924998
NaN	-2.02354288224667	-3.9929118830533	2.81379733840885	-1.01453234185682	2.6527607062211
NaN	-3.51849100381988	-3.43477265818818	-2.1018821618811	-2.64534012518146	1.09082231623233
NaN	-4.10523076471344	-1.33430581368681	-3.60852120055759	-2.18330249355373	-4.00201431040315
NaN	-0.598000098187553	-3.51496370980426	2.89475304163211	-0.0676976854647118	-1.81226713742067
NaN	-0.374173677781761	0.414907577191443	0.56957752415119	-1.02604540209703	0.104134132499272
NaN	1.48511969181251	-2.38045864414912	-4.49974875041492	-1.21230843340326	-0.947778737340608
NaN	-1.54029483165442	-0.47725459912001	-1.2637071719216	-2.19079502618415	-0.537948432774606
NaN	0.199937343732461	2.51119545354136	2.10943971367065	0.934499562452074	-2.20956431077392
NaN	-0.759351297821813	3.91232223432618	2.30946520146786	0.416745389502327	1.9296576191465
NaN	-3.72732831122409	-3.00010046318295	-0.244566531504412	-1.26836456759982	-0.316066453410625
NaN	1.52931884535966	0.610568989634979	1.22733057850819	4.3075532945946	2.81761854901722
NaN	2.14761131618365	1.85514183083962	-0.211886515939107	2.24817487929051	-0.401936806096516
NaN	1.18508118652967	-3.64060210607321	-4.54930662088417	2.43786611629028	-1.324898468454
NaN	-1.06463867606602	-4.33024406539629	-0.210529815367399	-1.51398862332002	-2.01376314166957
NaN	0.00696297875791463	3.86088419659145	2.05439831039189	2.52303576388595	-0.883057107655911
NaN	1.56492217232319	0.591241332354606	-0.0302322130522709	1.68063702477733	-1.04218751308008
NaN	-0.80808337567058	-4.09068160932223	-2.52087974953915	-0.68409955112121	-1.9100521824014
NaN	-1.52584078277451	-3.4500374954054	-2.02393383797954	0.338026959474764	0.341780486530311
NaN	0.720873498658858	3.5463101143884	1.63519324564222	0.65526229638422	-0.391631687900412
NaN	-0.00140212806358653	0.670471981863961	0.719307830846434	1.51034673581414	0.203935134458867
NaN	-0.374807098556817	-5.13164716117271	-3.05104114138049	-0.641117133216256	-0.501865530338173
NaN	1.82732117753905	-1.66046260801961	0.530704524867692	1.46449362394883	1.42698900358702
NaN	0.0824141972017682	1.06471443783275	-0.0575051133593855	1.63798567449845	1.23501282633425
NaN	4.98040258574828	5.08508560565179	5.82890367143137	2.74696096750578	4.52141939168313
NaN	2.08933656415081	6.83214876394294	4.15735482779071	4.11036786185713	4.41116455454205
NaN	-1.74546393669482	0.726321523143245	-1.98963701288486	0.599332395672999	2.11723966133132
NaN	2.58558751235587	0.77687793430058	-0.631446977687029	-1.36118359152081	-1.69726678953378
NaN	3.66413739567741	1.18408229641087	0.389475473442751	-1.7350191819564	-0.718032001112837
NaN	4.02628091148253	0.178727443241672	3.82479095250713	-0.066646060480247	1.58877326000586
NaN	1.81361669043552	-0.307467259007902	-0.316408300673822	-0.404984132994888	3.50720289725288
NaN	3.47565406814207	1.02452641161237	-2.96367437622224	-1.33104757541637	2.5364111465726
NaN	-1.35349867021707	-2.9106608269587	-0.554386627413685	2.54272412257332	-1.98576843412984
NaN	-7.44484784980712	-3.60959334322317	2.29764922304483	0.62038972659674	-2.90817710241588
NaN	-3.91585197000243	-0.86683982908757	0.782105855091578	-0.899209200394748	0.638116773692443
NaN	2.1273526472341	2.32448016388412	-3.6483324954194	-1.69494525937985	2.01506973466614
NaN	-0.190337758269695	4.68608708213718	-0.337233679887299	-1.71578948644997	0.206049042877119
NaN	-2.85571805232747	-1.24365798724542	1.04399224061035	0.984879125362617	1.35935463441141
NaN	-3.4002388563133	-5.47032104945262	-5.42120537171695	-1.6664559859084	-4.031262801292
NaN	-2.1162378449747	-0.337912297862852	-1.11827949747502	-1.8023594694251	0.289050021325384
NaN	-0.836886767200255	0.806330584784809	0.416092290815721	0.602347605982493	-1.38107237375617
NaN	-2.86123079453488	-2.71444030536771	-4.10230872575892	4.51893923424047	-0.406915976818504
NaN	0.0150709464415834	0.964463439485336	-1.35387899585825	3.25979958301259	-2.60466864961525
NaN	-0.991152021308587	2.04848005129042	0.95934239536579	-1.04546936585619	-2.56658834627106
NaN	0.59532126386495	2.09360262364349	3.61884641689547	1.78185344608445	-2.41697051227929
NaN	0.586434431567808	1.55713724929343	-1.65975911506795	-1.74827228734495	-2.84768691267199
NaN	0.52940208684756	-1.12737425195677	-1.75092503299187	-3.96409931359756	0.0245793349948218
NaN	0.332078750948843	2.67837687295394	2.4111746941774	-1.66854974446911	-0.22080704060744
NaN	-1.26121510508418	-2.70687187960678	1.24047088588238	-2.05871533580859	-0.96377231366126
NaN	1.85476939368186	2.38856627649089	2.43423415373848	0.00992335424617731	-0.43346337885257
NaN	1.13532290834803	-1.37114637293943	3.91232774281983	-1.9257421874514	-2.46334863159516
NaN	-2.02544481370798	-3.40248485872992	2.16415137746738	-0.0745518752791262	-0.505925248091575
NaN	1.63908113110153	-0.961604972414093	0.303781519122976	-1.05061745770232	2.68654471931761
NaN	0.0458992914292097	-0.517611199324832	-4.91398845531061	-3.10588145535974	0.181609891748589
NaN	3.07164734600255	0.729396225891831	-0.504514524351836	-3.35839686972033	-5.14461292097239
NaN	-0.148885809320151	3.58598560080987	0.929632538015493	-1.29142580204938	-3.42409434447254
NaN	-5.45798240006679	-3.62606578339247	-1.83761079084863	-1.47360146869453	-0.373520868768274
NaN	-3.07304328288813	-4.16293907266332	-1.60499634034896	0.351704581104301	-0.902904367011006
NaN	-0.454010358442803	2.22788646316372	1.36039336641661	-1.42383411549138	-0.563871757630466
NaN	-0.152145126919174	1.29209312334341	1.13173825850734	1.87332589889725	0.838816468993885
NaN	1.57870173771853	1.87580983504921	1.86572177305465	2.36649010760866	2.43385181445016
NaN	-0.687628712939921	3.30040344374115	1.98897859255047	-0.589743679340824	3.65753144221861
NaN	-0.505830644474378	-3.49328705317379	-3.22342903296395	-1.45594306018243	1.12212109077532
NaN	-0.689418296213967	-4.24321480820953	1.06629749619706	-0.645088387515544	-0.526967191325355
NaN	4.5040073838452	-1.32122536626634	3.03233796741911	2.41914837533499	-0.138339225286247
NaN	4.33070376196303	1.23525310188782	4.70051425366333	3.69903869879634	3.49831202380883
NaN	1.42987093274083	1.74247148807492	0.637825076224838	1.3428269764823	1.20238499766442
NaN	1.29862925191864	2.92549657056907	2.08600529945524	2.14271492359532	0.840680661498461
NaN	-0.850944033861664	-0.892080725813361	-3.42077930668633	1.59194519913803	1.84500343687662
NaN	0.0621829967490875	-3.24600697484212	-6.57336635097474	-1.10840528935022	3.79289365229091
NaN	-1.15098828551988	4.60312775480903	0.755168081362757	-0.924037313964775	2.82136017210293
NaN	1.17855083283847	5.34503302766525	-0.578569559899382	5.43218958066337	1.50400934360151
NaN	-1.36191352602833	-0.445839712765309	-0.157696857631956	2.61665974585567	0.920353168441115
NaN	-0.0262111939117698	-5.05279393138196	-3.60937679951805	-3.04382595897304	-0.763295596629714
NaN	-1.69486377401208	-4.85491405321676	-2.14112718305599	-5.92422181766169	-2.86638712231305
NaN	-0.57585827396696	0.734197478816767	-2.00698904171304	-0.780520562074742	-2.74010266985369
NaN	-0.118169307374337	2.22818585839949	2.16739142349957	-0.452009743451485	0.697591451160511
NaN	-0.156414855710715	2.8274356423234	2.68505582190207	0.310303511464078	2.46668769503394
NaN	2.58297718331288	-1.69048587524443	2.60323249077934	1.52306621018215	2.45755863086385
NaN	1.81081127309362	0.421780320376336	-2.17231318716234	-2.01280867593415	-1.56651569443689
NaN	-2.92663655204798	3.47173814164581	-1.12495631682344	-2.55537238610789	-3.2910418684263
NaN	-1.6247904293854	2.24129780279962	1.89962468030653	1.17585586981943	-1.59288940129181
NaN	-0.863449130631927	0.411484321187446	-0.386959113571042	-0.454583131017014	-1.47612893976202
NaN	1.77207180805972	2.24376406414178	1.53864619355648	-0.432621682076059	-1.54847523778088
NaN	0.38226447774189	-3.97446771530201	4.14875418517615	2.44390407174293	1.03976047688909
NaN	0.952199491675988	-2.62034043276356	1.46773786614428	2.33420127360782	-0.399444263729253
NaN	5.19259633739123	2.30242660825724	2.69998142626608	1.38150760968844	0.849067520200098
NaN	5.47735098349246	1.81925599116575	2.55869874290645	5.25132211096421	0.507506480506664
NaN	4.02026312797542	2.05200154211317	0.769302589372637	3.41611095312255	3.38147766473146
NaN	0.720693234817393	0.293492564652243	-2.94860878591093	1.57714737636516	3.46568144962547
NaN	-1.85278675230289	2.74257551557372	-1.04669290081523	1.56853329478186	1.85309688224682
NaN	-2.13378740325908	0.491823728564555	-1.17699921730189	-3.43857701606423	2.02014601160928
NaN	-3.45815630847238	-3.8355989008852	0.477126072520144	-2.84378491401307	0.988707494744939
NaN	-1.76250746038735	-4.19800385026168	-1.49683790575753	-0.62791056238566	-2.24524686627938
NaN	-4.91850679005412	-2.91927872546299	-6.85184524909827	-1.63739060886032	-6.89932836579546
NaN	-3.05857463052322	-3.51479523099856	-3.70839003325221	-2.18739027483169	-5.76438293471327
NaN	-0.842852250218217	-1.12307169837683	-2.58609621205361	-2.09715439738269	-1.63632631890876
NaN	-0.296759462652824	2.35253061486992	5.0784154219821	0.843894734038546	0.0475523160180477
NaN	-0.930345170179502	-0.922479594570735	2.25795971797575	1.19375083525765	-2.42025258393003
NaN	3.79000540974188	5.38682317269063	2.6680002740219	2.68352390166574	-0.220307674906118
NaN	2.86415681674325	3.3079781044373	-1.02413925247778	-0.872081318602739	-0.634654297253856
NaN	0.189124705942636	-0.239999404632518	-1.96150045287113	-1.13071242991559	-0.701699234394084
NaN	-0.161770281298091	-0.337163929459885	-2.09730542965807	-1.36144833947865	-0.365251686147956
NaN	-3.85589945439611	0.108429815828556	-0.340080997858812	2.59809045631927	0.751995521492916
NaN	-2.59799901296564	0.877835786965418	1.47526555816689	3.57803772892942	-0.771110461031383
NaN	1.56413463169518	1.06198531489787	0.431718421015606	-1.56703590835743	-0.402193731089226
NaN	2.68516478246494	-2.06955299103615	1.32899166146051	-2.55441960624211	-0.307639309330048
NaN	0.463126942068023	-5.39675521737999	-0.305895634330324	3.28072420181405	-0.0931872487224478
NaN	-2.86217281679315	-5.04948818809963	-5.64494152957404	0.888883294117271	0.861025449700298
NaN	-1.91431132456017	-2.02050739370191	-3.1153986463048	0.846374133678284	0.879691921158993
NaN	-1.65265943490079	-2.23203195297593	-2.15216748428108	-0.927195588906217	-0.400545457347617
NaN	-1.58809995090761	-1.28921091357183	-1.50673892658205	-6.31852001759095	0.592596008599051
NaN	-2.47354641079954	-0.735978646033361	1.74747224810733	-3.41544071095087	-0.949976330271309
NaN	-1.45404798467227	0.753402518846708	0.226870897505156	-0.483162789418104	-1.6468459194221
NaN	2.09584347112695	0.705720024407419	0.173689274274146	-0.692554635721209	-2.62262434082269
NaN	3.43168128796367	0.651289000737686	4.2879711678094	-1.1213308190547	-0.80806579630307
NaN	3.52538412488306	1.95878038908532	3.38559969247712	1.54687516404099	1.00836153004864
NaN	-1.37689098666698	-1.5179387228546	-3.72618579806585	-1.24888348831976	-2.68952992061008
NaN	-3.94357853134651	-1.92208808197481	-0.0656031639132919	-2.50700329614913	-1.51585625000066
NaN	-0.604493534679108	-0.744129022870226	0.734104511497499	1.35720639054975	1.87889124056825
NaN	1.17009066420685	1.33131644353622	1.13138552936471	-0.420237087243767	1.50624698958687
NaN	0.979128999477781	2.6311737327551	6.01939271782593	1.03360765827282	4.35352055863176
NaN	3.53470983786956	5.04959417621135	4.44484774132994	3.22845196253052	5.51758476540171
NaN	6.1937926804092	0.744547469964365	0.698585690622508	2.98919461221029	5.47561322154443
NaN	1.70816257616104	1.28075653821025	-0.395243701809997	-1.67462609020704	0.218015761436875
NaN	-0.0308178396464065	0.714037925738759	0.585214292609262	-0.398907687745777	0.61254027864208
NaN	0.636562047143832	1.9654505963847	-0.839863541989694	-1.54562124425224	-1.57890624857936
NaN	-4.5187734941948	-1.96057053406919	0.0778511344355373	-0.747819617111725	-0.672100733267893
NaN	-4.4824236102058	-1.76088544249455	-0.44811257967233	-0.0577561000018084	-2.1937793321732
NaN	-1.78212885455209	-0.462357513962709	-1.96166257058302	2.59692019462958	-1.05687380172332
NaN	0.152322724032333	2.40322976565003	3.21063295751228	0.171218761082636	4.35769160401948
NaN	-0.380337467628149	0.138960652597722	4.49326630397231	3.12013696441222	1.9058795890506
NaN	-1.39344679060294	0.0359634719389552	-1.14700691709183	0.368630598719692	-2.61358767475258
NaN	-0.795130390323841	3.30665215403382	-1.66969779518086	0.483619413169468	2.86614588649227
NaN	0.848864795939306	3.27218059578522	1.57594600549298	1.91251428115975	1.99394786864513
NaN	-1.20399401163246	-1.00551373769678	0.950082792158747	3.88590700542639	-2.10231711086245
NaN	-0.246721163507007	-2.0600246753786	-3.46141096154214	-2.33925532544364	-3.11219910398146
NaN	1.74752445532675	0.225732368608331	2.35807625457337	-0.40448467787714	-3.59976048699074
NaN	0.467822657743394	1.43942946198352	1.82479866843065	5.2805011802227	1.28559292065295
NaN	2.55838709198403	0.520249569561644	2.11594773503686	2.53455109031444	1.92403524966966
NaN	-0.283014339540238	4.30913055092851	0.117661976623165	0.831277064377092	1.71476284603631
NaN	0.306439956958133	-0.801681277145261	-3.1364386748824	1.22506721362578	0.64530431844122
NaN	2.1582686158541	-3.50977828552193	-4.59573188670926	0.557789319881779	-2.54867482328631
NaN	4.4542819285421	0.921494460169906	-0.344880189836866	-2.93863926571142	-0.90367495896543
NaN	4.44376496204925	3.47464792849486	-0.0528205100242798	0.0844480858954105	1.40313274851972
NaN	0.403536933285715	3.95203620820676	1.09087328928627	-3.6122320576233	0.170366448355562
NaN	-2.30690409764138	-3.12918775256726	-2.09689344570362	-3.37456799499555	-2.40590690666911
NaN	0.0492344731376321	-2.43446793110599	-1.34346850872169	-2.53636373667307	-0.581835571693377
NaN	-1.41425530000737	-0.392942889293395	-0.265855896498385	-2.30352612844144	-2.63529775035555
NaN	-2.60819450666872	-0.0307997945571828	-1.46219400300673	-0.034177203349956	-3.49444818275726
NaN	-2.19873610859033	-6.39150078191072	-2.41590137987248	-2.12850265324022	-1.69144011452666
NaN	-0.164248457970406	-3.2151969514583	-2.62840710694576	3.40011276025858	0.777111061406958
NaN	0.933422847056668	-2.45727201704439	0.286699147784054	2.45058229783957	-1.01283664385015
NaN	-1.65380713256519	2.05161115096704	-0.131194964281629	-2.51070826967866	-2.29272465361571
NaN	4.19457795840327	1.25146654325584	0.362357360919643	-4.35493346351882	-1.73717200723127
NaN	3.30411065334043	-1.35377803450571	1.26413960436213	-1.3966665544296	-1.25557396594695
NaN	-3.01378263513051	-3.90072482097937	0.14832926919384	1.01559443415951	1.47335646446417
NaN	-0.459078230508088	1.4561406990515	-1.93756836164824	2.40224265766192	2.60394536264147
NaN	-1.50461353469142	-0.128113474862837	-2.29968195208595	0.175837760384274	0.402885248260474
NaN	-1.79100074145522	0.654003669511736	1.2642717000294	-4.23963016531987	-0.789276856936103
NaN	4.77099295134209	2.335239228022	0.808940571006544	-0.537488045480108	0.531308446117115
NaN	2.73020642115084	0.659744610500065	1.73106084606129	0.879472808293346	1.61651312193776
NaN	-1.20376124716351	-2.41357767655473	4.00307807789267	-1.02271385371458	0.802384184839432
NaN	-4.47439152397781	-1.19660399109902	-1.90548337261058	-3.35829666528769	-0.570556492269725
NaN	-1.54945671479101	3.08910105279919	2.51861486960154	1.41316745003463	0.181157975712798
NaN	0.197577175296489	3.01102321616561	3.1030084799693	2.95496252726574	1.26879771435085
NaN	1.09259007067513	-1.77633987598222	-2.69169310290846	-0.220565039094234	1.10838509385379
NaN	-1.28822033889089	-1.04048321862071	-5.84654921341746	1.69146280901313	2.63175133737645
NaN	-2.64910399313362	-0.178958921221177	-0.755652893226374	-2.66015961344918	-0.48784706509042
NaN	-0.883091619640598	-1.05165660974121	-0.710697083078529	-3.40366389416691	0.463858089929247
NaN	-2.07822692762259	4.51237245272832	2.28485119931093	0.877394456794702	0.55292143451847
NaN	1.52263124503943	2.17730030790988	3.54274397743649	2.57468956153161	3.53145060946022
NaN	2.20409366190397	-1.46755298044481	-1.90287098023343	1.08811065957574	4.33580936301557
NaN	0.649224114587368	-3.36144010877097	-2.32718764090192	0.361691716096873	-0.205282426999457
