NaN	0.120247517008202	0.930603403128186	0.695795838362106	-2.42949832411956	-2.03148178704773
NaN	-0.661613109659419	3.28765195456414	1.43026489288102	1.05555828109116	-0.67243425673892
NaN	0.197684578299013	0.795841508961859	-0.188502294146628	-0.246166883511404	-2.37316666090244
NaN	-0.76774555415788	-3.47121699794258	-1.88989882574977	-0.0231282903527073	1.02057782654577
NaN	-1.94269659087438	-2.39444713041076	-0.812437820740546	-1.41803944799939	0.806347244963508
NaN	-1.54511814238964	-2.07978118051625	-0.21997836307813	-0.433236784673674	0.265433171894219
NaN	1.78079434543554	1.64105503397421	-1.92497415494457	0.232241073574911	1.17689385307489
NaN	-0.675260379845157	-1.01981254860119	-0.402553796008064	-0.0610717040992779	0.275865251504701
NaN	-0.605001932843108	-1.04925153900146	-1.73146044880515	1.58268636328785	2.11173615767398
NaN	-0.842634743364632	-1.60707753491615	-0.766271337861303	-0.0161882046954056	-1.56940087178949
NaN	0.745756103383263	-0.870965587942697	0.434287628100656	5.68199356032051	0.0766941527620413
NaN	0.0243369677673326	0.595818573604383	1.7469642952777	4.32180372874128	3.09544693795992
NaN	0.90935817288758	1.80248276503034	-0.290491257818629	0.277667950123793	0.529356623309601
NaN	2.67701189144388	2.01275760874432	2.18438599134836	-5.8252355906266	-2.80157645988324
NaN	1.39067589978169	3.78742660357037	1.6221510056285	0.170327933044822	-1.39714876166939
NaN	0.515427574642609	1.3297540525163	0.656719732182114	-1.53787118153169	-0.0653722119120458
NaN	-1.75267558730093	-2.77232994458833	-1.90494620578882	3.11601431425464	0.812805972881466
NaN	-0.0937247627889057	-1.04941628992443	0.519507178784466	1.0384932566816	3.50762387111657
NaN	2.32340321067489	2.51530611480321	2.1522343207707	-1.99518404028642	0.748696424162889
NaN	-0.597782576989528	0.756571726333498	-0.364412402322049	-2.18908485168941	-1.53307584738647
NaN	-0.770230776949812	-1.90667136239397	2.53483368566933	0.483104590670027	0.376164296166854
NaN	-0.6808058399089	-2.4928193345891	-0.123125211604477	-0.866295413381216	-0.591227293734428
NaN	-0.0850200252530107	3.34292774002205	5.0484917464852	0.23249012537436	-1.99497715228413
NaN	1.69882577513293	2.56096337590755	4.62803428146052	1.70131011289947	-0.222800659063196
NaN	2.12424956894862	-0.00240113265637716	-3.67246362388509	-1.73956979949872	1.52064782637321
NaN	3.28180407384265	-1.01071943268163	-4.91558073328009	-1.82478845901645	1.18953883448478
NaN	1.99351363182661	-0.50140663740319	-2.15328412775061	-0.807689604404758	0.0736054403224582
NaN	0.560758634488709	-3.25242299684525	-0.682763728564502	-0.569731806331118	-1.11854409918919
NaN	-1.95892739764244	-3.27809479607434	-0.0201452479964298	-1.27154476737546	-0.213952552068098
NaN	4.36698265553523	0.949683591466134	0.311435327007288	0.048937607551962	3.44009885475425
NaN	0.761683048033144	1.98160923993298	-1.69743099440652	3.8215705677747	4.54215289572981
NaN	0.834267158388809	0.773358062403776	-0.416771520579019	3.61981726430944	1.96231859247225
NaN	-0.601139060794704	-0.879598603829791	-0.145149736356112	0.45428762589069	-2.27781203942961
NaN	-5.61709086729874	-2.71596710226574	3.01230017284226	-2.68302519410659	0.407717223125781
NaN	-2.98106585911095	-0.211893060563055	3.06993161159206	0.555616983924377	-0.109890833887855
NaN	2.29564121033618	3.421524706496	-1.07867756996464	-0.190576467182985	-3.57903449230627
NaN	-0.711590010660152	-1.46007866165608	-3.76523151905183	-2.70863959906736	-5.74277600639776
NaN	-4.85000644128626	-3.69581920203595	-1.67434851375492	-0.821010814279641	1.61046437274214
NaN	-3.54720653141549	0.909551861022227	0.368340798597324	1.74305029904097	2.13028405434367
NaN	-1.19252965189732	0.672820722635844	3.84399188915719	0.280443634473273	0.582311996768792
NaN	-1.11114367095486	0.481825317223115	-2.70247557002677	1.20455875034203	-4.73742627307302
NaN	-1.34071327431297	0.585419642486436	-1.61614178271568	-1.25043076137155	-4.43313583114059
NaN	2.9465248973999	2.60979399081018	-1.10133577632564	-0.997902121717174	2.53687114994228
NaN	4.00755119165623	1.60211699360937	-0.228388889123851	-0.805432398030233	-0.986412030592734
NaN	1.6057243661291	-0.208763087106294	-4.08903157064773	-2.43323155729763	-2.025661065995
NaN	-3.91658559004677	2.17109537524714	-0.464304679934845	0.998857161872392	-1.80159838075322
NaN	-4.639000632943	3.01236528534512	2.91320745595958	1.82973916718653	-1.32339935760193
NaN	-0.850597860644681	-1.33816345862494	-1.56402383489854	-2.50970847176351	-2.26976651348834
NaN	-0.380107594141422	-1.17477083833297	1.61720537611728	-1.71986544823489	-1.56953974975984
NaN	2.10498087774819	-0.401712626877198	1.54244140468464	-0.0110037004975407	-1.49709757401523
NaN	5.76037004160578	-1.00383573738648	3.33214125423041	1.68187219733937	3.47295056185244
NaN	3.72892166932232	-0.294658523274998	-2.57560717826804	0.071448347424508	1.34699214243008
NaN	-2.50268901387249	0.230871006702806	-2.7779891353005	0.551434408676005	1.70659452830815
NaN	-2.22384131769231	-1.01323917284109	2.71068912440015	-0.667758058175059	3.29216004733496
NaN	1.73587340085839	-1.18181829531267	-2.33998377968161	0.79586342117728	3.62697515781068
NaN	-3.42910270998981	-1.44982781588392	-1.35375483860704	0.798517252127913	-1.0242461784443
NaN	2.53364173261458	2.66915198713604	0.406781045703521	2.13184268552115	-0.643583185821735
NaN	1.77863728482014	1.87687531917337	2.05243785470451	0.277427300605909	-0.143488861709049
NaN	-3.08363342040461	2.49313885251682	2.43163137903432	2.02125212622753	0.160495229627177
NaN	-6.14861362711983	1.11592136519847	-1.11092170463502	-0.430073654747417	-2.67089158458439
NaN	-2.11755050021631	-4.47069640763161	-0.104324707992221	-0.0479323017013862	-2.75430232860922
NaN	4.69629611947227	-0.898911639644012	-0.41035531138338	1.66935719069603	-1.07368717338414
NaN	2.36723029749841	-1.71906756051733	1.95156286531139	2.72066981698864	2.67052295177792
NaN	1.08352136292025	-1.01553307875169	2.12485179358211	4.4719549445888	4.29443472971136
NaN	-5.52289269114752	-4.8187089304853	-1.71457984272405	2.32298596227104	1.00700773728864
NaN	-3.46736774853838	2.03592065979738	2.45210496756326	0.669941897536126	1.71654457874403
NaN	-1.51993990911803	1.55023348186358	2.3764343916734	0.388726299144876	-2.15639583782776
NaN	-1.75866320297907	0.928670200161414	0.927685691739762	-4.43214246925684	-3.44530301701635
NaN	2.98710343779296	0.105874321006986	-1.3243148614477	1.95827411405201	3.02853555696131
NaN	0.685420127951995	-3.21237236863227	-5.34341818547878	-3.55391097484821	3.17173967334756
NaN	-1.44759819548231	-4.77498952204302	-4.89575739888987	-0.206966159488998	0.149748156511197
NaN	-1.17767186275521	-2.75716736021272	1.23462884039982	0.687600663729745	-4.34526500575883
NaN	0.660354859251242	-1.09327917605287	4.3386382322991	0.0245123146463835	-0.126583810726395
NaN	2.62109436148519	1.68366812200659	3.62209672244974	1.09049227567095	0.534760317065789
NaN	2.12219675240575	0.273911885555671	-0.0744022701385845	-3.78191459949825	-1.56837656309259
NaN	-0.579712283867843	0.608002711149075	-1.82116217982249	-4.41027049420472	-0.453556203734072
NaN	1.32138428595311	0.340828578097851	0.914840263048185	-2.31463272508759	-1.68899888611812
NaN	0.7375878082188	-0.805115394103133	-3.32874085734597	-2.27269111066755	-0.882543640253612
NaN	3.6800616337127	0.935699244458188	1.00683538988545	-0.529199334155651	-1.16261373799498
NaN	-0.476190283310068	-0.0184491544192126	-0.634399080834187	0.649904595914193	0.453407024144258
NaN	0.969765634924779	0.570327302381289	1.85373518738342	-2.77614931803445	0.611219373884235
NaN	1.91926868819756	3.79360292788042	3.39854913275	-0.716555405699982	3.0347283841242
NaN	2.57584906132082	-0.0321581429204742	1.07576381561745	-1.00993461222092	2.84357128483106
NaN	4.83167747166723	2.55059081134671	-3.83548795916385	-0.0287276240207434	2.28158485369837
NaN	5.90097776330472	1.58048469688476	-3.94753436507675	-1.16708937533401	1.14227837682981
NaN	-1.40638003938286	1.1582429336553	-2.77222434331978	-1.66886868231852	1.79343095117643
NaN	-4.9793776687606	1.27059192788209	0.366849450549352	2.3371450475307	0.871311349367739
NaN	-0.317798468277488	0.0100371122150012	2.98375754302897	4.20864295575338	-1.83964363869882
NaN	0.689939547226338	-0.490173925872742	2.98948242559449	1.55686176888899	-0.811265364024993
NaN	0.408470088868217	1.90087195115991	0.676628542868847	-2.83605470699895	1.9482471120821
NaN	-0.338578115722432	1.66732569793724	-5.3847862047192	-0.116014375728287	1.18710313973769
NaN	-1.33857768435705	-1.20465370418271	-3.69592336324107	0.850852214439096	-2.02372128659547
NaN	-0.102384758341159	-0.363456945457982	-1.15648037599048	-1.33079429991786	-4.66707085449505
NaN	3.58925226848355	4.45990177927958	0.834388025151543	1.04493307519593	-0.512736353586135
NaN	4.41807063597633	3.7915842334733	3.47493121014994	-0.742751344951317	0.896110372386627
NaN	1.46610350612425	0.756259528388718	3.97443064676081	1.13475868409798	-0.0730267468642926
NaN	-4.15016552396711	0.87612590037754	-0.658361482095348	0.110442923034322	-4.25459662482069
NaN	-0.611066537799443	0.240317253005801	0.888610197452894	0.296065930555263	-0.906285560855418
NaN	1.6425532178309	1.58844272233425	1.89103837412617	3.23030978604324	1.87350114704725
NaN	-1.69212126880137	-1.51826800775792	0.179964078236245	2.80870289870634	-0.212383761926677
NaN	-5.240896530958	-3.29270635282435	-2.32510297111367	-0.264427855342416	1.95927375354192
NaN	-2.72744534440467	-3.22207349162953	-1.18846577352911	0.034198160992476	3.33342543804471
NaN	-2.02440925783739	-3.88874966632076	2.33505269631788	3.23299698357859	3.92936949796301
NaN	-1.71822226395193	-1.09181272301199	2.30095812327824	1.61516869197301	-0.813044204825175
NaN	-0.244087273585249	-2.5798284715172	0.44867779900544	2.33565979430755	-3.21854239970882
NaN	-1.91732914101588	0.0984550965668844	-4.06751640994498	-0.687535051661262	-4.56000411978325
NaN	-0.578711855725511	2.1500654627609	-2.94403860749885	-0.463129111754244	-0.86810842829694
NaN	-1.40132888985173	-3.00318692642132	-2.26904574657249	-1.25178321835774	-0.681429910797294
NaN	-0.990313500172515	-0.430284123939794	-1.05290763390725	-1.76602817221323	-0.681883561387275
NaN	2.1543766305425	4.38020885647382	0.910640578799158	1.7719104229513	-0.548122973449337
NaN	4.42174711333815	1.43270435448367	-1.10497680558753	-0.988079903839634	2.33968656845613
NaN	2.56125601244326	0.438302339969879	-1.18414500346407	-0.125336489605488	1.16969434266952
NaN	-2.36809150115681	-3.47954219756773	-1.81259439189434	-2.02443117375277	-1.82366660398746
NaN	-5.63943905409517	-1.12228824783182	4.07649815796046	2.64452507859127	0.0761399920539553
NaN	-1.16830588910449	0.221141463746375	5.01929403037648	2.47175386275958	0.158707171480647
NaN	-1.22396176375978	-1.69828156995439	-2.75706934225475	-1.95431425902951	0.00534836938832398
NaN	0.159655038133009	1.04484676654316	-0.936064912618739	-0.445501743125535	-1.1308317407492
NaN	-2.39454499690037	-0.714065955463926	-1.75804190162623	-0.602067878541257	1.81843521196757
NaN	-0.129966824752757	-0.0364995503507061	-0.455106053899618	1.17075700049186	-0.486184232654365
NaN	0.564668868477735	0.201316557480128	1.60481688017569	-1.28745142762092	0.233521438761802
NaN	0.594312707425625	-1.98565433965004	-1.83936729752852	2.34993077154411	2.51758413965573
NaN	-1.21193134647584	-1.86282061841848	2.59170644010808	0.502101816251245	3.76902701311979
NaN	2.13958010061188	2.15633969127392	3.68526195103419	-0.75069600709054	2.16560748952357
NaN	0.291320266216279	0.208728588811669	3.23193080744808	-1.66420353484561	-0.609377975811234
NaN	2.25068400149518	-1.85931288907174	-3.53301226973087	-3.08314479040773	-3.09671464951204
NaN	0.869687812629559	-1.49068067920902	-3.07744660393986	-1.17410371889887	-1.00992620038594
NaN	1.69503942725173	0.99095259924694	1.66361279725362	-0.923389913019202	0.901135839749217
NaN	2.30853433794856	3.85895899262557	2.42848467986124	3.4343250034811	-0.871758632023558
NaN	-0.307334282847619	1.59699140496728	-1.08839080181287	-2.11374519773595	1.49078661908725
NaN	-0.832653830805398	-2.63452923863637	-1.23339615672393	-1.77443124987553	-0.834452809811772
NaN	0.845531903853225	-2.607480452421	0.501365969894382	-1.89194713027928	-2.5546102789805
NaN	1.49817267390279	-1.4823866266524	-1.81849854479738	-1.69912586999447	-2.72422495513767
NaN	0.125796093137824	-1.71052155662387	4.3275940266642	1.73329176997824	1.71263657202418
NaN	4.36322452828093	1.91624349863703	5.7666581559185	4.37414522015575	0.397403004155759
NaN	5.22386715525635	1.56952005237163	1.17201534595268	-2.35949248794461	1.85519146578098
NaN	2.23404635586656	3.41923683290296	1.84825059960588	1.5235846218522	1.8071383848188
NaN	-1.7646661334211	4.15649210491468	-0.927305783907337	4.12338751003315	0.991455264759299
NaN	-5.23953582542011	-3.33371517951662	0.630083095964973	-1.53567224965868	-2.66749302113165
NaN	-0.891911636042936	-2.1253836639696	-3.39095602865929	-0.937583129307233	-2.79200694556258
NaN	-3.29948705950104	-1.83660572994451	1.58690299074366	-0.720595784002142	-2.80794474674422
NaN	-0.0404271651259524	-0.918908470435545	-2.53942906517094	-0.160606254315981	-0.675019781826507
NaN	2.90478569368008	0.83037039307586	0.156957103021973	0.0276163081895208	5.64946158507415
NaN	2.12687195003061	-1.73996416474272	-3.05584701234743	3.95250172255007	5.62503803708542
NaN	-4.6372163689086	-0.813979008227088	-0.822350175474126	1.16896827288214	-2.74738186038506
NaN	-3.16282860933401	2.19399996552834	-2.45736778184475	-4.4692153282292	-5.5368695120853
NaN	4.51068695505217	1.84067651952654	4.96701683572317	0.0238206108116581	1.8489158732932
NaN	2.56410007088519	2.5338678757932	3.75940804544184	-0.123239169723372	4.14377585935268
NaN	-3.81176496222358	-2.20880099192764	0.812469400386105	3.75772657402312	2.34645619659908
NaN	-4.30413282974296	0.310386549535025	-2.2597257076861	-4.72665345428954	-4.22084475964124
NaN	-1.72743131912435	3.50484883055942	-1.99573689518606	-0.89135031729893	-6.1289038578949
NaN	-1.90212561591537	2.33372517554468	-3.58981477064316	-1.61335341733394	1.59918323685916
NaN	-2.01354340332007	-2.04003677900847	-1.74666203337296	-0.133161815695827	2.718895839344
NaN	-1.65975763429744	3.74132457799072	-0.972621893165435	-1.21839197018153	1.44537185927391
NaN	0.675545909355558	1.04161230464658	-1.98041108379122	-1.34060097594866	0.77227311913968
NaN	-0.439106668188611	0.642095083447501	-0.87953165822578	-1.0352650848161	2.10535915961598
NaN	-2.17094105771547	1.72226790846119	0.36676809497855	-0.000144137355567047	-4.06575434384848
NaN	1.05028909060215	-2.50915081478114	-2.01241759490218	-0.110401970136007	-6.25947778711347
NaN	-0.617643676020973	-4.22955266426294	-1.05036859863297	-0.321339137478344	-4.35218277332037
NaN	0.0225571639743787	-2.22849402776508	-0.230817331580564	-0.417795705609461	-2.28774881738348
NaN	2.119150313557	0.121748112760513	0.211235608468693	1.54570198924507	-0.87351838514765
NaN	6.56114829394636	0.730207273143022	1.01386146564772	-0.006523940895776	1.42779072248598
NaN	4.90819116635312	2.04579413868929	0.17170940369554	1.02869531614456	1.14398999700521
NaN	-2.48611863127623	-1.25107410241716	1.2399626644577	0.881536881982437	-0.659255374073736
NaN	-1.84035912594196	0.175930873496834	0.742178704210642	1.65786283182484	-0.455068467652231
NaN	-0.704349678330212	1.30589339658518	0.361347292599723	2.28031490781965	2.42699296424102
NaN	4.76081786112377	4.71150058771322	3.25524778047053	4.56568179785793	2.80729582812082
NaN	3.8968687875229	1.80933217138232	3.62129081517477	3.2115954639142	1.61952924476009
NaN	2.17803337372479	-0.74263724436281	3.219052118948	-1.32210426517978	0.447277974422717
NaN	-3.86087210501046	-3.95395013155829	-3.04540423061506	-2.06519779304416	2.03307099647388
NaN	-2.71781751239933	-4.43664049115069	-4.11429428297743	-0.277712551978627	-0.217602116585596
NaN	-0.869345690913599	-2.25940377637998	-2.50505566193574	0.169215258301071	-0.861152303862214
NaN	-0.334503149603382	-3.0698430411162	-0.621595817404803	3.86880379944409	-0.380795911051515
NaN	-2.92239862703165	1.77698302964425	3.38364103527012	1.35497886981219	0.892861384556138
NaN	-0.857331309274122	0.477217649433575	-1.25419726743183	-3.47259272165321	-1.52861538181865
NaN	0.0186740846308358	-3.37697895952363	-4.24818703201353	-2.10831386714178	-2.93481995115686
NaN	-0.81122523172327	-1.53660807705775	0.579461983752259	1.12575492950666	0.0522280697433336
NaN	0.0346069517866935	-1.48631289964664	-0.900992628653823	1.26556572041263	2.64289748064268
NaN	0.00428545340263665	-0.561970524106501	-0.42785951837666	-3.36729826611157	0.776826434220448
NaN	-0.758936084040341	0.0286998219448656	-0.39391221948701	-2.94819223302212	-1.18849244961331
NaN	2.03048298140579	0.438593476775816	1.44696670620187	0.083336459106987	0.436390782064762
NaN	1.27360500636496	2.20558944375699	1.32190652852118	-0.598058910041788	0.499210053793446
NaN	-0.114473125781958	0.0939897042273504	0.977905680321696	-0.316975173087479	0.230887493987982
NaN	0.427366391037887	3.42282324601703	2.07184936064146	-0.94347341617957	3.14360452041695
NaN	0.491879430089147	2.79376433415604	1.97982115934486	-0.309947197478859	-0.439721707852226
NaN	4.42343383331329	2.59237290186049	-0.399390165501347	0.258411377302941	-0.276647608254285
NaN	0.477279308463777	-0.307100861034957	-0.257902680246481	-0.313638979410238	1.31489225366767
NaN	-1.58285928981522	-0.0969724410083427	-1.24373738003857	0.556100095288934	-0.141375957623283
NaN	-0.191742716246772	2.69359903787382	3.25633295753514	4.22769916653617	1.98248667212732
NaN	-1.48949751533149	0.126370959234493	0.958249267236273	3.32994563778601	-1.13663047978902
NaN	-0.821303069703216	-1.26728385543678	-2.29902557565979	-4.41313657344863	-0.570700281667333
NaN	3.35356832612605	-0.626891095582793	-0.410003008845992	-1.93779994527402	-0.588873756320324
NaN	3.76395087351068	1.77450385526669	2.24171764733526	-1.13051461030509	1.80781705925076
NaN	-0.298643305594448	0.781287265971393	0.155002719375806	-1.77220821268598	-1.19503204183496
NaN	-2.9400502351074	-0.897628323304272	-1.97700602524557	-0.946215324048732	0.289326364044071
NaN	1.20835412761223	-1.39228139942859	1.67807170462979	-1.1023274268884	-0.0102810898190305
NaN	4.95329560992312	1.09012757995275	1.15576750435091	-0.165123905821302	2.37783543868391
NaN	2.17924924092864	1.3149613273488	-0.534914505688084	0.618467938905202	2.51680047768205
NaN	0.502239310041685	-0.688763991352553	0.259869432737972	0.836818296164836	2.24517679522403
NaN	-5.31873426659798	-0.0739084851120894	-0.0243335174918106	0.265398360394727	-1.14657584425293
NaN	-8.0696595170504	-3.45524097514346	-3.4174141005102	0.599055968048962	-3.87814915174409
