NaN	-0.977269516945973	0.0631591070960467	-0.46944839118538	-4.41822165923165	-1.22911154545672
NaN	0.143920309932256	-2.24225492730396	-0.919324554265969	-2.09025730859158	-1.94628675810117
NaN	-0.116130993976453	0.375707431754236	-1.89953989184364	-0.458501692915784	-3.32153708186108
NaN	-0.314610323314261	-0.903604565268181	0.930018994421733	-0.502685887363832	3.00163969700218
NaN	6.98237968490051	3.18636265640154	0.049526968296142	-0.165633836561022	4.08576748797219
NaN	2.78024271479982	0.629184794735389	-0.280138383818722	1.99168135214911	1.72234935240653
NaN	-4.16863843972261	-2.28211237981259	4.33506518652478	7.09079845802936	0.990598480278719
NaN	-4.90709705902865	-0.298585088280505	2.36995342767154	2.84442817686437	1.29419311899965
NaN	-2.27354589648684	-1.19257422594962	-2.82816070973895	4.45327524545345	-1.19345236808026
NaN	0.0731072555853851	1.01138574715232	-1.30833769247183	2.14381509341251	-1.83140461998271
NaN	-1.05827540143936	1.06844163971126	-0.327752851204838	-3.76111319570134	-1.62710620438181
NaN	-0.192917582595813	5.23492308305653	0.295265973847063	-4.93965798603078	2.89177258739313
NaN	-0.490023392423423	2.41516865638943	1.49783683368263	-0.890642873310539	-1.76240399155963
NaN	0.435456772423108	-4.71914211697717	0.0204467547642473	1.03343054957676	-1.453090039412
NaN	-0.379132719249652	-0.25426954021287	-1.56660392231953	-1.79220109543468	-0.341269702412989
NaN	-0.0294188412639426	0.424010262755109	-0.366609493703031	-0.816054943726716	-1.0464886016471
NaN	2.97387424079112	0.937370234556971	0.484221544481386	-1.02968837168371	-1.40434977875671
NaN	6.01631633955918	1.09170825643638	2.55324532045476	1.03044063687818	2.81411172991375
NaN	-0.548790068043337	3.89547626615985	0.375554234896495	-1.27137877608548	0.727443033689391
NaN	-4.02762390480572	-3.64359102938283	1.96729166134149	1.21535545695695	-0.796615098646593
NaN	0.0914514863592353	-5.69970707463841	2.1692171838624	2.16792912860004	0.190416731162231
NaN	0.0392556923459017	-1.59882049006966	3.28891332801303	0.26290193012771	-0.933418354067141
NaN	-0.294094569402621	2.82101745530655	0.137695037170022	1.07234756995355	-0.366126162858771
NaN	1.0072150222654	1.85510494686201	-2.69644607887496	-2.60119159032515	-2.37593803987955
NaN	-1.51015271286037	0.375621495835373	-4.7398642129284	-3.98804928919539	-2.70797858091238
NaN	0.238094456436062	-2.7773437037911	-3.64373279318055	-1.4009773211852	-0.461951863964609
NaN	-0.418820727357999	-2.351665981021	-2.05298469293812	-3.0525588084207	0.650223936051624
NaN	1.7870705490922	0.478768605692626	-1.93101489381697	-1.1370449151224	-0.37467598634193
NaN	2.09287933753263	-0.403040171885045	-2.64553992090887	1.84367132233917	0.461798430351335
NaN	-1.22853249844789	-2.94794664882359	-2.18249014932693	0.0772508557011469	0.16117748639797
NaN	-1.86093792750823	0.600473385212737	-1.43421183543933	2.51616979175902	0.639383264700395
NaN	0.118525175730362	1.62100223255147	2.12364121557519	5.81769494265459	2.57575383870264
NaN	-1.39500836897411	4.69442445878936	3.51531363384629	2.16533248579689	-0.0599119111211775
NaN	0.0725412243911054	1.4851807178651	0.117051168757801	-1.42371306580132	1.30828772125428
NaN	-0.138179831904616	1.58230451750618	0.875077618232994	1.82296432949693	1.06372337498815
NaN	4.67861289430264	3.4776364492488	3.86854986945315	2.75177842222263	3.50664243425069
NaN	4.62516697983718	-2.07992746513241	3.1519929554622	0.327804740043086	1.40608017128861
NaN	1.84071970779215	0.658023829944219	-2.31561610510201	-2.68378347944642	-0.447629145162374
NaN	-6.0888949198419	2.26775088935759	-1.79382316267769	-4.00109747521084	-3.04077298834716
NaN	-1.38513335471134	-6.71971398535083	-1.77642755130373	-1.85068886291294	-3.59134635766975
NaN	-0.923909616172703	-6.47278260270428	0.479551793225491	-0.637435521886656	-0.0540688639910028
NaN	-1.27039360456931	-0.963486587978808	3.04777310486355	1.96802489062439	2.15549817177154
NaN	0.593660612061376	-2.82659390571847	-0.301339174248555	-1.24659066891193	2.68793522383792
NaN	-0.413362134716775	0.13736746670233	-0.979888840950773	-2.91318556250857	2.50900496172863
NaN	3.7566450961569	1.07665569850254	-3.15870974774799	0.843508401567988	0.320353822993606
NaN	2.21240624496383	-0.235751698038088	2.96425354098283	5.29821834387118	1.2021790276274
NaN	-3.10953776637043	2.58318349896755	0.59300608318799	0.815264083238606	0.208763442224204
NaN	-0.785433860248857	-0.222597085272464	-1.62870873160531	0.388426934109972	1.54520648249925
NaN	1.81051178148431	0.0449514007682597	-1.82528354219713	-3.3273834439121	1.37859575855489
NaN	-2.77454730612251	-0.467987528530353	-1.93287271826441	-1.75533275592258	-3.83608875577873
NaN	-2.16123969883431	0.140325725615381	-0.342622200029322	2.19264598336803	-1.92623815994938
NaN	-1.459815063512	0.101324702289024	1.21411478424248	0.868510187561205	0.509613042888071
NaN	1.61850188481293	3.12853559508819	3.4648981263129	3.29773113650405	1.92818704566277
NaN	4.83017912482729	-0.394626164638397	3.54806738960484	-0.779443960070438	-0.881653296588057
NaN	-2.24704436642423	3.81969418466121	2.3652052073656	-0.349538338019546	-2.71323511361837
NaN	-3.09981917482021	-1.1013797574295	-0.938676509881435	0.0564726693512106	-1.83140480951456
NaN	-2.78154491076303	3.71204293197389	-2.89316026836462	1.64607771915568	-1.00710593285955
NaN	-1.57367732328402	2.82435383079795	-1.94082285630756	-4.01763205770143	-1.70234463720311
NaN	-1.91130493679942	1.07640191906329	1.74343828831029	-0.878413376916484	-0.351815755312974
NaN	0.119502611537197	-3.75959046299858	3.99554065114279	-1.10582882218607	-1.21008376698829
NaN	0.371234000870257	-2.29737003275648	-2.2774261356214	-0.548268527270286	-0.586176085367599
NaN	-1.19174951991953	-1.58986315592491	-0.0629491472251651	1.19377021846135	0.565879069808131
NaN	-0.433566620053711	-1.1363592780678	3.44025921133499	-0.0509172767087016	1.51675296894501
NaN	1.15749433618239	5.38751240772173	0.152879085235657	-1.60073939811726	2.73495869740817
NaN	3.28005642436654	0.126400080412404	-3.1400382858436	-5.76719088434015	-1.83063318598958
NaN	2.02414449577852	-2.74781534977294	-3.68638172592261	-4.47079424880736	-2.05236309629488
NaN	3.40748345255815	0.447428302671417	-2.94817071769044	-3.74649616221768	-1.39752863590818
NaN	0.666116193596684	-3.23723543536777	-0.295401485000042	-2.89585621336009	0.498272685722811
NaN	-0.0640522189374795	1.11790916116427	1.912346783633	0.550563681819514	2.00101187784391
NaN	1.3847155047716	-0.794912789374257	-1.04001065281515	-0.510864578211803	1.53224217574908
NaN	-1.43462966787344	-2.37727215516341	-1.85291430678504	-0.856751932532801	-4.6068958111916
NaN	-1.62125546136851	0.0829025826822331	-1.47706093026111	0.00575119327090981	-5.37627438199455
NaN	-0.254781144598049	2.87572755072104	-0.0371156746098621	0.651401121483114	0.962011729050547
NaN	-0.0974570894586149	4.30785238267448	0.921670397785781	0.734724202351815	2.55004622950987
NaN	-0.856345484568581	0.625190293723698	-0.880975491554727	2.10190789294584	-0.477162361234954
NaN	0.0199111233623215	-0.762115715242239	0.778279337797247	2.20325911724643	-2.35503512831525
NaN	-1.58189791783694	-1.61978337314149	1.06762942882134	3.80846311279023	-1.09955564685769
NaN	1.93838301722408	-2.24146008896592	-1.45552962028557	5.53162546263535	0.67958680189344
NaN	-0.268085217729502	-2.32525436677912	0.52859544468863	3.81170931393476	-0.925402185490699
NaN	0.221155683725277	1.14617881283158	1.35304229347936	0.642626683587218	-1.53115798270325
NaN	-1.09329293127877	0.606960593342756	1.16188215553576	0.151511945681208	0.130363273407322
NaN	0.721872183880427	-0.952515077138182	-1.95056386138083	0.98425177055533	3.68190181216868
NaN	0.212624994789526	-0.844562594192944	2.18640956549177	1.13159962364326	0.329189873604606
NaN	0.297256840985599	-0.361824494336089	0.681062338475858	2.86310095973917	-1.19541114209296
NaN	-0.984617373788269	1.65578753278827	3.90041356688325	2.3031117690338	-0.150111850993594
NaN	0.513943580845016	0.369966350851148	3.3539137766402	1.12311766560456	0.65854841044164
NaN	2.46359426316828	1.21723354229829	4.6672452638299	-1.49082817801082	1.06503129366376
NaN	1.98030208651368	-0.777101763570386	-0.816795122349543	-4.29722944122564	1.79678544458096
NaN	-1.29586039673152	0.782408047338161	0.619750790786745	-0.980075825864739	-0.0347170560427633
NaN	0.0383848949208063	-0.144042868515218	0.0415481837043107	-0.992308902356661	1.44172052101007
NaN	-0.926720210773316	0.813950278447394	-1.37556424313789	1.19094453507898	3.53543834141899
NaN	0.776250334442155	0.719338836951347	3.03954192844531	5.76966382871158	0.70145930331
NaN	1.33026931875207	1.1363469432127	1.74068538490022	2.11950799098218	1.2276032716636
NaN	1.26391125885531	-1.94814360207679	-0.587145492642761	-2.64197573458866	0.968250971030286
NaN	0.777770976364586	-1.02077451786111	-3.31253003087528	-3.5513495839197	2.42530813484556
NaN	-0.875074704842273	0.468226054452811	-2.86610475500539	-3.27166767141615	1.15041039821757
NaN	-1.23054947957052	1.66038458571822	-3.97714769724089	-2.20837409326719	-1.25994581130646
NaN	-1.94348434929422	-1.79478141149413	-4.37499067590746	-1.22309450305067	-4.77687602095083
NaN	-0.642181172665376	-0.560418531793323	-0.514960626386721	2.26663584999157	0.416430399277336
NaN	-0.94031681582795	0.790084966426798	0.600287128949211	3.27097132585377	3.90646120239821
NaN	-1.44689958773212	0.303318920969742	1.33904070156243	0.686666345353985	-0.881681747572671
NaN	0.00973586513615327	0.0686114391745424	0.261336369587776	-2.75273704798778	-3.92154722524125
NaN	0.722406694102993	-0.155080032747178	-3.22038695533029	-4.67371295239969	-2.20590382687345
NaN	0.554182454414629	1.13724987270654	-1.4401378190561	-0.243511512448785	-1.00521053011298
NaN	-1.15520459386355	0.0622276481223458	3.26206861683111	0.669271015086336	0.595300495256019
NaN	-0.179284586657257	1.07978737856011	3.48734623057362	1.04121690828141	-1.05230441216106
NaN	1.14262851371049	-0.625766060909538	-0.353483126204266	0.642200312084796	-1.32689484971784
NaN	-0.167777720079967	-0.164158347198381	-4.57486675094342	-3.48609527566967	-0.34075884279722
NaN	2.47159909696092	0.884327910216864	-3.01266183564713	-2.0765891285268	0.69727566956681
NaN	1.03897495677457	1.22316234336343	-2.82801304981116	-3.01398246611755	-0.488273375060363
NaN	-0.149273739141688	2.0729770583559	2.07438530918061	0.718427006888526	0.3752364723438
NaN	-1.08865562472823	-2.08418937844426	0.0356171183281726	-1.40348218273461	0.971609665292283
NaN	-0.703813600109298	-1.1147013774354	1.7487339063495	-1.48238406975156	0.353559612019238
NaN	0.210706294618823	-0.0792239385114053	-1.54291356795313	-1.46576183350168	-1.12047250310344
NaN	0.824268442608781	-0.42803637162493	2.75127959467485	3.34104373054927	1.63496897730909
NaN	1.3694809035766	-0.864883061880108	5.43639487637453	3.26584645627309	3.33876990985529
NaN	-0.25118785180808	-0.24077536978192	-0.225501950168304	4.2329369829447	2.13869882711079
NaN	2.03573152134801	4.2442423414025	-1.35996418598179	2.02689890043753	2.43171303944477
NaN	0.889398632803413	0.567778273488377	-2.50951298142104	2.35188927355118	-1.22477663460269
NaN	-0.14917163209431	-1.89185033664099	-0.349639335069356	-2.5617195074762	0.955785909035455
NaN	-2.27837505685217	-1.80581119987299	-1.69425938064289	0.115525432514381	-0.433195230849787
NaN	1.10291320282583	0.449298397957695	-0.7193801150788	0.457095096178265	1.18057383689274
NaN	1.3882917260938	-1.11524217104498	1.07880855895871	-2.5007990397569	1.03088077380009
NaN	0.0548570486656547	0.748555481273691	-2.15080609866759	-2.16607446997779	-0.070990323030302
NaN	2.41696266889595	1.88905648073044	2.8140092670699	0.233489762476349	4.02821709051624
NaN	-0.67745602897865	-0.422553125193081	0.0714997942290754	1.04006834586383	-0.772309369440779
NaN	-4.44989586808467	-0.731877394581052	-1.12840501274476	-0.746486998338579	-5.33262691338051
NaN	-0.130405556588182	0.963284245252121	-0.611518982078449	-0.240365353270542	3.06124488637181
NaN	0.050863433657534	0.517826102073763	0.459775680422309	-0.820843501568912	-1.79732884645529
NaN	-3.55259613338388	2.37587023484534	0.236381796980447	0.80922179716571	-5.60350027646542
NaN	-2.04782016025075	-6.0913449025321	1.46200581276318	-0.0572936346645318	-2.42795462966062
NaN	-1.06919337139494	-2.71776793801255	-0.178580947944134	-0.237584740475654	-2.69685503699159
NaN	0.113022447106578	1.50476043456171	-0.226611960006981	2.30651694861538	0.291176627192253
NaN	-0.195355874467421	1.12556972955084	-0.523620452643519	-1.82128095065096	-2.23581148575127
NaN	4.06006691020211	-1.28237928808461	1.14882717279482	4.91281248001686	3.64736216375526
NaN	4.42923353247737	0.300824595226704	0.757387666924934	2.13732808844889	4.43854645518489
NaN	3.0060443394202	1.73009204802013	0.8779017719408	-0.168523857644376	0.351674760513328
NaN	-1.57191425034285	1.5590427932304	1.18533666344345	-0.489689544996906	-1.34399578532987
NaN	-4.15976569817472	-5.14595253758439	1.14175932313352	-0.670978087441785	0.870396319252889
NaN	-0.130338535112728	3.5659408044162	3.90658512134368	-1.1741571458907	-0.99856543932211
NaN	-1.70177615727131	1.61368091278263	1.25148684173896	-0.987325498750442	-3.65858966462289
NaN	-4.4626228000417	-6.67304126502539	-2.70725142042619	-1.32184989900602	-2.27590567229257
NaN	-2.96937715508772	-1.01323014720889	-2.31095511755655	-2.30218496910404	-0.725816709365835
NaN	-1.87462825311372	-0.588989687674926	-1.20814292716161	-1.29508184245312	-1.5103525651357
NaN	-0.655797798265369	1.79970374455933	-0.48130825833484	0.0619173361070615	-2.40457319136611
NaN	3.6769435929322	-0.268851988071979	3.5251117796921	4.07946830573117	1.50785767991572
NaN	1.80908155098585	-3.08703057115135	3.75638132635192	3.701075020436	2.44905514684399
NaN	-3.0762655955433	1.97644260499807	2.13083419224765	-0.834729035350468	2.2362822705913
NaN	-1.24114303826261	-1.97309410410424	-0.392133796440445	0.985743285248432	-1.07011499588704
NaN	-2.17714992790781	-0.635744122566084	-2.09619683663352	2.06117062350419	-1.19745728535076
NaN	0.110596050562765	1.85487581926707	-3.63419644811279	0.664856582567855	-1.55406099711843
NaN	0.364456809187639	-1.21902201728135	-2.05763869885583	-5.21265504470446	-0.997006847689184
NaN	-1.68923643510001	-2.53818559431911	-2.72546300219726	-3.46636387228633	-1.02045197987954
NaN	0.849492016196775	1.27744817797798	-0.501912648714865	-2.70010447395176	2.36410666852079
NaN	3.15095832896447	-0.627434993178626	0.418835708564618	-1.7006713242643	-1.4713410610761
NaN	0.462969008812082	0.3116607821831	2.23698876680751	0.287091331752983	-2.06972552275056
NaN	-1.01231630702095	3.17556791341041	3.12486052531537	0.472444292284529	0.411592860098132
NaN	-0.543348369857833	5.53891615998742	-0.289440136396732	-0.654121273993519	-0.136751696557434
NaN	1.50378355627185	0.977307093620043	-1.66659097626469	1.88908064247061	1.27704055017674
NaN	1.73708402864465	-0.227365745722934	-3.99089058988135	1.72330002823763	0.866926069883613
NaN	1.5300516958564	4.66646584703178	2.68317664626187	0.489890409602319	0.509806743016036
NaN	3.15049632290008	-0.21699265590821	2.488155255375	-0.512400265730717	1.26717711247193
NaN	3.45297346852675	-1.64973827937815	-1.96006345242297	0.0263139823888716	0.835810699579497
NaN	0.357411764406169	-2.04930004131909	-1.20429765325505	-2.10613100716079	-1.59117438413211
NaN	-0.721592247555254	3.06491474983047	-0.348684670557874	-0.889143608692627	-0.470117046440141
NaN	0.520986451964087	3.26121088730275	1.32449209543795	2.53512490897386	3.38684486637381
NaN	0.312717671240615	0.943217160181749	-1.88231231061431	-0.930144995291003	0.903630038460308
NaN	1.20024447282096	-0.0285418765841215	-1.47072258775535	0.654966553422961	3.1067984201467
NaN	-1.49351085177834	-6.07943774206791	-0.0161815461126633	-1.2580666609322	1.58242904409872
NaN	-0.208197012768863	-4.67517648145558	-0.205267392132749	-0.676839371019268	3.47108561239021
NaN	0.160509246683262	-1.1098749585728	-2.75061461988706	-3.04235114796236	0.343919751981945
NaN	0.547966034615522	-0.749553831279017	-1.44970728010936	-0.0920909741105859	-0.822441638185788
NaN	0.375600600841921	-0.302335848797303	-2.0668040227067	1.02795712069207	2.36160623772507
NaN	0.677817663213158	-1.03267009689108	-2.64095083856988	-2.35794811624062	1.99526104664495
NaN	-0.34354795584845	-0.772091898879793	-0.803159317572815	-2.93928455393191	-2.79777533341661
NaN	-0.948927221664119	0.344500732706176	0.284320042106973	-1.59698577887153	-4.09526843658726
NaN	0.921746027387062	-1.50997423404256	0.957202036359464	-0.839016922270035	-4.9561656452346
NaN	-0.504451506078786	-0.201165898368051	0.130854640120716	-0.252360750409913	-1.19124931979054
NaN	0.217610322320614	3.08215788344129	-1.97976236192207	-1.19646475303996	-0.60498433104431
NaN	0.324972953675718	5.65821528803978	3.45173508141672	3.81256689414719	-2.10324875777731
NaN	1.09552258020151	-3.06315075206502	4.71731665359258	3.05353457830294	0.913375659140382
NaN	0.0561686801471842	-0.963218307381303	0.357731550213319	1.79623720697773	2.80445530324952
NaN	1.99475768825455	2.91935637268832	1.14210046886764	-0.833000124611684	-0.0916220255160333
NaN	1.83620390303356	1.18832747041763	1.99815794692462	1.37316791030497	-0.336963679727038
NaN	-1.78981065860014	0.155651299824395	-1.83827394019622	3.29742081590261	0.512423695108785
NaN	-1.05068265892652	-0.586291837834679	1.32870299510198	-0.234279592409173	-2.61737097063752
NaN	3.61657487453392	7.48807189606717	-0.419748715750257	-2.0607361547595	-1.96782783016606
NaN	-2.13875625038894	-0.161797328880455	-0.390675982412725	1.96179843555647	-0.845247498844322
NaN	-2.05996648317459	-3.26022279281098	0.700900191324945	0.215020992072183	0.274825289722547
NaN	2.05248048018092	2.31166428021407	-0.540527024239903	-1.13560589462949	0.0523559139256802
NaN	4.3415111446283	4.41673647185933	-0.112755501104756	3.23027680932938	3.83994568699009
NaN	3.36907320505583	4.23244723328961	1.4858426015211	4.88744027574469	3.28046216846137
NaN	-2.8487436451673	1.30300979831555	5.11628549994312	2.31107509466554	2.93538888893043
NaN	-5.29078078916537	0.482779483836951	5.27058329381381	1.47236428553717	2.83130829491241
NaN	-1.0227999191554	-0.560242272231963	0.629578182466904	2.66079113814603	2.94411831018405
NaN	0.638263627563369	-4.4565874566998	-2.86030384548064	1.72857101469655	1.78085500406567
NaN	-5.47325477362268	2.30392743063963	-1.61880251234215	0.101169299009558	-1.08885302212158
NaN	-0.515032815582606	-0.253280199734488	-1.91544807278502	-5.52990255827737	-5.12742177562935
NaN	2.56007473756547	-9.04137600193116	-1.03223531831469	-4.58640344714147	-1.54622471752331
NaN	-3.23470272459433	-7.32558975896806	-1.46767273564384	2.22454715089455	1.25711127306429
