NaN	-0.920655221301836	-2.00894549279799	-3.41220510439674	-2.33183465859333	-4.95381852515463
NaN	-1.23112832580011	-0.712785118007713	-0.654116037279015	0.383152293809964	-1.21937366112122
NaN	-1.20556838246571	-0.745688253355591	-1.73444622243817	-0.070912350739136	-0.493255823335643
NaN	-0.920787457665702	-1.79020311753189	-0.40320442587186	-1.55181435693806	4.43777943403232
NaN	0.609449808674711	1.18356019360051	1.17037273059883	-0.89266930546311	1.15106090484246
NaN	-0.544313079598776	0.373397995009086	0.282877451539129	-1.69543389159251	-7.51909896053755
NaN	1.4811018528703	1.12275411309968	3.84928992835834	0.891074429798304	3.33789646793348
NaN	-0.872337899237021	1.36937925323003	3.47365035303099	1.32404062913579	7.32492842129263
NaN	0.160305832342423	-0.434813252954727	3.13485504196348	4.41840697492114	1.56990718088731
NaN	0.877514813698926	3.72489461450017	2.86529364424965	3.10545099214832	-5.0942825442701
NaN	3.66260400821576	4.1416038778207	-0.702733220275132	0.742972848581964	3.3847729400279
NaN	1.03090226324196	1.25746373185174	-2.80388866871238	-0.567032765622662	0.0735274297684014
NaN	-1.97168525087301	-1.01536692451936	-1.86175649337475	2.52955942414886	-0.158526538308073
NaN	2.09633550374142	0.27311013334242	2.94198593161959	0.742431130531318	5.64694062552991
NaN	0.668030484246701	1.46076648458347	1.23496190135739	-2.62273868425409	-4.20266736042444
NaN	0.199550711974225	-1.24814169467294	-0.123811099104546	-0.532303790686575	-2.22073785748181
NaN	-0.9894001368208	-4.67560669023058	1.8570759920189	1.53791174673268	3.96671650523664
NaN	-0.673633220566006	-1.65127212464734	-4.01665525642675	-2.24081058544667	-3.1049956228288
NaN	0.137708381441616	-2.26141756849481	-6.53608930860333	-3.98679088260448	-8.98976768244272
NaN	-1.04855557795446	-1.50087041791545	-2.98870628261933	-2.0518851614247	0.9751754841755
NaN	3.48589424595479	3.42865104877608	-0.229503880481747	0.348204833821905	3.37256512972653
NaN	3.12721166403153	2.51665013527157	1.35260456664654	0.179086670953101	3.31889041475414
NaN	0.661206516510083	-0.304938426936185	-0.859288001744044	1.31033614553793	-0.815546145668239
NaN	-2.36620919148288	-0.144463383701729	-1.84515401047309	-0.623411041829983	-2.24222967804847
NaN	-1.76463628488805	-1.75176650934481	-1.4437428003005	-1.01623825371798	2.41330116733329
NaN	-2.758541467165	0.745620647377394	2.71524081658265	0.192124227176347	4.67924215824613
NaN	1.72558323520459	1.30960214625596	1.59393952230975	3.08358856717623	4.46651901375494
NaN	4.20326302244906	2.26822995443327	0.464009295754658	0.037575966520433	-1.19572528258544
NaN	-0.281507311528186	-2.45074192598351	0.715648322367918	-0.462392991463026	-3.25239602127912
NaN	-3.46978656133226	-2.41328695224298	2.68733111844255	1.09027266155361	0.183983112502775
NaN	-0.508820697482521	0.322469518820163	4.79702760617158	2.8736556252511	4.39971073846018
NaN	-2.34600743124829	0.31659246804933	-2.36994784990443	-1.47851803745124	-0.393133633410169
NaN	1.72528595292042	-0.165248869904009	-2.85752168359065	-0.219856598921258	0.298357910882872
NaN	-2.59128667678117	-2.71890923013887	-0.490427306541198	0.180779843109711	-7.17857537050549
NaN	-3.08726014187904	0.139797047205834	1.90043957451102	5.0696212987363	2.29141473590233
NaN	-0.347926292673713	3.89111577620348	1.91328336916964	2.91803454245669	3.42879865303439
NaN	-0.44977627846383	0.127472595435386	0.432470855948652	-3.64189722301293	1.79675496811646
NaN	-0.805455440245269	-3.49680630257439	-5.28829754578297	-4.85385747705006	-1.9057038168258
NaN	-0.439984757648394	-3.00996897910827	-4.64207051847519	-2.15121405241432	-5.4505212960784
NaN	0.427699738303073	-2.24882716205377	1.01993193388776	-1.48011368578904	-5.49224757703133
NaN	2.24018835780782	1.00925793182064	0.259847915735591	-1.7206098725778	-1.10395800233524
NaN	0.789699979290189	-0.504564760246206	5.04237039018162	1.67115279009622	0.615941524587688
NaN	0.476138991009943	-1.15064557248965	2.02664878770223	0.23882155021897	0.736943823115614
NaN	2.8310977944841	2.70837012025478	-1.29296129549047	0.362393062713382	0.312094505017409
NaN	0.927448364100739	1.41674385170792	2.93748954995791	1.20815317247573	-2.36842511940087
NaN	-3.92893955648792	2.38105890430269	3.30629398038506	2.77842143337499	-2.09096532728105
NaN	-2.6316758807722	-0.716077335009115	-4.16740154923734	-1.64710744733702	-2.79628391728706
NaN	1.23390258166793	-1.35209520447797	-4.5834787434392	3.84684924655938	2.13828552746128
NaN	3.53696650021365	-0.410914604576779	3.35273092250584	4.68120574639368	5.09984656046123
NaN	2.39588032503526	0.853602902085826	2.65884573544096	1.71167757789743	2.47642729237949
NaN	-0.855177996933483	0.824730822534834	-1.14820602293457	0.192960183119598	-1.17054756825574
NaN	-0.162654638989517	0.115590182708416	-2.98676062336829	-1.14417205753814	0.746107711345445
NaN	0.267197567029548	0.928309128802536	-0.382446387620788	-2.40264466596605	-1.73740344916436
NaN	-2.78316401990276	-0.774198981741732	0.384761845397592	-4.96314752502124	-3.20831621808776
NaN	-1.92875788995585	-0.521386689768057	0.575638062050906	-1.40514586372639	-0.427432115066921
NaN	0.36721818724481	-2.08204569749511	-3.66076558488219	-4.29855775117277	-0.90088427748239
NaN	-0.867027561698708	1.44845303665	-2.56061929634899	-0.0813991049296328	1.66667809361867
NaN	-2.67723369954926	-0.736564598258727	-1.92092408353066	-2.93977810699132	2.15322141195466
NaN	-1.92418550739937	-0.953314422175309	0.0393415356620224	-5.12416636247417	-7.18426740528298
NaN	1.53018236296001	3.74459946469896	3.27174473333221	-0.313373023683126	-3.27439411828095
NaN	-1.18393067523637	3.71953696127251	1.97767366431398	1.24936213847711	3.62330023497664
NaN	-1.03228909842497	2.22378242925938	0.634626011007654	-2.06491548520461	0.418372196973459
NaN	3.27809972644053	-0.262172665546497	1.40500190592129	-1.30584630922146	6.47387906257821
NaN	-0.967647058343027	-2.21707014747934	-0.579713680182164	0.114420422257355	0.740842451478284
NaN	0.532735211736692	-3.66206402211659	2.08460542927864	2.43227094339115	-1.24122175317968
NaN	2.83383678227865	0.567415507688885	-1.04582339044535	0.384172176953106	7.64559067916708
NaN	1.61781645690975	-0.199236931817157	-0.0220186290764214	-0.506490844275909	2.69482511257407
NaN	1.92054332142036	2.1960348930364	-0.0763868399059104	1.91568866025411	2.73634542285006
NaN	1.12555601070312	-1.98570080848995	-0.050356721180743	0.526703341022844	0.996269768147964
NaN	-1.00135421008356	-1.40384726526108	3.00502234091488	2.2979500110108	-7.04303267546438
NaN	-2.02981724354541	-1.37982501327715	-2.18370543913078	0.882665242723335	-3.15310256095637
NaN	-0.501361694198358	-0.830325732629308	-2.12105691903713	-0.284472040184612	-1.16593652160872
NaN	0.263648568873487	-1.0473068067761	0.898038753481969	2.19753058606484	-2.12309628710589
NaN	-1.00534698476206	0.234757479473052	-1.22245379274029	2.43182365956212	-1.26209573221513
NaN	-1.27681361593024	-0.321693723109287	-0.741922812507873	3.55292800075962	1.50269167495168
NaN	0.585773086403479	1.00479802544499	1.35751745108849	2.11872788169855	-0.9910467907315
NaN	2.16071016458708	3.50948513227292	1.43396922975565	-0.292211132008366	2.2697827908656
NaN	3.44477122187298	1.43467415565117	1.90241626833388	4.75697443811202	3.8155805026209
NaN	3.15050297568673	5.47487138350146	4.23658675438735	3.01828156201221	1.72251468439459
NaN	0.520664979151347	1.61787762922602	2.78065128414966	0.505436105215187	-1.6079862416551
NaN	-0.711032996264579	3.71515024479037	-1.48184217436578	0.0286342978250428	0.350122692267622
NaN	-3.23126730612542	-0.0930104448103896	-2.18570207346304	-1.50437367162822	-0.0903798801051135
NaN	-1.56040110754885	-2.61048485881837	-4.1342589679736	-2.41956226763676	0.023486175629442
NaN	-2.87662145348927	-2.32189579213615	1.22107260211215	-0.138553621983281	2.67763199130135
NaN	1.25963844087153	-0.755902302468276	2.65247264586313	1.84672408746909	-0.669756734956835
NaN	-0.48511193046855	-0.31484932265161	-0.0882310425200724	-2.48924187162764	-5.86574304911748
NaN	-1.91963358350118	2.2007783760299	-1.51047668794789	0.475195044912946	-1.19324344953198
NaN	0.158804387930687	-2.42590792565394	-3.66721750739542	-3.28232907101959	0.832908307264162
NaN	0.629542016281082	-3.08135227330172	-3.04077717992691	-0.688847104655393	2.5647868088439
NaN	-0.357212997089915	-1.03042406213701	-1.01757688351068	0.863637702947008	3.16079452579495
NaN	-0.980772055649588	2.09816696518806	-1.05709616110641	-2.21698473477951	-0.252034501698533
NaN	0.476842890805244	-1.91413693460434	0.707693611996635	-1.97268266745502	-7.67986678954011
NaN	-0.408075402177825	1.28252032601252	3.66829215738576	3.98533913521201	1.38653241370405
NaN	0.601581858937062	-0.962193909295228	-0.516823135870878	2.40742313102265	1.15255606111966
NaN	1.85133559082707	-0.548605714989413	-2.99855875744975	1.01850917531233	-3.11964805585894
NaN	0.694032801541127	-2.18568177635166	-1.66028835081224	-2.41825407818403	-3.64150087594171
NaN	-1.1246899650375	-1.02384223559683	0.408586829986537	-3.29943295085746	-2.3422454031933
NaN	1.07789588045665	1.18959198818627	0.189488070507966	-0.624645692968464	1.94558647017879
NaN	0.464898236805672	-0.223515966764152	-0.0483739838657234	0.00283674288925764	-0.190945841138344
NaN	-0.205300063691418	-3.24418138181362	-0.769995106916554	1.56216429049281	1.19658914883306
NaN	0.921013401798853	0.388216106387604	-0.763437195668743	-0.658620304510206	2.05126647940978
NaN	-0.960822466133361	-2.50615276357625	-0.241680237375364	-4.60221314212179	-0.825585844942367
NaN	2.61197305714165	0.598063269461962	0.0348041370405031	-3.13945198923655	2.20086889747596
NaN	2.61631375862527	1.42996959968879	4.48658174669701	-3.14712320738551	2.24367484994045
NaN	-0.700389910233926	0.442208858004536	1.73878481246167	0.0776899721153786	-2.28862032587593
NaN	-1.59827808538338	0.718989668228232	-1.37955700798589	-1.78485148548369	1.10672806149515
NaN	-0.0367358637683764	-0.0870213782569749	-0.772481390734588	-1.09250477983743	-0.616372704882901
NaN	1.63773019227632	-0.442092851864658	0.674298178588047	0.681259546196654	1.57799562310806
NaN	-1.68009884604168	0.161538797503002	-1.38740345830046	3.51624242638051	2.34993571073214
NaN	1.22776984092464	2.2193277365612	2.90480394453056	4.22198402936975	2.97021535762695
NaN	1.31143108070071	3.4989482083175	3.52299032434226	2.21042817995514	2.56804833043011
NaN	-1.5747970044346	2.5019651438576	0.533366919999369	3.66351563056473	1.60944064483218
NaN	0.677304220904505	-0.0313292741635074	-1.79888875907096	1.12965082506426	0.397145939871393
NaN	3.23690807501757	1.47930149499921	0.444411737180052	1.12307366550582	2.37746101674341
NaN	0.191987025074382	0.997899275974982	3.43738053541748	-0.940539316002981	2.04161669445478
NaN	-0.0827026871406882	0.532147013420429	2.93863351470164	-1.63006380200884	-2.15705405987775
NaN	-2.94622452212913	-3.79188657428807	-0.0338819807862127	-2.13179455613744	-10.9420341469858
NaN	0.542069611587204	0.249078613824104	-1.95349235461459	-2.73235519025756	1.0945229445486
NaN	1.63460711401026	1.35722277266037	-1.24833275503313	-1.81741080506395	1.91441018762694
NaN	2.16189484876511	0.333774425126985	0.351907095212379	-0.414302314943285	-1.18712573495943
NaN	-0.430448230799834	0.726776382709866	-0.695210040077846	-1.6030170990392	0.277132007744839
NaN	-0.380103527695448	0.480631096139438	-1.33184610438307	-1.86770352214525	-0.145852694361852
NaN	0.914286815339182	-1.14899235284724	1.78301063939949	1.9279202755574	1.43952890222839
NaN	-1.3465696219925	-0.543200342517973	2.66088306995127	2.60874668975726	2.01904660847522
NaN	-1.76248226675539	-1.4468305960845	2.83221863394167	2.26506669495932	-1.22270103000169
NaN	-3.49648456310805	1.42968687668527	-1.12945811697241	-2.13755516834477	-6.69235792256255
NaN	-5.42605647530989	-2.04757226577849	-2.91897219672832	-1.51727561210271	-2.6094973673812
NaN	-3.65198295028971	0.604087539233656	-1.71998974652335	-1.82164739279515	-0.384412936133415
NaN	-2.53472654247523	-3.45460225146949	-2.54059397408694	0.964753755622654	-4.15104957208652
NaN	-2.51400349806607	-2.62569796322197	0.660168894935513	3.80995473806625	1.90760684008824
NaN	-1.85255292387223	-2.0940229665138	3.48867043656956	2.3240245811814	-0.17000126420753
NaN	-2.54176282036239	-2.34000839330987	0.783327495819642	1.4947337589825	-1.76168747133233
NaN	-0.314840965992498	-2.26357080773965	-5.38459346963545	-2.02604104901884	-1.79601981017513
NaN	-0.389479797282774	-1.75996949946991	-5.4019642618628	-1.05327256347449	-0.689534916002908
NaN	-0.79300515154337	-1.19356936368278	1.50189662230685	0.92971093174948	4.47160901211006
NaN	0.243010811036995	-0.151636140137727	-0.975413685113671	2.00015203569531	3.08385149971135
NaN	1.57834123104823	-0.144196919558446	-3.34019683603577	-0.245457854614375	-2.1022646834047
NaN	-0.0957393286424693	1.21391223062438	1.74103533287964	2.51232231107414	-0.844599967217341
NaN	0.711619913048553	0.201714836783985	-1.59700902571801	-1.60475889160682	4.30585958197616
NaN	-1.26702610411094	0.235390581230384	-2.95371675818795	-0.0787750990033214	6.02469816001832
NaN	2.96943919577227	2.35683126467078	-0.803725661627779	1.29904651264624	-2.82256614655669
NaN	1.54284506198656	4.3697418683679	2.71719598033316	0.801147324574504	-1.13036627621388
NaN	1.78512126709358	3.7132413251652	1.28978566223502	2.67652777519963	5.63337040518407
NaN	0.961972668464372	0.441411972437567	-1.03514393820253	-0.365701256750762	-3.44744081478301
NaN	-0.584286590557371	-0.000860676861869119	4.90191064266131	1.01842036397658	-3.11565968041786
NaN	2.30396500465472	2.16428575449375	6.5426674614637	3.51066974218993	2.33198555388259
NaN	0.938794313216597	0.786585997314273	0.890700860086075	1.65486949175934	0.542462248590618
NaN	1.35724727713336	3.51473913090498	-3.42488584296558	-1.42521226100856	-1.82506194506687
NaN	1.82326075409285	-3.50636547262004	-5.41351934668626	0.978918395322048	-0.428745521629205
NaN	2.0027327669301	0.814345526712049	-0.879838842619938	1.70385800499469	4.39519043193685
NaN	3.87388141286488	1.42451854159588	4.17075161170354	-0.512946606635799	4.82551601851566
NaN	4.84847774680069	-1.94797662642843	3.05398065026563	-2.5996969437862	5.43162794135601
NaN	2.85606445972383	2.90730237112999	4.54870767421222	-0.414617270149711	1.80203799178413
NaN	0.556459034611677	0.0785986886368204	0.384046884491875	-3.10378132886157	-1.91904798666247
NaN	2.23960782996117	-4.60343729383818	-2.42769493911945	-3.49123931028697	-7.03253970438538
NaN	1.28266140584468	2.29468809866811	3.08317856890044	2.30194000409982	1.70370074300452
NaN	-2.26290303464536	-0.185944693877174	-2.73679286773937	-0.729811032044612	-0.604483502218868
NaN	-2.04540901967419	-0.588499272690755	-3.28892086809041	-2.65304918728669	-6.5938024435254
NaN	-0.279791678547361	-2.29365790368159	-2.64218893650795	-1.72272897341391	0.577290342621461
NaN	-0.512579172473059	-1.98481206902995	-2.6302092583236	0.0176691422655066	-0.204690644588902
NaN	-0.00354229567639801	-0.107243927457352	-0.874356373573971	-4.43906610892608	2.38527030881328
NaN	1.24000131521608	0.845155189482423	0.28621132703504	-1.04629845437791	0.598072635374833
NaN	0.525712299697254	0.500053204784265	-0.850711598771965	-0.0778028287033178	3.17610593735927
NaN	-1.44404656710644	0.852977453077606	-0.147557379252334	-1.29482049305443	2.3309728464286
NaN	-4.08896277353219	-3.97432452888969	-3.8840821688045	1.79860192441963	-2.6635011867878
NaN	-1.43711413988262	-3.57927304762186	-1.62012211673738	2.63601691573918	-2.42491676493595
NaN	-0.324004757083702	-0.244388491370867	2.17447321786073	3.59889790514995	-0.160023021640624
NaN	0.231572037958128	2.24465513316032	2.11131713573699	-0.952651925763162	-2.74280871328272
NaN	-1.32730802132287	1.15099899210762	2.98039321324483	-0.160263865643008	-1.8968610841819
NaN	0.951910812320079	0.19569512656226	2.99664357322014	-0.439442381560251	-2.59336455078733
NaN	-1.29844994516697	0.605720179960776	-3.3650054863373	-3.23624931953857	-3.73086548407099
NaN	-5.82280685786035	0.0464975298553289	-4.36143844327848	-3.31715701001893	-6.04317887039681
NaN	-4.68409514604818	-1.82307370799401	-1.13129146020593	-3.48346675827611	2.51576126907961
NaN	-1.60011699646885	-0.038307766531137	0.460346419125751	-0.237227818695889	2.97485163119051
NaN	2.34590869307933	1.34991865180119	2.10770157871687	-0.820522574036081	-0.344642213484503
NaN	-1.01198995732057	0.84027088438372	1.02708298234971	-2.03270439010137	-10.3707992580102
NaN	0.288053424895619	1.6049612396111	1.63438678210427	1.57283530784901	1.15824390700758
NaN	-1.27351038954918	1.46249409910211	1.23840995358692	1.61587491333926	4.25835119115087
NaN	-1.36825583032105	-0.656390901557688	5.2154001889884	2.64031934618574	0.446640008208595
NaN	-0.24837569363882	-2.06033284181	-1.94709126738991	-0.804928420946232	-2.59712984911186
NaN	-3.37194894256873	0.358814124506149	0.0011166295011685	-0.753019559945873	2.74539492670615
NaN	3.2285043284213	4.36706325199401	6.6036908326821	4.27349829466548	6.53806696027607
NaN	2.15538889965765	4.1688704963925	3.79452518418004	2.72160680323872	2.47522123787515
NaN	-2.65946685702066	1.96783180558956	-1.16042519943794	0.0801525069782806	-2.85148957615166
NaN	-0.429382095956033	-0.576080292208807	-1.41659610266226	4.35765441511876	-0.623011055753534
NaN	-0.473297895385925	-2.79539398163813	-3.44388073531326	2.17768923223766	4.77983550491271
NaN	-0.925436734292053	-2.21169991135693	-0.368225017026096	4.10997204994077	3.49797218463418
NaN	1.90459454580807	-1.5343526536741	-1.55442816129146	-1.18381948531879	-4.28487758946199
NaN	4.97964031916583	1.31744063827749	-0.983875159609425	-1.73683269867173	1.34557855515667
NaN	3.58245079302529	-0.934987190653349	-0.32210736166979	1.98375642972756	0.676870361421091
NaN	0.00827697992885408	-3.2953630222595	-1.90455877235886	-3.86980374984164	-6.78993122161449
NaN	-1.7554826947016	-1.25253380859517	2.44023430089169	-1.95681881943381	-1.94976436906003
NaN	0.134257597813659	-1.57746617852353	3.20042217082814	0.783047992370713	4.10301482849153
NaN	3.76438611255995	2.50572456600138	-0.506674882254298	2.041676058503	4.13069044239014
NaN	0.910751980309251	-1.29549993153202	-5.0727173824349	1.07330801328206	-1.5477652834408
NaN	0.0248780052048194	1.61067204600953	0.405352033207208	-2.0519496901393	4.09852206358184
NaN	3.91345541112504	0.75265722773793	4.81668965951315	1.9813738657951	6.26695806399328
NaN	-0.96664128918632	-0.0064063266624046	0.672267990301486	-0.713557648572678	0.959938511788372
NaN	-1.30924345988331	-0.78282318188601	-6.18785762422897	-4.64560737737831	-14.7505160516126
NaN	-1.17681214202956	0.638050201597712	-0.94865557677145	-2.75569135749009	6.72202989522512
