NaN	-0.236721679515917	-0.446472016784999	-1.72824853929511	0.29876943651142	-0.242101668206479
NaN	0.819534668616431	1.61056693666715	0.511372391008865	5.23098688495687	2.06570896391068
NaN	-1.27632597537743	-1.86946942791717	2.06996520735229	2.67024705271692	0.909278327941817
NaN	-0.85935539067961	-2.22911636693068	-1.76847498682409	-1.68876762844017	-0.928537523305258
NaN	-2.042267523838	-0.652172735286777	-1.15346332765781	-5.8091025250657	-3.25097916809698
NaN	2.0118935077045	1.37931124010596	0.0484835640330031	3.5202069927841	0.272438709167359
NaN	-1.8765285282569	2.67514398789961	-0.241321289390399	0.0737423501701943	-0.774114560912082
NaN	0.321927117342561	-1.1674980048104	1.4514132749409	0.323811637731507	1.54180360901976
NaN	0.533835359206561	-2.81097354321764	-0.900904122069105	-1.04084474874391	3.70912041000753
NaN	-0.101099669415728	-1.24165672752613	2.03424321583201	-2.87835805362355	-0.830923608232827
NaN	-0.231521830068822	0.706536592594199	0.0510129515660784	-1.18821312220571	1.74737973095818
NaN	-0.105024324026447	1.65558334755267	0.611627674486358	1.84098027811861	3.41235823589763
NaN	-0.976162027516777	-0.180977071480577	1.91827164645991	3.16631699554327	-0.0833868081533917
NaN	1.9870246906361	0.0356972586068647	3.48406585754438	0.970959331414177	-2.69936550763133
NaN	2.2529722004927	0.929259824450462	-3.00307566333277	-1.32917477944004	1.06577632411608
NaN	1.29770818481679	-1.20038206017664	-3.12705204796059	-3.83282585685341	0.139775385964248
NaN	0.656772552333579	2.0981917659888	-0.812064820305411	-5.12169932746316	-2.49133151073692
NaN	1.686079002907	1.15818262835888	-1.86753218705698	-2.13982832125148	-2.17175844954127
NaN	-0.460603606883337	-0.353728914976552	-1.21243894735462	1.0218183581003	-5.5058595576514
NaN	0.285010811903728	0.0910793968454131	2.71978512594687	-1.55919402791162	-4.02762325864959
NaN	2.18801802619982	0.241571017502783	3.47146922997423	1.00518642887408	-1.7307823570017
NaN	3.86375258305154	2.68379609774792	2.68824533529098	-0.126916243731916	0.417201126616889
NaN	1.68928416825352	1.17709779349814	-1.25609596658026	-0.97769237419948	0.0329208813993295
NaN	-3.00372643999604	0.607778375653701	-1.04874108785443	-0.0557434946768844	-0.800145041881444
NaN	-5.01141411239379	2.56018819333632	1.24998906638517	0.18959246118075	0.501252321969178
NaN	1.16357691629447	3.26262599114054	2.76264562526978	1.24433439771354	1.96009112051672
NaN	-1.14922633653489	3.21145057629594	2.98235474375194	2.70318307897975	-0.0259664985680094
NaN	-0.0617946785964222	-2.09659595653677	-2.10194822142824	0.732379037692968	1.54007542443728
NaN	1.33025238836424	-1.36417246210036	1.25219665775796	-2.01416863679564	0.985598662485625
NaN	1.40599404736065	-2.36560637728404	-1.96937735142409	-0.249828721129976	1.39677609240688
NaN	-3.35251127149971	-4.92032895744809	-2.92877987215579	-0.968415825791197	-1.87678297647628
NaN	-3.51252737418518	-4.35022445282653	-2.91269672432173	-0.151381148696896	3.63985672215507
NaN	-2.30551335640369	-1.71031939431702	-0.741030852353164	5.18955418683686	4.58321683244749
NaN	-1.90516988033482	-1.49290942030082	-2.447887696937	4.64870367577686	2.55433755433756
NaN	1.95509731281689	-1.37644853978086	1.39544002964172	0.248455794407151	-1.84383655107982
NaN	-1.99055694555792	-1.26138068639991	-1.25632933309216	-3.05806906243078	-4.41105262316271
NaN	-0.856104161116417	-1.55760248947163	-1.66085619595594	0.143153507109331	0.680642704303235
NaN	-1.45179859202433	1.07627906628784	-1.71066877610324	3.66643105906298	1.11139780495497
NaN	0.266850801925774	2.25183522503213	-0.152563636805454	3.02736105118908	1.16353571984791
NaN	0.43746068704282	5.25484594647945	1.41819333114887	2.1948645757224	-1.93415019425766
NaN	-0.753465122132167	5.20664665310706	-0.273999597126422	-2.63502260370892	-1.92706828736167
NaN	0.176006342923301	0.226898994851612	1.8599039038988	-3.56582362848977	-1.45819635141044
NaN	3.53964557932279	-0.684980064191988	0.829841988547971	-0.655958485683547	-0.310004780617959
NaN	3.43807526467641	-2.07097116238873	0.462507773163271	-1.92892142851524	3.21759900527122
NaN	2.99819836474139	-1.8863820079655	0.657365323945342	-0.756654971184272	1.94898959858081
NaN	-4.08784252209389	-2.08528072806149	0.967383364818252	-1.0501647367037	3.43337838722602
NaN	-1.66663106832744	-3.50140368092758	1.87284363421435	3.38488570458724	-0.195365700027541
NaN	-0.276437796350195	-2.64206643740777	2.04989687757797	0.96780671810201	-1.66378726321554
NaN	-0.333799522608545	-0.373888015317896	-0.933108835827705	-0.381514290856824	-0.663644508550609
NaN	-0.949379146873722	0.0508575182405975	-0.0454965803022643	1.52019859615305	-2.21491815568405
NaN	-1.256044850604	-1.62768404256565	-0.774913150185402	-0.809191949340425	0.728953763987921
NaN	-0.0128024467230879	-0.327907818136627	-1.67173591624836	-0.891698118011566	-1.25350501499749
NaN	1.29005150521222	-0.16399276118501	-2.13032729934188	3.03796809221044	0.677703650404606
NaN	2.41245098562585	1.22344632657711	0.105512452110187	3.25578245915916	5.04837129296806
NaN	0.672673710071927	-0.0224044783271202	3.06670767583054	4.01963715928685	5.55151074869683
NaN	-0.828284685849271	1.64186756298225	5.66619885927097	1.86420474331916	1.85722868609705
NaN	0.837139776103781	0.636256949565832	3.50988154226198	0.365337360603515	0.13213554012475
NaN	5.21456244381671	1.03122110712884	2.61701473558448	-4.07919361686619	-0.266069455819784
NaN	-0.0221942970975104	3.99545969674061	2.44177059317023	0.407774724336204	-1.23267748914189
NaN	1.1271604319996	5.31936158371756	0.778716778791746	0.530995343451391	0.563640965203858
NaN	-1.45775180756521	0.559483712361526	-1.52867298145728	-4.23963459921339	-2.14683396904152
NaN	-1.23909557018636	-3.09429934083874	-5.66619572363311	-4.44922692145349	-3.68264148015213
NaN	-1.53410690017466	1.12370801942151	-3.93224244716435	-0.92421529830825	-2.55203995283811
NaN	-0.94659557700799	-0.939276380590105	-2.75926264488367	-3.20749334078241	-1.88440854375725
NaN	-0.743549327188873	-2.61290212459824	-2.68526035004126	-2.29918076417003	-3.67353827635966
NaN	1.84503127672822	0.298538440294661	1.79089769509558	-0.91876353493975	2.53173708218062
NaN	6.01650656529237	0.254197802037706	0.387309722174853	2.95450669313253	1.40532116379605
NaN	2.17135697006022	-0.338410179871055	-2.77078292281342	-2.20573866730002	-1.3937590512231
NaN	-3.74768145917971	-2.0396881150737	-3.01657342292113	-2.69014832951602	-2.97080495205645
NaN	-3.97332458103976	-1.48191701742851	-4.53883777165904	1.33839626550525	-0.1099157032875
NaN	-1.90332159718062	-0.772248612076441	1.26256193425781	-0.6937797497717	1.7172714588461
NaN	0.0270311252052677	1.37891649664219	-0.312878387937053	0.213462978545834	2.45748426703925
NaN	-1.5899572177166	-0.549436243953795	-1.47735009131557	0.116784692527197	0.990392824332275
NaN	-1.3346975397387	5.31772251302174	2.47697993991903	0.387437974562051	1.43430345695363
NaN	-0.515261846419441	4.02155088773014	3.13787878585011	4.17856193219194	-1.08216639699595
NaN	1.04569895358501	0.752740128502243	2.01405665445187	0.245083463750193	-2.70464187287396
NaN	-0.0850742048037825	-3.27881018190945	-1.54971396258802	-2.78193205985634	-2.85733563477712
NaN	1.57475407631992	-1.20236665532355	1.57737924933774	-0.507523463756025	0.767856879053578
NaN	0.942783677303577	-0.242581750765288	4.88837008154277	4.04367211495124	1.22048438836297
NaN	0.195237441702219	0.0983651480192328	3.6930325816937	0.828924059447658	-1.9512074779706
NaN	-0.340165128209066	-2.01711816895514	1.41710436534044	1.21307511908049	-1.22551201090466
NaN	0.442037523697416	-0.789702630948206	0.419908346597185	-0.628058018932082	-1.87045836590805
NaN	0.136022239015693	-0.337828460045956	-3.75084947643376	3.82661515023259	-0.937655659551931
NaN	1.99000255405583	0.382931078159031	-2.93395398352953	2.17088174149968	1.41759052838712
NaN	2.34135104887975	2.65348668689863	-0.680501474411431	-2.67363414079362	-0.657783471681323
NaN	0.2113621651585	1.95189805771706	-1.38288403381189	1.54558171080362	0.906652472054444
NaN	-2.75480081296183	-4.37913616698745	-1.77852684233744	1.41861998269231	0.698759495137257
NaN	-2.50225984926422	-0.509675448600511	0.468670167812358	-3.97645735900042	2.47983610922668
NaN	-1.22042032877788	1.24237977973705	2.06428500669715	-0.215818235918909	0.18394297322618
NaN	1.02021934526652	3.77208210548684	1.81693664232966	-0.0489617991064345	-0.789518929349244
NaN	-0.213297025609182	-0.19472532843968	-0.075496518058356	0.69255015786504	-3.1106718853997
NaN	2.65475338151647	-1.98761092878507	-0.455116871367877	0.436238429977458	-0.392116854664297
NaN	-1.63963512286904	1.24990810302121	1.25772695531554	-0.620549480287537	-0.0760389588670411
NaN	-2.09204712155651	1.45271112031128	0.405365123875974	-1.45844690647159	-1.52430683675184
NaN	-1.454943621864	-3.26382481438103	-1.31488721157797	-2.69628805086091	2.44269156687194
NaN	-1.80248208073576	-2.97868378592312	-2.18457011051485	-1.1269489754805	4.82136579272356
NaN	-0.822432921260329	-3.33566031957668	0.0657718325301377	-0.697229469452831	2.29046872509222
NaN	3.15051994969209	0.0649779022901478	-0.324846867090917	-1.44877728351161	1.35401058318233
NaN	1.54040645100994	-1.99128746380595	2.67512353925512	1.1449588745917	1.77387189812582
NaN	0.221878679181711	0.16078710689584	0.183267686918898	2.73079368514236	1.07684813320773
NaN	0.191177262287946	4.17849807931363	0.826573005683972	0.224265534134602	-3.45981089035642
NaN	0.499778171824774	0.79341773300125	0.103312531787638	-1.17420784493281	-0.994621309206519
NaN	-0.196848234991391	-3.00398607943748	-0.019074570173706	-0.186213540022306	-2.60878229234397
NaN	-0.36469635434249	-1.36687126681881	-1.44478775416125	0.861702549018386	-0.779350476490572
NaN	4.9046286168488	1.43370196422519	4.60008465523112	1.72497643648259	2.1857345416651
NaN	1.22544117653958	2.37821713616186	0.203839962635378	2.03667891610558	-0.619623314482033
NaN	0.73921252617715	-0.517689820603256	-3.22651098404899	-0.0381831277899364	-2.0510903859577
NaN	3.39256132048204	-1.60572144409747	0.967251401839752	3.47451721626216	-0.557207411673756
NaN	1.91173667241956	1.02249560151693	0.459292935784692	2.52565343783266	-1.44390606847419
NaN	-1.85518316990001	-0.872599738059482	-0.00253138968691406	-2.84234318027013	-0.719119539641325
NaN	-4.93935105118248	-1.37838737487849	-0.542284843854681	-0.505216329037058	-3.68226818053415
NaN	-4.01015758234791	-1.44849250621256	-1.79880225641803	-0.827843368196476	1.85891294253856
NaN	-1.35263283018615	1.87426159311593	2.03871144430638	-0.106241539631687	3.26830552367831
NaN	1.39479055187064	4.44417313058632	3.76058050928639	3.09011204025362	0.969827512154174
NaN	3.20944263965287	1.24816202231862	0.629655761248778	-2.30534903737363	0.947794139585215
NaN	-1.9857362970367	-1.54069920344085	-1.35997793689141	-0.794875077202191	-1.49212427498712
NaN	-2.94134349287895	-1.99398764500551	-0.641487130008423	-1.03590543812338	-0.294261964254435
NaN	-2.68651325619466	-1.31033312223128	-1.11402229498169	2.28540764625546	2.17896085239503
NaN	-0.995676923084977	-2.81721858818205	0.960358996696386	0.459313231174274	2.44499220500137
NaN	-2.0823284955057	-0.0289812994857319	-0.443865306286469	-1.93354177694111	1.65263918258687
NaN	-0.389586948800204	2.04326258197802	-1.21774778586192	0.9474539829087	3.38083084032346
NaN	-0.675959112810651	4.55093159830739	1.00359426375512	3.84786802320741	3.49224130147496
NaN	5.93084754201042	3.22459814714036	-0.10797337845118	3.22012109290919	1.03492069910743
NaN	1.85051448944566	3.9343247893544	3.03811550619671	-1.80152511017248	-1.0882038379897
NaN	-3.00403342516339	-1.63528599906578	1.6362155199739	-4.38048389433477	0.160810245186721
NaN	-3.14988679411845	-1.03024785958292	-0.70892198509504	-2.62309062647648	-1.26080163815904
NaN	-0.4511978507773	2.05085835456381	0.582001498577	-1.21005912032945	0.682770494007438
NaN	-0.400977267321345	-1.45646659679213	-0.318246796238532	-2.0437586792231	-1.33289963379197
NaN	0.700789193679005	-4.38511565674138	-0.734848366923819	-0.962493387719285	-3.15468975831293
NaN	4.46350234728095	1.10792284082643	0.582819102349552	1.18526669180012	-0.374212400739473
NaN	4.59009982274695	0.930597652527321	0.192355091923945	-2.16714933328336	-0.461959237020879
NaN	-0.78213969835683	2.84617335396104	2.58291379220194	4.32751441842876	-1.42834330030797
NaN	-3.74167509237393	-2.24848974579271	1.28151899032956	1.62352623858994	0.956112960805217
NaN	-1.6646183514503	-4.35207518338346	-1.665044968426	-2.01996850422263	0.898498284576857
NaN	-0.151418810532232	0.181606160059975	-7.27531325666964	-2.67049320786544	-4.08892848728557
NaN	-2.02001036749433	-3.34822117265354	-2.56645903327725	0.179014390655896	-4.74446529183677
NaN	-1.42647942943983	-0.375683838960988	-0.968978349008691	-0.960403136326707	-3.28227424820586
NaN	4.40728430978963	2.83666992744523	-1.68134870666349	0.390544647780435	1.65347226847817
NaN	4.79431141380986	5.49593365355644	2.52487899114495	3.31961685921041	0.954943844516517
NaN	2.06815410598226	0.823862460906839	2.6978602934815	3.38594592334995	3.9260481133735
NaN	-0.148623656817742	-1.04418006485271	-5.36988889139529	-2.63012998580609	3.80001943724205
NaN	-1.81582994647128	-4.72875805814986	-2.33459268975597	2.16668713771484	2.82414368172451
NaN	2.44849579470504	-2.5031662218013	-2.31756924471326	0.185775256206277	-0.835211700591275
NaN	0.994196359457627	-0.885777161610805	-1.16515922610807	-4.50882204294309	-2.35875826633614
NaN	-0.784279605985633	-2.02882929466415	-2.06883525257621	2.16667884945031	-1.07610353469808
NaN	-3.88845733227571	-1.62904919910825	1.49205150497685	-1.09846141637861	-0.703590130427327
NaN	-1.78418033272363	1.40965771897325	2.63536238444908	-3.87244446654156	0.337891973481024
NaN	-2.2550585143201	1.41225921172155	4.08068637584627	-0.955656030134113	1.71010001262212
NaN	1.72533998691455	0.670712390959295	-1.81563418461556	-0.629936879415031	-0.473024083347203
NaN	-0.864297300004075	-1.35089358413672	0.928107265013337	-1.29397187340495	-1.65809769958552
NaN	-1.78839200474183	-0.3656948690858	-0.903918318447983	-1.99528722467788	0.944264643528241
NaN	4.23224133550692	2.63331924059158	0.0891887087642949	-0.638406343995045	2.99987765185112
NaN	-0.319650185445767	1.73729000669454	1.30285555710208	1.02382629869566	-0.37635672650882
NaN	-2.8718556249007	-0.888111924693013	-0.00232529820556097	0.720555234570185	-2.61836246294303
NaN	-1.19046231025771	-1.49700395971752	0.130174158064069	1.09085462660091	-6.3354441943747
NaN	-0.941803563684145	-1.77972164716038	-1.44065553194272	0.980530825694349	-4.09761548154855
NaN	-0.149278398700378	-1.10967971629815	1.50264467606992	-0.0776279763115647	-3.8092243365947
NaN	0.857371344798542	0.693706046475986	2.46451145044736	2.93603725672623	-2.60211949347279
NaN	0.736145588955654	2.00388440393753	1.44163996585974	4.45918693856774	1.11568498313889
NaN	-1.41286993673959	0.884530495434353	1.63319579564088	0.063015340053863	-0.297295308315124
NaN	-1.04896018457377	-0.412533525600674	-0.24136443021156	1.03522010437097	0.505591230677072
NaN	5.49924170430499	1.17693416111581	0.110905486722902	1.67240646317677	1.6459520850685
NaN	2.28664275482311	0.111233250843621	1.40793205979918	3.00672299018824	5.55932092128114
NaN	-2.82932309713259	0.648771477114743	-0.096865064554747	1.15747570419499	0.848629544341709
NaN	-1.63460080369466	0.344721557586836	0.0479389679430174	-1.06860465700289	0.0403585149607502
NaN	1.06092467562368	-0.27954622351829	-0.11149183483892	-3.29007644170101	2.28895955627688
NaN	2.60386437284428	-0.173125642185913	2.21731976608041	-2.02049653117862	0.00334913050475466
NaN	-0.892683929300372	0.182461266044529	1.41084962106206	0.191268244839278	1.02929733344002
NaN	-2.23233216354461	5.13938210755037	1.66760890642195	-0.297514945667453	1.39432579130582
NaN	-0.0329414383682607	4.19624130056662	2.35528702196889	-0.40089846143112	-0.492392563394671
NaN	0.995635214116996	1.80703973600643	4.1114107688418	3.36668739581372	-0.481366568687383
NaN	-1.42743562735959	0.834034746257959	2.46150842467651	5.85925407097851	1.01650327271357
NaN	1.21894346645605	0.0440508996926197	2.1643969273842	1.63839834120178	4.38509377421012
NaN	0.607388264355387	-3.5118307024136	0.942105631412589	-0.798294046293832	-0.859221298402469
NaN	1.24680141930163	-4.19952536310105	-1.85249006509294	-1.92016393799849	-0.407818206775471
NaN	3.19474710478043	-2.19693938184867	0.0208950408860827	-0.667836212707466	-0.277773214163743
NaN	0.120770692009162	-1.59823888881102	-0.741652078534881	-0.602364788956137	2.6789891184625
NaN	-1.73186179248892	1.4234508851651	-3.00489149152959	-1.10851191550507	4.93339065762697
NaN	-1.89601263359126	-0.709122151455732	-5.72249058999408	1.29287692064467	4.34005550007061
NaN	-1.81460092648263	-2.05230062163827	-0.935470921462592	-1.91686251254881	-1.12283484909558
NaN	0.5318833523197	-0.508371191070191	1.87270452645566	-0.480696296673018	-1.58592848387893
NaN	1.00940216575309	-1.16620554899522	-0.00462159925240539	1.23526156552679	-1.58246438323773
NaN	0.882613142497214	-1.79469552683956	-3.4483299793563	-2.52646482655169	0.534166320129998
NaN	0.74483331836392	0.0516707821294929	-0.182203689802902	0.732932269184935	-0.411096717610102
NaN	-0.981654485838384	-1.74383239350595	-2.06016124938468	2.43490584044706	-0.703948893462238
NaN	1.36824504872463	0.758007119181369	-5.57926191590242	-2.54786812520604	-3.35116286210544
NaN	6.42163368767835	3.66010666777656	-2.72880889575031	-3.67615516323275	-0.712438980983723
NaN	-0.143194793550099	-1.00006316867298	-1.54248331578905	-3.14443699283897	-1.93702904433688
NaN	-3.0219395102316	-1.01958697664397	-2.80008262947745	-1.32504825320379	-1.49659752195146
NaN	-1.45107408065337	-1.07759088808512	-1.89168116335313	1.18820708593803	-0.848136958554923
NaN	-0.713695163301275	1.22313242219378	-1.34240620497345	-0.622674465403306	0.126266123015571
NaN	-0.339996654703889	0.904621321723801	-1.59447491582477	4.07224777848298	2.88320504799384
NaN	-0.50952607946524	3.09602674350151	-0.102646398978353	-0.205225125088518	3.43680097867752
NaN	0.0609766963688729	1.70263382840612	1.61008772630079	-3.00693053356287	1.34224001907729
NaN	-0.421898644442109	0.371578293624283	-0.023350802881918	-1.28502376477318	0.512252216672245
NaN	-1.58402085909243	2.75006699740678	0.689622170062161	-0.391131802445818	-3.28263945762657
NaN	1.37479797176901	3.14761501887598	2.48147230319289	-0.218970813486982	-4.65978383972602
NaN	-0.419210312230138	-1.1640331503513	0.44700252501866	2.69281638773611	1.38804384487312
NaN	-0.792996591407664	-3.3309763240013	0.828948370279485	-0.73457716565944	-1.0978918261529
NaN	0.3858156442916	-0.316107189553653	1.98527700492145	-3.4310112487712	-0.955569231919731
