NaN	-2.16861920342281	-3.50007231132465	2.4425841710453	-1.08396453072938	-3.27503974497265
NaN	1.33195107454468	-0.527990962598497	2.68869411356725	2.1598884853802	1.28215584670584
NaN	-1.47625903431303	-0.20492565649631	-3.98109509509778	-0.347823062509429	-0.313263405354808
NaN	0.160970101515503	5.10046644916836	1.9939570020278	-1.35415154203244	-2.14393510531739
NaN	0.985483039128507	3.27361808770928	3.89679930324182	2.24549940228303	0.281350342458115
NaN	2.39236464142337	3.39355473613291	2.88697111759567	0.796420178807249	1.73710850846395
NaN	4.69164805367772	4.02533716864008	-1.3349054829233	-2.46502724191165	2.62976789648268
NaN	0.260786167558194	0.911585101059449	-8.77770623980903	-1.26679379183478	-1.34188215982841
NaN	-3.74555672356888	-3.35206593658836	-5.080034479534	-1.04613604611599	-1.57208093592025
NaN	-0.582812160416904	-5.49766871144426	0.994167486618622	0.709258387176904	-1.55662113185651
NaN	-0.500336002859653	-3.41498810755892	2.77748175425655	4.75163433957859	4.42430050497155
NaN	-3.54440222422079	-2.12265714468819	1.32383339898014	4.42311136816695	3.18859911160434
NaN	-1.16995538786698	-1.57209446534275	-0.943899846571912	-1.8074592790534	-1.68823323434012
NaN	0.62693168731152	-1.15917735334426	1.45295455334124	-4.36087098842232	-1.77019216880131
NaN	0.968126038968204	-1.08792276645545	3.74858798163221	0.719395974197003	1.53993711048281
NaN	1.12358591134229	0.308397556579061	-0.563330263929453	-0.593323143237055	0.88852777457291
NaN	-2.47156933188839	0.272805897746624	-7.14252984149068	-1.92812847290381	0.874527093232326
NaN	0.336466137918199	2.58286246693064	-1.00375617078688	-1.09270809964492	2.43946324284933
NaN	1.40930328866971	3.13579793202086	1.09445865521974	-0.391534081501543	0.574035332894385
NaN	0.108850274457332	0.369532003745972	-0.846842650696123	0.462063413879651	0.482984405078751
NaN	-1.71555717158967	-4.72965713940247	0.482556887388293	1.55881069708925	-1.62394595009491
NaN	0.228774836411036	-2.01798027325077	-2.84314437125092	-3.11262031676053	-5.0542296207609
NaN	1.3969338651921	0.386773614772001	2.68086007763413	-1.747669931894	-0.434701544276848
NaN	1.2396146061363	-2.46644455827808	2.99813419961218	1.39386793968586	1.06921148519967
NaN	-1.38510885756251	-0.842293066818685	1.22449771977472	0.212279381206941	1.99461601759923
NaN	-0.270201968728202	0.801281190779061	-7.71095208454135	-1.2299678969642	-0.0923931185199397
NaN	-1.74889383677797	-1.3695709005069	-1.69370278254043	0.192291416056664	-2.14190152091125
NaN	0.671980713786939	1.26936049579478	-0.759790021943127	-1.02425922901438	2.00053155671288
NaN	0.0559661313234313	-0.455149693753503	2.57165525254186	1.42179509611578	0.105923125801272
NaN	0.535503234423438	-0.36461381276359	1.60518359764824	0.439934893052618	-2.6627292764193
NaN	1.59525144605272	0.567000371047196	-0.426739261532861	0.418776992319215	3.65156086363336
NaN	1.34071642866596	1.65285387492135	0.393558360808141	0.086378911804789	0.767956682138928
NaN	4.20691078183065	1.81673662887068	5.53756649656776	3.63830608440624	-3.31107469834838
NaN	3.70103791225782	3.6648736854672	3.39668657625767	3.51558165064001	0.20788311313643
NaN	-0.999191881793148	2.31145313456769	-2.30834219460316	-0.433820987407047	-0.501092428854938
NaN	-2.22224582579096	1.34841866080133	-5.33993940820552	5.2617754428315	0.516206582139914
NaN	1.05695580442906	-0.441721365086819	1.6393295614396	-0.77937496925641	1.75106541232627
NaN	0.232522103618267	2.3358347861186	2.58934564433367	-4.07504976623187	-0.492190194350638
NaN	0.43171441784399	0.107148608045782	0.209063900200036	-0.491212628272307	0.289882384100203
NaN	-2.42087894834298	0.251165562372435	-0.485113011407117	-0.506217446750766	-0.227580309205332
NaN	-4.68848263622386	1.08386196750647	1.50966612442375	0.594050938794051	-2.30494659414667
NaN	-2.2087558617797	-0.6738161482068	1.81481365693695	-1.10617110534857	-1.15731814965022
NaN	3.10456460314739	-0.0587910705395921	1.89725307384826	-1.14668419425704	0.766032610992639
NaN	-0.26723284756064	2.78571074643212	0.60433040610703	1.22675914562857	-1.34321055195409
NaN	0.641361837978092	-0.677395002311321	-1.6302035145956	-1.05749164937283	1.01378974954615
NaN	3.03916438568829	-2.21086591672967	-0.123343256957465	-0.645592413277076	3.81952746224759
NaN	4.45002097288098	0.535246531948503	0.206664436234552	-0.278596982259286	0.290801404869236
NaN	2.70580845021609	2.12012449425044	1.31711238239155	-0.848523849287373	-2.30821248887475
NaN	0.967798121263326	0.789083822000757	-0.114357142679762	-0.134862844271418	-0.368206730302105
NaN	-1.88202514213313	-0.10453641775868	-2.60242686539543	0.954940353758978	-2.02464218285072
NaN	-7.40447226778009	-1.62579574041633	0.254869987217616	-0.466552758981311	-1.16854048769198
NaN	-4.3259877848741	-2.65732913661913	-0.362599750496574	3.59766812596262	-3.00580515598824
NaN	-0.96557683735831	-2.07740664254693	0.478227126331088	1.38029432040351	-1.96568940253716
NaN	0.357772945994177	-1.7752890719383	0.920660419123018	-1.7740894927975	-1.23010160377609
NaN	0.141431058996643	-1.17069193817748	2.44231721410572	-1.25882043064254	-0.71441190926486
NaN	-2.68779971853187	-0.425490643765644	4.87960446517403	5.86280442161708	1.00432778952693
NaN	-2.52719178782359	-1.07739360071674	1.14753190000177	2.97744007608014	4.32103930805192
NaN	-0.628496934509245	-0.256735784178352	3.26871234719002	2.19982928997556	2.35395042260965
NaN	-0.681116418189088	-0.865723968034259	1.25071119825666	-0.494922681939349	3.27406836599912
NaN	1.97959028428613	-0.496417298087349	-2.9326754141098	-5.01955214684215	-2.23973426223343
NaN	0.565175734981935	-1.36405762414369	-6.41872602727134	-2.48204909870281	-3.0378974476402
NaN	-1.02394904882901	0.623071431798907	-1.99953133877192	-1.86671624232276	-2.68950268994028
NaN	0.366252164760736	0.159467557548244	1.0986189411669	-0.284464551842444	-0.351968589842139
NaN	-1.41309454152841	1.16981520988802	-0.0530130548321118	-1.21490435632375	-0.888994770139266
NaN	-1.27452110686257	3.35266291835552	-0.952837953723434	-1.15628696601103	0.275815879682789
NaN	-0.838855846553027	4.79356504610624	-1.60274443536372	-0.126135988895551	1.30555964532887
NaN	0.540104509435417	0.546409589912411	-5.5600347620524	-0.366854770501806	2.26611320924237
NaN	2.46169380032421	-2.31865460469905	-0.000792133388652125	-1.4849344341346	1.04233771697413
NaN	1.4203076802163	3.27875963783599	0.736292558246868	-1.78153184457528	-0.270378936862631
NaN	-0.721934865137504	-1.38813986578241	-2.0687570842618	-0.700159211482646	1.00652464692602
NaN	0.188176992973977	-2.16534543162301	-2.88343013132533	-1.30654167517361	1.81322875464008
NaN	1.73281915428643	-3.88130204809109	-0.040216043308723	-0.690996276227949	4.35878205146714
NaN	0.788812090667972	-3.78242247738138	0.934176342907514	1.78973087279573	3.50830979729473
NaN	0.538149245896689	-1.45011296224453	0.388121633259948	0.0612257198176811	0.091369713939568
NaN	1.30560013470148	-0.935659579136956	3.1458825177166	0.621379426593844	-0.195975550160953
NaN	0.143883048603222	-0.628689106197033	-0.873318019863146	0.817196860471574	0.319189675681847
NaN	0.539873614997694	-2.32015102174591	-3.16269211559746	0.645242730439693	-0.735632740861327
NaN	0.526597495996828	-2.243997647294	-0.271904029662186	0.0465246974769854	-1.08090604446225
NaN	1.46213519832785	-1.1892481744124	0.0652270308407455	-0.565711583384654	-1.95135743807849
NaN	3.20116703699131	1.11972303358257	0.697507090677702	2.39964512180869	1.60910995513922
NaN	2.52198687378104	2.30016324480615	-0.142245089573472	6.02325245532588	3.41747530340569
NaN	0.45625229492498	2.07214574087818	-0.448696953706021	1.27619055741836	0.861228445065077
NaN	-0.785898269501986	0.70154915768769	-0.626868791289268	-3.77612818095867	-2.50410150954048
NaN	-0.674029558663082	-0.00982540617904875	0.636897387453781	-2.45527159698816	0.763092730735849
NaN	-0.77256338997801	-0.600002446412647	0.4545822327805	-0.356250712683062	2.92621682742244
NaN	-0.0430669559891304	3.91337382947335	1.22112892698393	1.0354657025829	-3.68326716751894
NaN	1.5990566793775	3.91861962767431	2.00437682130932	-1.30963078701551	2.59188500695111
NaN	3.99959883494839	0.866436001296375	0.406613687940438	0.0335213949541349	3.64635981430535
NaN	-0.119617855853244	1.10231534421453	-1.18902442892368	0.605333355133956	0.60420171184134
NaN	-4.76515955418642	-0.787531927841949	0.736166451300707	0.85885620768726	0.6641528256652
NaN	-1.39488626077715	-2.08449807700421	2.74640348355829	1.83472656144395	-0.761024938824962
NaN	-2.98250493430437	-0.994960139878314	0.51796527196504	2.01845039875893	-2.0523733375346
NaN	1.66991084878475	-0.14214336229356	0.485876634113411	-3.01965915390199	-6.97111050286066
NaN	-0.487554803373817	-1.29744066121775	-0.995345831397949	-3.15997611287879	-5.7164346345454
NaN	-0.18042756758423	-1.26482334389352	0.5648719731236	1.36272621792024	-3.40731738032247
NaN	-0.379537842661196	-0.783564344592132	-1.03830081132133	-1.11566458547014	-2.89354063824559
NaN	-1.15166331381691	1.48286175855455	1.15960436061655	-0.633379998579964	-3.52433099467895
NaN	-1.21400081555164	0.713258662703305	0.837301542196342	1.43591276396671	-2.74517191657363
NaN	-1.42518224662799	-0.515641976168494	2.04995784894722	0.00186103210028429	0.92787079262144
NaN	4.49817568320844	5.12228507118267	0.903812501799645	1.666298028231	1.90350089819602
NaN	-0.171888473482936	5.34952438488896	3.34620684695914	1.60670695796671	1.58318088137719
NaN	0.67309461518753	3.2536568447758	0.025380556708225	2.44293057141122	2.79007291535809
NaN	1.05154564540542	3.21933008061093	2.37434336173955	3.79636308935473	5.65510221921924
NaN	-2.56942890342425	-1.40558805057475	-4.15840299739181	-0.954464439332697	0.718465015211164
NaN	-4.34144715212518	-2.54944362742924	-1.09553547240453	-0.521639197961974	-2.3475241579581
NaN	-1.77387458545015	-3.90723974223824	-1.74481343853289	4.2773040621854	1.38505274499121
NaN	0.214204762905124	-4.40486317591622	-2.93894213729577	-2.44413036005475	0.954336379052405
NaN	1.25786348210695	-3.51282869840075	0.297524145453035	-4.7081393735842	0.0726715670641316
NaN	-0.874890444442585	-2.23115924563348	2.34692014204042	-0.435413798685227	-3.77802959395899
NaN	0.172717499223501	0.666438548204134	-0.256867576261361	-1.78869481936939	0.138977591999034
NaN	4.38931046163837	2.31241172277048	-0.595365437180104	-0.729786198752834	0.242569896665644
NaN	4.30074808518314	1.78656818631669	-0.640185756405246	0.620350940231966	0.286255871150271
NaN	2.64687285115418	0.222672753344466	1.18142260789826	2.9691339901634	2.63097818209624
NaN	-5.02549534330559	-0.665133949776704	-2.61911262474327	1.94499696505177	-0.472198439803885
NaN	-4.79935646956498	-0.444079352359204	-0.0125918107692277	-0.379137354964014	0.426817159330869
NaN	-0.367205616430466	-3.92777005732822	-0.430999606225599	-1.57952392001613	-0.77643533649598
NaN	4.3387084919662	-1.00249644504172	-0.96907772607101	-2.1393368225788	0.874585568128824
NaN	3.82510976109181	0.164917677962689	-0.477259054627795	-1.6035833216224	0.283323290239802
NaN	-1.60855525590571	2.32280982265789	1.27844490512953	-1.1603791825679	0.94884382392145
NaN	-6.1015223516152	-1.63352944592216	-1.41955050176411	-1.42980159986969	-1.5442236732711
NaN	0.0851966185725987	-0.899095390968579	-0.0884472918528743	-2.74577417695778	-3.63938493566828
NaN	-2.42507201504384	-1.70487943693119	3.95543047354523	0.851894602538044	-1.92373412615223
NaN	-2.74567211303353	0.2377461010961	3.02677014793693	1.38749075421965	0.602867948116223
NaN	-1.56797744108559	-1.4200254962051	-4.11136848832907	-0.548898020379701	4.85226279560286
NaN	-0.9702795889751	-1.4484740619976	-2.37505003388963	-1.76938053696076	1.4088226985191
NaN	-0.611441003401321	-0.383513728157754	0.343864704562143	0.528711761890011	-2.5014457865362
NaN	0.243209103691317	-0.788388763125677	1.60423761503095	3.21411217451268	0.264116225310271
NaN	0.700002310174073	2.91645583678924	1.11150862745077	4.31521691907912	4.56726122969778
NaN	0.553881346087215	1.99971435795379	-1.59178354997048	2.74310940204944	0.777817444619024
NaN	2.09747526172788	0.613493846170327	-3.23110613735208	-4.20356233627662	-1.77036626752057
NaN	1.15302801719043	1.25610079690679	0.635738520024327	-4.5047178846445	1.12989062820202
NaN	5.92922910798287	2.52978466679097	1.08304417533954	-0.169260558869383	1.94373507428818
NaN	2.06150143330735	1.71779689113686	-0.563235801951588	-0.116498513582647	-1.13630955837529
NaN	-1.85711247816145	-1.67747190216287	-0.954311251850921	-1.45560330506214	-1.48216970718644
NaN	-1.95281936742362	-1.20195559658201	0.819245507719618	-0.269046927090424	2.08438864761438
NaN	0.868938231008055	-2.27181641929454	5.64399629719147	0.880396445469001	-0.703624949086845
NaN	1.74834694239977	0.5629616306946	4.41144328254206	3.61581181093078	-2.66707754962474
NaN	-2.21719353223447	-1.08987781699626	2.52259694111054	0.171978561582219	-1.33379433506224
NaN	-0.382692631585508	0.14843474652722	2.32585728119997	1.41903275516452	-1.72675178510907
NaN	2.56473609847055	1.21243699939984	-1.22819037218435	-1.39057307912622	0.756116696696329
NaN	0.662779030212942	2.58299523554445	-4.60843434439298	-2.55791238328918	-0.304714132909753
NaN	2.57728908841154	2.44070182902634	0.810550732785767	1.46880307835142	0.19430163334017
NaN	0.0609419549093459	2.42968924511984	-2.54551525863064	0.335300813637035	0.126675341689623
NaN	-2.464816347083	-0.0599048457679948	0.640141488740969	-0.428850966836688	1.74291284417621
NaN	-1.26865047466532	-0.418818172146956	2.29639429760434	1.78467720961388	4.56570971557021
NaN	3.41884212937183	-0.966988742063599	-4.8063442221751	0.769679207148166	0.767094210762821
NaN	0.131868196153415	-0.527830208669101	-4.85871710060846	3.89427621994724	1.05211736798633
NaN	-1.56324643483801	1.57608744741298	-0.602092020778394	5.10738900649584	-0.441947498031426
NaN	-0.05018770284227	2.55786566912036	1.46614375550758	0.13102960310022	-0.888514104198297
NaN	1.50124046036688	2.53811613042261	-1.26097263443537	-4.85586000264224	-1.32550823393613
NaN	0.172015193900176	2.04072275158035	2.70555287710556	1.51013217511554	0.833467793417625
NaN	-0.454020583656493	-0.421416220897546	2.39519664625492	0.854866228045779	3.40912941225829
NaN	-1.18042037384346	-3.48317443878494	-4.85059398960931	-3.21845602064744	-0.891407133702564
NaN	0.519702942952342	-1.37856462408078	-5.93168884076421	-2.03831166550568	-0.87505153192634
NaN	0.436927773131801	-1.46687608669934	-0.471960026006873	-1.42905522412549	0.631632096084382
NaN	-2.14248850083418	-2.09855544974291	-0.0633695576268249	-2.8054849212294	-4.76659094330403
NaN	-1.59282829215445	-2.37857679304384	0.0143071011701269	3.1996999205743	-4.65425365770246
NaN	1.55642350241347	-1.66353617125525	0.655872396258991	1.06071755935425	-0.741418333023554
NaN	-1.86521915141926	0.134748826267372	1.71545749541175	-1.44119338912558	-2.41151722984984
NaN	-1.16986594453753	0.789532298784776	0.64886417845872	-0.652803673707084	-1.65150126069418
NaN	-0.707037350021395	0.131243229256327	0.702265188851821	-0.242018582882327	0.235116964680735
NaN	0.655006827310267	0.341388620999723	5.21253222871375	1.69889721974837	-0.415912633907018
NaN	1.53978585530659	-1.60268501116393	-2.26875424287531	0.0550969924762956	0.212886726644251
NaN	-0.903759974422528	-2.18318093237199	-4.4143860384412	2.69905422325332	2.84493206992522
NaN	0.553236381009022	-1.97771185570277	-1.26481232355773	-2.68074267554126	-1.09878278886729
NaN	-0.627690195130559	-1.00962296402001	-0.419898061241716	-0.707593870594097	-2.14041448626103
NaN	0.649548447927676	-1.07810719927827	1.12297409483355	3.38180415164223	1.56734908486123
NaN	0.448450758491779	-0.529412704629402	6.72481487804864	4.36523738404401	4.08053159908098
NaN	0.343799839606226	0.891549533271069	1.96439436561513	1.19749842494385	0.573645736257857
NaN	-0.467082876338735	0.23689733359496	3.73131595150642	-0.694211224929292	1.27776163147016
NaN	-1.31503932250391	3.34482167104354	2.36723951284679	-1.78055494483036	1.4002919860151
NaN	1.49257272934681	2.60760508892208	-4.07148469670106	-3.39083229609139	2.16193316699349
NaN	1.19713255759008	4.41871521516569	-0.774708869262023	-2.57862357376248	1.47410351117058
NaN	0.758143837250436	2.25903787493109	-0.966949256044828	3.60160959793526	0.59191758954469
NaN	0.173564269980909	-0.407467433543366	1.26361985816708	1.12615394347439	-1.32149227061997
NaN	3.01033162919751	-2.61475647123091	-3.0233135877179	-2.3968791824823	-1.31675752071763
NaN	5.24989884973907	-0.483042624572298	-0.621232800756881	2.92398097028492	3.40458180891542
NaN	-1.51969128313994	-1.29721367540207	-0.613443288020554	1.09919024768817	1.59613262185142
NaN	-4.15792203990327	-3.52315237483076	3.72900752426159	-0.714320223932125	-3.51439695211033
NaN	-2.96949215623013	-2.13981898076403	-0.142595391963138	-4.72674197715268	-3.4193197832177
NaN	-1.62418405107935	-0.666163982354708	2.54970148521888	-2.21071362111568	-0.87678611175418
NaN	2.97452582016934	1.79436191253497	1.3107215460431	3.02833122343983	3.01276183429726
NaN	1.60291563679663	0.126085528831628	-2.28355653643436	1.75404779363409	5.66526047475688
NaN	-1.45207646433885	-0.949866833737018	-2.65586295442635	1.88562196457592	2.14310245132229
NaN	-3.6519880082847	-2.80471016385474	2.73254183271129	-2.50124112302678	0.577157256948712
NaN	-1.54974130461376	-0.211251876695349	0.165570783673888	-4.08104321837603	-1.61408823049067
NaN	-0.128045011814805	-0.603182688628783	-7.60417361516704	-3.53268632784681	-0.485375762390914
NaN	0.702834684444842	-1.3930458522162	-1.69192377366924	0.400909263983346	-4.83722734681053
NaN	-0.185422940662928	-1.56804763642013	4.46685122931165	-0.714473849120813	-3.24825848368731
NaN	-0.531677313942413	0.395046158014399	0.784048605996466	-0.571604353019837	-2.28301984524865
NaN	0.375312592303889	2.46837102798049	0.896580050687814	0.578246323593519	-1.09753209853896
NaN	4.66094853244428	3.56344817038222	1.16851420142171	-1.10840311229696	-0.452316227665139
NaN	2.55208859894167	3.74423317035875	3.50008579132536	-2.37447347090645	3.55697155397261
NaN	-1.36459525669979	5.33344551449872	0.337302615164651	0.12995460128527	2.21690812201305
NaN	-1.77269957462454	3.60131661159349	-2.74480672259901	0.554185917844189	-2.63978824427761
NaN	2.6066405631068	1.74457531450862	2.81291874665474	2.88538283441026	-1.80646897638169
NaN	-1.06283023509465	0.472653989056245	2.90398203989758	0.79973423296337	1.37604225704159
NaN	-5.01360371802026	-3.05287101201401	-3.70423712321694	0.909095893907358	0.299030851814841
NaN	-2.28095670181715	-3.78484867244629	-6.41898437446469	-0.0589132641723773	0.59902332570232
NaN	3.27430063854819	-0.752961796115807	-0.0193105224379649	-0.945975824860126	-2.19382712392017
