NaN	-1.02901714996055	-1.8318478489932	-2.44318018019094	-3.14208476357583	-3.81410552154789
NaN	-0.792702270112324	-0.342300835989201	-0.950307374578959	1.65068354688173	0.384014965991051
NaN	-0.622182993550619	-1.24984064266571	-1.75450271648936	2.36019167059366	1.38154522725925
NaN	-0.482248243479856	-1.05698929178735	-1.39866648798884	1.42491623710664	1.06212903753321
NaN	-0.174872805085694	-0.615200785624252	-0.726751044344719	1.03190693797444	0.356136304232317
NaN	-0.0718459909364228	-0.304232610746603	-0.479797199320448	-0.889258234741951	0.100837753690134
NaN	0.168795602372376	0.142378352890682	3.83448586270626	-1.40419181094396	0.0873123585055955
NaN	0.0416663059930723	0.0355874082599212	4.46716545926797	0.580925743220112	0.0163199036474733
NaN	0.245271450528148	0.383490509101821	3.43771422118326	2.30329185769712	1.68317883747107
NaN	3.65692426115318	4.24734092772476	2.95917754035643	1.08321834116975	2.53532652928497
NaN	3.8163665628388	2.99121393068241	0.310446234246607	-2.09975090821081	0.356795572748943
NaN	0.0361256562950006	0.649769655414583	-0.86905698959778	-3.04572059480077	-2.86476406056377
NaN	-2.34496336872494	1.16694807586451	-0.983135409310396	-1.92100774742118	-0.368278499574496
NaN	2.54373179760645	2.70230569361768	1.4890117985437	1.28558675760341	2.95098044784149
NaN	3.52301135235353	2.22359184685318	1.63064434675586	1.09554193266702	1.46473100524281
NaN	-0.483740610702711	-1.86037712348771	-3.17448514023873	-3.12356915945861	-3.82413124819103
NaN	-3.84364129518582	-3.08323026046854	-4.08333655740543	-3.93357604537574	-5.58479577002455
NaN	-2.90406917078022	-2.19648596765553	-2.65169443563391	-2.21292534169458	-3.57091902186926
NaN	-1.75698154918915	-1.74861241251854	-1.80689434475221	-1.27964720136153	-2.47631540241111
NaN	-1.12165936659443	-0.953023805969148	-0.987798503357854	-0.594230642311219	0.0923824796861624
NaN	-1.13953035038899	-0.91471430475895	-0.799842629578694	-0.332290214027571	-0.743481887017927
NaN	-0.271682371900069	0.375845584695432	2.96081949673284	2.50741137985889	3.95708986864543
NaN	3.04517460119354	2.65395776160308	2.34574670858356	2.96317535688364	4.48125406067117
NaN	0.342236165857612	2.74411246544035	2.23147760672886	1.91556994155702	2.74399102870674
NaN	-2.33543201550522	1.88958859374866	1.24224002253301	2.34424072502236	2.72392179861894
NaN	-1.74382268854991	-2.31095541808318	-0.263755016552002	1.99451232656179	0.728701854460767
NaN	-0.886010205872368	-1.45388366316355	-1.05370468022103	-0.728077243094717	-2.67421675017837
NaN	-0.501023453886736	1.26403504851523	2.46226037191633	3.68891775686682	3.32977508747516
NaN	-0.472457890844624	-2.04388094672029	-0.456305429607619	1.45798232232082	0.613193389090935
NaN	-0.46199825522295	-2.07636840318157	-3.11278078384771	-3.30118561800757	-3.37572336518218
NaN	-0.184700448337134	-1.17406943543181	-1.96190476842223	-0.524161150962603	0.22706174381641
NaN	0.0703865272053538	-1.58838101423292	-0.675976938557291	2.24424210636117	-0.663453150107377
NaN	0.233211737278095	-1.03582955380468	0.392653329587724	-0.0364407694857801	-2.38913498971112
NaN	0.278416761203551	-0.348264244767828	-0.995402422587647	-2.01677985381631	-3.49821236618803
NaN	0.277045854719776	0.422881276245088	-0.40233890796177	-0.824140722541858	-2.00805143456165
NaN	0.311045783850344	-0.701520706655315	-1.31129609610297	-0.935944252710891	0.0410721201397547
NaN	0.375003106210246	-0.43408141310642	2.93449897462449	1.32976710333588	3.31241489719519
NaN	0.567222290588376	3.40167163928595	5.09857453775138	5.59551684262451	4.225635417943
NaN	0.548599668012748	0.719317549287511	-0.0473244535315933	2.04121537765329	0.422664463334803
NaN	0.474115306887428	1.52131265814579	-0.0457558477303271	-3.09865654486199	-3.06070230485302
NaN	0.499420669915253	1.41273988483332	0.126496664594198	-0.538760919219376	-0.938945258108307
NaN	0.414143189464783	-0.277618798581508	-0.727116260853468	-0.666173016665118	0.117402119852022
NaN	0.398868446583583	-0.0340561400251965	1.44940664157492	0.540324230840323	-0.0228516477534605
NaN	0.414481612637182	-1.08104743954013	-1.68513324809404	-1.64562504795554	-1.74297871162259
NaN	0.496017174005211	-1.56159247437131	0.666900567011827	-0.943686210013038	-0.82558451046968
NaN	0.552781279499997	-0.733010619880011	-0.222912854287873	-0.162687045813056	-0.124171968927224
NaN	0.241486011208393	2.37288537973401	0.404678767262756	0.678464249452641	2.47764991521746
NaN	0.147769402820153	-0.725604901719264	-2.35308327999595	0.179754926658458	3.45268455527024
NaN	2.77388689164629	2.24758062886445	1.13819032658426	-0.837132733421191	1.72786667719138
NaN	2.98256795040857	0.365900894165761	-0.712334705550473	0.915744050697236	0.692514322435727
NaN	-0.820683122442337	-2.28476651725047	-2.73598197739935	1.00590867268493	-0.328098454827056
NaN	-1.7066630868775	-0.0656149779818267	2.4700649118586	0.628079264491177	-0.569989126416268
NaN	-0.172982934217835	2.0125043829838	3.57931156502755	3.47939374127034	2.77737438412739
NaN	3.3778523272654	2.25587611682927	1.8490782473653	0.467486003472556	2.15584955202332
NaN	1.21917731095569	-1.47476763143125	-1.97882998364562	-0.0976191125803575	0.0344306166437075
NaN	-2.63872600683089	-1.78655475052403	-0.819874492728894	-0.28404106601425	-1.07051947955396
NaN	-1.14140037135965	3.10068287401022	3.56984700404815	1.4098973447189	1.37322714220219
NaN	2.33920311765261	1.0031959630922	1.73682689541018	-0.666275562007375	0.423565378875569
NaN	2.41250711714067	0.867056999207381	-0.594823381889383	-2.7284177862912	-0.433797726037478
NaN	1.62921290434997	1.26105349284574	-0.846362611114822	-0.650178115710944	0.0915514951688755
NaN	0.836392444041585	0.305075676643552	-1.08882187122617	0.0239476092182761	0.312769802249198
NaN	0.151798052563607	0.761698949380938	-0.202377140984642	0.00510140150624199	0.579137304257418
NaN	-0.428680925602384	0.358035159764221	-0.436435393655094	-0.332329167815811	-0.322482257477284
NaN	-0.783620551958558	-1.1612231650624	-0.553775717003754	-1.38518622195966	-1.37199025343844
NaN	-2.31025246017392	-3.22791103151563	-0.627822425209245	-1.93754823143616	-2.3562706696665
NaN	-5.89905023164418	-3.10607452425202	-2.77816188500782	-4.85381484733936	-6.26077781337256
NaN	-6.44319289699888	-1.68570927587035	-2.87847570527708	-3.23884065148415	-5.24559519281203
NaN	-4.53022471002684	-4.30126495466962	-5.31419160927388	-4.91711523021108	-5.89060250968716
NaN	-3.27899551968171	-1.16169023760493	0.0247448077253566	-0.772384022148258	-2.24657726026938
NaN	-2.88980471831444	-2.88765050862831	-1.26830238070782	1.31246402164759	0.567608204149121
NaN	-1.40233734996856	-2.39279912395968	-2.97537015495654	-0.71219777091706	-0.537813153325886
NaN	0.475066281949644	-1.81988803154106	-2.54214933546364	-0.258578423291957	0.0333394929960348
NaN	-0.0860467841574719	-0.435281620345719	0.0597731244608518	-0.625078508073793	1.66465744203742
NaN	1.08331577740529	-0.114496530503917	-0.693328203997602	-2.72473864495944	-0.812460760477693
NaN	-0.979333295667718	-1.11544739001365	-0.889935762781873	-2.11202164645256	-3.71433281175681
NaN	-1.67441499110596	3.10149055376567	2.82370136739519	3.22055223601799	2.03598716631142
NaN	-0.566999592418477	1.41914189403526	1.09194331047419	0.364350748936831	0.261324514434199
NaN	-0.0980850606386305	-1.99527389223475	-2.04192519846142	-4.14313465877886	-3.89852143492899
NaN	0.948000930267204	1.1102625468553	1.58441869406225	-1.34476088809357	1.09113418173922
NaN	4.63168012550246	4.99162772926667	4.73631200129827	3.8421298301553	4.78585179017663
NaN	2.73214611252053	2.57084371651039	2.72254109047929	4.13453015368315	2.05983058907221
NaN	3.41230221174486	2.00034786548338	2.31644974834756	4.03018350192109	3.48771658354003
NaN	4.23077468165377	2.58162739845393	4.65010902410801	3.52406191452324	3.52541548334571
NaN	1.26276557538377	1.4264696441619	3.60940643442922	2.3906098619221	2.01170063148105
NaN	-2.59029374384244	-2.7058793064748	-0.0308914630025438	-0.774449374184557	-1.62911725129711
NaN	-0.399385291037361	2.24377849414082	1.26901909915678	0.271871426034842	-0.0842743503711826
NaN	1.68260610844767	-0.719292826119994	-1.77001193976246	-0.301459927725193	-0.662211097828449
NaN	-1.60830959251416	-4.12351509047939	-4.88987497029489	-2.44485029165724	-3.5661080248443
NaN	-2.6741230587879	-3.57179199992034	-3.74612158060402	-1.27579087209098	-2.91092128740883
NaN	-1.11722930511564	0.491940267981009	0.184319961805236	-0.638927580523697	-1.65056923027229
NaN	0.0312953953885458	-0.113262981341963	-0.509133827543643	2.96661531718556	1.85913232485399
NaN	-0.348906312007345	-1.92798067959372	-2.04496084059019	2.6985052749888	1.96314602668577
NaN	-0.391934665732478	-1.37761671137585	2.87367210136178	1.20389457837487	1.19632877719108
NaN	1.13353251728652	1.32095596525177	4.17880744711941	1.34049316196609	2.0709889122158
NaN	3.76394595877685	2.36429772255873	1.16450067596538	0.169540198705319	1.96085158442086
NaN	0.653190160298844	-0.628520756306339	-2.86969166508974	-3.02812996764355	-2.04262357848811
NaN	-1.36195274828255	-0.679672982589535	-1.98702170112634	-2.55969104250979	1.59566766363651
NaN	1.76071253626634	4.7956668270993	4.15869705043384	1.71543299194528	4.62711384123569
NaN	4.5711852111548	5.08532122319692	5.57360802412756	4.95583913973201	4.23541227820135
NaN	0.774998794167742	0.96770857909906	2.85722340727842	2.1332449155141	0.0704321454636817
NaN	-1.3036367118515	1.61920561870278	1.00054449845	0.404431397720351	-0.75579873346627
NaN	1.23762002597739	-0.642601474835181	-2.16162500777292	-0.965160851954613	0.555916958052041
NaN	-0.87727083561621	-2.51930857690281	-4.06041974062177	0.55426274272861	1.5830278307753
NaN	-2.10894742556109	-2.02810288073395	-2.82489775352151	1.21286544984307	0.423349968523468
NaN	-1.30508527163468	-1.30595165720132	-1.98224137023575	-1.46547413613824	-3.08871962394776
NaN	-0.74452424497955	-0.739499509032626	1.87234733349887	-0.20587038484034	0.432296096366108
NaN	-0.739058303828976	-0.665195822375853	2.19856415599628	0.64285471212525	-1.09146540143502
NaN	-0.525975479936953	-0.194327008764378	-1.73904572746174	-2.34301274678316	-4.37380443135416
NaN	0.548406524584471	1.61259381372877	-0.470355776380089	-2.13045496427832	-2.54866591101562
NaN	1.4237830436963	0.842501730398888	-0.619037780313988	-0.831910358552491	-1.26041653669626
NaN	-0.300905946741009	-0.274285227634141	-1.38000576649639	-1.4754436815684	-1.69213445488331
NaN	-0.77288113915319	0.0317493070381989	-0.981812934073416	-1.09212973287629	1.91706754208001
NaN	-0.036343409538154	0.415556695814145	-0.257838502168454	-0.467420476017335	-0.695251955475544
NaN	-0.0337206788197266	0.270115703158368	-0.116819006504385	-0.525409171788219	-2.56902645075795
NaN	0.416295359896987	1.24246534632731	4.96716679344405	3.06855755188803	1.42081536916563
NaN	4.32035355902462	4.7770892441633	4.33375842482896	3.83464106351402	4.61632345946555
NaN	4.43112797543859	5.51586900424255	4.1939904495275	3.19595012314811	4.84063886008883
NaN	0.983064443970855	2.19425242506877	1.26832134350259	1.76048129877235	2.73663164411115
NaN	-3.46193128677668	-3.01747117659503	-1.72069358795343	-1.77171033621446	-2.58475273446311
NaN	-2.92355197074265	-0.401538722618366	1.10953384979501	1.11555322348853	1.20296888583528
NaN	-1.50417912628855	-1.05962281795185	-0.448966610309752	1.99990254477534	1.04382392865478
NaN	-1.35413514454968	-2.38214534320477	-2.40366150089317	0.948051803610609	-1.04251645416728
NaN	-0.551320359713212	-1.81757882491382	-1.7056453583159	-1.40845954296588	-2.50593695190648
NaN	-1.03562972549469	-2.18486749216364	-0.924182843640753	-2.41640643103739	-3.26083391925921
NaN	-1.16455808636128	-0.140863900895195	-0.444483095708495	-1.81289740935618	-2.57460613977349
NaN	-1.00250257953812	2.82934023477563	1.9989016409535	1.20223535844299	0.682794548986329
NaN	0.536509946093825	2.85863830906188	1.96696406172183	1.24995044496706	2.43963705347286
NaN	0.700835969036525	1.26192626898303	0.687326843344565	0.635417267739774	0.415516687646609
NaN	-0.834848790387372	-3.21516295733384	-4.49022136172445	-3.40861180648722	-3.57810343255958
NaN	-1.05472177882829	-2.15064976139554	-0.788725717024319	-1.70946610518607	0.741770141691213
NaN	2.5235432297372	0.432467127546081	0.329520290350205	-0.343288635424418	3.26553855475079
NaN	2.39123635137691	-2.2281877806918	-2.46129483058087	-1.44536908931827	-0.844634429240578
NaN	-1.60224958575435	-4.1486443437691	-5.09291559446783	-4.24976712314071	-5.60304649785757
NaN	-2.19674653596902	-3.40505944319892	-3.92519916275491	-3.41005750743059	-4.13143260209273
NaN	-0.634693527582026	-1.43616854285114	-1.2703138663284	-1.72643500720314	-1.31689962929
NaN	2.04850417824911	0.96649818874767	1.02288513846606	0.574832969744164	3.84224257669155
NaN	-0.481433455324169	1.15415427261074	2.70641149309968	2.03513096598156	2.19069879794376
NaN	-2.03537688510448	-2.1487116706826	-1.07481674733438	1.14030505999722	-0.528353241591412
NaN	-1.13117764201231	-2.35415752733199	-3.04748683557881	-2.35729731237269	-1.26814247484602
NaN	0.425973551447104	0.23206624703957	0.142260982300866	-1.43616399205292	0.493071349544187
NaN	3.57129705447067	4.13326921855691	3.89850380628883	3.66174362456649	3.72025339390087
NaN	0.478734167178214	-0.820928747141963	1.77464539948065	3.24919751922763	3.01950837454435
NaN	-2.69806091158694	-3.17186772611008	-2.25288114059825	-1.61200508960957	0.194948948031271
NaN	-1.7475156819254	-2.07997155675549	-3.01696151380825	-2.07343268898306	0.0808852907503549
NaN	-0.857207526320106	0.391695151773309	3.15841968521221	3.41139315996606	0.844203144087687
NaN	-0.90781028193205	-0.913372537667258	3.09327786560237	1.69472720471525	-1.87862835211481
NaN	-0.348436906292788	-1.19682962469955	-0.134819471491841	-1.1935408127887	-3.54877976598438
NaN	-0.558369423079049	-0.589870548603962	-2.77412515937737	-3.39777665752889	-4.66096825606354
NaN	-0.296341430340758	-0.217382110740453	-1.99825004179945	-2.25173697876797	-3.41692658771318
NaN	0.14272541565133	0.0238846703000355	-1.48669293721827	-1.73047139940524	-2.94554719180916
NaN	-0.0282130691729953	0.443194194867458	0.169493407770977	0.907540592510509	2.00995900439417
NaN	0.0815985195657103	0.847948258567881	2.37557232644804	2.36368892282182	4.0537450972915
NaN	3.35583642233293	4.1198735122522	2.3061113815819	0.569483819179532	3.77537712098965
NaN	3.46341724244361	5.07960486432066	4.33501293154012	2.35530311831303	3.41021273544219
NaN	2.73967902063035	3.32892556272369	1.97017857538206	1.52562074919058	2.44481731129314
NaN	-0.179242684606586	-1.15501194375451	-2.28683224114277	-0.0109700373968264	0.309525314809591
NaN	-2.53090745307461	-1.75418346461177	-2.49731870502608	0.304083661371281	-2.99810882760545
NaN	-1.79643754135899	-0.118256452095808	1.96964968678211	0.747211450981462	-2.69689544198914
NaN	-0.998432404265253	3.64753742195667	3.2299911051864	2.69956452082277	0.0257153235959936
NaN	1.13739368424962	4.31547097027426	3.38037177143477	1.70054983954104	0.897410392126482
NaN	-0.0661122157351011	1.88651814496005	1.2108991348195	0.150400938510068	-1.00812261534888
NaN	-1.75711884659528	-2.4169906561011	-1.45547831262991	0.759112792992494	-0.752785533677017
NaN	-0.529715234435846	-1.60684707986943	0.0593202213385088	1.03730193766812	1.31805001210309
NaN	1.02886854022851	-1.07709919421148	-1.84576048700133	-0.363204222525288	0.887560360544979
NaN	-0.859188636031542	-2.26212373382278	-2.9220094284119	-4.3305590138669	-1.5302814484712
NaN	-1.18161635177235	-2.26314636481059	-0.605712247615402	-4.20545132620671	-2.8397182417686
NaN	-0.619443580832903	-1.87895199225087	2.48245923006883	1.65309841312168	-0.55875338815891
NaN	-0.377182823294039	-0.718928209363738	0.393152750923439	-1.35332500791721	-2.24696854995607
NaN	-0.31898226016858	3.27831423638843	0.750906780234329	-0.624777134271996	-1.17806041577306
NaN	-0.116697586066736	0.0445612077702278	-0.856277040396398	1.35813164932549	0.759762391274643
NaN	-0.128958963547512	-2.23301719035743	-1.56119625396241	-0.0503851329080552	-0.0245879808703193
NaN	-0.0941025236873755	-1.10959795240339	-2.43495905163276	-4.49060665839448	-3.19496907574143
NaN	1.38558370057936	3.88605636822908	3.64212499653103	0.241160889544206	0.98107763229259
NaN	1.71570061377125	3.33436592062617	3.76924890887305	2.71463644001105	4.24689527225427
NaN	3.98471609502869	1.78616434675527	1.37392882452122	0.922526772014129	3.99581715126774
NaN	1.29704496122629	-0.0284532971688458	-1.8104965749745	-3.03594239267208	-0.435852160290421
NaN	-2.24879737209017	0.402200365655412	-1.10228079764866	-0.378917296191799	-2.0734908842801
NaN	-0.889945944067829	-1.20253383370112	-2.17121278814368	-1.04712328744193	-1.42603750532733
NaN	0.625848340607011	-0.820446921996419	0.958755022333692	-0.187724526925431	0.542811947043508
NaN	-0.853703221778596	-3.27053289837022	0.665643196191198	0.353628033729448	-0.147877272955052
NaN	-1.5702332227597	-3.36551214852097	-0.093113457612878	0.216133278643358	-0.525065723149201
NaN	-1.13468515792441	-2.62468562395836	-0.20138726815038	0.200763139695506	1.18584849793778
NaN	-0.747590641956064	0.731241286597702	0.89648927759578	1.10966848276011	0.463098864651753
NaN	-0.371299167362579	-0.00460416066941476	-1.36285516103198	0.186422619762474	-0.48861477715589
NaN	-0.504128380779655	-1.79586086160863	-5.60063768615046	-3.76948843002621	-3.21609554525971
NaN	-0.161662392287966	-1.6055156669307	-4.88955653765905	-3.48095913971079	-3.1566400719586
NaN	-0.129461266042128	-1.11080894321406	-0.574352846697775	-0.542313624818578	-0.845651612905579
NaN	0.216905770214117	-0.541338240613361	2.14424777341675	2.67012922324464	1.95402530642375
NaN	0.147835167217801	-0.267622881404858	-0.875988282618961	0.796358378808141	0.536701075493437
NaN	0.413766989239668	2.16552004232072	-0.938701795387475	-0.985423289265479	-0.513424488783935
NaN	0.584359834015545	4.62521788723504	2.00275167909102	4.25871054934862	3.93207512986089
NaN	0.350849992920071	1.65346948825138	-0.506482417209959	4.0187392119286	3.72855625719791
NaN	0.197056153421936	1.26344257430249	1.91295237398419	1.32738343429764	1.39682444679917
NaN	0.361877083582147	2.07026751889659	2.59606856000515	3.25241564311964	3.71006117039089
NaN	0.971769970713103	-1.25117754212532	-2.45891662228326	0.0607422593188678	0.838702526794722
NaN	0.24420952317706	-2.39587674371414	-3.6957304310337	0.207035426672541	-0.10949804189519
NaN	-0.125059541227158	-1.53411925920931	-2.08471180076117	0.238518259128555	-0.0283732382065158
NaN	-0.00243639693855163	-0.911223437198824	-0.986664563112608	-3.19677983151864	-2.5887196562605
NaN	3.19262310104979	4.01152969188957	4.03217911465032	-0.462966271462996	2.88245196376151
NaN	3.15432819707597	1.3178823199048	1.10847890739242	-0.186424509579383	0.937315487842944
