NaN	-1.09541593231653	-2.173355789057	2.1821965094685	-0.187578730388355	-1.99571044099912
NaN	-0.535797257050124	-1.44499564982678	1.96885163791999	2.00009979206094	2.49696328680289
NaN	-0.614805037066138	-0.273775889585946	-2.35779877764308	-1.30262761643837	-1.02864164996792
NaN	-0.263552720305159	3.65348321389738	2.25448578681715	0.106393604495322	-1.76125604427133
NaN	-0.0552067638961678	3.95305390762057	4.13282675745256	3.42397038952237	2.63785442486546
NaN	1.94501393611287	3.30650532584905	2.90649957537058	2.38115445125617	2.80329623560324
NaN	4.97014310286046	3.72786145793103	0.550104277083108	0.194578669224752	2.53982101042729
NaN	0.564505730377496	1.03530158080389	-6.51520513996555	-3.38305327747767	-1.87520947311828
NaN	-3.3168791128643	-3.5313549587715	-9.06347849138953	-5.15515684595069	-7.26894223293887
NaN	-1.43272928911923	-5.29938843182646	-0.473294828240538	-0.240176828250412	-1.23929920902927
NaN	-0.568983041332985	-3.99161755603056	1.63116587396221	3.63003970242755	4.14638469917796
NaN	-0.881377021601828	-2.76957276589501	0.698981755121298	2.33308266654384	2.63945600117496
NaN	-0.573008499588981	-2.08495955274031	-0.989182763816399	-2.34277418190408	-2.25009066525478
NaN	0.240611404953565	-1.46351618268016	0.976987216355344	-3.03215041183991	-2.53340701755366
NaN	2.03806716950069	0.174303481325695	3.5049797541894	2.39907136537578	2.78936168402622
NaN	0.0326767215721497	0.547871096265262	-0.651978482578193	-0.160687142758713	0.899573193502232
NaN	-1.28803502125087	0.240571128414579	-5.39839596428499	-3.3110174313947	-1.30397058286195
NaN	-0.436889306414622	3.36691825786271	1.60978288679725	0.230962088579832	2.13376263732952
NaN	2.59214197502818	4.18180963673716	1.9683902760292	1.05751028663636	1.27212046330431
NaN	0.11375517459108	1.1291975250488	-2.48256410286727	0.159371985067876	0.888777243928411
NaN	-1.55818411912492	-2.55243813634116	-1.76313798198476	-0.996976940885229	-2.58279219258288
NaN	-0.612538785212548	-2.80904263497308	-3.02444786478688	-3.57105219984409	-6.30045947530879
NaN	1.17477491429035	-1.05979379524488	1.95031920552362	-0.449789525408879	-1.05187096368336
NaN	-0.0273630805909005	-0.582836228780946	4.19730610806012	3.16650864596339	3.17574911546926
NaN	-0.904804283007399	-0.816603521489381	0.303630328756667	0.367143560734855	2.79368766742173
NaN	-0.384375124401882	-0.661961507113058	-6.90300872708312	-3.76034144864958	-2.74435380212656
NaN	-0.330617144877274	-0.548800558088547	-2.41703893189813	-1.33655918835607	-4.88862059164774
NaN	-0.0627092002645374	-0.00444918402382599	0.25067491439926	-0.0926903662131862	1.26781787480281
NaN	-0.0395968291391981	0.0409438998135486	3.28237151784446	1.78000914172549	0.741164233256771
NaN	0.091002388455544	0.255452902043258	0.204712254798785	0.592030644989564	-0.470718093973515
NaN	0.233730694728374	0.989898204636717	-0.557243775593243	1.14747007656748	4.20292207558246
NaN	0.260040368740733	1.0183777558925	0.338928698867898	-0.135502588265533	1.0337269510621
NaN	2.88691504522644	1.47046076493607	6.71655447913615	4.2022500982263	1.19083510129568
NaN	3.4002637991224	4.38162880773229	5.79778042698198	5.79822343784935	5.03875173692354
NaN	-1.38102341809806	2.15415801122661	-3.54748276560538	-0.494134866626768	-0.676018301623325
NaN	-1.90623447170965	-0.343884180533662	-6.521438417504	2.59938432485915	0.27654008179488
NaN	1.7833978315365	-0.0165468602570967	3.03874133357184	-0.115141677989818	1.85240325015922
NaN	0.622099952946559	1.21342561890914	3.07589710987386	-2.72839037413329	-0.825842824520594
NaN	0.562306206401577	1.27161610757665	1.82163627561416	-0.160430969788072	0.714364063450625
NaN	-1.86641522626949	-0.0633193260969395	-1.21996688713324	-1.16157351280318	-1.98767860927255
NaN	-1.94280443981241	0.487459839399882	2.03261774214831	1.80670905413292	-1.30273150135821
NaN	-1.06635314395655	-0.0734081300017512	1.68344193920354	-0.508839873191357	-1.16213328051771
NaN	1.77307309369168	0.707742239469477	3.0755454523491	-0.222293324527141	2.1488201159463
NaN	-0.46848813342921	2.2071327037622	1.43410836289681	0.83497697147299	-0.554411910264305
NaN	-1.41218946537559	-0.72835197906569	-3.11992273888788	-2.46362883292878	-1.45909121010384
NaN	3.21422697055626	-0.848160499532631	1.89416110506871	-0.151465558146299	2.79540517388367
NaN	4.03235940917463	2.14596960383125	3.56243301777531	2.31816821569529	2.00377275801603
NaN	2.54817103341697	2.27112766663765	2.2332839551627	1.12113616085268	0.425640798027449
NaN	1.32002755219962	1.25987498635552	0.876734309868164	0.567131238957436	0.31004093578785
NaN	-3.01263007812232	-1.02169912961801	-3.21004520911407	-1.16960762344127	-2.38036134481619
NaN	-5.47340782538504	-4.04029825318909	-4.91045650929851	-2.78488493299438	-4.90901038354706
NaN	-3.26737390454834	-4.80568186037388	-2.51497192599403	2.32100359785157	-1.44684475569151
NaN	-1.40673826861311	-3.55663869909735	-0.78262613893579	-0.177333509121958	-1.81922173295671
NaN	0.918638159608002	-1.42318181541759	1.04973206863955	-2.111086684981	-1.64864066559521
NaN	-1.00623686797685	-0.585225154397666	2.09107164230819	0.67162306677783	-0.141392963978178
NaN	-2.90469519488402	-1.88429538501103	1.96863343893123	4.58336897608982	2.61570753776036
NaN	-1.8752151273588	-2.41879082430637	-0.569951211745626	2.79255839755735	2.36676018141807
NaN	-0.758300518310188	-1.78963772398131	2.75804395539579	2.85525778981165	2.5746296462582
NaN	-0.33242111132891	-0.873730996295096	1.44714944652469	0.533680753761963	1.50245385509597
NaN	2.56617727047396	0.791214422395992	-2.55872841896648	-5.39611498362545	-3.09460939119743
NaN	0.131407247529275	1.0758765310341	-5.7305776666234	-4.81200149018128	-4.58881139387781
NaN	-0.340758053732879	0.365036096947697	-2.7861932380529	-2.38222900962204	-3.12024107169272
NaN	-0.860937892959532	-0.444344046023214	-0.371107306987145	-1.88068701368584	-2.2870680948961
NaN	-0.806644613319398	-0.231607030168319	0.76929015661926	-0.278619645240304	-0.492775940743027
NaN	-0.378705022959167	3.33809187225183	1.28256215381228	0.414491341349338	0.674890845760394
NaN	-0.0880095161062974	3.94803810474526	-0.241915300216981	1.23217415952796	2.35935134187214
NaN	0.336802679887822	0.554712964264546	-5.22073620955834	-1.60203560426491	0.52636001871289
NaN	1.61775911047812	-0.737234120196108	-0.212315643643607	-2.30717611325491	-0.994593493192844
NaN	0.514850496638634	1.83405165566785	0.970390702760881	0.446641699587938	0.432375163726814
NaN	0.0130937479304161	-0.560815466158885	-3.60692085517428	-2.13310085144551	-1.86029429492726
NaN	0.426631451328211	-2.40759953550467	-3.72287676652575	-2.40437455570611	-1.94383070059941
NaN	0.730556057739624	-2.50431641506165	-0.943531898383474	-0.491214299550881	3.60633403741819
NaN	0.645615898881476	-1.8128198504067	-0.377547589554635	1.26808365203844	4.43134407884131
NaN	0.654232638839402	-1.09848825687491	0.432503738254046	-0.465223385323109	-0.927154710909405
NaN	0.785051930069528	-0.700940253636683	3.63632594545059	1.89436264672178	1.1422967275284
NaN	0.70393143365905	-0.355259095927715	0.960666767277081	1.07579258092809	0.528295808671597
NaN	0.739304891152145	-0.252697680847064	-1.48047678120292	0.152114065066515	-0.816375785932208
NaN	0.717664978584116	-0.0135288465683611	-1.05760784397817	-0.509929114931284	-1.41370498834385
NaN	0.789764998001462	0.262663907935174	0.0326055254497155	-0.253593407046836	-1.03199361928466
NaN	3.84668073465979	1.95631564891619	3.0323665775425	3.38344004265392	4.72438688079199
NaN	1.57580689812132	2.94859786770634	1.71982518756442	5.65661185827703	6.05971309778044
NaN	-0.673197772200274	2.00262130778985	0.25635804389601	2.45743226997448	2.57381678326038
NaN	-0.357804186171471	0.532252136757637	-0.681053061434152	-3.79044701106033	-3.96870061659235
NaN	-0.254300408407937	-0.291254381132191	-0.0986758895348112	-2.55091950460487	0.567270340628699
NaN	-0.294205763226624	0.265019031811124	2.17952246647304	0.518249522687231	2.96750823614825
NaN	-0.160212023019124	3.82218533424446	4.28726373460712	2.37212918713662	-0.136765075884075
NaN	3.39763746848769	3.43532099767516	2.86949139382097	0.940346213363142	2.94148409425853
NaN	4.01574166231698	2.57872402626134	2.25941103332791	0.966083423592559	3.78721195855137
NaN	-0.25326524078479	1.33556240905611	-0.48644996296727	0.0949972557946388	1.11241956379723
NaN	-3.75333175483117	-1.69197220895591	-3.28547181971176	-2.0106712684704	-1.68542272165581
NaN	-1.94642016008494	-3.09292270754527	-0.259295883250109	2.34732002535719	0.472509324750547
NaN	-1.34823856512969	-2.4243914244127	0.0721267225378947	3.15358056731651	-0.641722325015936
NaN	0.811757750175298	-0.629944419415558	0.36418228917723	-2.55172039881928	-5.14012571492154
NaN	-1.25963509943693	-0.838575947207091	-1.40017551635662	-3.47913250094377	-6.53030619405926
NaN	-1.57003670302451	-1.57308947280472	-1.24948921406532	-0.651545219584059	-4.52314515776067
NaN	-1.03410329629958	-1.55548265069208	-0.663464463704652	-0.835057093061157	-3.24913236192226
NaN	-0.880178154672171	-0.66347939051483	0.339732989920454	-0.613362207065828	-2.52750504395646
NaN	-0.771894600327643	-0.49077656530025	-0.171635174783598	-0.214468245880256	-1.98014820153063
NaN	0.919608183664013	0.596429676053257	3.21503288710097	1.00284256014165	0.606859084345154
NaN	4.50101243789672	5.69220603984178	6.02000470978603	5.25472787926626	6.26991830753472
NaN	0.300583859929174	4.98096213868296	3.49324728898124	2.50790702583541	3.49891830734586
NaN	-0.486173960363652	2.74952334613463	1.35578925720067	1.01302253435859	1.67266323297559
NaN	1.76769495617325	2.34958702422708	1.588861940977	4.34141405786195	5.13961034373067
NaN	-2.69900717181932	-1.44220633687687	-5.41044215216666	-1.70462943772179	-0.269401024582767
NaN	-3.72477235131175	-3.79761065641857	-3.09777294886068	-3.19512428525686	-5.01970038796473
NaN	-1.97492302153626	-3.63120125299213	-2.22722992961327	2.49234827893596	2.43692366206191
NaN	-1.04100708447793	-4.11067202001138	-3.25328625611832	-3.29188150891036	-1.05164387997928
NaN	0.222924756155513	-2.91192537571968	-0.768420240053453	-5.18004364971256	-1.36766397216608
NaN	-1.366773733949	-2.54473927954919	0.839596704696716	-0.278566293757811	-2.74037793569315
NaN	0.314449321453856	0.393201678547687	1.43676950248293	0.0111223485326432	0.321188791387628
NaN	4.27746122414035	2.27669088156587	1.56312347790902	0.20087055897057	2.30610425724669
NaN	3.46371085242957	2.1697913236232	1.33023614054648	2.49444590872564	2.26405054306768
NaN	1.64638437514551	1.66702284260677	0.572513635079463	2.23866751058444	1.76086813158012
NaN	-3.71567933013075	-1.09500435539297	-4.60639594701962	-0.434351785319245	-1.69582794023324
NaN	-4.29791275199425	-3.75152747620068	-5.33259303304448	-0.170766102317432	-1.79216387656207
NaN	-1.60312131559977	-4.36400090317521	-2.12971291025664	-3.09844718798956	-3.71248147795185
NaN	3.3031761151165	-0.252886415344869	2.35766740793767	-1.7851358369475	0.322855453744776
NaN	3.06752784330738	2.16582508000335	2.4149217110558	-0.520637842864924	1.15483153445404
NaN	-0.573328297884651	1.49719120210059	-0.504992757690508	-1.80573513839754	-0.121291967606862
NaN	-4.9504507581596	-1.95120615492392	-5.10630595525568	-4.16279299291596	-6.33212336183561
NaN	-2.78009964834244	-3.47060174585661	-2.58373805375403	-3.07059545333565	-7.1514719871743
NaN	-1.63971432946684	-2.90037209102524	4.16848033831157	1.26961183076494	0.0288381554093007
NaN	-1.3788907601722	-1.69303561750843	2.22217501106526	2.43519191474377	2.39069429198885
NaN	-0.990970304612886	-1.18641535903214	-4.65469466868138	-1.68889379615738	2.17635509370078
NaN	-0.480440997889949	-0.682768097156684	-2.85764040682377	-3.53420766004207	-0.662637033811973
NaN	-0.0835972903189874	-0.0299826639833553	0.372982893406956	0.962100137646971	-1.07460650572866
NaN	0.102693569113002	0.294596662126164	1.43701448017702	2.77327478142231	1.37900555826749
NaN	1.18534384926045	3.90108790182927	4.82732431297027	5.47047529258801	5.40120818585674
NaN	0.36075080743748	3.22255874750209	-0.182772254732247	2.49304080443264	2.34280606617517
NaN	0.504307544409304	0.569930082828162	-3.48126821173592	-4.3175382390221	-4.08985502482754
NaN	3.75665523096532	0.978791549979971	2.80052072874255	-2.39607879662766	1.40609466751957
NaN	5.64559023655576	4.45473511512272	4.91868879329957	2.55154268897041	4.25599549236284
NaN	2.81917949589803	4.20973267216491	2.27348704076786	1.01636047071717	1.5919553212617
NaN	-2.6361417045324	0.632750479852206	-3.45924510675843	-2.52832299211664	-2.83524641218273
NaN	-2.18104666670543	-1.84692330243163	-0.992062952561349	-1.26979454609282	0.65302483531183
NaN	0.630800121620945	-1.67618974696629	5.8322575225796	3.59754440814121	1.30770653389319
NaN	0.76666903375358	0.172707587324639	4.67137882968801	4.60387518012216	2.2599881675127
NaN	-1.09222919067167	-0.342311891263019	2.51060599589736	1.54770108880297	0.248382004610574
NaN	-0.6728457480193	-0.535289296281087	1.98363726528433	1.23291820650948	-0.401383597230326
NaN	1.84235311423534	0.219225657149904	-1.0801812390501	-0.314725502502133	-0.462047227344335
NaN	0.624626704531844	1.40636879775497	-4.61548023823323	-2.90239082767047	-2.50405077878716
NaN	2.11465531169528	3.8415207703017	1.41796510026789	1.17989667626332	0.706698056795847
NaN	-0.131666684093986	2.43905336941205	-2.44513477374872	-0.737956596834984	-0.671861024774209
NaN	-1.50217370602561	-0.913819735522425	-1.13600333144001	-1.68005169368085	0.973919006021063
NaN	-0.612194407085446	-1.97837599423263	1.58692001526411	2.2985530743682	3.50974821990426
NaN	2.67318308614676	0.277189020681082	-1.75015238373942	-0.154648948786443	0.924783500044385
NaN	-0.415523104867205	0.250957154965709	-5.57743789825786	2.08880526469826	0.960324039183519
NaN	-1.43228837725682	1.00587742791048	0.604445646418592	3.92173614425559	1.58563923637528
NaN	0.304022531107505	3.04811901306393	2.05189324478817	1.87160272903997	1.05891111971803
NaN	-0.0558761406968396	1.28166201858543	-0.91863797997264	-4.53237594912471	-4.64763493091493
NaN	0.157480104054121	1.3914769558998	3.63917860083147	3.15325082254569	2.10793736582481
NaN	-0.075515215986148	-0.514010702573799	1.65111581817797	0.853482377538888	2.17378682472515
NaN	-0.525352811041211	-3.14499583716774	-5.9478472387733	-5.76428675613865	-1.66461809433389
NaN	1.06075312585081	-3.05400820248988	-5.63382308053165	-4.51399556672554	-1.78848686529904
NaN	1.50901527374925	-0.868781930365281	-0.0530164995646604	-0.354212047461273	0.243294736679834
NaN	-1.12766684136354	-1.55098836234703	-1.64221662766247	-2.12283701006651	-4.95748622944644
NaN	-1.02154237119278	-1.64946455398488	-1.04098937105393	2.33058018801023	-2.61664854364268
NaN	-0.144029671576588	-1.62061202275905	-0.302198501338054	0.650931667418642	-1.1874709558741
NaN	-0.411783473131575	-0.614256244637469	2.86027268340746	-0.308210655260386	-1.86252183024361
NaN	-0.305558833480902	0.212430434275937	1.48694455063661	1.05508523764308	-0.476732190409708
NaN	-0.182653366276256	-0.744562196455218	0.987410080437547	-1.08035349552265	-1.9350830635046
NaN	0.0211817182415223	1.04884494504291	4.84667290666369	3.02598873156499	2.06490765256214
NaN	0.118017668247192	0.0263136527409623	-1.6196256558773	0.460707761632547	0.934457954988546
NaN	-0.0552294645310687	-1.4627768605602	-6.25112597785979	0.458795985496254	2.1122949452309
NaN	0.13516869386344	-1.59142203643607	-0.945467761699413	-2.9722676974901	-3.0201822922974
NaN	0.0201378429060822	-1.05869943173458	0.45073339382521	-2.41855806020154	-4.39630185307187
NaN	0.138205760426186	-0.664540236322687	2.27349880148865	2.75174259619702	2.33425064700174
NaN	0.0982534571144022	0.0366292933129962	6.00842236762663	5.59964381394394	6.12937264224505
NaN	0.101158142429592	0.0944067724560332	2.36220872802538	2.62745265991731	3.66839302033006
NaN	0.027569782517247	-0.0709792823892156	3.30730242697511	1.0853787890401	2.21450179595811
NaN	-0.0991128969323973	2.69547748015001	3.1029913854144	-0.209150210310819	1.84502163772706
NaN	0.205396653345708	3.78977388135363	-0.834301070503663	-3.02667045179388	1.40008496326061
NaN	0.187739599199069	3.9342776835656	0.420692505027575	-0.239817620366555	0.756381442129484
NaN	0.105832223548472	2.23566447955578	-1.39654834026495	2.15883504700349	1.00752489799302
NaN	0.0692467497909869	-1.21442295280081	-1.31647478838403	-1.47021790687257	-1.60785530158844
NaN	2.60425055633571	-2.17255286293255	-1.93969649570804	-3.91155796721438	-2.9506814303758
NaN	4.93049627547009	1.67791246056755	1.42043849051627	2.78973215130453	3.54887819674657
NaN	0.623626448706858	1.41483337623083	-0.799323288071281	1.01413276670569	1.36520091029168
NaN	-3.86036160521182	-1.93556096841808	0.869126762356382	-2.31865821696376	-3.91430652970595
NaN	-2.33300031058646	-3.45734770481606	-2.63244603692142	-4.49373180013779	-5.72493516148718
NaN	-1.21544621577794	-1.19813476696971	2.15505962675653	-0.343184456121154	-0.897515309163291
NaN	2.1465415610618	1.25402284184	1.87083643660004	2.9844521966192	3.94705670796093
NaN	2.58674131055306	1.70600278201456	-1.82261514403685	1.54076993497601	3.8651616610365
NaN	-2.48305006880548	-0.772212047553538	-4.50923538275784	-0.375129757307855	1.04485618419366
NaN	-3.53526281054902	-3.24069315163387	1.75831441523521	-1.39032263879626	-0.35974314919559
NaN	-1.71793498912327	-3.08444361005349	-0.59782693996767	-2.84701018379017	-0.989310959588953
NaN	-1.18858854962753	-2.31821822430325	-7.14362887339879	-5.14112904730991	-3.15782568282827
NaN	-1.03200010226513	-1.74554997628083	-4.16940056316612	0.270423553796846	-3.51609903905838
NaN	-0.88206832642229	-1.29447872956331	2.68463002196402	-0.100131721511896	-2.723967428477
NaN	-0.684641335223254	-0.679324224422996	0.609400018704521	-1.44952666047466	-2.74866495734217
NaN	0.345884169365233	-0.00388767447843186	0.107940984421815	1.18055208307261	-0.200903840634648
NaN	4.60975601643924	3.94130845928711	3.71967002529762	0.906066015791697	1.96294748569473
NaN	3.77002814395545	6.2321846243958	4.70294982612513	2.31273696813336	3.89544140689371
NaN	-0.607334845675156	4.98602125434234	1.77052351638595	1.10096499809249	1.84023041991749
NaN	-1.79655058727392	1.52754748058935	-2.9740234755251	-2.27816101393288	-4.83213551654327
NaN	2.73503796919323	1.53577904341246	3.8755161095693	3.15512326544077	2.11533193117149
NaN	-1.24254320672586	0.391791971870796	2.21591890319478	2.27491159317345	2.41116864870653
NaN	-4.79910496145059	-3.36393731993862	-7.02900534158944	-3.91949835362594	-1.19832134183306
NaN	-2.66377248294547	-4.35288172908788	-6.64112672326972	-4.0498913146436	-1.71593936809305
NaN	2.84293198390522	0.349237362053565	3.0527508554132	2.21271283401278	0.518870483136967
