NaN	-1.03150421923505	2.06769536765401	-0.847753406909391	0.243347317268943	-1.00041515500407
NaN	3.99913313475709	4.50244222110418	2.46209208722029	3.83391012381205	4.72189817209579
NaN	0.591531012606842	2.13236081300083	2.05519345244638	1.05099767082538	2.49238998761793
NaN	-3.21254597184072	0.790598730100756	1.36027884894895	-1.25297437171193	-0.460624149811698
NaN	-1.20803062063215	-1.57112365159857	-0.192604895976281	-2.30368381831909	-3.95453144513399
NaN	3.30205457875629	0.78858626544591	0.270908876933603	0.583190185157232	1.19285663572569
NaN	1.78150794624657	-1.04633145844621	-0.479433619508574	-1.45475533137358	-0.953792559402975
NaN	-0.0679434783198809	-3.28015926023163	0.57824895764453	2.65402996139769	1.72792393882718
NaN	-2.61343596503375	-3.60101379713779	0.467810052439564	2.61318236331519	2.1768151524419
NaN	-2.55416945424777	-3.39730927448864	-2.70978681540282	-0.878081985701176	0.169671516624129
NaN	0.141106832208818	-0.0211875071930305	-2.79670905384814	-4.45509005110844	-3.26415678474488
NaN	3.67300166107865	1.93052996558744	0.0337891979722569	-0.495726260037259	0.355347714296565
NaN	2.99438339928712	1.69820031748981	0.595733567404997	1.90719345556523	0.999924071959131
NaN	0.144089716673496	2.35116284518652	2.35089215195003	1.45501088371329	0.302686954840636
NaN	-2.96730279385675	-1.55870977172779	1.00292412389175	-2.06581698375457	-3.33432169039117
NaN	-0.657604848603341	-6.7866141257956	-3.01996266107847	-6.38181289777474	-5.36675440138401
NaN	1.69219555318539	1.32781926470753	-0.503036579759275	1.1956266192431	1.29176125959754
NaN	-2.00297468247037	-0.538413097526532	-1.66922926284472	-2.49600198494592	-1.48300886269631
NaN	-4.83733982270004	-6.29146953693944	-4.56302705776654	-3.13088901942901	-2.91211469909103
NaN	-2.79222825226185	2.21087995817121	-0.900368057387924	3.14643447176383	0.848715738803239
NaN	-1.71645642204289	3.9724287312022	1.65952778633901	1.87495469788374	1.86843558205216
NaN	0.110726409104318	1.08911432465504	0.661124231905302	-0.626880375098232	-0.402789171617525
NaN	-0.740763581773477	-6.16796574784208	-2.47713364544297	0.264745795461737	-1.80848952715404
NaN	-1.49096386160972	-5.21993942086647	-4.32038405422786	0.656658881107597	0.82088683562031
NaN	-0.729506725051387	-0.140227026280682	-3.32201181460492	-5.21785914569156	-6.6354240199099
NaN	4.26646059938209	4.14655091478582	0.790756677909403	0.319628179990905	1.72228613846819
NaN	2.70720067240008	3.90251917161449	2.62052679363088	1.39500606916419	1.87758162687212
NaN	-2.42824421398971	-3.05038868952898	-0.023146864305819	-2.5493340548831	-5.17648908094154
NaN	-1.6612111594228	-3.44576089789123	-1.81049192172776	-1.15613842031258	-1.6291606130247
NaN	-0.243360292163667	0.73733712290289	-1.22949002409582	-1.27809148583683	1.10074260426165
NaN	-0.121889381829512	1.35103180586845	-0.0764651889780652	-0.606560515662967	-2.25799203478849
NaN	0.0735334025858047	0.593434636676709	0.375250635775234	0.0066574157757244	1.55715751986155
NaN	0.31160379442502	0.877053183319954	3.07484230279656	4.92796279230158	6.36994440588152
NaN	0.804611880732124	1.85612815065142	2.49253419095808	0.663555457150704	-0.343608902941085
NaN	0.486281135705871	4.92796105255508	2.74198053139564	1.83048528458241	2.54036886367235
NaN	0.439317011443472	6.73263744266715	5.31825176193728	4.48600661125973	5.19059916013228
NaN	0.782197612323009	0.260103410327496	3.02028782225068	2.39822351590032	4.59555769433691
NaN	0.886971653083579	-5.20645380616459	3.63555481706576	2.72575872016659	2.64074262158685
NaN	0.820315375815442	0.193766915896639	2.79116211345992	1.57526528454575	1.03633179676422
NaN	0.706694550276957	3.1869951075886	-0.154169408876021	-1.03548716937031	-2.13312213682676
NaN	2.98667319432054	4.85930075515971	0.482347380466066	2.80571001683581	3.13228950138247
NaN	4.80996031603738	4.24488654813845	1.86208829756966	2.36240452651896	3.5571319209795
NaN	-0.217650021627323	1.07767724716889	0.00682573125667194	-0.429646778866046	-0.449718479041478
NaN	-1.66976264266966	1.67650314409789	0.64629875593247	2.95728689910524	2.47988950335018
NaN	3.85198670989626	1.25340815607209	0.787662759178049	1.22062341674018	2.15671173732022
NaN	0.293387106714048	-1.53708456952041	-0.709342982687001	-6.43461003416126	-5.50896798562513
NaN	-2.36175438251869	-4.48976836856274	-3.87972176469106	-6.49972205064591	-10.7528497976511
NaN	-1.20230969537969	-2.67890165821577	-4.09419492114278	-0.405728618836181	-0.675581745525997
NaN	-0.776758530143185	-0.897810004056882	-2.83168140414677	-0.456272469765476	0.0745967374250355
NaN	-0.691328161050096	4.41839815913714	2.03661349328386	3.47963754493672	4.25112980541701
NaN	2.37829976246714	3.59800718369053	3.18242154022327	1.5818835153927	3.2593328648102
NaN	0.401732937019453	-3.22996305341706	2.08947110521723	-0.601045616860781	0.462384480254372
NaN	-1.73755384255379	-0.966004759564909	0.0337761760145259	-1.31965995959886	-1.6398389404416
NaN	2.31392915034838	1.22761116852085	-0.69492013156496	-0.859563119073335	1.11980674589661
NaN	0.546451008950521	-1.18975127957233	-1.6240748243316	-0.799666374418942	1.24454870172416
NaN	-2.57220235015483	-1.1402149527953	-1.45748534710958	-0.518837812838785	2.00132643661559
NaN	2.83754677371984	3.89922070024048	2.37401099941168	3.94518160669356	3.62279090044066
NaN	2.68198640536002	2.21130640623983	1.81652653191657	1.36338758288286	1.94133280081243
NaN	-0.769762154384091	-0.96682892873211	0.499410121525041	-2.05542047867205	-1.57125329340318
NaN	-4.4995783038008	-10.9962931072636	-4.10221520490727	-7.31726833740061	-4.08618757502587
NaN	-2.96923263082434	-6.04719937984515	-5.72401443606268	-1.91932400810366	-3.62199233420319
NaN	0.913643432076198	4.41994603905087	1.51326271198861	3.54818020562048	1.0910409445307
NaN	-1.64496683322801	0.0779865664044018	1.92688609559071	1.78405553859814	-0.574191336887785
NaN	-0.357302222053765	-4.94118320927506	0.691729589877977	0.0788141675230171	-1.12731747838082
NaN	-0.290138352910965	2.86600855979523	0.067713059361427	0.373657145175319	-0.833502278161964
NaN	0.0647065947895315	2.32421242823572	0.0503982895900126	0.722523676827038	-0.451311217617824
NaN	-2.72172777289589	-6.77400379730232	-1.75191754722783	-2.62127433612809	-4.9229202133195
NaN	0.682228951023724	1.12403624268399	-0.654074816375726	0.547788679453621	0.243757491850286
NaN	-1.06160771370433	-0.652727859006287	-0.353893121177842	1.39784305286257	0.453125979839705
NaN	-2.80717844024222	-5.15176404231558	-1.70758487617707	-1.90596821540054	-2.57254526078438
NaN	0.952622960421375	-1.1146978120788	-4.52843979298155	-6.17326514643634	-2.05380406741824
NaN	3.71353959186569	4.47047663320717	-1.10543447794165	2.01290830562667	1.51042121593041
NaN	2.75871623369472	3.81820490859204	0.262404700119339	0.936244892844994	0.601817867998307
NaN	1.30880296158514	1.10410372363951	-0.278399933987438	-0.945878973547148	-0.574122162412604
NaN	-3.85613103567816	-4.51948851051595	-3.11254344779856	-4.66815162494735	-2.13771085968192
NaN	-4.53012538187505	1.70736554316029	-1.05044326638149	1.01445634095751	-0.169800803670649
NaN	-2.50413140255148	0.274393733254477	-1.47294112626497	-1.39025426774377	-5.56392416438559
NaN	0.945881409319322	-1.88053879011053	-2.26194808383519	-1.47518315069603	-2.1005973022575
NaN	1.96376604576354	2.24463018793136	0.655300149596933	1.5007347092765	2.58537996582987
NaN	-2.03970361925245	-2.04044889574012	-1.11097261678996	-2.57753621159485	-3.58878020312728
NaN	-2.9967538493717	-5.32618504458666	-2.84015952127742	-2.96926056162655	-9.22584931108916
NaN	-0.735450971426952	-0.982482171838657	-2.02045910354027	0.780946786007782	3.21429596112072
NaN	-0.772132148949265	0.227184023230661	-0.839206455060048	5.06311308449338	4.51764522371874
NaN	-0.792532269750751	-0.613062471428446	-0.441032758404632	3.43126121081211	4.24019921551005
NaN	-0.151488211030489	-0.412411324980793	0.192066160469696	-4.17436486266803	1.75635933645326
NaN	-0.194963706144147	0.598379896778787	0.629715597216095	-2.52885463669294	0.950754574010668
NaN	0.216311958962045	0.891361575907782	1.17427324660991	0.644981174651595	1.4812362309615
NaN	0.689537375040696	0.932915040737938	1.53898908950936	0.462850463752073	1.09467967433983
NaN	5.05201055605189	5.51958454358367	5.09267984822318	5.46265748110253	3.00057895603683
NaN	0.761257224296353	2.51658426754917	4.66215855215354	2.08788193722932	0.930818561821842
NaN	-1.11902771125045	0.739409543053164	3.18117323144006	-0.187640793093759	0.486965243685531
NaN	-0.0927859847476855	-0.280267875900419	3.94705267870283	3.10309291352568	-0.515151126544523
NaN	0.555997817420288	0.203902356641968	3.1538437864	4.68699341391266	2.21587908258233
NaN	0.565662257404647	0.832034596416079	0.0136667493693799	3.29325714004948	2.17525903943262
NaN	0.649738744567946	1.48571010453138	1.38128757719162	3.06592668335792	3.12662242155173
NaN	1.26497553540578	0.954734953296039	0.943891994889059	-0.330607829459993	-0.473504226233983
NaN	0.903246286335085	0.428051392325587	-0.254649640455026	-3.15112441743635	-2.46282447663899
NaN	0.700499552889132	0.378034274464055	-0.396864441544688	2.47366365575852	1.0489610390867
NaN	0.736934866025623	0.885117704658554	-0.292375413990465	-2.32194821927266	-1.28558178793599
NaN	2.02268394299807	2.41960712168125	0.930440942586111	-4.65333153941447	-2.98430622467741
NaN	2.57646498783461	3.65752245987351	2.74990521720474	0.0502315306506039	-0.208975916701117
NaN	5.09984136435863	4.86560582615602	4.13962577488603	1.75984372779908	2.98353233586299
NaN	4.13936828687729	5.23261525626756	4.8315169174641	3.11980671366329	3.45919503837682
NaN	1.62743695359453	4.35504171949455	4.95702108804059	2.09058094958306	2.04667064728614
NaN	-3.87309979749174	-4.59500347633648	0.282590845183213	-4.26193147556828	-6.10246723712611
NaN	-3.42124109936569	-13.356476149209	-4.15360953519119	-6.4198633580655	-8.89358244671146
NaN	-0.16173497035398	0.859380947517948	-3.25333868449219	-0.0365108229366952	1.49953953638798
NaN	-1.91959290671783	0.247879223216802	-3.06907864652081	-2.77099791476924	-2.94629372495694
NaN	-2.04108519594354	-2.59294997543418	-2.91005352699376	-2.28185774602599	-2.54830070931229
NaN	-1.5225000589875	-1.89180117729837	-2.76905416015501	0.357212696023624	1.26361176118919
NaN	-1.17871031411585	-0.552607488392433	0.760347096423521	1.76896356723115	5.32219718968326
NaN	0.0128758731050127	0.0326262863108995	1.59448962881254	0.35826861845458	5.00207848830274
NaN	2.78620303361921	3.22736576420412	1.10718865169837	1.30842206284251	4.41342801001534
NaN	0.568837719075217	1.84203971034254	2.61764153659534	2.84583914706757	4.02314978591273
NaN	-2.72717870514546	-3.4825116443293	1.35332916150009	0.957076921444549	1.6657431109749
NaN	-0.731712387266653	-2.10532052081916	-0.225264054942262	-1.1564167800991	-2.32883176060056
NaN	2.80478891410507	3.98976301225529	-1.23076929209778	-0.710417846221498	1.0835110041387
NaN	-1.84643963079208	-0.225476027623475	-3.77304726653522	-2.11410642442945	-3.45042080795741
NaN	-2.91515457876185	-4.86116292422121	-3.94417014856808	-2.14891837108266	-4.88185460310291
NaN	-1.17040544582428	-1.22616669333997	-3.66231912895736	-2.10334817470997	-3.29759895852998
NaN	-0.407047639669169	1.52559445021084	-1.7196009526525	0.183136610792442	-0.0688475278863522
NaN	-1.13625425173294	4.2899247174996	0.587272847164833	2.44066636845563	1.88610177979899
NaN	-0.859123671713227	4.42040352885495	1.85393071652453	2.71519568927374	2.46047681596109
NaN	2.20232980258938	3.48940038767783	1.5888182581908	1.87396153051953	2.83002772109884
NaN	-0.565713182613491	-3.03832636205408	-1.65401766792343	-3.88784481361303	-1.35151122952771
NaN	-1.27555398509915	-10.1286783664897	-5.37305989474965	-5.49240098256894	-6.86728948142381
NaN	-0.622070114382183	-2.51888085517608	-5.1927291492219	2.65238293090034	2.48462383535194
NaN	-0.477379432598	0.660593098308672	-2.6449042476355	4.06560758630957	3.79685060288897
NaN	-0.0966134682420585	3.07183088474702	3.54565148562481	2.77157113215632	2.62124792617931
NaN	-0.00366692245659752	-2.46477904579282	1.87157431920739	-2.54961569413809	-0.312897052048796
NaN	0.0761314654402565	-4.94523025552082	-2.30363108882469	-6.74706268149967	-0.847073808478004
NaN	0.241294497887307	-0.931141068245073	-4.00199189734075	-1.75275010110777	-4.89387006877089
NaN	0.270849788491897	0.105312156263166	-2.89275564279878	3.47938933027838	0.817264787991948
NaN	0.237988643771558	1.43814112840198	0.619888966678695	3.30894937781923	2.17148356672906
NaN	0.257654473771742	4.44783761531875	3.30469949942308	0.10165754387917	1.48618426057327
NaN	0.546543544565335	-1.47645828337935	-0.0719665449360547	-4.29125351500473	-6.2165750503029
NaN	0.496375944972148	-4.45833796331578	1.04684011880173	4.93428475230382	3.22525028404915
NaN	0.301066713719602	-0.188849616316437	0.13715447248557	3.11313924468156	2.28226927740693
NaN	0.547857245004999	0.668473357545942	-1.60574655559887	0.89552612169172	0.375406418928055
NaN	0.422829594324468	-0.0063103236561743	-1.63903090049681	1.21914225682747	1.99560032661872
NaN	1.91157325546121	1.69897464120685	0.271836563445759	-1.36321707372967	0.911493457522108
NaN	0.139402125088781	0.68834929165933	0.925478624625567	-1.44271365326128	-2.15016583368287
NaN	3.61856214625142	3.6380630478429	2.91506779672477	-1.68352450525869	-2.26123590421323
NaN	-0.243940536196713	1.00673241235309	3.47869059173726	-0.55375111152645	-2.20223313684008
NaN	-1.68823834574837	0.184878460208841	3.43547034602233	0.376619171674421	-1.29558135811158
NaN	-0.724036640946323	3.22233600865577	5.04713840011175	1.6530356680931	0.638905819061801
NaN	-0.452916718276253	-1.81769070187767	0.939577346461987	-5.01779133118652	-2.26060608267397
NaN	-0.478650276093314	-3.3124164445782	-2.5176786509307	-5.72799416983962	-5.39722687988593
NaN	-0.427644970857855	3.24653746413388	-0.741010668993791	1.97504573918867	-0.904333725367869
NaN	-0.253575121832605	5.63422777601827	3.23857115208402	3.41540159784485	1.94625652120485
NaN	-0.0630190748752092	3.553261119903	2.88056600463879	1.44689471546739	0.784753638967713
NaN	-0.216102789523464	-0.588124686357661	1.33021952649172	-0.914394970617439	-1.54801639509973
NaN	-0.342030020216338	-6.53546995246633	-0.626447044601422	-1.45634390555504	0.792057815086729
NaN	-0.102699596025565	-0.345702633366397	-1.33865518021649	2.74951940654974	2.11428742943059
NaN	0.00345405493403537	-0.435507476357138	-2.56152305449316	2.69308796365909	1.60955681674643
NaN	0.0331006281940367	-1.65767240579974	-1.58629650768264	-1.05331690695348	-0.990567553711708
NaN	0.975523483935758	-1.52055586231645	2.16846016526997	0.593902098289372	0.578023359193035
NaN	5.0078139036402	4.51656745899696	4.10718176403387	3.41390355502908	3.7933974389274
NaN	1.965109535316	5.05390126145831	3.64213694026581	2.2934593589995	2.63750844145429
NaN	-1.74153486538303	-0.317086885233037	1.55770606334735	-0.77996625190325	-0.690519537006718
NaN	-2.35256911490572	-5.587551299915	-0.21834472578903	-1.00413397496552	-1.00517020753592
NaN	2.33080035192428	1.03954853258891	-1.63993279803996	-2.1233956202957	-0.309211982589059
NaN	-1.5555537397923	-1.84490326485608	-4.71953572288713	-6.24743776481768	-6.64378843730139
NaN	-2.98539590277581	-5.37549750796128	-6.22335296142533	-4.74114819516194	-3.16680150263709
NaN	0.368633956371506	-1.31453671407867	-3.20399427663262	0.544322480277273	0.939126541891721
NaN	2.41726212455769	2.98261898583275	1.25389265553101	2.60412128027102	3.76102937873244
NaN	-2.58498571380018	-1.99083973695655	-1.82320510926142	-4.15987557636857	-0.656143891640018
NaN	-3.36680590398903	-5.60789031274851	-1.63852104158447	-0.494066807461745	-3.40740022509274
NaN	0.14659315488636	0.575869188467491	-1.58206642214232	2.85179616726188	2.00007641668169
NaN	2.87595931599316	6.33121950222407	2.72011931281239	5.27783784493007	5.0831212220843
NaN	-2.05946976887891	-0.396034950580901	-0.407621606985475	1.17872612894391	0.932649870176359
NaN	-3.47142138466263	-9.67956642465463	-3.68353324033677	-0.974533296783158	-2.10740908615267
NaN	-1.71004545149359	-0.837743608463587	-3.6183931813379	-4.8220906547774	-6.21829188908937
NaN	-1.12503408153414	3.16594421624245	-1.43548239144405	-2.14259127004818	-2.48139580493215
NaN	-0.959347919878863	2.1995756235128	0.147012034444669	-0.604549344277548	-1.13016617903725
NaN	-0.794484754313225	-0.858370063778428	-0.779353733280405	-2.0791002263863	-2.73369016375083
NaN	-0.276340209599976	-0.213673126711978	0.843285608188741	1.50254225379723	2.06902066982805
NaN	-0.172882846766951	1.58702092098015	4.54077813921206	4.00248066215764	4.68032682715499
NaN	0.16468321639338	5.26318248573055	3.9921515229898	1.33869319679348	2.27378354828817
NaN	0.271042910209198	0.469584758348085	0.117575766736911	-4.05497969592483	1.5637926074921
NaN	0.0983174560007323	-2.41076678132515	0.557480439498593	2.33952867672242	4.96528344843887
NaN	0.229324947465015	0.561653881632676	1.76103899634351	1.75731730902952	3.44449276111704
NaN	1.26150546118063	1.84456421452706	0.270067487231519	-0.42411367580369	2.2266162440512
NaN	0.96902871510574	1.4918253026062	0.525029563810967	0.438687457047687	0.762702772090961
NaN	0.345114469684053	3.85218196375069	1.07633207053961	1.63733462496532	0.0304568062466186
NaN	3.33054873689986	3.68545439250842	1.25117148696575	2.95429110744403	3.39485600942196
NaN	3.13403277683621	4.12471812400573	2.81337922415328	2.73990284234373	1.16751524373129
NaN	-1.34126268696498	-0.215776556575041	0.569806671769082	-1.37109280074815	-7.3143472543349
NaN	-0.632171230815367	3.55554054955176	2.45796162581478	4.0575196204035	2.39546170679263
NaN	4.68207941466643	4.68699352225426	4.70149766968149	4.90501770784169	4.6230737935232
NaN	0.678640287092441	1.96469830974078	3.66024219475456	2.22847984159592	2.27919841477773
NaN	-3.03531186206768	-5.4806762206614	0.284238868000521	-4.20779252516838	-7.01158239685669
NaN	-1.31895668151727	-11.254509474568	-4.47034264015162	-6.72051648326754	-12.4194646866611
NaN	-0.850097885605343	-2.97017735211019	-6.04054771978771	-2.55268875183692	1.92752531542331
NaN	1.35743551171729	-0.18587874334141	-4.16109464300817	-0.851377140039802	2.54392702183606
NaN	4.51446950102906	3.63501191115878	0.90702388663639	2.61069744307457	3.22044331946281
NaN	3.49534441547293	3.00532461277687	3.22171049063083	4.18119575181475	4.52453249953781
NaN	-1.09566238698486	-0.329895635720584	1.34455392093496	2.80074401793508	2.3736365024238
NaN	-4.56008101304386	-7.33424785746423	-3.37283905442438	-4.6570471454948	-8.9608944453757
NaN	0.366333045630002	-0.813964785723628	-2.92388829634291	1.09669422173917	1.70953448445849
