NaN	-1.0161607833217	-2.45170477039693	-2.46499839667963	-2.51261949206368	-4.64103119400828
NaN	-0.847988674222546	2.37161175108211	0.212865652619631	-0.197720214050617	-0.883404244503815
NaN	-0.545307788416525	3.42372754733595	2.14234639213124	1.57309852994743	2.42700611767902
NaN	-0.39926544946959	0.456361865476071	1.00117877454264	-0.14993256643231	2.98855935716074
NaN	-0.162530812581	-4.52858107299687	-2.34929388080117	-2.71453762296262	-1.65808355437262
NaN	1.93410806320292	-0.706784880393107	-1.50489663354307	-0.903932042967692	-3.7758225699672
NaN	1.42124412511984	3.62001036424716	2.69162600701939	4.40541711073497	3.98841325766907
NaN	-1.68375456749536	-1.87393496424105	2.94677683951684	4.64686115199973	4.05494828825656
NaN	-0.420112222547203	-2.98818692387225	1.41099328570013	0.00797154132513771	0.395737200860774
NaN	2.19330749705233	4.18807534248753	1.69342467472216	3.21962488522492	3.29454304389959
NaN	3.60877813553298	2.19037517352307	0.65971327454656	1.37960734821628	2.10980328043654
NaN	4.14015309601003	1.49351934715921	-0.440710111318867	-3.23925028958427	0.413217179070652
NaN	-0.75140541243901	-0.531792405257497	-1.21192334646677	-2.68149651765554	0.0881745426785114
NaN	-5.46700336569178	-4.76261251656156	-3.54204480625245	-1.84181217373998	-0.752195959909477
NaN	-1.24440377493056	-3.87668514918673	-3.76858275508307	1.40682768310484	-1.25074006061011
NaN	-0.720146561660186	-1.8205034531468	-2.56136194041852	-2.52730002898025	-5.19671002800213
NaN	-1.10064867549784	-1.27195109522041	1.14925547542114	-0.935317503240171	-2.87744179317702
NaN	-0.858788581536847	3.47392453247783	3.83624358105764	4.24372417034186	3.11636135669887
NaN	-0.42403119370775	4.13460813323417	2.0464705485619	2.02040173146637	2.84992142454586
NaN	-0.278049536109003	1.67829869231036	2.58509782988208	1.08401391018269	1.02661441261438
NaN	-0.165515713916212	-3.29062041790358	0.979405462495188	-1.39813189228961	-2.88768930761486
NaN	0.124505437436055	-3.60439273808509	-3.26163277461568	-1.81185439896975	-2.09031648067863
NaN	0.0989796197794398	-1.28869008274725	-4.6476633766173	1.07043120086993	0.75814575754495
NaN	0.878654374812266	-0.246742217917973	-2.97588842588923	-0.104371629949132	-0.149679596326191
NaN	0.483762631866482	-0.0872803021323075	-1.63032058746564	-4.59112668410088	-4.59075667519722
NaN	4.322312704153	2.88996893866738	0.237931087115752	-3.30674232262779	-1.80165614426987
NaN	-0.109152884883786	1.21706746503944	0.422672030332449	-1.66246730064204	-1.07022412170685
NaN	-2.46404954320028	3.23736015988004	1.3764276885033	-0.487897837526407	-0.571639439778519
NaN	-0.2157704283162	0.326928665103857	0.481480768922628	-1.20506195770581	1.11196563420468
NaN	0.0486034567625688	-2.5908893100595	-1.15373628022516	-2.24238793367323	-2.00200549500053
NaN	0.262600865891982	-0.86474592570538	1.30205795713456	1.3899494952157	-0.54670001931102
NaN	0.87425385994063	2.5536258993178	1.27692088706598	0.985675490002264	0.0946205796406678
NaN	2.43164471469558	5.58196322977109	3.57075925663458	2.56251562363325	3.14287773482587
NaN	-1.71885539585689	2.95877308725455	2.46572753060235	1.50206664945262	1.1479393224486
NaN	-1.25661242673854	-2.707576746123	-0.741430628422267	-1.73223784543979	-3.03611464089271
NaN	-0.0565239694055642	1.36809755136575	0.428229619520464	1.03522458839363	0.335680945614703
NaN	-0.156140305074248	-0.324230945109675	2.65333443375812	4.70991699053199	4.88854332689567
NaN	-0.0993257269872516	-3.88328979833492	-1.31718589898716	2.82633593242622	3.35597735259531
NaN	-0.165113246921706	-3.19840747454556	-3.43420865704797	-0.673320729666132	0.0506343455691747
NaN	0.00435062963973299	0.309788101491943	-1.44043017109409	-3.17833789811414	-3.89604599628983
NaN	-0.0603864694242563	3.61026683507906	1.82358011230712	1.47960220371458	3.27212060854077
NaN	-0.0070172388159656	3.13846841058803	2.37845605312692	3.3366042430848	4.03221912130338
NaN	-0.0734816025170338	1.66247771638702	1.73978116916976	1.56725559020784	1.6624661831124
NaN	0.0396870395609356	-0.502526521712667	0.577152974143146	-1.42132218757722	-1.51802431851297
NaN	0.174716769574474	-4.78725509566369	-1.8988311299396	-2.75105461827859	-3.50049669413955
NaN	0.275352925031058	-4.44301279403308	-2.53049929316683	-2.55718479818281	-3.64636530501459
NaN	0.378656309187609	-2.36514415179435	-0.370585072476938	0.372182222895764	0.371741336795721
NaN	0.152655566719254	1.29477150075269	0.85715964164634	2.3636215522301	2.83477696455009
NaN	0.198268115050381	-1.3020544918673	0.20984557699072	-0.958453998300159	-0.185097150392992
NaN	0.106110972960375	-2.55350106668668	1.10541186656245	2.50683793346132	2.69789775144162
NaN	0.109297338190055	0.346390923213896	-0.895946548385707	2.11916521458334	2.76616567895675
NaN	0.048771266764123	1.18248333737702	-1.26287826729467	-2.47921328233768	-1.08784278171947
NaN	0.173265037563121	-1.33266402244767	-1.70868525195399	-0.605752325255506	2.03389352606409
NaN	0.202037014184908	1.07359413515219	-0.231685015933406	3.29145479379938	4.12467503094347
NaN	0.0159086648523476	0.450898601699434	0.269433591950041	-0.89779894957846	1.78749534782156
NaN	0.0978948748887784	-1.08190291526216	-1.20841642146224	-5.57027904811943	-0.839498781077786
NaN	-0.142387601172673	-0.488523450399185	-1.14590233564817	-2.07661206391962	-0.914064587380163
NaN	3.28475989618103	2.44823475178167	0.606729522080861	2.92721703481011	0.261814649125754
NaN	0.154822584080641	1.22727603062023	0.855989709820289	0.808437143456983	0.0711837017180739
NaN	3.88709100852325	3.4734993192361	1.81101023943465	3.66691374666247	2.25832713705051
NaN	3.64359418282605	4.24830376190852	2.81805861307833	2.39930410789257	1.18975774233377
NaN	1.65022758959706	3.02336597196141	2.41257766527081	-1.36828578084387	-0.323614790953668
NaN	-4.2130576797993	0.333688814711476	2.00438953628666	-0.563258480836554	-3.28653761229611
NaN	-4.75671929234588	-1.97302019680173	2.4608248300256	0.705069881421312	-4.3755693585652
NaN	2.72910970382513	0.726177395675449	-0.0368767651956595	-1.61489120912064	-2.19881389485434
NaN	2.11845917582639	2.52888693424286	0.226131331306508	-0.626558109019689	-0.298955283637725
NaN	-0.207328288346914	2.58906112939617	1.46856551680485	1.18321407387825	-0.267026647149244
NaN	-4.00960309988831	-1.47892413887479	-0.657025782262262	-1.33455029192309	-3.38164126479604
NaN	0.967395140509027	-1.2792815813225	-1.89016912046099	-1.76650201203908	-1.79390584168296
NaN	0.749049296207842	0.564768121820092	-0.491652640428646	0.325104196497243	-0.0162058014599062
NaN	-0.496706929897062	0.863465111638742	0.777487267348417	1.05864098984554	0.431230319205334
NaN	-5.34858274487699	-4.04488971790479	-1.68962309735206	-1.75195325604743	-3.04008694662099
NaN	-6.29773558593644	-8.6259948886924	-5.09541030972361	-4.36374588196597	-8.9785188594259
NaN	-3.0527980818832	-5.00908588408955	-4.73180413163511	-2.30206125994476	-6.29670453666972
NaN	-0.255654191134492	-1.61197055253139	-2.78564317518693	-0.766349536167348	-0.979437195975945
NaN	-0.327989305295984	1.29687079650416	0.00826085298293825	1.53622418704552	2.79494150628446
NaN	2.02110690628533	3.55033400772759	3.30574104729588	3.93881704918494	5.14439343650504
NaN	0.275360132342012	0.241075054463093	0.508215518744324	-0.0243646157703374	2.13606127710996
NaN	-0.213271953319199	-0.971075913904114	-1.0595365041315	-0.907262237586541	1.02787186068428
NaN	-4.10105844722007	-3.70737243873684	-2.70185908116734	-1.25284781957304	-2.60026975938718
NaN	-2.91700651982887	-2.94660334081316	-2.6962617595277	-0.966797200530287	0.525849086104179
NaN	-0.922879340182894	1.32588083656232	0.237090618961176	1.14808374910678	4.53677229060332
NaN	-0.887535749071199	-1.43473486234283	-0.864455630012013	1.75303492067422	4.13976822007468
NaN	2.82905218623273	0.100426085211949	-0.523769068524015	3.90705381869884	4.22280020674842
NaN	0.961732912778932	2.89790799763916	2.21880968912482	1.09265140486543	2.79878216743036
NaN	-2.23981504513955	-0.335049138739967	2.89842573668664	0.160704890768281	-1.22954510036717
NaN	0.0623353249950837	-1.98410391198526	-0.544934388350455	-1.86454949492966	-4.89901978753435
NaN	0.958351415562132	-0.263732836841298	-1.62972271834125	2.71868680084341	3.42129080012482
NaN	1.91030796026984	4.80169330727017	2.13878663928221	2.8842317510779	4.0881969065342
NaN	3.58750433532929	4.97757008705447	4.42764582646459	0.937777820350611	3.12939494345799
NaN	0.974811728711351	0.766711934152147	3.94665833980938	1.06039943981001	1.87397962627216
NaN	0.386704107335363	-1.46691893038531	1.19972412935454	-1.00160637955401	-2.11070518775605
NaN	0.256610851655121	-1.86700357501514	-3.00293053271408	-5.01048248048092	-8.31488489367272
NaN	5.41519528075949	4.3154078357909	0.718225854076839	0.598720080115656	1.47552378774252
NaN	5.48417470893163	3.29534297759826	1.44007376852754	3.36163355386779	4.29784737452434
NaN	-0.222126372037203	-0.557445915606788	-0.341433393776893	0.0401850093887103	1.09145099611727
NaN	0.877352517724015	-0.0632334364771791	-1.27392562728639	-4.20944399628093	-2.89385644543158
NaN	-1.59675143782104	-0.625453045666773	-1.14659711876721	-1.60034868327154	-2.99916645228693
NaN	-1.72917004424732	1.89145612377878	0.527175270000443	1.41248383633629	0.504942218983235
NaN	-0.632561814637717	1.91163769301272	1.41322073001744	0.00188930315917284	0.146927710481731
NaN	-0.344853629801625	-1.96733248810676	-0.300442879076191	-1.87165176553474	-2.03415289130877
NaN	-0.402117853972433	-5.35572064663995	-3.21459765472154	-3.6045101435449	-3.85210638704538
NaN	1.03994447592468	-2.77785215905045	-1.29674328123211	-0.540759566169583	3.39653148189259
NaN	5.5009596158262	2.98315638016551	3.85652558860874	3.58719709961313	5.45770991292884
NaN	4.16926110635091	3.09715751719129	2.06343767752096	0.977305975032422	3.86851843614241
NaN	1.93710891022627	1.81146082429789	0.0752390679222752	-1.00463720544725	0.84784633896549
NaN	-4.05466468351828	-2.65775886427268	-2.25705000407797	-1.92953260561331	-4.80923828183567
NaN	-3.40386271597066	-4.56925680039583	-3.6260514812755	-2.56850435448483	-7.43360642506545
NaN	-0.9888282004567	1.18148271002968	0.303021868311041	1.27693777430906	-0.188581579200173
NaN	-1.27178344473334	1.02284984708496	1.60624488332805	1.83792195351726	1.65224611756606
NaN	-1.14229755215164	2.55667885017342	0.595901090010396	0.0917415553604268	0.273618947222724
NaN	-0.530369115704912	0.42525127370436	-0.410029640733515	1.66320747814255	1.5309673483931
NaN	-0.607015876818194	-2.44490752643212	-1.59507647737053	2.8737673066342	3.02743068950683
NaN	-0.214248650239819	1.07138170387259	-0.560536081431434	0.769164238843904	1.30113708269742
NaN	2.70728783229504	3.26455126613686	1.95441228843384	-0.495414744637913	0.705090063881036
NaN	2.05708352460461	0.210739014135228	0.824138523094764	-0.907775876242634	0.827984791243743
NaN	-3.00314899294396	-4.0736529558815	0.81511090282143	0.169775977890098	-0.0989328017871087
NaN	-1.19484639635551	-1.87487776965164	-0.194406242496225	-0.716271270757971	1.19202062349733
NaN	0.137045624693748	0.985630566469582	0.797881080767554	0.0637706091483257	0.305670522077395
NaN	-0.45557376801049	0.886613781392225	0.372343459926917	-0.0693586811259457	-1.81414040174129
NaN	-0.328370768869196	-3.03589870669956	-2.80635070201246	-3.34337081946596	-4.89256876287057
NaN	4.07992942583694	1.14563633181795	-1.54807992136217	-0.580862516041217	0.451365492214892
NaN	4.52469107350219	5.50407010230392	4.73713351581189	4.93665491370623	5.3002697094024
NaN	0.424585047858037	2.36052127192981	3.1035726378936	2.06863633386095	3.04910015163553
NaN	-5.46142775467133	-5.92659467149433	-3.03758987470327	-5.12335601786445	-5.84305784823999
NaN	-1.76571788661746	-5.38105375085177	-5.24318979956889	-3.51786098263357	-2.24503104750505
NaN	-0.567419049375416	-0.0392884163317922	-2.18625168898773	-0.0140399712004969	2.9156992228489
NaN	-1.12960460746956	0.333868420728391	-0.403242466451023	0.0383185116640389	-0.211670679834991
NaN	-0.747806831606975	-0.935286458612478	-1.08819281828671	-0.685187184635842	-5.12179659993144
NaN	-0.742438265337643	-1.09979416886149	-1.0862781699143	-0.39920164318063	-2.87106575790222
NaN	2.19606601295748	1.7825644669014	0.236569689861217	0.953025499531307	1.88188843336424
NaN	-0.924806650220653	0.209734559210516	0.442500998097218	1.06584821152429	3.79364229247105
NaN	2.80193426030134	2.03380546998522	1.87628305292186	5.40631037733474	5.00999858000779
NaN	4.42090751295407	4.77854544503778	4.99967773674773	4.05420355417408	3.92609516368957
NaN	2.65529246426606	3.69529269477611	3.33789501752066	0.462326528519989	1.60933541432623
NaN	0.629305056138058	2.29275875402862	1.50981891315497	0.0819270092110015	0.38351419667354
NaN	-5.04569034422559	-2.18758357445229	-0.839907401581928	1.14948115982632	-1.27511308039233
NaN	-4.38261336173185	-3.77446304471476	-2.38286885978285	2.61213424080341	1.34617893165271
NaN	2.07665273365692	1.16847622347279	1.06811027059927	2.14619939829659	1.83986184901989
NaN	1.07698322231456	2.15013251270501	3.55983949564498	0.0801261020725427	-0.38923679061643
NaN	-5.96841307700093	-0.779044503834773	-0.0406177252633689	-3.97054120003898	-7.06487149509507
NaN	-3.01913630748673	-0.298796018638591	-0.620756272591695	-1.94990168430656	-5.69113254024109
NaN	-0.0479294232888931	0.842882254297436	-0.807014751854134	-1.62593962089839	-2.70625648546964
NaN	-1.05646828377734	1.94530898474424	0.927001806517654	0.260651266860327	-0.389874185424257
NaN	-1.35363535036716	0.944357314597549	1.80631031967422	3.26455887706759	2.82268935746
NaN	4.41047519233705	2.74227306883814	3.30834554728098	3.63410879872987	3.94027237204799
NaN	3.91650407371521	1.22045535512999	0.70444064728722	0.0805591779017022	2.03018110443145
NaN	2.22795082461616	-0.967160562949645	-1.43190029395406	-3.72430678564334	-0.448753267807066
NaN	-1.03673911385052	-2.4949444395143	0.494279695041564	-0.0588651632874693	-0.0707166254887994
NaN	-5.45973944171957	-6.15856694012449	-1.09753704368584	-0.443743077481564	-1.7374696749034
NaN	-2.19277168641471	-5.49706524492982	-5.11916341446486	-2.42543168471555	-3.13278753150862
NaN	-1.1901055041352	-3.24500794234481	-3.42011909695342	-3.3791452996955	-4.23413396071696
NaN	-1.17920887603566	-2.55107697281257	-1.97349310607738	-2.78293322667371	-2.97006622283248
NaN	-0.848609137193409	-1.92217375899759	-3.35281138845466	-2.82664706234929	-2.85031753066481
NaN	-0.265003301025325	-1.3275591731611	-3.04441768290313	-3.91043478904055	-4.31394782825256
NaN	1.82007488881648	0.208890907575208	0.553536871068045	-0.1490465876654	0.221898388223439
NaN	5.24005787038949	4.74688711811283	1.85210995724016	0.784420627007454	3.96057493531058
NaN	2.59784425793775	4.34510699342053	1.40251537540821	0.440959351661105	3.32281346038875
NaN	-4.80475681662704	0.0985597902193409	-0.201758715542493	-1.20806012401508	0.656396359494572
NaN	-1.74096777445344	-3.45567866813711	-1.87412805669373	-1.80504844144523	-1.28249417128731
NaN	0.326160415738676	2.01249240888071	0.0219168400740057	0.546781293884027	-1.45140421279677
NaN	0.198665110379639	0.890807505921447	2.41423669968306	2.50229468693982	1.56281258920594
NaN	0.341628905541799	-1.41976334261105	2.94035023741888	2.95603657116614	3.65073980642118
NaN	-0.368371709873195	-1.57418140073751	2.21904385850116	4.18356137191402	5.26351688264069
NaN	0.242896075564023	-0.670561713808854	1.00815156539513	1.39430226669346	2.12737738561329
NaN	0.310820517024365	0.432382292034498	-2.27603499798822	-4.59445425300503	-2.29338012575565
NaN	0.724566573942638	2.54290834386154	-2.4278122941145	-1.60837241014713	1.09920908917801
NaN	5.42180040952728	3.79574295768758	-0.642490724669993	1.1126657568363	2.56087156780291
NaN	1.07213769720096	3.05856555964475	0.083533679434885	2.59509400826801	2.32311992209833
NaN	-3.01950454619016	2.26968913598197	0.338229725159145	2.70252378910212	0.192631724991112
NaN	0.121164939923556	2.54794597846785	0.933789818491982	1.673609097338	0.0782756828553224
NaN	1.6061999702322	0.0711538657748817	0.979962367511949	-0.688284058707258	-0.337659290816121
NaN	-0.134901327453744	0.469104565723855	1.41038506853849	0.456433846334274	-1.69877755982646
NaN	-0.19341439296091	-3.16428982689597	-2.28206944723809	-2.66028517211948	-5.54511437906009
NaN	0.485095702711821	-3.39660129771589	-3.41016029573053	-1.27393550033867	-1.82707187978865
NaN	0.326271723905649	-1.81143431606533	-2.10374910367012	2.5296910015713	2.47369650421573
NaN	4.20681913777294	2.06183746977398	2.05383871372144	2.12479972928534	3.39927050136367
NaN	2.36014620477865	1.41915985806212	4.33410954636355	3.57186373683549	2.81683786757409
NaN	3.8814368739952	3.46005856768059	4.37800909375833	2.05307561568137	2.33796760554294
NaN	3.1042926708375	4.41217730372093	4.07028112929785	1.77979477927376	2.16233041373513
NaN	0.178011726556888	1.57823220518321	2.05961391130585	0.0557457670594061	0.664144072751141
NaN	-5.64469573637035	-4.87139694373957	-2.6337049708756	-4.97365978230146	-5.02596040588954
NaN	-3.50837196464179	-6.06840692430493	-0.725870686715494	-0.846772867066141	-3.35295615472422
NaN	-1.5628269136987	-2.96112864939219	0.22991782377325	0.119875529548789	1.04331151965205
NaN	-1.74937016046054	-1.81339906911674	-2.88966508809518	-3.90473607696938	-2.4683667904755
NaN	-1.50430519539359	-1.75158790970586	-5.06310695711854	-4.6011133799693	-7.63119829947362
NaN	-1.24037643012244	-1.30362244988869	-3.75386154494337	-1.37913218795427	-3.85950662018342
NaN	0.354833376126337	-0.0050278919165146	-2.06563354380008	3.39268056462507	3.89350598246877
NaN	-0.712710757533192	-0.0632907193278794	-1.34665332266321	2.62039939952334	4.92730651564286
NaN	3.70859639178553	3.06918604815599	1.40049613232019	1.99580728763818	4.34761541094343
NaN	-0.317287977777263	4.07576443512848	3.65399941819495	-0.122725286998579	0.939309069384725
NaN	-3.60092901660026	0.683656674127537	0.738784059511971	-2.86975598449941	-6.22077934052235
NaN	-0.824436061534133	-3.42915991668965	-2.04512445555797	-3.44296661253012	-6.2800037696394
NaN	-0.390622315413561	-1.78085447831506	-2.03224175886148	-1.944127847882	-2.06532768036247
NaN	-0.696494979473881	3.46483400043048	1.07175781026373	0.502211347597884	2.33722871226937
NaN	-0.426762684739438	1.92888769886772	1.99063006056385	2.18304223736782	5.57529135612451
NaN	-0.0532313293306454	-2.39594982135272	-0.593966311625138	-0.826229775734388	3.72892946225167
NaN	0.0646546716766575	1.66036917943682	0.891902004666301	-0.254779243493589	0.421214922546508
NaN	0.141943869351167	-0.364228069574563	0.58269806944934	-0.168399979888625	-3.70769098505868
NaN	0.0488078445093613	-1.93915424067721	0.264703440800692	-0.112938774274081	-2.17487536388835
