NaN	-0.990506857565248	-1.8666464624963	-3.90844182699119	-2.93431590234065	-3.38596608090818
NaN	0.0751612887008695	0.441952479499645	-1.26920256380204	-1.68612432458291	1.99406207739913
NaN	3.32762684269973	3.01714098098001	3.38982592326214	1.27097753688331	2.68990463109569
NaN	0.793620630005654	0.435846620009798	1.38391947964403	0.645961920038268	0.196035642742273
NaN	-0.815411715032187	-2.09379618658454	-1.44829887395088	-0.663098259077121	-2.31407403993798
NaN	-1.88447354217442	-1.77547955251081	-3.23168324806958	-0.764287834692274	-2.29521716749754
NaN	-1.03224897120033	-0.841746982360788	-1.52904466043135	-0.707217985675263	-2.10897457604335
NaN	1.28341653354698	1.56482162248278	4.21601056449074	1.7250903044644	2.03783552969938
NaN	-0.71806474866155	1.60283930703554	4.51353096554286	2.81440023549833	0.82987413406067
NaN	-0.760630584865771	4.0348842299115	3.88300640227961	2.43660427538038	1.74476073796199
NaN	1.72788477792624	3.23033861355139	3.42638353755534	2.89156671242335	2.3573999573365
NaN	-0.913267666309722	0.730039830828781	1.30918241015275	1.27311397959736	-0.250395509422547
NaN	-1.60439357336046	0.607438860158701	1.10891548385284	0.807978209522591	-0.118775230732615
NaN	-0.794421993532109	0.616205584213309	1.66159500735039	1.67190473736422	0.634408165139619
NaN	-0.5248088945324	-0.037457649221878	-0.186222000564762	0.980371124836227	0.513176416736547
NaN	-0.374885632084544	-0.891034906794681	-1.4101429846547	1.05906019388961	2.02286475296055
NaN	-0.240763671018962	-5.80897265440301	-5.01045974244597	-2.90695303078536	1.69989390111544
NaN	-0.0251543193161026	-2.15496827257312	-2.55002105068245	-3.39862892807081	0.872269059476799
NaN	0.261033124530227	-2.75791935048907	0.105550892241242	-0.40388519160472	-1.92224285842234
NaN	0.160032059704399	-0.166593304745423	-1.73673196737435	-1.39518789957885	-3.02559664848581
NaN	0.345162378023651	-1.07142904732424	-3.25687226070231	-2.20428283957769	-2.42756979400198
NaN	2.2765976602871	-0.974967582630019	-1.48126550595494	-1.11266806324707	-0.161155242780979
NaN	0.350873877005457	-3.1366962250177	-3.9407559909118	-2.23417029441767	-2.58412020417568
NaN	-0.336485190081515	-2.31016701659073	-4.04440609445058	-2.51121130025033	-2.27347521256687
NaN	0.0219919275063651	-1.18095695008384	1.95626273718522	0.680141882824434	1.96473166379685
NaN	0.0344476109064653	-0.581773686956315	1.20195638139065	0.825563595881746	-0.303788346924918
NaN	0.550120967692533	0.167234897201739	-2.62938695346167	-1.23598406759959	-1.47467639738503
NaN	0.206472702649598	0.0445444245811413	-3.90278011278692	-1.72795994743503	-1.49102692232201
NaN	0.0720794788764534	0.413151704215334	-1.947208318044	-0.885562611512885	0.163920632039324
NaN	0.293182468982817	0.69403695273358	2.43424889717133	0.929066274238107	1.01016643274667
NaN	0.196277607920561	0.979725660892828	4.16761884435882	2.27947712663822	3.6589884404672
NaN	0.204775961681453	1.00762956898585	0.141745348046068	0.318441659361426	3.90803559859644
NaN	0.265815641910683	1.13738323360521	-2.27999706291117	3.31011728302508	1.8757328430913
NaN	2.96474543439583	5.40288440034496	5.09892023034908	5.30532342797625	4.26908560835007
NaN	4.4698731299832	5.46709914082418	6.490435934336	3.39332013486707	3.29637598392283
NaN	0.907553655072915	1.70352912441841	4.88942946373065	0.818917808170499	0.662283034073263
NaN	0.904614314934787	1.7607848913795	1.73287598240717	0.124875950777259	-0.23414891973752
NaN	-1.82545905241132	-1.71660798512532	-3.3726376353221	-1.55624727971346	-3.93468121673066
NaN	-2.52254496553545	-1.3972645427524	-4.09656736197322	-2.9929402062228	-4.13787609155858
NaN	0.395259416906693	3.23543042689597	4.15297477132184	2.87861945954611	3.00500304758715
NaN	0.461747284731183	1.01795766397039	3.51546469660526	3.13884271404412	1.54064134768054
NaN	-0.956622148635538	-0.867096713191452	-0.119054358173427	-0.133197274082953	-1.34722680067365
NaN	-2.33693785981393	-2.12104871128854	-4.10935316794694	-3.09210709486046	-3.77007912723208
NaN	-2.00064913585065	0.554946128142144	-2.40058373224396	-0.792027384642456	-1.30871058127748
NaN	-1.59859312898853	3.88949476627827	4.01091805160471	0.330318985233904	-0.935842364220283
NaN	-1.24957987705367	0.521188610796542	2.18343109059558	-0.65068146808029	-0.468491015690077
NaN	1.69915711250324	4.0148257299055	3.86138739053834	1.26834142129326	2.1663316595043
NaN	-0.1408148335295	-1.6531151859913	1.09813533909906	-1.56002231893742	0.501187537882203
NaN	-1.97204219388255	-5.82594883374887	-5.41417521757814	-5.0920287758345	0.724611523342358
NaN	-1.05347066931088	-2.48137947228774	-5.68226991298704	-3.68408797728095	0.726131718271718
NaN	-0.958784553449349	-1.46297095975803	-2.08723319099572	-2.62421979236638	-2.97550412365915
NaN	-0.577030124241268	1.48296550517199	1.60994673745376	-1.10392684986582	-3.71254457456686
NaN	-0.440660923216542	1.09397758122186	2.91967850992927	0.790842186248922	-2.51612522952475
NaN	-0.141179323998733	-3.08294580640867	-1.47014011048653	-1.3307168907277	-3.07058404407432
NaN	0.0650280190254422	-1.58245547587988	-2.76602758226271	-1.39042061936222	-1.99692722905833
NaN	0.485192424126832	-0.424013482044397	-0.850254655437941	-0.371025851205154	-1.13782779387585
NaN	0.147720196015849	0.848123094420143	0.920700200287248	0.20603115624849	-0.409356392573985
NaN	0.180634940974904	3.86289257403331	5.72140050571841	4.35504528592059	3.1812943390119
NaN	0.302870160713751	0.742944718352887	4.681314252386	5.90322000015764	3.22063044646948
NaN	0.275856677976194	-3.20710258750989	-1.79353648290778	0.314338453899417	-0.80428710211879
NaN	0.410516363770077	-1.44834176104745	-3.76513807592628	-2.62141911943194	-1.37035153278517
NaN	1.02338691422749	-0.534692568468642	-1.50928707146678	-1.16365563486291	0.291290973308102
NaN	3.63779583892193	3.67389605437451	4.07866836116262	2.2747235709132	4.6546897170455
NaN	2.39898614750459	1.10910605906843	2.75305340157249	1.80500211304087	3.26672771294411
NaN	2.7990226300169	3.50213771197825	3.80356375078315	3.3654469919389	4.28430236853368
NaN	2.84065016763485	3.51934929540059	3.90709453017603	4.01144210672525	4.20848994791639
NaN	-0.223608219413929	-3.58604990849482	-0.331937096930188	0.388408666197437	-0.626854411474772
NaN	-3.28912362831682	-5.3783252856571	-4.24208012721754	-2.30489732468245	-3.05346915277194
NaN	-2.36712548305013	2.00905489845509	0.967375960684106	0.827608843516578	2.52763564344428
NaN	1.3937531453362	3.31797737447762	2.30452617042335	2.31146240901959	3.95527901387132
NaN	1.22948506063053	0.961209085243186	0.974403088001618	1.65950710756876	1.09405709988318
NaN	-2.84495314248047	-6.17704496382015	-4.21866241400466	-2.15862913521528	-2.39842657710771
NaN	-2.63530831606832	-6.01872409905743	-10.4024703841604	-4.73641866931635	-5.66170481674702
NaN	-1.45752282852063	-2.55589966433411	-6.13227187199557	-3.36424981794641	-3.83172159431604
NaN	-1.11579877161048	-2.04807512530319	0.291333361789107	-0.539640298091836	-2.14201622032635
NaN	-0.996549744412447	-1.72776680058912	-2.09507161456599	-1.35182545402612	-2.81051178228179
NaN	-0.735807387659502	-1.02453799971163	-4.04518124422592	-1.98318400204561	-2.20506469956405
NaN	-0.516760690506778	-0.706581857537525	-2.56477650052633	-1.43775666302526	-1.43960138013149
NaN	0.380141499444498	1.46584513469741	0.289848566287722	1.83811286987977	2.56654536399422
NaN	0.551176559336987	0.832833313506251	2.50000612659352	3.37957624986719	1.92873803954829
NaN	-0.486787024158402	4.30296851445306	4.89597123165389	2.38142613689217	0.941445278777417
NaN	-0.271402956566233	0.405029787009052	1.66860829238712	-0.1081616384244	0.159652015130427
NaN	-0.0652189511284298	-2.3566974146226	-0.878092064610894	-1.26298460929886	-0.642025709713233
NaN	0.218710587400102	1.23292451272503	-0.836827509348325	-0.975329649765138	-0.551408102151936
NaN	0.35134313540859	4.74516243047017	3.9624360800281	2.01236591914309	3.92338823550875
NaN	0.32405252451266	2.08695007020379	4.4640799406548	2.76911695303527	4.41900014628669
NaN	0.446138364360474	-2.98585761864796	-1.20753118373636	-1.03983719108411	1.81018908718869
NaN	0.489845226059711	-1.06027650244137	-5.83914108409751	-2.94927233388565	-2.68075567604191
NaN	0.92483114440275	0.996600314706155	-2.1450439051348	-1.19154283730153	-1.05156974259069
NaN	4.67818234058607	4.87313830685048	5.06367273795228	2.01405596806004	5.32735425925157
NaN	3.40360909017399	2.10221818484093	3.82096868763831	1.92654924732609	2.29511819012331
NaN	-1.35166335589924	-3.365063139873	-1.78767227154158	-0.125136706389044	0.719033854194816
NaN	-0.249570575768033	0.0314709668323405	-1.50951340503979	2.22886830542688	0.325621819866421
NaN	-0.594531200963974	-0.775297839801286	-1.67187154479254	-0.153137770263699	-4.37284389859095
NaN	-1.21675800174823	-0.866515526566509	-0.745207655393007	-2.70448477882013	-4.62820973762267
NaN	-0.7831188977984	-0.335694068607482	4.14689880981822	0.253728599082846	-1.57851192447241
NaN	-0.630144698428055	4.03049133261342	5.41519857874489	2.90230141198338	0.867305782552276
NaN	1.95354581966186	5.66479850936385	4.81889798175024	3.51585121091287	3.07018569286561
NaN	2.61564396440824	2.06126512901321	2.44656289902585	1.41341915051006	1.13086405415237
NaN	-1.49612331355333	-5.38327495228654	-0.977990648219458	0.795792317737527	-0.631986096483773
NaN	-1.8403790256364	-2.45384143972632	-4.82108003110329	0.543745754030365	-1.05237546999281
NaN	-0.611421920847341	-0.806363571699084	-5.20157915248065	-2.01782297292984	-2.97845596806551
NaN	-0.0851100239646543	0.962202756336463	-1.59469559774143	-4.97684314127225	-1.81055058369857
NaN	3.4054021238982	5.47617609556519	4.8421492885984	-0.26534332751639	3.9507728976477
NaN	-0.0624435862453111	2.73260412061215	4.64225261731681	1.473492238726	2.00617293196695
NaN	-2.73856274756522	-0.0199880583645064	1.83946888656842	-0.627465405908306	-2.25743240964041
NaN	-1.42714015265014	-4.53039407630576	-4.66302727942804	-2.61471537985088	-3.37229146906658
NaN	-1.04024601194137	0.199086931354558	-3.66284228720823	-1.57216143488858	-2.22885039126279
NaN	-0.605309325886251	-0.225596807000833	0.330810406833458	-2.03856555493428	-0.230988329872056
NaN	-0.0139321776342425	-2.80984463759043	-1.93136338553711	-2.39103345509075	-1.30593623448556
NaN	-0.627670706245152	-2.88655928794527	-3.84797154018492	-3.17483402370929	0.445039939298369
NaN	1.19675016361201	1.64142220160099	-0.222138304823202	-1.0981297041654	3.64907302014122
NaN	1.95337211346635	0.319301296101683	1.98828409853748	0.0883519837157609	2.25363837954815
NaN	-1.29538350331237	-3.28256009589632	0.82812178495596	-0.482660755118885	0.166892980177507
NaN	-1.3168882507054	-0.514925624098849	2.14734470057177	0.68472740213697	-2.52787869111836
NaN	-0.4489106494042	0.329142150559073	3.03989522017263	1.65116554270518	-1.99182045361702
NaN	-0.323431807508984	1.62440765439051	2.98591516129899	2.46404483215637	-0.718983117745262
NaN	-0.241022086605537	-2.11092238603693	-2.1341133378876	-0.724112536319108	-2.39716817627544
NaN	-0.140186642055082	-1.7638627587184	-6.90329462452041	-2.80164500912352	-3.21588173008057
NaN	-0.213521912463558	-0.306133727759851	-4.20193575156891	-1.57962449239656	-2.16337229229159
NaN	0.102225033557847	2.37702741650473	1.43544543762349	0.776133158580468	-0.457103265887726
NaN	0.285723673831818	-0.383982667942267	0.000796777672339648	0.245471119093335	0.0767478388931516
NaN	0.59915888334066	3.10824337278977	1.97421986064645	3.19817086598762	3.19089702146651
NaN	0.284185030763416	0.798360982498255	1.83548507529099	5.24619961312303	3.2295806316574
NaN	0.945287948460896	0.69852305383108	0.156207019371934	3.28802267705523	3.7807264736605
NaN	4.48234934428773	3.22860950810838	3.58338473032637	1.51098891251748	4.56854760123077
NaN	0.569975967289932	-1.80798593748533	2.47048636094501	-0.335278266307612	0.088211271356115
NaN	-1.86776240993607	-3.07809357204047	1.06427578665293	-0.167972873244691	-1.69924249445427
NaN	-0.791164268290746	-1.40514743185095	-0.87529179768763	-0.358331846426274	-0.798693879953202
NaN	-0.480728800447355	-0.678767418010517	-4.27823458619771	1.17884883326085	0.344831931339314
NaN	-0.514347448757569	-0.73069670875405	-3.78735629225247	0.0414651188985156	-0.090890329339277
NaN	-0.344409462694383	-0.633985943936994	-2.0734046714283	-1.07856724468314	-0.420401058284289
NaN	-0.45609126366337	-0.191522559051133	2.20663146479676	0.528829134151366	0.57488742022913
NaN	-0.0800355597039119	0.760397677434589	1.67893878094227	-0.984631023860396	-0.811550989821146
NaN	-0.0716914770027577	0.489505540850771	-1.35821548161987	-2.34195008942034	-1.4009276169208
NaN	2.11203772200042	5.88419003555365	4.42357632386636	0.786017780121548	5.46898594161228
NaN	3.88863434263013	4.97357635865662	5.43637648685663	3.1208805840176	5.03983131979194
NaN	2.93342388833886	2.41663355513403	3.49741916817059	1.67808704103641	4.31790105952654
NaN	2.04147192771476	1.44563728033755	1.55326520280554	0.588820853121191	2.68017604631477
NaN	1.32547525482923	1.30768866373695	1.19282277511137	0.540833825192617	1.26304697961231
NaN	0.78363055298407	0.594223283796658	0.731534308883456	1.29949433599576	0.808960173151109
NaN	0.151877646306778	-0.00556358573986874	0.176422548469098	-0.17571239699856	1.22347782857706
NaN	-1.79209236695985	-2.86924652742919	-1.0096918700299	-1.13783404223017	-2.13376962921632
NaN	-4.40313833019608	-5.82922228931995	-4.39185870028572	-2.86769102052603	-6.59908567241056
NaN	-4.39311372491973	-4.57715402627794	-7.52748916324984	-4.2341299252552	-6.80314467740409
NaN	-3.23594578206518	-3.24612201667134	-5.94927064280878	-3.56852124118821	-5.04485414689456
NaN	-2.70071763363471	-1.68596030084536	-2.33758471642692	-2.03680434747056	-3.34521685209028
NaN	-2.17460435868341	-2.21709182961958	-2.16153921145555	-1.3221565612419	-1.57962101952412
NaN	-1.67010311713939	-1.61989262742734	-2.26048421693353	-1.17382374400825	-1.48440906222463
NaN	2.4351509916615	3.68088337976994	4.43624248291253	2.15903315318241	3.91898511330106
NaN	3.16916056711536	4.10107095857987	5.69343914985862	4.12251030396431	4.99989974824951
NaN	0.940058950554877	1.1284592675241	3.35283129830984	2.82233494810344	1.9554212976821
NaN	0.959573180440274	3.08246702555623	3.00045619796499	2.32049901357344	2.81244334226626
NaN	-0.198643233894573	0.739629809161579	2.49787258861221	3.56939691155394	0.520289638212064
NaN	-3.45847828166853	-6.84569778958791	-1.41289504255294	-0.601257858333973	-2.40295027923627
NaN	-0.584304046527778	0.679218556509451	-2.80065887337335	-2.68284929384122	-0.545786244121454
NaN	2.57623498677208	2.66514132446512	1.54948239967	0.78477602150804	1.50748774812787
NaN	1.51420864611656	1.11179431971987	1.74927505094671	1.52235832820966	2.12162465264988
NaN	-1.10335415464505	-2.87199506830935	-0.142222603648666	2.45240053020425	0.220816248824463
NaN	-3.78066203391325	-4.62673514565065	-4.30493526501276	-0.0238385366023515	-1.27602422053984
NaN	-2.41038722750121	-2.3836128561739	-6.89745046673898	-4.6842549153715	-1.52302940648779
NaN	-1.44903000959369	-1.29795085299659	-4.42246815363143	-4.17946186395877	-3.82258886147106
NaN	-1.02177324609282	-1.0159048793651	1.76542895591102	2.13134430905444	-1.74716899483867
NaN	-0.855740232538172	-0.570308678208844	2.85672214609054	1.92150743219969	-1.97961474110104
NaN	0.627785145341488	2.05098871901697	3.45641726476101	-0.0140474217355858	-1.01528679115877
NaN	1.17860051771452	0.71575246764844	2.0068689532198	-0.231737636264885	-2.02108624708318
NaN	-0.158484956907008	2.64497336604493	0.63927463553758	-1.12055951229728	-2.14990917702251
NaN	0.0133598093147402	0.489400997602399	-0.859655575586773	-1.29375033689656	-2.71070298007499
NaN	0.454898767354688	-1.30055040585113	-4.67290879450828	-3.01515947034299	-2.93953113907064
NaN	1.63108621675012	4.55747802811484	1.16360458688941	-0.596456432577646	2.61911219919553
NaN	3.83723782279873	3.05723535865212	3.11767156817705	1.64823489043811	4.17123235827532
NaN	0.494918609572106	-2.65743511601891	1.41522549756894	1.90207036071707	3.23799342105727
NaN	-0.493432005741893	0.685661079120184	-2.05995392091736	-0.336744838664262	2.05390840731566
NaN	0.619432756702805	3.6560860022053	1.47468643821623	-0.294403638617179	2.22055237287733
NaN	0.814826967616447	1.00829426534085	1.73988804279045	0.207738026590638	0.744772509288159
NaN	0.651929416242832	2.5975549411815	2.95490925505274	1.78755555236716	-0.730279649508324
NaN	0.956378130216897	3.08786665420781	2.67521571790172	1.62926026152857	-0.0747882765209862
NaN	0.803957542058682	1.22667861098914	2.39371341789233	1.60746408195908	-0.0625310760639507
NaN	0.888698996595821	-2.78919302862013	-1.23923949525323	0.76701836155624	0.812312915985456
NaN	0.855135588921931	-3.21991159611261	-7.04736271678894	-0.0784985450935969	0.00880374998251518
NaN	1.00205642451398	1.87836503124066	0.725162758707105	0.0214840121284378	-0.448581933116387
NaN	2.88146831386309	1.89160594980769	2.7874595369777	0.188741794835005	1.80000552334064
NaN	2.69491113317234	-1.55941397817237	0.655047926826257	-0.688660130736602	-0.0545952675226476
NaN	-0.088951825677724	1.58058669533912	-1.12929592353234	-2.15929715552298	-0.610330330138626
NaN	3.28800995464119	3.69463366081409	2.98319775514413	2.69677214718279	3.58021663352485
NaN	3.21784219862634	2.2286417624198	2.04484964946477	1.96736059885269	2.87837006920923
NaN	2.38422962437985	1.25984581120839	0.654602252721518	0.0458651738417295	1.78915661347148
NaN	-0.182349333571894	-2.06375729958339	-0.347649338965684	0.0741957369901107	0.515820788829479
NaN	0.640507245262107	-1.28813708185125	0.0639232222200958	-0.0230056312426475	1.19800814731142
NaN	0.446102719779931	-1.59285875229313	-0.227754334070954	1.07532154824482	0.804681648842424
NaN	-3.88676506603947	-6.57360923005218	-2.53475533104118	-0.901422860980177	-2.88843831510532
NaN	-4.73292158313829	-0.966618792229134	-1.40058808835189	-1.17473657584901	-1.97581374778786
NaN	-3.03323692033055	-2.54626634491088	-1.84090867226796	0.00494579261527092	-1.30554830043839
NaN	-2.49769108856191	-5.05454646711527	-7.04245100991148	-3.33040889403827	-1.69377952603592
NaN	-2.05633548838083	-2.28179711664278	-3.64834280091896	-5.33727917936261	-2.7170720185076
NaN	-1.80870823259108	-1.52193555322741	0.617932487754979	-2.11711574348209	-2.52263770805388
NaN	-1.50443805307807	-1.95022563419556	0.447404735416244	-1.21524891730747	-1.52676731514161
NaN	-0.936015608905956	-0.17055244630914	-0.449151852067756	-1.53923140337916	-1.74686099210492
NaN	0.222544198049679	2.16185403222191	-0.999546520243134	-0.0250613005400136	0.868032620995581
NaN	-0.671957369410115	3.34990078711729	2.16490888686825	1.94298072457837	0.264000828284581
