NaN	-1.15435511265814	-2.18981135953829	-3.5363732971108	-2.5332832032192	-3.25376627410793
NaN	-0.81373866241593	1.43288527286622	0.395249509969334	2.09570058348553	1.15607804459384
NaN	-0.741840987631897	-0.311969488538833	-1.06179672756781	0.0446122222006994	-0.144370782901263
NaN	-0.41331480827592	-3.09013584551003	-1.5383879590716	-0.787180032335899	-2.25501126731452
NaN	-0.221069570410449	-1.23687971790049	1.52512124952211	1.1556551917042	1.38632716956379
NaN	1.03939381142651	2.05456956115144	2.72589084819269	0.59365871210135	2.27733528245841
NaN	3.10503128177901	2.80554336871336	1.64832056754449	0.0932889772353561	3.452431359579
NaN	2.15949361202054	1.50776206388942	2.10368767054333	0.379122667878598	0.691466795598292
NaN	1.07576637692424	-0.202161002719447	-0.472282032998126	-0.968207547428403	-1.30604767864077
NaN	-1.64886997763592	2.83608017521335	3.5271413204691	1.90491944948064	0.203353806774479
NaN	-1.79370870314788	3.40550465297969	2.63454243759042	1.99042298677878	1.05527124565016
NaN	-0.812715250861548	1.90855970971605	1.15695874230892	1.23842675682458	0.948731703154011
NaN	-0.257111739286646	-3.77978717142776	-2.97243707674849	-2.01125734490378	0.437380745846597
NaN	-0.650893209679474	-5.45664137395173	-5.0023064549722	-4.99553420620657	-4.29133214851427
NaN	-0.496165520183136	0.424596151065452	-1.23039406518187	-3.08127410978414	-4.86989364459975
NaN	-0.221674840633702	3.67670898618955	2.20789662681753	2.34051594307605	1.15276128264947
NaN	-0.174466281591731	1.96059654280242	2.33982613421464	2.68179414503911	2.09052464741288
NaN	0.0598533258028439	-3.95684178740299	0.627421461613322	1.57508247179597	0.831048767233476
NaN	1.53643930998237	3.21344442657869	2.68064772831362	2.51742454788423	3.33947395310066
NaN	2.39270040403898	1.81206015488363	0.661240434600727	2.36128430074498	2.90041271527651
NaN	-0.147635630664965	-7.55771301184184	-3.77008351745452	-1.0737364651243	-2.58247640189017
NaN	0.750296256411483	-0.20730889264258	-1.34943963955781	-2.57551588433943	-1.27950325208312
NaN	4.35879853804062	3.7804592012652	0.842948251267901	0.558597577756377	3.05348118870461
NaN	1.69074214735287	-1.11951400417093	-1.8716678356492	-0.593007627883285	0.192875104836413
NaN	-0.659915524627996	0.946693508752379	0.508064432482923	0.762040389623367	1.14782067568249
NaN	-2.40917504746859	1.96093667412994	0.48140644350493	0.8725796842297	-0.369055239918988
NaN	-1.45141506444532	1.65543460947764	0.559032768885289	1.71947048266089	0.568820900766969
NaN	1.36490136579734	2.20843966391535	1.48983991516359	1.19715868499199	0.90428016428043
NaN	2.16581525696643	1.24198877507035	1.42837593145479	0.991321113234994	1.71041499565409
NaN	-1.79538993680585	-1.62347643381571	0.0680636616488294	0.157946544462449	-0.457459468990745
NaN	-3.66284036025159	-4.58657107991348	-0.875112009407105	-0.937474025029586	-3.11701629991713
NaN	-2.78307254954565	-5.76327526261663	-1.85225358643203	-1.50754680592616	-2.90507901614754
NaN	-0.783250259107874	-2.31655285863914	-3.68345971904747	-3.21166418003349	-3.21115369134348
NaN	0.217177647514931	-1.10568145718854	-3.79155269044397	-3.43160609384334	-2.50070951345511
NaN	-1.40584378175726	0.661596257947859	-1.28090936850737	-1.94229190006625	-2.60410970888824
NaN	-1.69460941384187	-0.947497919565601	-2.46694932107958	-1.87756024127096	-1.98428562625501
NaN	-0.729471508971862	1.07540275393181	2.16819784130777	1.3519540971742	0.972396934817233
NaN	2.353871254842	3.48233602692131	2.8795274518106	2.545413677843	3.65648845576509
NaN	1.62732085448351	-1.9610705194499	-1.28688023607828	0.775365255592539	1.1250240559636
NaN	-1.23974913009083	-8.11708542820556	-5.85642565288457	-0.965041944318152	-0.403261614835313
NaN	-1.68465075941711	0.423740750751407	-0.854281794986107	-0.809656512316985	0.00360256693448635
NaN	-0.649587965157681	4.4064044685349	2.15252057402453	0.328500492846137	-0.0787999218229766
NaN	-0.506429507950382	1.52274189455616	-0.00768386334981981	-0.891519047293068	0.701668490146902
NaN	0.0660039968639513	-1.17385792238218	-1.05948112401849	-2.44273558626228	0.789206195144169
NaN	4.23127027084786	3.33097664787196	1.62369008298104	-0.301870977752802	2.46438592103583
NaN	4.70549695510109	3.28582525543666	2.23943924212107	0.712714859953202	1.66392121499811
NaN	3.35892971395556	1.81928334237354	1.65156748660014	1.00276682740769	0.582173361579971
NaN	0.368500495466917	0.172312935365997	0.65719989733312	0.747054400126193	-0.164109305191517
NaN	-1.73987475290151	-0.24614555030636	-0.662514504544627	0.882276574077036	-0.88250190400272
NaN	-3.04392669740818	-5.23136736173782	-3.54066374555417	-0.896085547406923	-4.01716791822552
NaN	0.461357823249283	2.08629843450259	1.34645212809826	-0.728896929784159	-1.34749663002178
NaN	2.71997120161997	3.54835152954553	3.00626007498734	2.27253426520639	2.17486164398601
NaN	2.04250554034366	2.858836628432	2.94302066624978	2.11757884799592	2.38058011350076
NaN	0.863317428799725	0.277877426445341	1.42881715763453	1.26703053397974	0.867859084063471
NaN	-2.80996687071939	0.100001837359709	1.16605727760852	0.0843502460877927	-2.68686923130256
NaN	-0.9420834901245	2.9726048832588	3.05823251049521	1.8904549082249	0.836848453572419
NaN	-0.924656607241978	-0.102993476176399	1.15794054882888	1.30785053078073	0.698382110542778
NaN	-4.14734007738424	-9.97515695329793	-3.17130248053708	-1.64222536344086	-4.2835475305945
NaN	-2.1570265116446	-0.588911938513481	-1.2388865528792	-0.285918830692496	-0.919953784008556
NaN	-0.420340557482139	0.00677654186975176	-2.26109181392054	-0.0798534900386847	1.98925365918356
NaN	-2.68828976755759	-3.8651472771137	-3.22245570771559	-0.44478428334293	1.19854561072957
NaN	-2.89125260383671	-2.13609363961891	-0.9783684507759	-0.0288613317642714	0.112457287004434
NaN	-1.74808379571592	-0.503325955125427	2.83534234503814	0.569422604216583	-0.906724764054975
NaN	-1.01147522307863	-0.261361809976817	1.23355622109098	-1.11142444843805	-2.60889396075406
NaN	-0.63888203248295	1.0951895533772	0.978522562468244	-1.79174640606598	-0.894094127938801
NaN	2.2446634036114	6.83406937619285	4.30181170466089	1.35356501159056	2.36259848449986
NaN	4.82247408348874	4.70138359954587	4.23185188471937	2.8121851404923	3.29733759502619
NaN	1.67702070077586	-1.72361134696068	1.80731296207264	1.82703957957518	1.06249879858727
NaN	-1.99034951774441	-0.329401367827438	-1.65194130991287	-0.334302659364012	-2.14910237298743
NaN	-1.54946693649296	-1.47629117686118	-4.42769317880389	-4.34076439379213	-5.85505918039835
NaN	-0.41769783979691	-0.647344831095648	-2.60597302769667	-4.92922934496095	-3.99525675199249
NaN	2.54040495357778	2.68975542686716	0.771323420298707	-0.273154563939819	2.11177426573443
NaN	0.802168684352963	-0.940669602996434	-1.87935992844687	-1.69271350293496	-0.458060294945504
NaN	-0.887736557902973	-1.34602192103314	-2.64974627437991	-3.08837007584498	-2.86358424278722
NaN	-0.325706033591397	0.144375890253069	-1.64250293210874	-2.493742811391	-1.67730467767284
NaN	0.824184213461925	1.01490319233249	-0.0433711475369339	-0.0793943341316674	1.19264468107175
NaN	0.533416378639667	0.015646578161766	-0.403652312909343	0.984808610631964	1.78822651859068
NaN	1.38538622331737	3.59004177054286	2.91182564315723	2.64680350754164	3.66706537535695
NaN	4.90560511717932	4.73851872621223	4.08179387875679	5.78500236938679	8.38869709843942
NaN	1.49934717795197	-1.6908159788776	0.194947905369792	2.46080725392723	3.18747391714475
NaN	-1.34732172480707	2.46659653191603	2.68025368594245	2.71619875570995	-1.17768750400781
NaN	-0.928519841357454	0.336439791692023	-0.0909991183690478	1.03829120173193	1.25256384857992
NaN	-0.0506462004174695	-2.8630737708965	1.28242464189756	1.15149249666703	1.79098957432504
NaN	-0.0318791093535256	-0.362606435139504	1.98211690006103	3.09380990879939	2.48808305005144
NaN	2.17594592807328	2.00839278255717	0.609697274191202	1.66139151203826	1.71241210890279
NaN	0.772389598836825	-0.530535873090313	-1.22729454251292	-0.529806840034368	-0.854774348154071
NaN	-0.341276360453075	3.63853813588068	2.38383089774638	2.48484880065065	0.86877098973515
NaN	-0.381150003942966	-0.792815088725335	-0.865668232078447	0.710791735316819	0.35228236927249
NaN	-0.184390766885115	-4.10768411410643	-2.47270159457112	-1.97844812639323	-2.41684182623302
NaN	0.0408223209135059	1.39380116574494	2.24839813782146	4.0656930285224	2.96448299555369
NaN	-0.115446440935014	1.78933359642999	0.868917191742575	3.91940427514221	4.04233326407075
NaN	3.30000345061321	1.72554404984254	1.51347195769813	2.44225039424809	4.18704802418384
NaN	2.67131768634565	-0.629667284330466	0.0228694548294483	-0.292783943762417	0.633543613758696
NaN	0.627689720443172	-1.87829083879421	0.658112227476848	-0.80485699936815	-1.68347028380717
NaN	-1.30880737811444	-2.89864193289281	0.140437439783067	-0.402022048939263	-1.29985982790984
NaN	0.597194097424838	0.269365509639102	-1.88522354405697	-1.80101172532773	-1.11512592234447
NaN	-0.809884735276313	-1.98222265733308	-3.49843826049766	-4.0065403545994	-3.89186468450691
NaN	-1.86222767410917	-2.46896750570711	-3.64101072438763	-4.59817825944221	-4.8161226322428
NaN	-1.34860718211945	-1.73049883295998	-3.09119474786308	-1.42710109135931	-1.93980769393809
NaN	-1.28437827121255	-1.38872241068668	-2.47751733721953	0.701125032608035	1.75036769379544
NaN	-0.943411776563586	0.478689600960336	-0.289129138291096	-1.44217998606951	-0.495030846652396
NaN	-0.799383576829045	4.47077488764153	4.08700077162491	1.68055810390591	0.934244435524455
NaN	1.73658755095106	2.56182808500092	3.97191020355959	3.13441988615191	2.79760707935448
NaN	3.07513353655639	0.136452205389245	2.98050218879725	2.74247873711365	2.96032616640655
NaN	0.0710299455635283	-1.48285028526287	-0.916837428579804	-0.282772884486959	-1.60697543696341
NaN	-0.259741241160558	3.38625090932309	2.59682275446676	0.65878208030896	0.542473575097669
NaN	-1.58494469215216	1.27428192095405	1.74810704416676	1.17781488688505	1.18025757175216
NaN	-2.29701976435056	0.106892028415254	-0.137264454223555	0.0023878672558717	0.738420439169844
NaN	-0.228895826762894	0.295268602758625	-0.983414805606842	-1.40339278825334	-0.42815939109173
NaN	-0.2276044634766	-3.53814842061718	-3.12001083072263	-4.1577548564576	-3.22383014032386
NaN	-0.627790118684664	-3.87454700146988	-4.23566067889829	-5.27315728225586	-6.20861582655163
NaN	2.1526974276058	0.825802179146838	0.32231504712196	-1.44957142521513	-0.774312389232409
NaN	2.99209186572563	0.797118566606232	-0.31750030743338	-0.705475364303175	0.158703314775137
NaN	-0.546631831047924	-5.0034833309408	-4.02568490069575	-3.45264587035155	-4.01481033955974
NaN	-3.88086237800678	-6.60399879020503	-5.64648731279759	-4.84372283222287	-8.1556295260779
NaN	-3.26198631535892	-2.34097685036199	-4.25959934018969	-0.729153830587889	-2.10019251894237
NaN	-2.06251874648372	-1.38473540879478	-2.61693116447265	-1.52592925792592	-1.60932663904918
NaN	-1.68381717955746	0.119170208427519	-0.770841070439211	-2.34796424377504	-1.30159791608399
NaN	-1.21461138720218	-1.76201465479595	1.97727877120124	-1.0417814914089	-1.04178574298631
NaN	-0.941897751363769	-1.14104637650033	3.26104983039262	1.80575016527136	1.83146738078881
NaN	-0.766891046020898	-0.175051094627966	-0.282026740252465	-0.0434527573269469	-0.0288699920000531
NaN	2.13677786148693	4.38653309586355	1.60680638498604	2.54665306118685	2.33378848280979
NaN	3.95686413825815	4.04724313638895	1.53494358041375	2.79230650837041	3.72932850111716
NaN	-0.0180797343543116	-1.77289570561428	-1.10644155858931	-0.620288111590606	0.956514297197983
NaN	1.87902100789386	4.19277492314199	2.67129929815432	2.13073804957731	3.54797285467402
NaN	1.63899223462385	1.374366849754	0.334498912935891	2.1199826172422	2.32824549546784
NaN	-2.27137077178718	-3.71957710342083	-2.20373537060695	-0.829030641705491	-3.35632937852707
NaN	-2.8401879319244	-0.930959083273342	-1.95180102172753	-4.10107591542243	-7.27910942070641
NaN	-1.47138872672853	0.579412273710257	-0.9411308396597	-4.25400367291354	-4.00001422396463
NaN	-1.10304008412687	0.901104551408177	0.291139504483995	-2.49513119793294	-1.58115158450071
NaN	-0.350814807458306	1.91739291815409	3.37887491893294	1.39634906850481	0.983363081880501
NaN	1.78313958663427	3.29042935348268	3.57689354215537	5.34260990526095	5.47912532629526
NaN	-0.135636049745961	-0.420947631069838	0.320760324529798	2.83788430346244	2.3643026426278
NaN	-0.998450118154459	3.50714356057147	2.92321619416146	1.79756376442553	-0.262380661408179
NaN	-0.475934873377317	3.95204573815705	4.95745040178107	3.73034662283184	3.51682935299345
NaN	0.0786934878508773	-2.68202727597057	2.57675879620097	2.81314766152865	2.97771065073567
NaN	0.942704877759547	-0.356552949663738	-0.25230899787271	-0.101949714380806	-0.223849202090608
NaN	3.60237552184054	3.46271765519624	2.47398194518223	1.6621484300201	3.34778567573758
NaN	4.17413838867866	3.6991651436263	4.2412910408818	3.83700776232733	5.916744158982
NaN	3.33995807771597	1.86178334271971	1.61819334471449	3.01514268309973	4.00385472835912
NaN	-0.883222581710659	-4.69001092046834	-3.79131225893328	-1.67939340377314	-3.14168737828583
NaN	-2.1979842353382	-1.05664318378575	-1.57445272967589	-1.54338774410558	-3.39135566412157
NaN	-1.17947520444395	3.68879995502295	0.877243441641855	0.727568381285473	1.12482521463291
NaN	-1.19720306371514	2.73802703540506	0.986415443632685	1.43385747170757	1.66535196453531
NaN	-1.0810650984465	1.42027106059112	0.228998298802487	1.31406500443664	2.14355487309574
NaN	-0.624503031067665	-3.40364743960112	-2.67321816177937	-0.3413488540579	-0.0863174034721735
NaN	2.12365204765078	-1.05159562546754	-1.8653959969385	0.410268078602834	1.45353611079459
NaN	3.07885002740857	0.441993689766536	-1.12059261115968	0.137435362700546	1.50161195510241
NaN	-0.344917781473796	-3.93972070756436	-3.55218374233949	-0.268799748264556	-0.523507949907939
NaN	0.485291282933712	0.291130901996343	-0.202802564173782	-1.14368155541841	-0.742857882728419
NaN	0.78071280459373	-0.913621544861144	-0.573023760570089	-2.29409669938832	-1.23075853245308
NaN	-2.09983094581899	1.33166872832634	1.9746787559657	0.770535102426336	0.104439777700668
NaN	-1.3898530722634	0.631818299151766	0.454258400565187	0.041449418569087	0.693920067056719
NaN	-1.21828967579346	-5.85008504747096	0.342090903848512	-0.627633493938283	-0.462875413862498
NaN	-1.18725100277039	1.53051370235147	1.09065734411184	0.710838302591063	-0.34573242647228
NaN	-0.630700175158923	1.18562821281268	1.29949203637793	1.06598432990447	1.29694744686516
NaN	-0.442480101281524	-5.42807377120178	-2.7480589154908	-1.8237653271395	-1.40513095431492
NaN	-0.322495176420259	-3.8728071032435	-5.58898778936942	-5.48675180929557	-3.82236364846673
NaN	-0.133107654968555	-0.903362170272654	-4.50734597574568	-2.94645743098151	-2.45511078949491
NaN	0.641159502983289	0.263986904718976	-1.66606987988984	-1.11504915582213	-1.8046730261948
NaN	1.73152732249988	2.87769820937871	1.61170218014443	-0.423769741068521	1.11083325529096
NaN	3.95840574828808	5.64781806991356	4.27312262668326	3.88553069900959	3.37103925269083
NaN	0.916449136912509	-0.511200367121942	0.5571750682807	2.54249368308754	1.50700411821422
NaN	-1.74730926809282	-6.25005866942886	-1.42668143560232	-0.175555384886832	-3.18475993899125
NaN	-1.46371045644453	4.35344413770786	1.93335700018462	0.0877866892951774	-2.75447158981296
NaN	2.48287268735065	3.00034443981799	2.33530215431013	0.594744205422917	1.08848146323043
NaN	0.94696000506708	-2.58297135581105	2.03516909907126	0.607504319962815	0.0334842263842851
NaN	-0.213265523878572	1.32081155072876	2.29149165885938	1.31282014358713	0.530791138158747
NaN	-0.712542640932109	-2.28534122767054	-2.00705994911432	-1.31817200675947	-2.03606906011669
NaN	-1.49727435045677	-3.4817923580862	-5.10929104554289	-4.91606587430737	-3.10593304453103
NaN	-1.30791559145051	-1.07517243509939	-4.12969563797478	-5.4747049446616	-1.19904880386228
NaN	-0.909500379987437	-0.324329812721036	-1.80743403134913	-0.334302647593578	-2.11017271865809
NaN	-0.502868538222573	4.25112997353081	4.80440392269686	4.16359365435476	2.16159311741695
NaN	-0.398280519513998	1.20716904871822	2.38013969200127	3.07483897102037	2.08201210302166
NaN	-0.153082784796893	-3.78031802809298	-2.38925735597488	-1.24123963073472	-0.24283428061138
NaN	-0.0657026102259722	4.13080262309695	1.62756571176746	-0.264214534286652	-1.90566721608911
NaN	0.0680765725972363	3.43040091570435	1.48915939110821	1.89369055840855	0.418084291027593
NaN	0.135035868473145	-3.73565173268898	-2.37103983589037	-0.557249437483681	0.447411097549788
NaN	0.193068238837745	-2.78230014926704	-2.68462466929577	-2.84629611224205	-1.67949563033082
NaN	0.172277312423644	0.22268490034704	-2.08380917606104	-0.0478905003921841	1.91173445672268
NaN	0.303078666852048	0.124904447453315	-0.908069723158793	-1.71387877297228	1.71377553207143
NaN	2.1547942118132	4.57192687107531	3.81855425618032	1.53408398749792	1.51915162601252
NaN	3.81013161828039	4.1563236591992	4.13541150668767	3.06462616237476	1.47236604857721
NaN	3.30463507407803	1.48074575291727	2.26622642597917	1.8452140677582	1.25739625864755
NaN	-1.15665031954496	-0.986404712701925	1.02176747245648	0.821830635743393	0.21196259876932
NaN	-0.286184652932231	4.83487603990078	4.61835954367429	4.45460218343413	2.847731840911
NaN	3.36124421481435	4.58858474346995	4.49629039011824	3.97926790285234	2.55321083348601
NaN	0.00846439400701767	0.390242041508617	2.17068010850696	2.06948165985915	-0.265086947095506
NaN	-3.53842969729175	-5.37046638008304	-1.08115059002428	-0.42006659467813	-4.07878566950088
NaN	-3.36468781965631	-3.50971381795537	-1.68811789132751	-2.52951098974459	-4.65415348022783
NaN	-1.29324356910396	2.91383066965125	1.51278184198363	0.325316807222056	0.265877999806864
NaN	-0.00551807770006178	-1.62798089033017	0.227508407450955	0.873177473441234	1.68337946077263
NaN	-1.68697874350063	-7.80747868596727	-4.43037176335441	-0.112404698015571	1.10957498220416
NaN	-1.59528766962884	-1.9564424374527	-4.26658930769526	-1.56635486123638	-1.28319697712333
NaN	-0.724239325181937	-0.798959691608418	-3.65607565435299	-4.29204292768063	-2.99605393014495
NaN	-1.20048885744278	-2.09816799672446	-3.28528651567553	-5.40670141063541	0.628782135984876
NaN	-0.918037536365311	-1.26238361465158	-2.50970581120956	-4.33328473886322	1.26156497785926
NaN	-0.602465443972486	-0.651782562602498	-1.57921777835933	-2.80871832568344	-0.147812196300163
NaN	1.50670610998243	2.50785905554678	1.49718054319588	0.332751459147022	-1.04018760853497
NaN	0.742020070649925	0.104911704633511	0.14576212076923	-0.0678241271205282	-2.31295112073894
