NaN	-1.22787624121793	-1.9364125405995	-3.1971027346957	-3.13349335121613	-4.41754578301362
NaN	-0.95637471976096	-1.41683862960188	-2.31093966839126	-2.06406299889583	-2.80742150902586
NaN	-0.828219997660117	-0.925857652704733	-1.7836538977574	1.12373109816636	0.767042638448949
NaN	-0.205324385393382	-0.733692970116877	-1.21131494962102	-0.698141396838448	-1.63591340821777
NaN	-0.192449470432784	-0.458816943220117	-0.512046342616124	1.70354581810325	2.70423695433491
NaN	0.00254485250113993	-0.20682016677319	-0.116757649963801	1.67693360913897	1.16338158469202
NaN	1.63161402705707	2.09469785608693	1.62203034624395	-1.20582808314544	0.12133310729362
NaN	0.944008909215371	0.728183051380104	1.26067220999498	-1.19717922685866	-0.421640048373046
NaN	-0.524878531056854	-0.79901744261469	0.355437424329578	2.41410898698523	2.27542275004517
NaN	-0.177771806137224	0.165704775618868	0.543618434051511	0.311932081137971	-0.747565330190071
NaN	-0.0540181851085356	2.57932159107539	1.63126225603541	-1.7428301060299	-0.896537770007533
NaN	0.799638015349599	5.87607360039608	5.33449691703434	3.06306035177901	4.2391045833649
NaN	4.73773277426262	3.7748340619752	4.83072638791341	3.22582365951845	4.84980496053119
NaN	3.41400056025957	0.354811707731952	2.89737506903595	1.40440687411249	2.66668058627425
NaN	-1.52630911920224	-4.14194261142574	-0.834496002927248	1.39765871897206	2.70197264120156
NaN	-2.51135708383238	-2.18131960433209	-0.870542628849252	0.85887210975492	0.833186256225004
NaN	-1.43057751037169	0.717905781957405	-0.260511974590981	-2.44676885985431	-3.97922652788341
NaN	-0.8528933020327	0.265094559716489	1.13128487613121	-0.696765881408875	-1.18039883349315
NaN	-0.739199418875673	0.799062657456934	0.906917920981889	0.299096542643569	0.556632374216348
NaN	2.24435419882739	1.77317343828106	0.276516634873179	-0.873801387940851	3.04194163968463
NaN	4.12268401500867	3.51155903205877	2.07970604496155	1.57130635219207	2.979116052447
NaN	1.60717248438159	3.28589626231736	2.82157186951805	2.65478269908168	1.06417573632051
NaN	-2.63141753662281	0.64423438747115	1.04821533296563	0.770693357443723	-1.52303037071758
NaN	-3.08039663664851	-1.24537402316593	0.646182676706797	0.627556761977782	0.864165488435507
NaN	-1.93022044985715	-5.88523216284816	-2.10006622209752	-1.53189088562466	-1.33240233855887
NaN	-1.35206357475857	-5.07085307739338	-2.89135676056948	-2.47780453950888	-1.51303072055005
NaN	2.52326777494449	2.89100755261647	-0.790094211886881	0.277687000771216	0.768709454981182
NaN	3.1979687979753	2.63104793786866	0.394429446604626	3.34645120551455	1.03075319253145
NaN	-1.37864984472309	-5.60396336727265	-2.33894988334269	-0.114625301003182	-2.73340483857861
NaN	-3.22085269978971	-4.83064489789543	-1.38838259863392	-2.58162085997903	-4.10636124215117
NaN	-1.00547029289841	0.377716904876145	-1.20705299673852	-0.707867270122419	-1.9313653218158
NaN	0.614387807882464	1.58667943669704	0.113044311617423	1.2066972788189	0.456533899946054
NaN	3.24486076684848	2.42557996946054	-0.733786514757169	1.08154619179911	0.452785572900487
NaN	2.5169550485597	1.8146483252092	-1.24820992249537	-1.69122258912744	-1.2198185440356
NaN	1.11763443875606	-0.175534002951743	-1.73189450569978	-2.88169733144204	-1.12119106746953
NaN	-2.75875243314434	-2.7608637079855	-1.67266450627378	-1.25646366551423	-1.7253811194663
NaN	-4.51109903490048	-5.4373303837326	-4.88938578028094	-2.26172722631471	-3.56436832117752
NaN	-2.8826233540626	-3.13930792411403	-5.98938919381871	-4.84812376651662	-7.10411460032743
NaN	-2.18797780469628	-1.64299766389497	-4.59658416227652	-5.25546967104655	-6.60410271865431
NaN	-1.88218525669727	-1.61286772231897	-3.03214199159914	-3.18477327441539	-3.97478325031102
NaN	-1.22915945244175	-0.886539452609953	-0.99713107855298	-1.09688312168162	-1.09480888825004
NaN	-0.773655308640171	-0.12587438793772	2.97244445230036	2.46753580727878	2.8166853208499
NaN	1.15339952747118	2.28975541686301	1.56698362417501	1.16041417406839	2.11389708668143
NaN	2.37064402034203	3.16846455978446	0.819092112223944	0.119137257695861	1.97831832189244
NaN	-0.487419361847723	0.970526303244942	1.41166328922642	0.986009973495386	3.46844611795672
NaN	-1.07223272987521	-1.54875980219026	2.71253070381561	2.57127084244075	3.2229302970325
NaN	-0.367217108387526	-0.059511227246492	-0.0855973578045857	0.0403369579263838	-1.83908763492741
NaN	0.000305641135454876	5.38443573630684	1.5562568920912	0.94314759710297	1.32452268896259
NaN	2.28072727317686	5.30762350365999	3.27752552138218	4.71728356354456	5.19420342204511
NaN	2.0216859241745	-0.820845044031512	0.366321568240426	1.53801958758169	1.0291108186954
NaN	-0.3133889257559	2.63295666459418	1.36118125054193	0.266452174559885	2.11487049690709
NaN	-0.542525253986819	0.775057126896815	0.114819977419464	2.87816390239081	2.51016432169314
NaN	2.41373316431112	0.415821972696918	0.260340867746848	0.0814237239118217	1.04876988337309
NaN	2.36979963719835	-0.540226807307853	-0.302235080938362	-2.082016443617	-0.0714072802824579
NaN	-0.668297949915677	2.41888720487357	2.50705104806924	2.07103295181748	2.39624869746957
NaN	2.20293266848286	1.88424861044351	2.12851076464806	2.35515250113513	2.68113066327394
NaN	2.96670643323512	-1.22627925051185	0.443745707936268	0.806360157089122	0.870936883240002
NaN	-1.02098507304477	-5.13767430116499	-2.59245613961949	-3.80335609630566	-4.0104736103899
NaN	-1.87087819998846	-2.92619374772606	-2.88357996942084	-4.29864412007557	-5.2351980282708
NaN	-1.16295463040641	-1.39373193081931	-1.78808965750077	-1.86178458753753	-0.81543230683863
NaN	-0.206499458525632	1.19826933576908	0.778365238671519	-0.126319907529538	0.998824198577455
NaN	2.11996265469392	5.0764219097555	4.79167842877432	5.37666160022276	5.48934011758507
NaN	3.59899545683983	2.94576915973626	3.84519500775083	4.65918747836307	4.24491537052891
NaN	0.820632860662227	-0.927964810867144	1.22104539709989	0.088989278052988	0.104385245991969
NaN	-2.56109612817982	-5.81140097248918	-1.8830408118786	-4.3789574091474	-4.45268086512748
NaN	-2.42890157174749	-2.49644019963447	-1.74322751149952	-1.14445719337566	-1.85752326469607
NaN	-1.35727797485392	-0.779417898988715	0.0496633367858319	1.04558466589199	0.0648657220516972
NaN	1.23773701526699	1.44994546118721	2.7657817225834	2.44180276963492	2.58830344194165
NaN	-0.492839938233822	-1.19532717968301	-0.534621209280205	-0.38049163849208	-1.31506043497351
NaN	-1.46292510097876	-1.79007178305823	-2.38602742292734	0.214766305681229	0.924840830189291
NaN	2.56579530240941	5.35090183595759	2.62982390542664	1.65600574473547	3.71371006978045
NaN	1.70217949995957	2.5233715693981	2.31620792531511	1.47250807586141	1.70940238129449
NaN	-0.726591126044888	-2.95317515243365	-0.653799269951659	-1.77336700703754	-0.559667959312901
NaN	-1.88292598804618	-2.22689981958671	-2.29809566453706	-2.58026441596292	-1.52270070209495
NaN	-1.3216175657311	0.0215521042255824	-0.707247803650106	2.84547406613678	1.37273615088187
NaN	2.66218635883658	4.22917437462251	2.27657871682297	2.80138508895295	2.88312696421074
NaN	3.65184710643497	3.75761023375272	4.1646146627112	2.73006742983869	2.63096614701861
NaN	2.25456606843376	2.29319519726298	4.15534456854302	4.24987012043824	2.61579566541979
NaN	-0.559707637133174	2.19980487153868	2.23739248288932	2.9541928938613	0.756158188189349
NaN	-0.996813314961691	-0.784231313643465	1.2838580353619	-0.237428025097949	-1.32491984905042
NaN	-2.67770133522414	-4.80252937211343	-2.92928879047494	-4.5931004134733	-6.07145639255459
NaN	-3.78565255576546	-3.69681684478581	-5.54021263208042	-6.08875621236565	-7.13629760004255
NaN	-2.75944963127383	1.01648141700459	-2.57902160786745	-1.53751009328767	-2.43030012472611
NaN	0.75250352274904	1.90357094604927	-0.0338735027459468	-0.564475631954683	-0.195746826415373
NaN	-0.964208281603212	-3.31214107905029	-2.36693401315552	-3.32202518756177	-4.01145336831301
NaN	0.412500995746365	1.63861935152634	-0.425098337726414	-1.72658396011048	2.09055447653143
NaN	-0.724427201418431	3.43142366632275	1.66049730211508	1.77235606397863	2.19925555381198
NaN	-2.49417144109456	1.70088305732676	1.33035677910784	2.19001774982141	0.910095622171453
NaN	-1.77167699101815	0.111125025474286	1.58211025802859	3.22903487593041	1.96162429191102
NaN	-1.18947773597777	-5.00793540997772	-0.9275515809902	1.59926873800528	0.649452201624551
NaN	-0.506969324751731	-4.32497466097774	-4.55425208752191	-3.07831806234456	-3.8120244377525
NaN	2.11582706006581	3.96586590744301	0.643075478199931	-2.00785059613077	0.5396597940697
NaN	0.63723553419129	1.03561513481606	0.339225856853713	-0.370363405639033	-0.552831924806579
NaN	-1.00271977233255	-5.99158704939428	-3.26332858390222	-4.10862763339278	-6.11684210896628
NaN	-0.577275425592806	-3.28872038348008	-4.00645307865232	-5.26151307564933	-5.45608417699251
NaN	1.35803425488287	4.62054857325463	1.42475978202061	0.972599434429573	2.57038071958447
NaN	4.8420400201253	4.99598294458331	3.63234928501449	3.76900791457083	4.61248678003464
NaN	3.29384205132036	2.45445132334199	2.36758769716962	2.27138265461113	2.77083334248031
NaN	-1.47409076207383	-5.89599762438246	-1.82496735964118	-2.6175762510994	-3.69399554593335
NaN	-1.79049658071464	-5.77526665038643	-4.65322908704157	-3.56408857519328	-2.2652411888006
NaN	0.461404630586463	0.338811825371274	-1.68295914419788	2.84328878782151	3.15863776058398
NaN	-0.652184917945434	-1.48501878502698	-2.012696767664	-0.480553033670811	-1.52667560806117
NaN	-0.363213735917593	-0.644307758449826	1.8831253305953	-0.0425963450468993	3.15603160956894
NaN	-0.48050020813657	-0.835450553700695	2.29973182286673	3.52773567780967	3.11378216900264
NaN	-0.736052392780867	-0.797149661035534	1.10016090022782	0.62694106384705	0.265879586221026
NaN	-0.281845812088926	-0.51704005888939	-2.19608533296367	-4.0917998330687	-3.92362034521844
NaN	-0.0184080457843533	1.15534756408059	-2.76168057159627	-3.73298805889874	1.06556121157212
NaN	3.24039776909471	7.29526304109559	3.71250821297557	5.27697237064331	5.64716961306781
NaN	3.74145502648438	4.20362395989783	2.85913924451274	4.86153616058514	3.59015717289866
NaN	1.36682428829335	-2.25527676352058	1.58311255626781	2.21388204680476	1.54361269096976
NaN	1.39550331709552	0.958157330947301	1.17427289922836	1.2236856248277	1.20491411662141
NaN	-0.737833896668869	-0.545773360454629	-1.62860643555264	-2.9157458642479	-2.96530256031497
NaN	-2.15703370828544	-2.48360397857338	0.591094258628726	-1.18606002956981	-0.200048490027282
NaN	-2.01697740543974	1.4103871743264	1.8179214135342	1.05881302041016	1.40761613875273
NaN	-1.05604495755546	4.82181535267749	2.30875152112835	2.1611080136248	0.840740032375872
NaN	-1.14960575925133	2.46862215882944	0.0163738289847211	-0.308545172211257	-0.802647657446604
NaN	-0.804368015932107	-4.26960892605914	-3.72819629871381	-5.00017445037523	-2.42426425605103
NaN	-0.518379266700843	-3.49811168222339	-1.99880409337865	-2.92259704920656	-3.09054372854379
NaN	2.32281301300683	3.95255701435588	2.6652792349819	2.81562608389476	1.35336944435723
NaN	0.996067683156231	1.71047567622548	1.5871456007802	2.48898447610834	-0.282262221031276
NaN	-1.05387519474577	-4.35655523747614	-3.06041839067703	-3.39485662600364	-6.34051665041881
NaN	-1.00281603984043	-1.95208711492209	-4.92585788127836	-5.42969954099446	-6.21018446070765
NaN	-0.371003999014205	3.10200275421268	-0.905284147628688	-0.0693492197848335	-0.528445445989188
NaN	-0.168934485250777	1.71818101333039	0.221552145842442	4.33082478642032	3.44218691310569
NaN	-0.0924098360495625	-2.88552194913627	0.256571099690931	4.06277586225864	3.72222172534076
NaN	-0.0854818205294277	1.41573259692254	1.21203616486659	3.045200393881	2.49876740339064
NaN	1.20453167631254	5.30063239073878	4.03602986556607	1.92914355378869	2.73752108821239
NaN	4.61696797109873	5.39612285048269	5.01148300042439	3.70714487285935	3.95683697506121
NaN	1.3507330841651	1.52000710348698	3.55825032100145	2.11849415237247	1.87226420644673
NaN	-1.64461785446974	-0.788156509945557	1.60638008295737	1.76736128673754	2.39045235015054
NaN	-0.989950379897846	-4.49846973082066	-1.3042454589404	0.305310872297465	0.508146498843063
NaN	-0.903247292601697	-4.98030726340283	-4.7438912469615	-5.29209037087975	-6.78688704117335
NaN	-0.888939804489717	-0.423791515053292	-3.63055645402628	-7.03028335159179	-5.99977118419406
NaN	-0.875643757352811	0.0962302427477373	0.776065224440198	0.0623885925179476	0.811943639691542
NaN	-0.546566392123564	-2.82958743366845	-0.556415828501418	-0.47931519135213	-0.71564047470295
NaN	3.34547957481866	1.73767076402537	-0.762710635705422	-2.29106647273871	1.46840245424097
NaN	4.33024800684546	2.806748169297	0.819446433553727	0.280332553532701	3.38688037369227
NaN	2.92507738460923	1.49183290076461	0.80876554850482	1.16936383016353	3.11305717285876
NaN	1.94011677585617	0.659255821568514	0.473299719565607	0.712032238386738	1.24859252614145
NaN	-0.895433165005414	-2.35135476334126	-1.13169745994288	-1.26219707900641	-1.23814107984936
NaN	-2.83107209388885	-3.42377019320892	-2.65422196830062	-3.07427344623666	-1.81253372437419
NaN	0.545356656736582	1.30865257083249	1.22724240113329	1.47235389316568	1.29566841205707
NaN	0.360175007383452	0.854716483873476	0.850281059105811	1.29152290655451	0.181344519820501
NaN	-2.09916798033983	-2.38972324679347	-0.957465624226503	-0.743160123576649	-0.703992797765293
NaN	-4.87363844505825	-5.19148684941137	-0.307331407799214	-0.703061403245624	-1.2024146010595
NaN	-4.31007399618384	-2.66992949375581	-1.01592203432677	-0.019846867147588	-3.76098083809274
NaN	-2.3318996423359	-0.486313516357214	-2.17207976681705	-0.671717674651446	-2.61112419886589
NaN	-0.810168341257427	0.526363425133095	-0.836623475156855	-0.610315848695385	-1.54151026719854
NaN	-0.923231097126137	0.305343069469271	0.0447375356550206	-0.125390793797131	-1.03990880113719
NaN	-2.31061094363663	-1.64326972526579	-1.05970502434836	-0.832411169442537	-0.557467134210802
NaN	-1.903565879816	-1.34293722834336	-1.24200985920929	-1.09510372449892	0.209875255346569
NaN	-1.05172034323134	0.0289281151605094	-0.573329809424859	1.345723259469	2.4436258966771
NaN	0.650756144812102	2.18807178062456	1.17434452457632	1.29495404782237	1.60024950572528
NaN	4.46874842121173	5.4331397654199	6.20640402615325	5.08770305939261	5.00167822048373
NaN	2.74455115820995	2.18493949958211	3.80285330906618	3.76001129183307	2.71106417020888
NaN	-1.77126830433714	-3.59035869454881	-0.571718576136607	-1.95809600098945	-5.04096946156923
NaN	-2.60024621546819	-1.787829128559	-2.0023040676317	-2.76973623961253	-4.92773439162352
NaN	-1.12143112575403	0.66251276971525	0.573325607751035	1.09761781484948	1.03738671149554
NaN	-0.0156853294838084	0.895027109227315	0.0892449022631625	0.837115298984259	1.89054117066388
NaN	-0.180019382481431	0.0485370551378978	-0.273569232387547	-0.516424972574201	-1.61703250838096
NaN	-0.342130029801599	0.0218300552914203	0.135957183639351	1.13937401245626	0.474736401367432
NaN	0.131342987540732	0.636470296316335	0.0790847040312694	1.37372329183482	0.181774367598281
NaN	0.45229914643728	0.897154143826299	-0.0368344546197454	-0.493443687485238	-0.751041682401969
NaN	0.647042937150216	1.61559345694483	0.694100911637634	-0.023590091004491	0.225250473434933
NaN	2.5618659539787	4.87525248067801	3.80555661874686	3.34601984825911	4.94855844250996
NaN	1.6297304788358	0.428367811177129	1.40614989037445	1.26659275503488	1.55772188051216
NaN	0.0679373362675352	-2.08454974174393	2.3217716401047	1.03264354473113	2.1441279844733
NaN	0.115355240822076	2.08611456116409	4.22517901516489	3.77940216853273	4.31419100510373
NaN	0.641959602842932	4.96377823475491	4.26785755933061	4.06558686655594	4.36625340532654
NaN	0.685250190793615	-0.94739070399542	1.07284246142247	0.640619282944011	0.72689866402668
NaN	0.761316535153185	-3.34555499036397	-3.27716488455363	-4.19276544511667	-3.80873690007708
NaN	0.858792021382572	0.976712016097395	-3.32945910016479	-0.45542371573615	1.55586698504708
NaN	0.744601878417647	4.11036605716312	0.798482277888212	3.82012314097041	3.95691532697478
NaN	0.9022735235845	-1.3575711856022	-1.54020618321798	-1.56094649874811	-2.29676984926318
NaN	0.667777057717779	-3.41637156938172	-3.14488485176303	-6.50726204852871	-5.34701010629061
NaN	0.836031420262433	-0.190233970133795	-2.68218680098113	-3.38392641801202	-2.07963471809814
NaN	4.22464721736146	3.75508670086333	0.990528328317316	0.785896852409833	3.76164205063252
NaN	1.80049712652742	-0.424246679574257	-0.390273630105719	-0.280967364609427	-0.0943537514715954
NaN	-1.16770570202786	-2.39021621234828	-1.93056122600529	-2.96482489637884	-3.2623734752273
NaN	-0.913126988045792	3.7083006632414	1.54527784238341	1.24764724690383	1.84428999211027
NaN	-0.558114185190101	-1.00995878363195	-0.557994103031193	-0.161676870800721	-0.876528541007228
NaN	-0.310587645430392	-4.03521203982353	-2.17036199337578	-2.20538802810375	-1.40782079309387
NaN	-0.263617324414667	-1.34035343665826	-1.84956409195222	-0.918595072539073	-0.928729289514748
NaN	-0.188882392254551	-0.772717523452	-1.5631319079481	-1.62948146670518	-0.0282642583671647
NaN	-0.29072540379544	-0.986411564301939	-1.51697505725805	-1.64311860214984	2.00046750919652
NaN	-0.348428934401875	-0.772280551204233	-1.14168384659322	-1.05964386248328	-1.7700531437432
NaN	-0.215491566030345	2.96897475730814	2.17209155595777	1.3839023461042	3.16994222207997
NaN	0.293585296404399	2.91153267636499	5.27802188425543	5.21272644244265	4.74224137585777
NaN	0.496299898294985	-2.63602221672857	3.3582590131605	2.9799618277442	0.888401992040155
NaN	1.88588323143075	2.30273809478565	2.9329638771175	2.07384309542266	1.65139830891114
NaN	2.11128450109966	4.83449605693462	2.33449621231772	3.00132733180558	2.27839596322598
NaN	2.79152047611995	3.39919506259158	2.55921704185041	3.94023460039985	2.48996130627905
NaN	-1.039124618258	-0.799214061994003	0.794891573488742	2.0712023912867	0.560607931990956
NaN	-3.17548246861958	-2.98273384068614	-0.354604180637619	-0.289021818545356	-1.90366288393478
NaN	-2.40208749190187	-6.02945045970968	-2.22641006215041	-3.67232614908451	-4.66790831496677
NaN	-1.7675266698518	-4.22617612318884	-2.538344857481	-3.35320710217095	-3.8757741455055
NaN	-1.47884660752272	1.32211180983758	-2.97930028491166	-3.20774880334174	-4.00675813113553
NaN	-1.3954221962528	2.42616234688975	-1.85683615602141	-1.22865174194664	-1.88845631499195
NaN	-1.01590447226387	-2.9362272409045	-4.09836961054829	-3.26221187410982	-4.56003523935495
NaN	-0.0675886844078766	-4.16363435294424	-4.45890817802222	-5.29397551088969	-4.63938044418492
