NaN	-1.45767119001389	-2.47109322511228	-3.43460746732143	-3.86512901850324	-4.73291953424713
NaN	-1.15751064494259	-1.79244059721099	-2.37801437808078	-1.64095103683494	-1.34120339471998
NaN	-0.847978447434547	-1.30235439423644	-1.81822714229726	-0.389579308420121	-0.307390075910951
NaN	-0.568702061989334	-0.961624560124485	-0.89385827507666	-2.25870884218565	2.79353729988513
NaN	-0.221182065543443	-0.335665017824911	0.528502962729908	-0.47630443838614	0.294190666598577
NaN	-0.14101610366525	1.08505655642362	1.75214900789078	1.09808710650905	-3.03659732972568
NaN	0.223784613431123	2.76832034249983	3.20898004099128	2.45608323696249	3.60216670450595
NaN	0.125100725247868	0.168005272682273	3.34297132510986	3.08723809756258	5.56897654842311
NaN	0.715161254981776	-0.415984497469233	3.82057270846438	3.9250626661053	2.90537837363038
NaN	1.51659713962746	3.05897763881721	4.34039621453721	4.36508585821385	2.48000782100693
NaN	3.43026629628259	5.41994921722079	2.91569573828718	3.00116530937735	3.17841224852944
NaN	0.352383779104596	1.00182629276564	-3.98798756853695	-3.66565452272333	-10.4264077902932
NaN	-0.890543597661438	-1.30639101290166	-2.36238090613838	1.97835041742201	1.47948800884683
NaN	2.4185051242258	2.03539323602843	4.34708427830709	3.66168822354401	5.55772950694323
NaN	0.383185890973809	2.20520707355405	1.09580447119563	-0.677502092952911	-1.8741249534977
NaN	-1.03181298898451	-2.24298396770633	-3.34232264202986	-3.04867783180806	-12.4589089257907
NaN	-0.372444268903308	-3.23152723883709	0.847370860309216	1.32244227840617	6.16048623980902
NaN	-0.644451364281448	-2.0901196278653	-3.65080508341969	-4.75072959203662	-3.2041719085526
NaN	-0.655538055473993	-1.99277601961924	-5.73213599908962	-5.70067779362743	-18.6886576679818
NaN	-0.619018375106507	-1.5782862171627	-2.48763573571126	-2.17625953577702	4.10567950169256
NaN	2.75906186190915	3.23113578471582	3.67026776022757	3.54159374559334	10.3193044945602
NaN	3.57929152779005	4.14436136441509	3.51633024743094	3.13509886466629	8.41142203107902
NaN	1.74484069103175	1.68588078628	0.180558342500782	0.152233024827615	2.36687077605623
NaN	-1.93080126994374	-2.46813160437593	-5.71110962219191	-5.00702294874987	-14.7276201977044
NaN	-2.55546249726415	-3.81870204017228	-4.26118514530275	-3.49913988131543	4.06237756976858
NaN	-1.18696030922688	0.803681585428932	3.36121380728563	3.58145279136735	9.45012790540642
NaN	2.35554781841219	3.5079633909783	4.4567173923903	4.7677365327758	8.41500520167787
NaN	2.3843104775781	2.30434226103028	2.38464377145809	1.63146229318277	4.37774700003547
NaN	-0.153053188614156	-0.339907077936564	0.0255989641053701	-0.327103754891932	-0.561971276022269
NaN	-3.26817713314976	-4.14612793144579	-0.910140604908112	-0.874701370614724	-0.0971457067893785
NaN	-2.17588682895622	-1.1021427645673	2.57732987482256	2.53592382906812	4.48134588116794
NaN	-1.39213493525757	-0.0581512686937452	-1.17666440892037	-1.34385976479644	0.439100247926722
NaN	0.679974179716359	0.0689603364628629	-1.55163667695566	-0.862035845430871	-0.110930462455859
NaN	-2.0674509424913	-2.80117010424952	-4.47077079768318	-3.76278410138239	-11.056701723101
NaN	-2.6060469201562	-1.32207663083006	-0.0994999090115707	2.97775725761583	3.12142148788275
NaN	-1.77868626711826	1.91637666932934	3.02512034431042	2.98602883354261	3.6808459847193
NaN	-1.32725308000141	-0.520490491447065	-0.114025654679296	-2.39195926739555	-0.293362704760106
NaN	-1.00647211531086	-3.78302236919438	-7.12312598016304	-7.70568397477863	-5.03608678766639
NaN	-0.607095705166266	-3.19303090283874	-4.01647735869355	-2.99941877669413	-4.91081832762452
NaN	0.807095943682895	-0.551485118426263	1.03079662900717	0.156342807299493	-1.24373002576595
NaN	2.38194976138915	1.70389635796518	2.8289659710835	1.87938361259053	1.64533820680387
NaN	0.549248761017129	-0.0692431915066952	3.49181051494491	2.75244178533017	0.632935222018295
NaN	2.75282287013974	2.01189808970898	3.76566933146632	3.2900555014425	2.55260180062618
NaN	3.04221409578939	3.17408766487126	2.26980432787881	1.94787311855857	1.36353736851838
NaN	1.33319624562547	1.86612052937009	2.97694196820771	2.82067989011717	0.265433953123175
NaN	-2.32074484674562	0.841126955271962	2.29823602724814	2.24035541419994	-1.50823053044842
NaN	-2.67351132604628	-1.62228021430777	-3.98061927509279	-3.50634348846073	-8.78130460929482
NaN	-0.0336838422865023	-1.26670304858831	-3.28455331431014	1.24698242503042	1.71539530797237
NaN	2.68730172275926	1.64600848835694	3.42192486965541	3.51860453989917	3.353080910964
NaN	1.88802545301683	1.31270437753363	2.49808446003265	2.1323095911696	1.59211304955592
NaN	-0.666862168700907	-0.699737115332161	-3.06818332677133	-1.60418684812364	-4.97584834775796
NaN	-1.06000369457577	-1.31319373870441	-3.09699493887427	-0.873437155611826	-0.234611581148245
NaN	0.310037625623776	1.62570153877795	1.42935806574819	-0.65750618296932	0.457744708291429
NaN	-2.12127974217234	-2.30938480968712	-1.47658070000535	-4.88712705173672	-9.15657676209616
NaN	-1.9939498371913	-3.34976855694259	-1.50797611195681	-2.02662997427443	-2.32836257816497
NaN	-0.631591959215584	-1.85789894745215	-3.27585052152565	-3.81670270505692	0.127176944147316
NaN	0.190806908633825	0.876120440508017	-0.577596057313402	0.275196621300371	2.4180712045992
NaN	-1.42013636929368	-1.31917894546326	-3.16149885349857	-5.08286618434404	-1.9864394595907
NaN	-1.47243202513849	-1.47881821867801	-1.99073688975882	-4.47254158321754	-11.0630570550883
NaN	-0.915793990266577	2.66521561823573	3.54749858693734	2.35388757041141	3.51028660038671
NaN	-0.790979274148118	3.37154028858561	3.28912777338279	2.36182326069605	3.81018956756071
NaN	0.818852449732509	1.86377327035271	0.848573462315227	-0.106242777335536	0.690377383710637
NaN	2.47193504897744	1.11763183796125	1.44604656310266	0.973317932438869	4.71886803227326
NaN	0.0484893076342272	-0.976178922546006	-1.07978194341633	-1.29778657483913	-0.745342788355351
NaN	0.438309595043118	-2.3375814332296	0.430903086669601	0.53203135174714	1.03719712386501
NaN	2.6926220428566	1.52461807139329	1.59679001357473	1.73414173599033	5.87363345638351
NaN	3.1047888386721	2.45489128984828	2.37468360955316	2.44831688300811	4.58927388468906
NaN	2.2316207952075	2.0726983541022	1.77411819278819	2.31355818134609	2.90259681021283
NaN	-0.802564284135716	-1.56065093325322	-1.97716758212016	-1.61532818280171	-2.15397849264811
NaN	-1.96180674709446	-3.36143008342284	-0.96860310507279	-0.284824864455994	-4.74851591849589
NaN	-1.6480718350244	-2.09431255056614	-3.16121713058154	-2.37846974596393	-3.63885728310251
NaN	-1.37105490448808	-1.6398981163209	-2.69865832606251	-1.02526661819003	-0.849340556014685
NaN	-0.978143045083872	-1.32605021195717	-0.788496831377021	0.755451010083707	-0.590209969377597
NaN	-0.760631624520377	-0.691107524834488	-1.62879893996332	1.29676747368793	0.76150402325856
NaN	-0.516188729024685	-0.317426232095467	-1.07764985585127	2.68296300299506	2.642516723418
NaN	0.00780542451169892	0.212040585935459	1.88112352826632	1.56749772269618	0.91094029480558
NaN	3.44634188254667	4.03953653232992	4.8632973934477	2.92832194838961	5.61593106651684
NaN	3.96361460857776	4.91444780563167	5.87818302369148	5.92545471648285	6.35151144296885
NaN	3.098639634636	5.1679055133022	5.93711370216273	5.00891012806316	4.81756301870077
NaN	0.549420968412628	2.28512466032325	2.59191597666701	1.16271446718344	-0.607406916248779
NaN	-0.867831485743385	1.19585516476884	-0.245833214652005	-0.614904590290696	-0.0364395198521575
NaN	-1.91067324612861	0.122825504346984	-1.86055924360084	-2.20842175499898	-0.792795658856066
NaN	-2.20794608876201	-3.43747093100652	-5.98164086771857	-6.15639629353888	-3.3452106385547
NaN	-1.94445298748492	-3.60860538271959	-0.436594703186892	-0.633664974186378	1.93046075250774
NaN	0.339131100992399	-0.493866410553766	3.30223658061492	3.452450741777	2.27842236884881
NaN	-0.855074896284649	0.913941841594596	1.25825307773231	0.606484074686514	-2.66384829899423
NaN	-1.33823320505035	0.829052494930353	-1.05271052266649	-0.670335907030206	-2.90454776130145
NaN	-0.796431902799943	-2.39014162450991	-6.15013996759621	-4.54690648159055	-2.88067908303108
NaN	-0.451543786581828	-2.68233869010731	-3.9852720637853	-0.339437821350012	1.76137975777531
NaN	-0.347603834809477	0.025298311270473	1.36438518928557	2.13869333791831	3.1630250415687
NaN	-0.211105931407684	1.08634333134525	0.218043452683796	-2.25742228384181	-2.03759067362302
NaN	0.921269404774828	-0.481717325653727	0.289956978711352	-1.44367837874272	-5.36719597199798
NaN	0.0934798172516728	0.251797281683883	3.72730163170486	4.44983002780855	3.75992075992375
NaN	0.0450927929801143	-0.204199348159925	-0.892751365762117	1.47318750645904	0.910091522779215
NaN	0.30162212160929	0.54463325994121	-1.79025317736851	0.0453239224047037	-2.55565395535369
NaN	0.284252197984234	-1.18163059671542	-2.72715412264901	-3.43211685309567	-5.55888415878377
NaN	0.174600056387631	-1.28084874701771	-1.47707039279261	-3.41215040654467	-2.38848038062519
NaN	0.436782685798017	1.83679064207822	2.61768114021223	1.80327827358366	3.06443790438365
NaN	0.407836478602445	0.330757862873217	-0.643299233438483	-0.950551344995324	-1.06342980443271
NaN	0.38037660796906	-1.75074421547868	-2.61610746908392	1.2509656905984	1.82939730470182
NaN	0.472439388570329	-0.613976424809666	-0.0180999282711664	0.0235803753848372	0.807245130467109
NaN	0.290692406975675	-0.520042256033328	0.75230783597007	-2.66174428937502	-3.13525605906235
NaN	3.14649380569496	2.24055394814521	3.65171491288278	1.04438797762149	4.91516203931945
NaN	2.08420570106385	2.35686210124338	3.84351749935571	0.733029213429006	2.74144839509558
NaN	-0.606337330748047	-1.04689797189869	-0.52875025065597	-2.50359263923261	-10.3213551691709
NaN	-0.932641078465432	-1.60674044559224	-3.27445514639275	-4.00778480078028	-0.905305864835267
NaN	-0.538958540424298	-0.792088597460488	-0.981231964218686	-1.70042020621487	1.42618085966689
NaN	0.512372793562745	0.174086797032246	1.07196673936054	1.73876837931104	3.83862202080209
NaN	-0.117459338302753	0.528486293408341	1.02023365606006	3.86265654632821	4.82089728028436
NaN	2.06776771626102	2.22310213398065	4.81091444272835	4.84950813682737	6.32361864828341
NaN	1.63287503432489	4.61360258085973	5.1810781899748	4.54748875153538	5.30158339684289
NaN	-1.46203663737659	1.33836679812131	-1.19513866727237	0.84814286036495	-0.777231660657713
NaN	0.511731456416103	-0.923512826885704	-1.7908293219109	0.920977318090361	1.82126982449206
NaN	2.15271245639914	2.10603172016604	3.0071496137017	2.16331759554555	3.7316260055219
NaN	-0.681006706590143	0.674791797969708	1.3077422373073	-1.31519734759182	0.570074626867651
NaN	-0.351552509480468	0.367934312891667	1.37749156527774	-1.04819479049567	-1.79008728871349
NaN	-2.57715746502651	-3.24708149559393	-3.04126014990118	-4.45691803441247	-12.6892251914192
NaN	-0.459174504182821	-1.6350052764023	-1.66258486284343	-1.77664443003415	1.73735489143641
NaN	1.69995528185378	1.76697874955616	2.00735390039293	1.22764277560365	3.51026993574722
NaN	1.04059125440618	0.945624655459435	0.641170283492257	0.209349958387037	0.851296653727643
NaN	0.443528813409245	0.414471864352699	0.0357018147958912	-0.287603609602508	0.370238935772786
NaN	-0.209949711414633	-0.138938967960391	-0.43309182145796	-0.53988618773843	0.298885761950138
NaN	-0.228822523708007	-0.510016483574827	0.0702257365502472	0.353817831424589	0.675398269263998
NaN	-0.655982021633811	-0.565992581300827	0.889773019009083	1.49366170238018	0.815801346229534
NaN	-1.17503654534684	-1.02348935761681	0.278025374779367	0.866418632638459	-0.655656287691361
NaN	-4.11382955874834	-1.5534199651414	-2.81327811057392	-2.49077556567304	-7.33689573875604
NaN	-5.26605282575792	-2.84988416910079	-4.74157096276139	-3.77148867724548	-6.63806998133493
NaN	-4.12937646557428	-3.47397993779941	-4.85361252486494	-4.05328206770521	-3.74683622407354
NaN	-3.12806993053942	-4.80503837279648	-5.27704769503835	-3.72064886729729	-5.02037230847208
NaN	-2.46655273737491	-2.4259878563784	-0.22722773517315	2.00074763244753	2.08653592711551
NaN	-1.8233997483928	-2.43396171312248	1.02507430004956	1.06479616921686	0.827268224032886
NaN	-1.35198127526396	-3.1963615837399	-0.673543863612699	-0.421616828178147	-2.08683612125939
NaN	-0.681801325079455	-2.43908249409212	-5.62013649647705	-4.52109566217811	-7.85588222885447
NaN	-0.28406607631453	-1.49138826980999	-5.16023824458588	-3.70494275742637	-3.06705748547369
NaN	0.0423718624257138	-0.795888229467065	1.6441073554812	1.94806601426577	5.34381084669987
NaN	0.442321887178619	-0.180263417031464	-0.961776295475973	-0.675194924422725	2.81492397277777
NaN	1.76781574493303	1.14723302380099	0.223772293025592	0.943456667274254	1.08919763898537
NaN	1.24703549073911	1.59232712143848	3.14202706562277	3.54048615173145	3.11132065443182
NaN	0.799711638724984	0.616164510350137	-1.14193835379739	-1.14905342185214	0.288017002749966
NaN	0.72026680963806	0.75345461311055	-3.08687415245159	-2.05976212745108	3.31960315349653
NaN	2.42685171884288	3.48200551325896	3.1902645883344	3.59138265223539	2.98699730705172
NaN	1.60129433780067	5.44451736804951	5.07235082080856	5.11503757258	3.7940843426106
NaN	0.988742054048826	4.00231783245985	2.40897448093355	3.51578643508754	3.52335945721574
NaN	0.955308527675234	-0.0164538627815615	-2.93517800850162	-1.36227322969148	-8.65419791150674
NaN	0.922749191818094	2.40700146792183	5.92301458495429	4.97188294706776	4.78301233737025
NaN	1.25152124156656	3.44319766511539	5.82310698735823	4.90257350369627	5.07140030742009
NaN	1.11544172465144	1.97552172170857	3.31272436412124	2.82404776437042	1.86667217172297
NaN	1.14576922313305	1.11431736863445	-1.65813050649777	-1.99925960568267	-6.27616809463411
NaN	1.17831178478815	-2.26473742993961	-6.19464901779329	-2.32868075819285	-1.32970870594334
NaN	2.15649765444494	0.404735937614224	1.85545796013859	3.64608729080481	6.0807461303833
NaN	4.47976246894361	3.1350072319079	5.04130734700991	2.99142223893472	5.74175641743227
NaN	3.38145334163697	1.03934215779501	2.77399425620219	0.412579184596531	3.64015699102481
NaN	3.40303898493624	3.33610268213222	4.85060721423103	3.13874022929907	3.83094055797172
NaN	0.686931845557228	0.573698179430075	-0.0527429755729756	-2.42527833387337	-2.17261518156975
NaN	0.876267286636065	-1.96198168604613	-2.34796442116971	-3.50317738416128	-5.39602561287504
NaN	1.53051694805347	1.9544630289314	3.61050760178725	3.18574601127886	3.75772608122575
NaN	-1.89062033495814	-0.850979060587629	-2.21336435151745	-2.44750224008169	-3.51789154840542
NaN	-3.31878326394844	-2.63075964853444	-5.19452923935922	-4.46736446876043	-20.7831365926039
NaN	-0.391059372998301	-2.35725280519331	-1.32218773242427	-1.22197151378066	5.78848165949805
NaN	-0.562958051064126	-1.70428906333751	-1.17891048413911	-0.99595722319306	4.06419363229715
NaN	0.973390518392514	0.116205050944083	1.08158420632	-1.07082379227653	4.03024715597554
NaN	1.08666965686051	0.794329490995961	1.96786274590833	0.748145469043006	3.72316928250532
NaN	0.442952168294297	0.256547085587249	0.403882628019824	-0.50499268404849	3.12526063001041
NaN	-0.90631604007198	-0.560151251411447	-0.991690645270971	-1.83042057582013	1.09837578935407
NaN	-4.1181064891537	-4.33843818174561	-6.188912471214	-2.92666250272225	-4.13597271462005
NaN	-3.31835432826865	-4.67686303844317	-3.88353417824136	0.408828011363128	-0.250653173934682
NaN	0.0207634548505311	0.590336181184801	3.80977652231206	2.86297378105397	2.75616971262454
NaN	0.573135334506344	1.68664644461155	3.03686859915849	0.45371772010979	0.62062224558344
NaN	0.0156249902517582	0.881536453836195	2.5602406227144	0.682065917106934	-0.0394708598735756
NaN	-0.0967142668843986	0.40089795212239	1.63105504201226	0.135998975761683	-0.204558918927091
NaN	-2.03785996328529	-0.924189957736212	-3.21193568581167	-4.49643512990283	-6.62154079569002
NaN	-4.78067199703552	-4.23052342917125	-8.63685723448933	-8.47271809097539	-22.35906217149
NaN	-4.32612214198815	-4.45328516759977	-4.09467883601954	-4.44724333035379	2.963064770071
NaN	-1.06902007455856	-0.868427240157855	1.14264106657007	0.263330144444167	5.91654215584138
NaN	1.32613584423349	2.53001325234891	3.51014380520593	2.71726461257693	4.33502650938542
NaN	-1.34268453050303	-0.146846004007815	-1.32132142541346	-2.17778894489412	-13.8373855500994
NaN	0.923485399776745	1.37094716653611	2.55490186339141	2.71264993917682	6.49409347249095
NaN	-0.538677567031089	1.06218907983426	1.77888289052039	2.27471331611422	5.04800669523924
NaN	-0.918063774924975	-0.59914818405483	2.60948438145663	2.9667660733856	2.93059215908894
NaN	-1.91011508087004	-1.7239552276951	-2.82879888296009	-2.95705033827321	-7.98954740305524
NaN	-2.37420981617071	-1.81646172879813	-2.87358181605892	-2.37392624738934	2.85971553100506
NaN	1.90969621500065	3.74355158086792	6.3515499810105	6.81892933309854	8.69068216940435
NaN	0.842227960869377	4.02342811325911	4.05364542319539	4.19698213043212	5.31704255541414
NaN	-1.68261193087901	1.93001096656472	0.247226081713987	0.850802453546121	-4.25816780193087
NaN	-1.24468762877639	-1.02241769577999	-2.36299157967669	1.89842982557066	1.67400459318523
NaN	-0.598211107172705	-3.36975332346158	-5.0488408737461	0.605557582814691	3.54430859881176
NaN	-0.22323684109151	-2.44071832789152	-0.526711734434562	1.78688537834808	2.62826462611169
NaN	1.0553971786054	-0.839166977203346	0.618439195589068	-0.760060568957514	-1.4985776004241
NaN	4.57699870223388	3.52231380462114	3.00129789646225	1.29397192117411	3.87472126055052
NaN	2.97581013281931	2.65842844736739	1.12615728433705	1.1898874451308	1.60512254871677
NaN	-0.357077930993027	-1.60004609543449	-4.73126460760302	-6.46813690810764	-16.6402180751299
NaN	-0.812532633081579	-2.293618619538	1.87022791121436	-0.109055632540624	0.359602219378864
NaN	1.19811130656768	0.0799310564905503	4.04195534154927	3.06192718246399	6.67734782553452
NaN	2.53614856186946	2.89509900224463	0.851654627101414	1.92158621207493	4.07079371277034
NaN	0.736174130493096	0.303191256291294	-4.52611686635711	-1.55572995160336	-5.67211770855598
NaN	1.15706963710934	0.704657869154528	0.801085985859513	-1.68958601359269	4.5482873907132
NaN	3.61359549420423	3.62763277401198	5.50202985597973	4.42582896309299	6.56915412502162
NaN	0.333272855177452	1.12215856336244	0.396381075997382	-1.07697524399674	-1.21358137344848
NaN	-1.44454559087686	-2.18246073855917	-8.58774570988868	-9.23103791338285	-20.2994211632134
NaN	-1.10143846918014	-0.692120357137098	-0.860479080465872	-1.191828953724	4.11570252546903
