NaN	-0.932575861412817	-1.88900333703393	-0.125824596282082	-1.52933868291533	-3.6421740629098
NaN	-0.613538555428888	-1.46446892592122	2.64268839117559	2.82898800852767	0.569154300259127
NaN	-0.40502811244963	-0.792042184772197	-3.6894542526472	-2.9499043534309	-0.149426104779351
NaN	-0.27090671813546	3.46271156849459	1.56494159123398	1.69330767693737	-0.857365670381164
NaN	2.80484227059488	2.05685269602377	2.34884796192276	4.25991037192497	2.49404515816827
NaN	4.11726828197316	5.79032846829373	5.49158985136075	5.21542063883052	5.08099503425055
NaN	-2.02400469165915	-0.334273277776305	0.654936931962559	1.79755259027151	3.0184632239488
NaN	0.792861205370936	-5.41089719110473	-5.79927151905025	-13.0879727524261	-1.43153748639042
NaN	0.295539415663906	3.08092754160293	1.15134095629979	1.01027500915469	1.12845992906927
NaN	-3.24360344547859	1.91796110619147	2.46085512366318	3.90853016290724	0.590707209284041
NaN	-1.49387145649329	-3.34364532734087	-0.629444005969843	0.871769848829674	-1.60663956437599
NaN	-0.861828828058122	0.0210088383821182	0.960135832844532	2.56983536366674	-0.274395629330471
NaN	0.0554245528820003	-2.51177979710068	-0.748273475336917	1.45153878350129	0.885509005420253
NaN	1.16317891128003	-2.49304519017827	-4.63359836939658	-3.50233352832377	0.00844292849754208
NaN	0.0584306257961403	-0.142663385827462	-3.38385684778463	-7.27144962652436	-2.4647955940253
NaN	-0.803516923321872	-1.11579690435977	-1.25689077356185	-0.650405041569431	-3.48797627640994
NaN	-0.292781526423143	-1.76662443905132	-5.17400654603055	-1.36251035564012	-2.70839749790153
NaN	-0.921886447106447	-2.10497051237603	-4.52631802322109	-5.16862695752658	-3.43498259812552
NaN	-0.510810807633164	-0.719904523200638	2.88001815873548	1.71547563625899	-2.26533688866567
NaN	-0.507039005939859	2.22451033228509	0.532256772788544	1.55280486727158	-0.00885687613899894
NaN	2.773767165695	1.68352509064236	0.124615413652766	-0.572966640677197	0.163013388012215
NaN	-0.396861406149733	2.26676719156746	0.925202205643626	1.29170031716583	1.12109581223355
NaN	-1.50456329685443	-2.77063260146983	-4.37299367288314	1.02858721548598	-0.123112117870025
NaN	-0.20695246760384	-2.51272767717725	-2.15352181049025	-1.62412813940846	2.14936715777248
NaN	-0.0258335099019845	0.919465583677455	1.87462541794324	-3.02184479445232	-0.168621504385194
NaN	-0.385804296394758	0.141229401973469	3.15472459730931	5.1795175351614	0.563189257771547
NaN	0.0680026133420329	-1.2061036586169	3.9751769609803	3.74815929231336	1.72659994955408
NaN	2.37446992527032	1.43024455464981	4.84722445326901	2.85099294463455	1.43996558971405
NaN	3.68262948261889	5.18587573063685	2.46002231074204	1.84374262477898	3.33693207943664
NaN	-2.25707823481608	-1.03506394158609	-7.26322399020894	-6.78511284757279	1.09091500532512
NaN	-1.66931916225954	-3.64317433958501	0.990583867082255	-1.65678033689984	0.846374500853584
NaN	0.0198033232165523	0.426409273345411	-0.387914518439638	-0.865372045929203	-0.148568319459659
NaN	-0.459637902100052	4.06516350033336	3.62192448242606	2.85374485620033	-2.24023411632482
NaN	-0.317284978297059	1.20690953473622	-0.658211443644423	-0.0472206642483666	-1.77905212396006
NaN	-0.12436525392066	-3.02557463138505	-0.601905795343729	-3.25442073926109	-2.5311295029395
NaN	-0.0299691229583364	-0.457419657971833	3.70636778006058	5.03852101033613	0.0266662710745658
NaN	0.0930898425487843	0.498098994152878	-2.6144522589976	0.622027154562719	0.173183184120934
NaN	0.0253090202989849	3.86114946415167	3.52780867293655	0.998914431595662	-0.754025307122377
NaN	0.110857194829214	4.07114783416649	3.14182658075908	4.09953462007492	2.30691928091635
NaN	0.430092906920856	-2.8843405317491	-5.72497763222622	0.445326369221653	3.51476615134015
NaN	0.265906174484855	-2.94759111136288	-2.30868154749246	-8.06412417246159	1.42348208877843
NaN	4.77899249664609	4.61689226695315	5.62654543099142	4.56130831102503	0.991943129399829
NaN	4.04017434840884	4.44730525192727	4.97437252144598	5.83079400901595	3.31564546242579
NaN	2.36679536454871	2.18585321261306	3.06031973335483	2.54702391900383	2.28143021486099
NaN	1.60386861046453	1.46092267855577	1.75772264853235	0.827344527877788	0.990304296499924
NaN	1.01400394195878	2.43456372532806	3.73647889727092	4.20711641834822	1.62980027622759
NaN	-4.65987855648926	-0.360107193056051	-0.528795775606405	0.703525676265315	-0.0868142151331743
NaN	-3.04695451599213	-8.31735289735718	-10.9620632877533	-16.0603547166991	-4.510965467859
NaN	0.451577479022788	-0.443412175909561	3.02184985134285	3.6325428960988	-0.000465138369734883
NaN	-1.2717837870944	-1.71921600834038	1.51488611774558	3.24465883220984	-0.770029096037865
NaN	-0.0684906790262775	0.248493239786851	-1.35682578541017	-0.120093320680605	-0.852784857681343
NaN	-4.74921639918021	-0.292710770284908	-0.596448359111459	-0.845517937132613	-2.89902030070777
NaN	-3.06025526866267	-0.803348860999935	-1.30948395290997	-0.0972989762969319	-2.99195827177509
NaN	0.670364931959997	-4.38046570909538	-3.23386034426918	0.564158589860295	-2.50515899217625
NaN	0.442010023092877	-0.542107983773066	-1.57256534588475	1.51387887195494	1.00795838750058
NaN	-4.12072363607919	-4.54813387633338	-6.0958983307739	-2.15841164687513	-1.67292464652355
NaN	0.932496154989462	-2.29955020166233	0.023360204098955	-2.80406248677069	-2.39653483963568
NaN	3.34931309177291	3.09925911904526	3.13007430178478	1.16838348867019	1.00938068916928
NaN	-1.28519467754508	-0.413539487025468	-1.42408459787033	-1.61280799804654	0.572212650956205
NaN	-4.63169829126582	-6.66559372408	0.234216297573856	-1.70752762045218	-2.51489891899311
NaN	-1.16792609601921	-2.73356046893154	-1.93250145084172	-2.57056108001096	-0.838307108156943
NaN	-0.635926874555619	-0.431722643941398	-5.65335605199577	-2.59129141612017	0.449516942842561
NaN	1.39815044130276	0.626704571067946	0.819779990822633	2.62049763875336	0.182896079213041
NaN	2.37321989039018	3.5380544889784	2.29485879159664	2.39828947557841	2.11544347953829
NaN	-0.846845911402754	-0.786732935425627	-1.37443314851828	-7.72016575007847	-0.737275074902416
NaN	0.367553763771581	0.857483102317408	3.10714567874161	0.844593452938354	0.192766834730925
NaN	-1.60512458926208	-1.08633643381506	0.127909626152095	1.00874507687695	-0.896792534687885
NaN	1.50254814321356	0.742043238326235	-0.972254952592746	-3.48230063686785	-2.69958888775089
NaN	4.26816049789966	5.52888241624737	4.57626412445722	4.23553304864801	2.6243513373531
NaN	-1.6307687248507	0.435973669901453	2.19675072395998	2.85065676488433	2.34344755565494
NaN	-3.1176239143106	-4.84816493552885	0.645918369271282	0.384003091415458	0.906012800932543
NaN	2.70948308560113	2.19318575494822	0.210329959658635	2.61788293971181	0.481262253916945
NaN	2.52200777518429	4.61184156461853	-0.697738277365939	2.35458246681665	2.13259354247758
NaN	-3.4506046538554	-2.40253154403139	-6.92742522381987	-5.30654989922167	0.39028102464999
NaN	3.41722948028048	2.94567578168277	3.8654473733155	0.521470326714559	-0.332246287863585
NaN	3.15130559409916	5.67807879833821	4.65290500137857	4.01070061428645	2.26077163098302
NaN	-3.27296992818216	2.8160059933909	-0.613721861033089	0.415753413166524	1.44157745713187
NaN	0.866588922543434	-2.41144519557611	-4.00605173767591	-8.13222812335007	-1.96681782037209
NaN	0.263408950714242	-1.0798442767897	-0.851027540988622	-0.766589375517434	-2.21302337851657
NaN	-2.65381365512815	-2.96781198601933	-4.57884283598812	1.20363652431955	-2.99688666542511
NaN	-1.05125528243081	-2.0414217164402	-3.50961439214509	-0.895617591375623	-2.00698162868702
NaN	-0.415388897638617	-1.32446958022985	-1.3603103397851	-2.74341034597262	-2.61805762496618
NaN	-0.322725941581264	-0.942466035191007	-0.855779209101623	0.0351860466955869	-1.32506179124979
NaN	-0.149839254112123	-0.609217744011979	-0.0224796550611037	-2.08336616147079	-1.95444320399425
NaN	-0.00130810063940705	-0.156097723927379	2.83819064128369	4.96039464910129	0.954691509647412
NaN	0.177545578026613	4.8462241644788	5.49546019907357	5.47323789125988	3.9226426718469
NaN	0.44578762612725	4.60435667586799	4.18996763584938	3.6402299969937	4.08491750089573
NaN	0.375671475098119	2.59816904212701	2.82047079755561	1.40832772926447	1.86441807519575
NaN	0.52554401940279	1.96171931615743	2.15282451241674	2.11492349604766	1.04030368575117
NaN	0.792672252698794	-2.10628790774305	-2.24890495050021	-1.60017989781106	0.415361829039877
NaN	0.435474898260904	1.29579073978662	2.31723969866189	-0.497124132197386	0.310198902388074
NaN	0.485811000771107	1.53479470000825	1.41357122047359	0.651801207685254	2.35207529911422
NaN	0.602568827341069	-5.32960827850552	-7.08658185554789	-6.24301114012412	-0.917949157434356
NaN	0.573017232186128	-5.76089051522617	-2.98257211672746	-6.53532355982851	-3.91890283339862
NaN	0.657977539942727	-1.51225093015698	-1.22000787535373	-1.9236956772351	-2.69217417816895
NaN	1.604425575175	-1.36080476459509	3.59196052883511	3.44123794857998	-0.441001615611761
NaN	3.21235473989227	2.05063540152341	4.49554510866697	5.04562880033107	3.85819178102855
NaN	-0.543358258905018	-1.543841002698	0.151708920677788	2.58762333061754	2.84207626449908
NaN	-0.817578428198947	-2.5898956743402	-7.66044644042212	-9.03630847653722	-1.1148321474229
NaN	1.08184952374907	0.452509893237807	3.13988673238083	0.0732573898105166	-2.15147652041026
NaN	0.586361116043242	2.74613037752324	4.80173187665738	6.7825195363551	2.97189649296647
NaN	-1.39086729149415	0.195133028383029	-1.19551149679926	1.33283855452852	2.70778693337279
NaN	2.40881343485175	1.6645239483735	-1.22582644841885	-1.33278581181513	2.98934099479606
NaN	-1.26949990179019	-1.78714491115358	-0.35768379706285	-0.169309652481329	0.992670388104274
NaN	-1.87194801189877	-2.89417191232	-2.04471163441793	-0.558018102390446	-1.76504952205149
NaN	-0.309848854489882	-0.650780941137063	-2.97829460073061	-2.8914404251362	-4.0132148412133
NaN	1.05774630907234	0.675305119412114	1.33942571342902	0.919665625179755	-2.70287814288239
NaN	4.01380426105434	4.98000199176413	4.87085455080129	6.27739212742902	2.96605851921002
NaN	2.54270149771547	3.72192317706677	3.22589883582454	5.50939587286751	3.97642704679103
NaN	0.267610449440709	1.59405314914901	0.72736882631055	1.70284678646669	2.1672062770544
NaN	-4.98084394418368	-4.02738557792038	-6.49716043315257	-1.93547524127514	-1.37868100441188
NaN	-3.18577939251965	-3.12542503295825	1.97382556320266	0.89516761449503	-3.16621448102422
NaN	-1.78114203187471	3.49059501997422	3.68910854662815	3.72130552867033	0.201069879391051
NaN	-2.0980314417112	-1.75768875562713	-6.94089144270583	-2.27773850678793	-0.843467380513557
NaN	-1.7657183100633	-5.16817272727894	-5.86274687793971	-0.961894764346157	0.0547598963152212
NaN	-1.19569958595557	-0.864487925381075	2.13860035658736	-2.05543032927446	-1.97741349075077
NaN	-0.424723265863772	-0.0253887013512265	0.275108036257021	-4.11740357708374	-3.50594569650815
NaN	1.02359611945084	1.71874154009077	0.933082227500699	0.221516807397605	0.0684642922563904
NaN	-1.82751132436225	-0.521697488151143	1.97615765033639	3.40460882983896	0.659665619773961
NaN	0.0759504701577146	2.05295504155437	5.22022144495851	4.71960100311017	3.22551902006006
NaN	-0.537121004505818	3.09688495724611	4.67911885763771	3.18849400115228	3.12482185023374
NaN	-0.307721568945318	0.0780036490083414	-3.60788046831294	-6.94096851666779	0.938380115753014
NaN	0.968986130622671	-1.04385157198899	-4.85898093252864	-4.86171755727082	0.105524367223818
NaN	-1.33105806865802	-2.15753594794374	-2.11412156887866	2.38548012152886	0.292753924817323
NaN	-0.706555460404973	-1.37370962415118	-1.53523961257776	0.91337234842151	-0.443769092634368
NaN	-0.0781161144134261	-0.715212781835635	-0.939668938935775	-4.95648511055141	-2.26974547933326
NaN	-0.158236652657125	-0.781826463789796	1.05270680348594	-4.46507994940026	-2.43786013710119
NaN	1.77778197633687	1.73927008179295	3.21392226583833	2.01267512055177	-2.78929420428082
NaN	-0.283913557293349	1.96068712339143	4.52407343061939	3.47539217179732	-0.703467782829059
NaN	1.05595981827604	0.402822857464266	-1.18459854283749	-1.92930660060849	-1.34391444460242
NaN	-0.320649036439615	-1.68356325808134	-7.19684301905328	-12.1257474526304	-2.40192172222357
NaN	-0.579399690529881	-1.03090001331422	0.526515057983856	-1.53945620947416	-0.358148920946805
NaN	0.0135289324376689	-0.245845721747482	2.38451112632959	3.66969853276004	0.812628547052153
NaN	0.878291637580532	2.23410243719684	2.31075127443325	1.9685489440638	-1.59180117768684
NaN	3.27960852071493	6.40787170197689	5.08634992724945	6.06772641225248	1.35296912091493
NaN	-1.62879701493556	-1.2816691884676	-4.88892429044623	-1.64801013599665	-0.644809288323972
NaN	-1.15147335121482	-7.54271786061808	-7.61024934388751	-13.8235613202363	-4.45953757856396
NaN	0.0456262520380469	0.245144639193802	0.36940081971783	0.953271170876849	-4.03547933551486
NaN	2.97930258832963	3.39538004826918	4.3759432323194	7.03065761236007	1.04735352670594
NaN	4.38429527115936	4.90107618490829	4.83020214175368	8.51388266344707	5.0344980958419
NaN	0.385303067678414	1.50528393166852	0.523106282901546	4.21724850723654	3.62091821993868
NaN	-4.06522709940181	-1.31462101153593	-1.30182896635461	-4.14637111180139	-1.19159431552888
NaN	-0.856264994675091	-2.06953157575332	-2.58434631935938	3.57418709323245	-1.10213349944278
NaN	-0.97392567115818	-2.64741490697935	-0.138193040949763	3.99027316842807	1.04325875267351
NaN	-0.683357037519317	-1.58883881478362	-1.18614310155678	-0.579663087078129	1.80140522721068
NaN	3.35377888486147	3.19004094598125	3.18480962255017	3.96148958078715	3.27152716366441
NaN	-1.42730284892008	-0.641387671517865	-2.16555009884283	-2.42852179418878	0.212210089738484
NaN	-2.80861144251873	-4.60243398642496	-4.56060443724161	-12.7921618563937	-3.22937877433855
NaN	3.35543496589906	2.40399525398657	5.24349254768743	5.3243684530001	2.28151527679983
NaN	1.88584770876518	3.52347509849939	2.96022050408561	4.71759897065684	3.85558620423586
NaN	-4.12581784837362	1.21666694174177	0.453193249240533	3.84406934349357	1.36438965647505
NaN	-1.5271205085806	-0.720072838879488	0.104336912017786	-0.754240491428758	-1.99846566240738
NaN	-0.125532877857617	2.16298534166739	2.70358484811647	2.06055118173959	-1.2977731319935
NaN	3.94692099528101	2.76440719649633	3.30878834624756	3.69771633722529	2.35971863481245
NaN	0.371195627440575	-1.96100653480786	-2.88427068004775	-1.78677987286185	1.12664389853741
NaN	-4.14485873777691	-7.29318254046318	-10.2808419314798	-16.1174535760771	-2.50397872419084
NaN	-1.04921285887743	-0.591033797179644	1.16615925746835	0.96880675374849	-1.61813085284116
NaN	-0.366230241259888	-1.19334197147354	-1.72533047867578	0.39627891620039	-2.17370225172639
NaN	-0.793157843225494	-5.03989872517178	-5.09930035404543	-5.31980986598893	-4.01815633264523
NaN	-0.496074137325904	-2.69784896521308	-1.89548260457371	-2.92234440763324	-2.91814873585478
NaN	-0.152436711897932	-1.18976852911304	-0.728593816331866	-0.00554433462745559	-1.88246362480533
NaN	-0.175917174517547	-1.3048039186598	-1.00777750438473	-0.238360311685758	-1.26864355358864
NaN	2.83516716974673	1.71854433619612	3.09743236564271	3.55200861129236	1.14474900308449
NaN	0.0995426083660185	0.531425601433503	-0.110883996645421	1.36938890766614	2.01997198498551
NaN	-1.05518711768153	-1.25632367922173	1.84621718854447	0.823527211872817	0.0462031027848698
NaN	0.131449703718696	4.9825679221593	7.14537414622362	8.02314260944628	4.17651314624968
NaN	0.0108892899262776	4.11897111749691	5.46985819374563	6.45757126487185	5.67738577620182
NaN	-0.0854007918319929	0.83101657158747	1.54408797024288	3.38448632312225	5.33829382614591
NaN	0.222378235616096	-4.48033695058124	-10.3427641389932	-8.64302395681979	2.01318613184502
NaN	0.288625590111885	-2.09168681227006	-3.91941624900058	-10.5590829632008	-2.80328546984795
NaN	0.303647506083523	-0.0654239883886655	-0.0538308837657307	0.914428078185729	-2.86760854771952
NaN	0.372750254013204	-0.856408306055706	-0.958677127840116	3.52933619474721	1.39175724292982
NaN	0.563355772626909	-0.459332010190543	2.28364697506067	1.66796311471035	-0.472812890963593
NaN	0.461346928941687	3.7075502069267	4.78417320418308	4.43934783937445	-0.0547776607760255
NaN	0.151581525711127	5.2375648001527	5.04643792104083	5.23315315963029	1.97094941205506
NaN	0.29017651869207	3.19747550734496	4.62777551333694	4.8823707571199	2.81209152725349
NaN	0.321855718159984	2.13943423998165	1.34321516674935	2.16092316528408	2.356463547782
NaN	0.345852624496056	-2.30907015047018	-10.3325250600031	-5.33139629890184	-0.907489275656331
NaN	0.47625338096534	-4.53620437181249	-4.92509396603946	-9.51711685146713	-3.56392471644577
NaN	0.26048180329655	-1.39778749268729	-0.508545942803245	-2.67689255282148	-2.77152418867139
NaN	0.177570918827775	-0.681329680913941	-1.34230037439053	2.52074871718781	0.0208152792485126
NaN	0.117150103145682	-0.298640688413157	1.38012750174659	1.8686618384164	-0.326589550161821
NaN	0.246991391593836	4.49779131143249	5.42345518829059	3.23972907868388	0.218660399446234
NaN	4.68994086582276	3.28787561072855	5.47543517244477	4.04962359443607	3.16686947283418
NaN	3.85271879523619	2.46814458369004	1.97356132904589	2.21630532842694	3.03160289685747
NaN	1.2186577115945	1.12898664711148	-0.860353057472984	0.385812480998463	1.57527996729651
NaN	-3.85935462485745	-4.02607454076869	-0.539035333566608	-0.780072876984346	-0.506134506294224
NaN	-1.56927575240445	-3.78397855668533	1.73500977127663	-0.715415410837787	-1.79351871073485
NaN	-1.46404122567532	-1.04774384630156	-4.21524716173855	-4.59479882915358	-2.37084779105568
NaN	-2.01235884516597	-2.08839788974282	-8.26573117871775	-11.7834342347629	-4.7561678827331
NaN	-1.6419535373165	-1.76191474609235	-0.438626166502066	-2.22881104150548	-4.58670918108839
NaN	-1.03601813427468	-1.07291937291863	-1.17328955706748	2.88808530346834	-0.978063932765162
NaN	-1.1647333245941	-0.509721576811336	-2.90635503738578	1.89796569869066	0.27509328671406
NaN	-0.850298252652943	-0.326563210389539	-1.05005875107107	0.494537640626581	0.218279707507182
NaN	-0.689639520830327	-0.122589472319548	0.304462904310116	-2.57202203297115	-0.869916572925701
NaN	-0.504046502071384	0.127563770446236	3.55860503315397	-1.07623919315379	-1.05519683714902
NaN	-0.559845382703852	0.173484161001787	-1.60712828979901	-3.80256651419971	-1.73708901553412
NaN	-0.348980029100398	1.85616821934796	1.39021984154454	-1.55410334003801	-1.99494211056727
NaN	4.2435250328845	5.39512014034026	5.4219565279926	5.60127963330626	3.42716768432227
NaN	3.70137061034779	4.50064282051764	4.58905782447765	3.87021728264439	5.42076096931985
