NaN	0.613694402444767	-2.12112946828986	-2.02125317090696	-2.36364768885525	-3.71172724754291
NaN	-0.765716629642312	0.673417233552218	-1.97666243943997	-1.49807698200793	-0.694496497230426
NaN	-1.7865899767485	-0.599687725801967	-1.98265657009607	0.215223985825297	-1.56956764197141
NaN	0.290547407801914	0.515119493200126	2.57132017706357	2.27304413716306	0.860185369539265
NaN	0.760757873702202	0.322640045987304	1.16318221747483	4.473551203802	3.37619331783686
NaN	3.87112101779155	1.49567085195146	2.44811955075164	2.15383223876398	2.86723926095818
NaN	0.774200051789946	2.22175731503308	0.943997029041782	-3.9827991321009	-0.142610120016799
NaN	0.103851712431527	-0.318877616602602	0.226084077938058	-0.525742508925736	-1.14520734679568
NaN	-5.74303829193028	-0.21273725785639	-0.458623047447864	-0.0266838486941191	2.33419440480562
NaN	-2.77977712742837	-2.9041710767513	2.09698149996156	2.2114520898725	-2.80548336598884
NaN	-0.614750728272206	-1.45575355485892	-0.0806666302245203	-0.0594656246941635	-1.58545637305462
NaN	-0.212961799597877	-1.29176704035546	-1.37965011705397	0.982456066898225	0.148513999277933
NaN	-0.645029680707696	0.137228930777842	-0.854239367090611	2.4413404773478	1.3288417484428
NaN	-1.08033922160021	-0.966185152999939	-0.31870548921077	-2.19418817829425	-1.67126292642256
NaN	-2.57293016415392	-0.605122088233216	-1.26590957411241	-4.29196726798737	-2.74463196236703
NaN	1.49724422385627	0.0962187478770092	-1.59591999341564	-0.685739135758764	-0.494009415507206
NaN	1.6519378332319	0.427803776929375	0.459586927630003	-1.77572256634446	0.554160081182323
NaN	1.79444184841873	0.116441928463505	0.829487956660326	3.70162242567895	3.80752423598463
NaN	2.29682882365087	2.76659319086084	3.41112983311529	0.577505882809376	4.38596651817138
NaN	-0.197838980557758	4.26146452877875	0.823226282119749	-1.59488788857862	2.33769860620084
NaN	-0.771325508877128	-0.67048670695175	-0.401273793205286	5.09953672742875	-0.859739705195081
NaN	2.51709242369565	-1.33441195795446	-0.766129073403777	4.79822713155763	1.520050305088
NaN	3.82485582130732	-0.111724181755535	3.6263052787131	0.334433854717661	4.59740447436522
NaN	-1.35350287652895	4.39923302136742	5.37237712989684	0.218289643499581	-0.658508998540228
NaN	0.259377975248521	-1.35701103463995	2.46500004249282	-0.82400587175352	-1.01846137196619
NaN	-1.86970830047683	-3.84080207598861	-0.47323597793393	-2.04341968574901	-3.3240545045173
NaN	-2.55446341924077	-4.5117131006076	-1.80072924393339	-3.28939526790081	-3.07397521574939
NaN	-4.29196903103374	-1.79043552383285	-1.20089275553098	-0.338614885776713	-1.91143367390161
NaN	-1.43666715972113	-2.99490943423806	-0.0553869871527865	1.7491156085945	1.47707797647858
NaN	-1.03316036291691	-0.997844111097609	-3.5659199043399	2.88585739517432	2.00581673455433
NaN	-1.9151472144363	-0.447506908580034	-3.8700931765113	-1.64274055679018	-1.92828070445835
NaN	-2.32193745803171	-1.44159280046753	0.823520278067022	-1.28658978056463	-2.8033771103991
NaN	0.725228012665351	0.835459942196981	1.38570194141351	-1.15213968519406	4.65311370485012
NaN	4.43638985490687	3.20056547463834	1.47981802174233	-1.69700383046363	3.38053813210973
NaN	0.386091268094453	-1.39470576458507	0.694500647967887	-0.627270008342344	-5.60629763904143
NaN	-2.02829027661016	-1.70876347020606	-1.69885054579657	3.19416124121905	-1.82244329771695
NaN	0.0568440819359358	2.2785859990718	-0.561785118594761	-1.21945962054539	-0.714784886435165
NaN	-1.18779012657878	0.915050053647201	-0.558405383667748	-3.4984166301098	-0.46354946384417
NaN	0.538180765990555	0.368929755035252	-2.17691490777294	-3.48871816903903	1.86999190528988
NaN	-0.588339852459355	0.613132563927178	-3.18082477671822	-1.88388131482431	1.50281107707455
NaN	-1.05150332083302	-0.664982057535522	-4.66311041268327	-1.34439483411175	1.78048551661311
NaN	0.178777256372259	1.79646936333745	-3.46218040859869	-0.708564425043192	1.22487820789705
NaN	0.478119454854284	-0.900956156060362	1.04717386455779	-0.421903012509981	0.542351416071854
NaN	4.38007857753538	-0.353008878025104	-0.472622270511262	-0.158245535213994	2.97222305523165
NaN	1.31546841360417	0.988365743680506	3.64471493792556	3.1771173581039	0.559073105200074
NaN	-0.535724060467492	1.06916695931045	3.64157616037925	4.38340784922609	-3.39663955170038
NaN	-1.35586204948785	4.58243127050004	1.19235358739605	0.0480320082727763	0.0618238299128397
NaN	3.59336162645496	-0.0329812453459138	-1.81182939847865	-0.759742388146385	-0.602151197001718
NaN	2.42717831782957	0.78809219492569	-0.445670568798935	-0.160874406554336	-3.51240218255842
NaN	1.92269457272431	0.159428004571856	2.75398366032222	0.626093404919196	-1.88760458321386
