NaN	-0.773984621083545	-2.15653178285503	-0.180844771280344	-1.23179739648738	-2.4668652312144
NaN	1.06649719576879	-0.112526652245818	0.759935761202374	-2.22500759491444	-0.257717003949285
NaN	3.827769247338	1.33440919470626	0.946287805394292	-0.388795266353065	-0.244179268756849
NaN	-1.35195478318378	1.81646698052833	-2.72438987211639	0.00968953017146817	1.53305054198552
NaN	-1.01154039374308	0.810589369535659	-0.507937855451461	0.688209058747034	4.63796398054121
NaN	2.08329303189969	1.75056069302134	1.12704718560807	1.84728273920694	-1.73775982940781
NaN	2.4939311013474	-0.708943649397536	0.80594399287663	-0.263015564045748	-0.0657683157743814
NaN	-2.08086228027801	-2.63852310085916	-0.307909964313271	-1.31001660232372	-1.56420094103023
NaN	0.139109102851494	-0.549045492662192	-1.70516192031898	3.4077959734179	2.30999527112182
NaN	-3.37452585357254	-1.5111116866826	-1.10461950792887	2.91422518097049	-0.351354152941206
NaN	-2.86673126965872	-0.995545188451336	0.825532337679859	1.40563420761752	-0.827008235509265
NaN	-3.00083410444726	3.03334697869463	0.395961444319572	-1.56698710956779	-0.632173843877162
NaN	-1.32017727917643	-1.48275826488866	-1.03969580493903	-3.02593437393943	-3.4854355218747
NaN	-0.15791040735569	-1.63628208257237	0.209860473897268	2.86637864620305	4.14272653790923
NaN	3.13260833250282	-0.323805247889804	1.07689622850963	1.74800431933209	1.80888050948776
NaN	3.31603526819198	1.65692951162884	2.18647379159097	-4.7397042941886	1.37606638751236
NaN	2.11180387878616	2.20241247354158	-1.11345471450323	-1.71054612598668	0.762889234570414
NaN	-1.00671324835618	2.84630634839059	2.87128545248805	1.39927079920717	-0.385619788274357
NaN	-4.29005768648712	-0.769306421002767	4.72900724397131	0.424362104815189	2.16383954041303
NaN	-2.56174687487688	-1.06327674302344	1.35258524280602	0.219661698472345	2.96445627791432
NaN	-0.122591665926908	-2.84555025185721	0.118475005214171	1.92866282529858	-3.07521736804866
NaN	-0.887364197382585	-1.91156499253942	-3.03417023921929	-4.28132995332676	-4.90438509954805
NaN	-1.59830159416772	-2.40394869871663	-4.25466501974259	-1.95012835373675	-2.35124300595235
NaN	-1.34897094208046	-1.70576991476436	-3.25102976272256	1.45019070684415	3.94309245938181
NaN	0.044696641633676	-1.27194699117653	-1.79941856145444	3.72032260360205	1.87195838407104
NaN	-0.450158668858087	-0.340601210245386	1.54366392300132	-0.0635848793466291	-2.00137239893651
NaN	0.260715275550635	1.10836150395004	-1.31718056609657	-5.40546476433926	-4.71048866680631
NaN	-0.701025623612438	-2.10497929747218	-0.686940960739848	-2.62948281101992	-2.73081067505373
NaN	0.990166970422353	-0.913488133295244	3.1213410219684	1.05561509894261	-0.619162446468378
NaN	1.74496898229166	-0.283636065818559	-0.163220855727317	-0.696019048855617	0.851424933775692
NaN	0.792299938987497	0.594692565561467	0.880120802462724	0.894998555941605	6.29946518403144
NaN	1.28586857355298	2.0155356280904	0.330617243905066	0.150142549393158	3.20322340641556
NaN	1.26704731308663	4.28946724811754	0.2659385202881	0.125538758645758	-2.04254934235236
NaN	0.7014822935442	2.36252688342873	2.13589116944898	0.562572013829203	-1.90722863107865
NaN	0.82045562583298	2.04468059025403	0.318864137211828	0.199217804128152	-0.53750220180532
NaN	-1.68166202492673	-2.38885284539302	-0.922481495145876	0.0350219142878604	-2.33916232192047
NaN	0.182970698096928	-2.40503926951388	-1.83176524738217	0.315131869487876	1.9025373699741
NaN	1.33758975458609	-0.716025850404185	-2.6105609856215	-0.670722321194981	4.66710385744089
NaN	1.22224582970637	-0.953311578313024	1.53705483166264	2.64329363863079	0.611503289620476
NaN	2.67130787162637	0.139132852885954	3.29481392554995	0.555554975580352	-2.9810709000321
NaN	2.02375477645058	0.85170302465346	-3.08155922261667	2.87087565144091	1.79266774870386
NaN	-0.41705063328848	-1.30876242969885	-2.5434396233756	5.38981784314282	3.53091036295832
NaN	-0.245873550523729	0.422074484326592	-0.649126016653092	-2.1606424231349	0.339670308077035
NaN	0.0610746659318442	0.76307961268042	-0.318965091793954	-2.95123640014077	0.239692630135121
NaN	0.0591979868176716	1.80435915897888	0.934612159579133	4.90423251247837	3.98095902262654
NaN	-0.939887985592321	1.79927969233498	1.11257463123036	-2.2194777734121	-3.91742775952836
NaN	-0.510624335943416	0.829916162109636	0.391813441177475	0.650435356574415	-1.54991351937036
NaN	3.61731272545767	1.72955876232554	2.77092464476728	1.02787757603362	-0.406211171304365
NaN	-2.29457464995098	1.01755139817994	0.983357609227565	-3.99639938505259	-3.90097122786461
NaN	-2.25907840778938	-1.72180727618565	-1.87834196789597	-1.92372407107635	-2.94127836998732
