NaN	-1.00788094485712	-0.619667365935263	0.0944772097676995	-0.240470968150897	-2.94960305241787
NaN	1.52400898612807	0.583267709976677	2.13779658466575	2.5270163099773	1.01051427864513
NaN	1.12556300386999	-0.509643369909892	0.48460498928257	0.49990662724038	2.6588996417706
NaN	-0.65544971536685	-1.60025849150221	-0.736010354800723	0.859560859846962	3.49306719742956
NaN	-0.701103503906539	-1.83509407354835	-0.234957441220104	-1.998925293466	2.50049138735543
NaN	-2.70847881234321	-2.12713430877894	-1.61315083869165	-1.18732270351989	-1.07969500025626
NaN	-2.67663696896142	-0.595202965594521	-1.17762305996659	-0.502222292817516	-4.85145895498298
NaN	-2.13891064763459	3.29009041682634	0.35314476940585	0.0631233164848447	-5.5227509887918
NaN	0.0357473467912258	4.70130916578725	1.92728203864133	0.0879511927257429	-0.841457207704196
NaN	2.74218568148693	-0.525773903221583	0.350453347741659	-2.08660487685119	3.77552164887498
NaN	0.786812521936839	-0.291237683964383	-2.2173639229479	0.470861411151013	4.19830522917807
NaN	4.39563311408648	3.85262301005778	1.48768793294498	1.62827701926094	-0.481543693318056
NaN	4.01634949386924	2.68861068652756	-1.4694725377032	1.7338498684609	-0.785783382676899
NaN	1.61046242150398	-2.77799863044126	-0.817571802989649	-2.08270381676964	-0.966607512594261
NaN	-3.37661181604251	-1.59978957094134	-1.52909698157593	1.70788111284095	-2.76517727182536
NaN	-3.18792660632487	2.61495999295696	1.03746688556387	-0.00176354443187574	-1.65735821643149
NaN	-0.890441807777956	-2.35823995067612	0.419281560214591	0.524053279626565	0.881167710109967
NaN	1.29257837216161	-1.66209684615395	-0.496428499772783	-1.29655728049288	3.81254225410518
NaN	1.79913801224012	0.124921267142132	-0.946019279903628	0.390966642837389	2.51897542361891
NaN	0.884577560639286	-0.392674275581234	-0.657243092103566	0.950186289167534	-0.622231140227189
NaN	-1.68453829924821	-2.40869661338494	-1.75524877379468	-0.828396564066612	-3.04233518265498
NaN	-2.63766229550034	-2.40367130988565	-0.977218734513605	-0.169945421321989	3.26133381276138
NaN	-2.29712806558934	-1.33156703021109	-0.548830009201506	0.871530614481841	0.435912024075827
NaN	-3.38705848648594	-1.50438821427396	0.00984474491788734	1.43225197364898	-3.46589627060829
NaN	-1.03004849457589	0.0719963310607006	0.381360378446858	-0.0747232267346665	2.39909528868347
NaN	3.06182037518576	1.09002402263803	0.712636822582071	3.16049374615003	1.73504113016281
NaN	2.39399862461539	4.77285072853822	4.14669616476512	0.891041974970736	1.50595727782946
NaN	-0.739947460745435	1.64740400075643	2.02085137740763	3.70111470129246	0.302727352748498
NaN	-3.66272883202252	0.694333374909202	1.46705762853357	3.65796767055101	0.526794455712487
NaN	-2.76724182237774	-0.399201401311012	1.29425216662428	-2.08674597069663	0.0213882766914822
NaN	-2.28194685251484	2.16572772467134	2.88754092095237	-0.118548875954973	1.00412047935599
NaN	-2.16503289556271	-1.71261049540656	4.0397876785146	-1.08907230525504	-2.07985323847856
NaN	-0.548059596457482	-3.10192468252237	-0.50653162489867	1.98823396151761	-2.90420913950621
NaN	-1.09553873179022	-1.25923919264191	-2.89099631258172	2.23140965426794	0.603947588236522
NaN	-0.582761487196461	2.85300201270357	-1.27179617671027	-4.14330144372272	0.755803679789242
NaN	-0.55816521014456	-1.4541300354738	-1.04403506047417	-4.77972960651207	1.86031447000836
NaN	1.25211019290849	0.196936181612609	2.04389998922746	1.10932454738409	1.40391196237971
NaN	0.745498325082188	2.38026558636933	0.161175178331925	-1.91764492748144	1.2266157949801
NaN	0.118711910744422	-1.57946355241846	-1.69593306324485	-3.10809061897702	-2.06501356554313
NaN	4.73233180783613	4.3244209014022	0.211058272411814	-1.46269203675975	-0.844108088389169
NaN	6.85623228734347	1.88558448371733	0.546235120389558	-2.04934760292545	3.9706209645042
NaN	2.17765005229495	-3.21550651654002	-2.65413523416593	0.319307908849989	-1.44780294542806
NaN	-0.35584584246166	-4.39947202394307	-3.09466553797229	2.6196986535094	3.40829818693343
NaN	3.24023985095894	-1.1927724034563	-0.958703479427439	2.81175775057414	0.89393887641439
NaN	4.44895756949607	0.645893179108859	-0.124883403804982	2.07587430777161	-0.397476512596197
NaN	-1.41794220630101	-1.14938731979491	1.02071391920631	-1.91678426661745	-1.54816407656457
NaN	-5.42288055738067	-1.96517383069413	-2.52051783716958	-5.58088843632417	-3.77562749658143
NaN	-1.91347235342925	0.733248149073691	-0.199864561302575	0.546602455786986	-5.45309942725051
NaN	-1.26824965816218	4.00487730802022	1.18357054304003	1.58561909927188	-3.89358862796919
NaN	3.91908245998197	0.649669824350806	1.71942139735818	-1.72338086979933	3.27553460044146
