NaN	0.462884423952588	-0.188182226792385	-2.59080923073396	-2.00952214166754	-1.93155587169042
NaN	-1.36378006934668	2.91689287274667	0.873708626828725	0.336509904513615	-2.10816793449703
NaN	0.472422300352912	1.61823589723243	1.75087820477856	4.53520038537845	2.27243372499138
NaN	-2.11648194883392	1.58221521165691	1.18060856767473	4.34860687206517	-1.47425851144411
NaN	-0.0565098383978323	-2.68859061301959	-1.89720072263109	-3.67206655608466	0.551118399652517
NaN	-1.91339170886465	-3.86435260744162	0.566857853870451	-2.42424269701771	0.355349243119449
NaN	0.0616664330046271	-1.78969308741313	-2.76163143353961	-2.7535728419311	-2.48931502896167
NaN	-0.241444368844947	1.0444961031243	-0.406804993468725	-1.3940711041729	2.35222357542943
NaN	0.58486317412387	0.365884425316904	2.45760930330998	-3.06886822660983	-0.728231238423406
NaN	1.04616566733338	-2.56509904544941	-2.35992014669799	0.220814175395767	-0.748045772270786
NaN	0.584825483054961	-4.82843324086158	1.17848984311754	0.688940480169495	-1.09973324863637
NaN	3.89102336907917	1.27591139457234	3.60323840334314	3.44944748509732	3.73066901724918
NaN	3.86403280074313	0.810657067654775	2.35109031291039	3.9313362834804	2.70714748709909
NaN	-1.7170801989448	-0.854868985679315	1.33382724109953	1.90359224666381	-0.681199835432605
NaN	-2.71653825393565	1.32055050582633	-1.341671492191	-2.02669524257764	0.534335883015535
NaN	1.03006960204127	3.80538531649376	-1.07174606593127	-1.87430594313845	0.2399878262474
NaN	0.781255074321026	5.50479031541899	-1.81402841741352	-0.682872859268535	3.17598720316567
NaN	2.9719051541245	-0.283572001762472	0.859177808344878	-0.395408119519789	4.73512072788029
NaN	0.720390185229951	-2.4890350687689	0.277761936009509	-0.724864765664231	3.6929109367041
NaN	-2.12828831618939	-3.09996919244939	-1.78402109751932	-2.45247410462295	-3.86137417379919
NaN	-1.7493025044216	-1.99655804642693	-3.32065070221638	-2.00546828051445	-0.856108542371104
NaN	-0.596105885699002	3.02059366569022	0.307149027831626	2.4449156113611	1.15330343434876
NaN	-1.20688226639068	-2.72837461883312	0.00644253184808009	-1.35848252416752	-3.34429829998678
NaN	1.14064835393085	-0.34167330567376	-3.40085726770824	-1.71093333820978	-3.26667657660417
NaN	1.61149216125062	-0.803633459150508	-3.91018270687921	0.102243044493699	-1.1377560938974
NaN	0.335775890113469	-1.09480374831752	-0.812876650575827	0.0672545387803043	-0.213978317282621
NaN	-2.33524027224954	1.33084327035281	-1.56743997572647	4.45706696864652	-1.64686816564321
NaN	-0.293187340902498	5.00558364603474	2.138848674599	4.97711769136199	0.193902463944311
NaN	3.60321672136329	3.05481890596552	3.94543312709503	-1.08001081263231	-0.454385795036232
NaN	3.99724618165548	-0.748401130900193	-0.580155146955067	-4.00944452247893	1.20416370586414
NaN	-3.98791104497098	-2.64023935506138	1.9018288557499	-0.416536548065802	1.45375702293828
NaN	-2.54522009615015	-0.378430412638941	-2.02278077908128	-0.805095673634833	-2.14576046934201
NaN	1.29523334781587	-0.114982665089506	-1.9594548163127	0.956172641265789	-0.0221024387613398
NaN	-0.956249044853494	3.13148476884811	2.77573509745931	3.37318928223243	2.06197786623394
NaN	2.77863625125394	1.23080156478283	1.14225706122561	-2.07957598202763	-0.383576028553944
NaN	0.204352549408443	-2.83152998605446	0.257748889064901	-3.48646937541145	-1.61719243370422
NaN	1.88612548716221	-0.216807534072525	-1.51535638086234	-0.0587564287354123	-1.4100616437399
NaN	2.11183525461412	3.3481088306732	1.14624370054286	-0.43296830282375	3.2103104103942
NaN	-2.26969946995076	-1.20228006919031	1.20456961527318	3.80979410843426	2.43569076698795
NaN	-3.62322390217008	-4.41930541685049	2.74184649373784	6.40386732402496	-0.0497661135792353
NaN	-2.53823839034801	-1.87858983647375	-0.647798416524421	1.49806533687768	-3.59874831995081
NaN	-3.17118479442913	-0.619571903415636	-2.67931894307533	1.05622370397997	-0.0704106965261632
NaN	-2.71830615896753	-2.31458418835032	-0.924659881810083	-0.478009136559723	-2.00736948036162
NaN	0.176510754685355	3.19314160106566	4.25684039085128	-0.335822435958913	-3.18422083479459
NaN	-1.04416771933966	3.55671029475759	1.67543836039458	-2.44494385003557	-0.815905955594685
NaN	1.57461080139394	-0.671421257922395	-0.361323413251097	-1.57542781713678	1.96622062371503
NaN	-0.867039230046001	-5.43839134205183	-2.99521039868379	-3.58171716406424	1.83121790281996
NaN	-0.533790450630319	-0.554467727035183	-2.7865524684203	-4.27716024080781	1.48448323793676
NaN	1.42494750799631	4.52506671303385	2.604620127485	1.72937085734509	0.829756364790935
NaN	4.077128344872	2.00366970189861	2.97420149376336	3.32605809397243	-0.825000003642668
