NaN	-1.59142668018296	-2.33087684751497	0.755638619470565	-3.35259208941731	-0.343580318630692
NaN	2.85372167861665	0.989651327001149	0.0743084749112518	-0.144647565341873	0.756934189544462
NaN	5.33828662018182	4.24852472517641	1.06069112331477	0.462288852724206	3.75420085203888
NaN	-4.40453916902327	0.67366945534247	-0.548260782612964	-0.638830315157519	-2.52972623305634
NaN	-3.40296242751405	-3.12726246902028	-2.86430401578531	0.76566175529072	-4.65234572632622
NaN	-2.18542515691555	-3.04462595995105	-2.02323614612	-0.279733549752045	-1.64450761654048
NaN	-1.22015719680629	-1.66538261954638	-1.26661605686869	-0.831027057300278	-0.92503004573812
NaN	1.8918611078181	0.522092148833544	-0.414906517468518	0.23741857810379	2.73358766741624
NaN	0.156543322395203	-0.459864494352509	-0.314035510117538	1.11491277032172	0.795112927412148
NaN	-1.18329259737783	0.436683796975639	-0.337974122150615	-0.892595121646765	-1.7795901102478
NaN	-2.41924849444247	0.642039208239584	5.35643960799376	2.71598436263612	5.82926240656727
NaN	-0.261052942831883	-0.151221325972847	2.430384231329	-0.242084644044121	4.30076931488792
NaN	0.792709553731526	0.448589761229606	1.62207585871049	2.35095275086022	0.30890216372294
NaN	2.23467759677423	-0.291207031594025	-0.190917495199678	2.37048910770147	-2.31478087658931
NaN	-1.61802926291288	3.81295701855164	1.32219014995524	0.557733007515564	-3.24915287963118
NaN	-0.0275026473103607	3.63416186303809	1.88904208842244	2.62920886095735	-0.468973305844249
NaN	2.42643395691929	4.79768496368408	4.70441680613021	3.50757894759444	-0.616274670959383
NaN	5.67103705823816	0.901280508298978	2.52924418303337	2.09443232258236	3.22999651481019
NaN	2.8010336238219	0.95627064785658	-0.828085033121697	1.33963576736962	-1.1391801265577
NaN	-0.406720404993375	-2.57631276246544	-5.00356613804973	-2.27189766830323	-0.744193606179872
NaN	-2.42658202044158	-4.37940463171898	-2.77669690523059	-0.0160873853260562	-4.55181800088045
NaN	1.99466032851401	0.945660309869888	-0.992802778691773	-0.514658989720942	2.21132483022601
NaN	1.77403341436775	-0.818479131139139	1.10457918467306	1.90706103581205	4.15431665302569
NaN	-5.6122713103351	-1.86120060238391	-0.728434729246032	0.674986833934039	-3.18443926494018
NaN	-4.72763456821125	0.0157503415427158	-0.0472505214598475	3.1362202746378	-1.76847348047353
NaN	-2.40125240668221	0.661988330067112	-0.0916794917480439	-0.296990262011296	5.57700276645152
NaN	2.33701745086105	-0.599449455211426	1.12834907992994	0.64536552159312	1.68828163120882
NaN	-0.17215449285483	-3.04905898776018	0.176680434904962	0.443268232342952	0.680076815524592
NaN	-4.24137899868029	-5.70868832775575	-2.74819352508761	-0.261054245875196	-5.95170763391301
NaN	-2.25216344978024	-1.43881871685594	-5.35057411433592	-2.84754274258354	-5.70025008478632
NaN	0.0406385350381618	-3.03615220720929	-3.97698045389558	-3.90922341960086	-0.921907147740452
NaN	0.031983792712526	-1.63854613793846	-2.09687047731313	-1.50904684491452	-1.63502250491313
NaN	-0.254868792760283	-0.586437589164018	2.13535321195145	-0.109695691180113	-1.49277966822225
NaN	0.827853489982484	-0.949552248023508	-2.39067767260807	-0.174335553037446	-0.83460669762952
NaN	0.496771605871074	0.0984659759401663	-2.24678362506474	0.647032032922715	1.57626095143446
NaN	-2.41514671945766	-0.273027615334668	-1.41985917934234	4.6317531234534	2.3300868606428
NaN	5.31038274198938	0.483143048950072	0.437764476231757	3.50401372644032	2.90890442615043
NaN	1.32410638686601	1.59627192859658	-0.0633782086102288	-1.8386008769356	0.544366754172142
NaN	-3.40378096577928	6.40116011893394	3.19861444128243	-2.04882212379306	-2.48205865322343
NaN	-2.05582205577559	1.56473160314813	1.47749816178149	-3.53986845700543	-0.778454461441208
NaN	-0.0421373638357309	-2.10542716136739	2.0229627504941	1.9061178000762	1.35120114119621
NaN	-1.09600049074624	-0.207747729299309	4.21706092254565	4.20227603076656	4.05620489773994
NaN	-0.9262893096321	0.0573017073059328	0.378138873915672	0.582385800097916	2.08012858219363
NaN	0.870968385350821	0.486798404918432	-1.14532507998438	-0.58645596496666	-0.607737691605174
NaN	1.1509255984629	0.371727817683207	-1.4454610597942	-1.19704180262453	-0.274226905014313
NaN	0.460580178801895	0.558966475886762	-0.235704390685046	-0.648917388433868	0.460256298008425
NaN	2.72565342781412	1.41792953154758	-0.207512247098361	0.479138671649052	0.440716616759796
NaN	5.69343941219341	0.894995305396252	1.58334025815556	-5.23551389903954	0.0843789704704704
NaN	3.78008757016655	2.67451263296151	-0.359877057184875	-4.35382748700511	0.319401757324595
NaN	-2.23756691220573	0.00573509460340874	2.51119039573837	-5.1648250223668	-1.58085827784528
