NaN	-2.25054053330953	-0.753467719994466	-2.2389301330818	-2.26030097812814	-3.24971949163303
NaN	-2.45466618986333	1.10855268184599	0.312754367123245	-2.01813881562696	-0.395820175962299
NaN	-0.116717784823268	1.27263095034167	3.27804342782994	1.50643444389182	-0.580443435484837
NaN	2.90717655759945	-0.143913467206345	4.20542759571909	0.947754267843191	1.67383933089173
NaN	1.15852290359937	-1.5030714403003	-0.0973855640591835	0.214260813132308	1.57199867159252
NaN	-0.868505313910249	-0.436331828048565	-5.84511036710602	-0.290946946016008	-1.0428462576921
NaN	-1.76532208992644	-1.22904881461032	-4.56778748862837	-1.02373281192577	-0.936577156956874
NaN	1.90765194008811	-0.747977798727741	1.04540501527111	0.155901142137812	1.09269331616409
NaN	5.70024040393855	0.371514585186032	-0.490756038275543	0.537152383369022	2.60167643604672
NaN	0.317373701192588	0.923112651418917	-0.196103661640803	-0.500888397109982	-0.915074374059097
NaN	-4.0397406995641	1.39960908274957	-0.39091504202672	-0.322193521621432	3.36202261111339
NaN	-2.03230037365193	1.02116203026826	2.17881143640843	-0.327353172604036	4.34341056110085
NaN	1.60374712603326	-1.52872113820538	1.35559985863944	0.246015723971795	2.54886091149369
NaN	3.82345982084655	1.90061158415971	-0.927757163820721	0.560541085663084	0.586405518433485
NaN	1.69906238736954	0.0481032944010408	2.89742538415965	0.598510791952603	-0.305538257851834
NaN	-3.81492182070375	-1.50093157974783	2.82630587832715	6.65045419285768	-0.452703453018765
NaN	1.90608281948302	2.5726712440509	2.70504991803164	4.40679607970839	-1.90785248956701
NaN	1.20969576097714	2.23774613896362	0.86325984136701	3.14691501347261	-0.186144109489853
NaN	-2.64351914830404	-2.58229525201072	1.07490705088067	4.06026454125972	-1.06042470035518
NaN	-3.22050353275452	-0.82636604593729	1.05194877285652	-1.64555973116521	-0.246582655748913
NaN	-0.970910444097751	-0.193339875256857	-4.37942023368172	-1.55953979375721	-6.57648394653624
NaN	3.19776891851348	0.776429601816094	-4.3529728265098	-5.07503970696441	-1.53148167107118
NaN	-3.01579887884654	-0.502531279238257	-3.1583360518439	-3.93981824801284	-3.58237770925592
NaN	-4.61739759746065	-0.535735426376102	-3.97237162422849	-3.9999287836087	-1.84045616789851
NaN	0.1636366399243	0.427408561561349	-0.730543682421318	1.57790339860712	0.541557755088748
NaN	1.34812470580533	0.943635425460297	-0.90001868399532	-0.119113260528832	0.463596118341415
NaN	-1.45954555472087	6.2586219114784	0.504607025094006	0.327647097426185	2.47113146413805
NaN	-3.54255637706778	0.708114985120489	-1.16495851569046	-2.47931389453346	5.61505889396007
NaN	3.00260335492524	-2.05199198547578	-0.792128451752237	1.7930540751609	2.90494734931402
NaN	3.62172327102996	-1.02404800994841	0.25447444542359	-1.89062815390102	-0.843056264710354
NaN	3.98599285926973	3.28227557771642	0.306777373025715	-1.71292343410806	-0.142225274701894
NaN	1.14325011083174	1.29059966604892	4.48982516275404	2.59208290259399	2.15394886205589
NaN	-1.86881967321605	-1.3287850757961	4.26672459371865	1.97654849340291	-4.62595560587152
NaN	-5.4584704059097	-4.6326493016043	3.25539023681284	-0.184140627391725	-1.4824330409129
NaN	-3.62861893506846	-2.06146488251222	3.87095332426099	-0.0861561382508553	-1.40493034620684
NaN	-1.58821050470936	0.53506100906765	-1.26309032000128	-2.28691383950028	0.942608688868375
NaN	0.112935396966387	2.1637640941833	-1.81215937545669	-3.54694336544408	1.83686441266445
NaN	-1.23832359067208	0.0584105424218685	-4.31734755538753	-2.69564366164358	1.79434638544676
NaN	0.442900445070028	-3.34177193312494	-3.33857014713142	4.60124703542116	-3.67015526598531
NaN	0.971794701846034	-2.17836245280591	0.877937482529822	1.06367304936071	-3.36060748497699
NaN	2.50078845143479	-2.54814516747268	-0.593427315583331	-2.34271109161711	0.755934914727139
NaN	0.825333874564431	-0.791738135288028	-0.726405784926112	-0.928652576857798	1.10148245985464
NaN	-2.7715019350181	6.59160957061723	0.738621284914284	2.16398186067458	-1.104651048043
NaN	-0.494738773747291	3.31721027914832	-0.0628283126096743	-0.95845960010946	-3.45653887465412
NaN	-0.066675891643195	-2.73238624743221	-1.42242446728284	-1.50873963810882	-1.72583817530348
NaN	0.889716993731541	-3.15271941164136	4.10847602036114	4.07314487590863	2.83646114494037
NaN	0.0985004522880287	-1.55725443837886	2.00014823929547	4.90484718414928	2.75505217224536
NaN	1.23733021323439	1.10630367113422	1.9726821657726	1.56845532852417	-0.346011234282792
NaN	2.34369788384535	1.28320687147926	0.378583983120984	-2.57009213122678	1.27959552325511
NaN	5.80919435458067	-1.71331730349857	-3.07839107655676	-3.39971346072711	1.73943516649396
