NaN	-1.1925738158556	-1.80322425459534	-1.8734381781559	-2.1355769364451	-2.94542658686312
NaN	-0.876376866761216	-1.38590015013315	-1.37217876267658	-1.5097652371344	-2.01670027480257
NaN	0.158996896835887	-0.569269387906888	-0.610757927719635	-0.161570702260508	2.46715253546589
NaN	3.64664437137684	1.30725269447903	0.69871728153034	3.93869720362254	5.02135526645836
NaN	1.50967522869455	0.122078906400957	-0.609044112579867	1.85099607523293	3.28020872000298
NaN	-1.69828052207708	-0.855318188305745	-0.717795289912791	-2.2937463530615	-0.577342671745205
NaN	-1.56385813184704	0.939260116914328	1.62405108426328	-1.69630574760183	-3.33424903542678
NaN	-1.21398253249512	4.00864855858419	2.96576415230951	0.877571076349211	-2.3063395809795
NaN	-0.00750105696342566	0.552982478220443	-0.260699864366625	-0.358440694562416	-1.98553160273225
NaN	1.89886782698202	2.75781673424651	2.37409627772173	0.175052740595428	-0.246745757679726
NaN	-0.423208346882122	1.97994623492245	1.14652201623008	0.599226892499356	-1.00770923571626
NaN	-0.993184385510886	-2.46225288562193	0.965116855475209	-0.218016013807801	-1.14581382151836
NaN	-0.898531400366077	-3.38602217374114	3.5599534861677	3.26634590945942	0.937928402680914
NaN	-0.430940953229136	-1.33536596919893	0.750635367416876	4.58532618618629	2.47620163082669
NaN	-0.363387057000952	2.85021237211431	-1.44094440964616	0.641248281756027	0.656638163942355
NaN	-0.0301934931615074	-0.358417314981942	-3.59963733867633	-3.12845436295471	-1.28700229189072
NaN	2.66032566883413	-1.51912166434192	-1.73565942939925	-2.66600339215939	0.127131016570896
NaN	2.20319394383568	1.485667800102	1.03079670092904	-0.372113358900636	2.90195760508645
NaN	1.48096822040408	2.00566131478273	0.675410002078205	3.49581393113358	3.22384892729183
NaN	0.722013349668721	0.160341157666585	-1.65203979708537	1.41419685422318	0.580917644262918
NaN	-1.35750826993967	-3.24524957167747	-3.15101498869074	-2.84852572115832	-2.13945207713267
NaN	-1.34462120554567	-0.711981808271768	0.626260381760336	-1.69652733820113	-1.86378214648065
NaN	1.80748937140236	3.21156309240765	2.79245110346968	1.2291898278485	0.732457749901847
NaN	2.3233534649489	2.38586332249721	1.16150784883622	0.172564132752157	0.923436517477342
NaN	-1.17339542479736	-2.38065881694038	-3.45692238716198	-1.53393991273423	-1.039021530521
NaN	-2.19959285765278	-4.84436894060322	-3.09743332632459	-1.92940524631187	0.622092246764457
NaN	-1.50113800391058	-3.08448635584971	-1.05125486695733	-1.26773312727638	3.00389536037322
NaN	-1.22126164992674	-1.92739036306856	-0.482968641995696	0.137726058820245	1.27633396297014
NaN	-0.620077715083117	-1.42225067752611	-0.684255238753059	2.95471454347769	-0.304962798456276
NaN	-0.532024000494704	-1.11410102257038	-0.593204544034145	1.48321607943793	-1.14071287913412
NaN	-0.3721154324293	-0.143995387768114	0.664154905829087	-1.69161152648089	-1.62763768876955
NaN	-0.119759969787689	0.442838647312624	1.23399165478839	-1.48417970871948	1.19074341008715
NaN	0.611621408367297	0.00494745600630681	5.39952153960724	1.3240819314783	1.94911564059317
NaN	2.49195670931219	0.927834339927233	1.23368300652921	0.87931471623344	-0.211957431470958
NaN	1.38994917382703	0.56958497945107	-3.48051205429629	-1.04109443757843	-2.2817003968981
NaN	-0.720391413067179	-0.22406414357843	-1.09249943193999	-1.13509351408138	-3.01995226405804
NaN	-0.831762546028415	3.31978684496971	5.4101241908413	0.925981565660492	-1.89872586755343
NaN	-0.425371634887212	5.0344469622741	6.17385743299148	3.17230840681733	2.11639190764622
NaN	0.357388861796	2.83690049052537	2.59936488119334	2.48047251921685	3.3317973411595
NaN	3.30550418923902	-0.577975814755295	-6.00289649771611	-0.66271578730421	0.982458757218677
NaN	0.670523960643003	-0.975636735927106	-3.45121867861419	0.893680346180589	-0.75632752956381
NaN	-0.368732904037399	1.50995608766766	1.36981220925795	1.10698880044334	-1.38424056481815
NaN	-1.11397087187086	1.41281298985945	0.0154698527899313	-1.18295299245615	-2.168107092271
NaN	-1.27036914120425	-1.76869697102455	-2.2591927093619	-2.29036818555633	-2.49116424033362
NaN	0.553269856327462	-1.55484104101823	3.86312057167894	0.225176107481745	-0.479036513157913
NaN	3.40150528815684	-0.16383981406564	3.83745828928509	1.68746976530086	1.61628279976927
NaN	0.108305911592025	-1.18051628199499	0.544685131411312	0.733441370263286	0.371874430752737
NaN	-2.07597700679767	0.978636391582363	-3.01636214926781	-0.930567591894914	-1.1897665805431
NaN	1.5859557282517	-0.0007273563504111	-2.08872757743682	-1.81963104263622	0.013769381968579
NaN	2.34540696781828	1.25739805599664	1.5982815206426	0.192427124158717	1.30590675802338
NaN	-1.5361896528739	2.47572166165269	1.93540079096403	1.12518216945218	0.346925412538623
NaN	-1.46879148727222	-1.00946771020324	-4.35994556153514	-0.588812747198653	-0.378669522420172
NaN	-0.201101512554614	-0.788092499742665	-1.78823021668422	1.46739789564206	0.853746940031758
NaN	-1.89486643328022	1.99963617273315	0.948177956801572	2.73127802251132	1.32615551196061
NaN	-2.21254866263831	-0.496720125253461	-3.52275258051499	1.9976895550773	1.29454451803014
NaN	0.313089075467951	-3.47831119180424	-4.75766274588737	1.07679060802053	1.61403928371695
NaN	0.105837086683857	-3.14596307750317	-2.28319298596326	0.320483741303972	0.656530037581467
NaN	-1.68580013121817	0.657087755141003	0.609787139202929	-2.02860106183281	-1.09044106340658
NaN	-1.5668734699354	-0.28593008654172	-0.313633456200209	-2.84894849240626	-0.665389413310328
NaN	-0.526028700415661	1.92838098439348	1.97668239576538	0.936713651644543	1.9015574622511
NaN	0.147549567421761	1.33365775496734	0.587890258494669	-0.0864822841598406	0.0196285085854143
NaN	1.50632592484813	-2.01720788411045	-1.80215718964252	-0.147077887054895	0.235501753220815
NaN	3.72488219502947	-1.18953146565928	0.0925759583594346	-2.72754645763861	0.0537540756664678
NaN	3.35511508673814	-0.996248789946806	4.53766936776085	-3.18187101844592	1.72510298221177
NaN	2.03792508425977	-0.960422122976982	0.758699003780756	-2.48018369798165	0.595874996604595
NaN	-1.33084657169894	-2.16950658637067	-5.0426896081503	-3.60766482639219	-1.66545154951026
NaN	-3.43355323073485	-2.41480568734696	-2.01740827616441	-3.33196048395543	-0.340883328816277
NaN	-2.67209213798553	-1.53959827341266	0.431450585967025	-2.2868455112033	-1.57588791759874
NaN	-1.978134413656	-1.13787254364327	3.62217549288286	-0.471393138697763	-0.822661090096723
NaN	-1.3675669498968	-0.627597842450392	3.67294923515118	1.26870962822942	-2.24992407459408
NaN	-0.687982624557878	-0.0221767598371769	1.15140834250911	0.939810893950685	-2.61504651547904
NaN	0.445819020846793	0.550617700895372	-2.787079777898	-0.618942300735191	-0.717206620767153
NaN	2.08909473528834	1.19563028152201	-1.00455632565494	-0.529326170508365	-1.26865911701412
NaN	-0.402405759323614	0.366585730654238	0.200644748839534	0.399852060044735	-2.77389384630987
NaN	-1.20125948223433	0.110809146668113	1.97792595958406	0.736845965957268	-2.17932106906495
NaN	-0.563275264570683	0.956219181607607	4.47517220518662	2.9818882824034	0.780254093348459
NaN	1.07927795357566	2.0318286659288	1.69325409543737	2.58204418637481	2.17616249524457
NaN	4.34746934466402	2.70386464776592	2.33869279438985	2.02544300761411	1.84752425975519
NaN	3.82668926492575	2.39944210270559	-0.443566286676537	1.36217920649201	1.2053704017971
NaN	2.83205836815712	1.8931817090073	-2.20280559879716	0.259091947361198	0.521099862673385
NaN	1.3853676682881	1.22020259477347	-1.30470947890031	2.23859131650819	1.4785309921942
NaN	-1.85988144210768	-0.265547924048554	-1.53977365450781	5.12085974573403	1.28481423207255
NaN	0.810547980758782	2.39079168891218	1.29992673909198	4.64977639227219	1.83313622218156
NaN	1.7372473733672	4.50535237988735	2.70847092453871	3.16391686463591	2.86348653641218
NaN	-1.62281615195867	0.277673230904386	-1.75696783170047	1.66683608158622	1.28064020875798
NaN	-3.96275004761442	-3.26461431283825	-3.1239147054815	-1.2729630558456	-2.28668676727
NaN	-3.21966506853806	-2.50962963090512	0.258451598101658	-3.3199244084992	-3.61394391744048
NaN	-2.31598145913779	2.58924845212091	5.95780729007278	1.12379897163679	-1.05964811329024
NaN	-1.65048697057481	2.2339303348931	4.48176343794847	3.70913707999835	3.30424764951067
NaN	-0.653514155715933	-2.15681179876687	0.24575698049208	2.29354401978554	3.42772880713089
NaN	1.41803746324612	-2.2510047705868	-6.15105247292833	0.153244014545631	1.17920902279334
NaN	-0.471791110264149	-2.09796964665836	-4.0092791862831	-3.48843005535175	-2.30745237654675
NaN	-1.14908219378229	-1.73361164328176	-1.20650044002898	-5.64230280132154	-4.1973516466495
NaN	-0.601185925353506	-1.01160371374525	-0.864008197105719	-4.23686665434128	-3.66305603268513
NaN	-0.157170371275183	3.09891057262273	2.23397923844117	-0.490993725664623	-0.810255703135336
NaN	-0.134515521405202	2.49708669018351	2.59449950478382	-0.360376361779002	2.63738089393619
NaN	0.387229419459658	-2.10237350376045	-1.97621190559232	-2.16883961098761	2.84046349182448
NaN	0.66314875073445	-2.49394898360469	-2.60523984390407	-2.49643110907221	0.884938252480826
NaN	0.736061166600158	0.650191582212337	0.469621836206765	-1.37194447032274	-1.74890944208731
NaN	1.28655658351037	-0.966247384246902	-0.931645096817925	-0.935266492737157	-2.39809749379836
