NaN	-1.03713892901735	-2.04891222828617	-1.98454359650874	0.376316954834335	-1.55923149738796
NaN	-0.185165133271337	-0.669077484886954	0.599937953803117	0.852114440326662	-0.643398065746525
NaN	-0.4650090271102	1.48343678713214	0.42965585024629	-1.32726732673559	-1.48272001641249
NaN	0.426931370960519	-0.338710271906225	-1.16253669798569	1.57938689621448	0.660125621080979
NaN	2.31828387553216	-0.518508224635389	-0.99847272513748	1.81985033645181	1.20573990096477
NaN	-1.65748977191843	-1.13121961458087	-0.886561104473417	-2.55678079393744	-0.271953172885209
NaN	-1.72127427189455	-1.11597131444604	-0.681567302994589	-1.89279204321559	-0.537490505086233
NaN	0.269205676434921	-0.385415819359965	1.77303402589832	3.43695688635249	1.49692648091884
NaN	-0.0356317970327799	0.266293585938769	4.05025686033826	2.5333715432685	1.62419638264717
NaN	1.76493137884224	0.715388127033282	2.96638624658341	-1.20193121815278	-0.0146024370893524
NaN	1.90820626317781	0.673162321221046	2.38229068727892	-0.981204428428399	0.186225008390169
NaN	-1.74536475190119	-0.198902596456572	2.17339364880046	-0.0789514113912796	1.20626976407363
NaN	-1.16769544316011	3.86235394617966	2.41853665607273	0.0960212519602193	-0.644848169675403
NaN	0.188490772565001	2.45333762533183	1.10131070048541	-0.393559374599034	0.149321817183504
NaN	-0.0550790050009083	-1.92448430541227	-3.53341599067313	-1.72774929512009	2.22916806776274
NaN	1.91171517904964	-0.537195788476686	-4.65717891554572	-2.5704976862686	0.943026657474798
NaN	1.88225182089266	2.37117195710765	-2.54213569985522	1.10582152091395	-0.641737572012257
NaN	-1.29674918117172	-0.760365413222905	-2.18293055183862	0.667638452750579	-1.88767978030832
NaN	-1.15160751604624	-2.08034550787549	-2.58237176024385	-2.64070782442611	-3.29058112227593
NaN	0.165572328671088	-1.30055850229087	-1.06714623231018	-1.5678382109351	-2.2594785155906
NaN	-0.313703934228028	-0.522670071027653	-1.69496138501568	-0.941997710536268	-1.87765579766652
NaN	-0.308781043337483	-0.510331031618521	-1.54623578853494	-0.59565585698842	-1.41628850208752
NaN	1.49009628190828	0.166478665217529	-0.54919720219818	-0.322722204757886	0.120669837905013
NaN	3.12940800386329	1.30782178493255	0.108020954557594	0.229899327489672	2.44935253400031
NaN	4.14420658766548	2.32947578064252	0.983589599359999	1.70541892229052	2.17347684820368
NaN	-0.75937159460684	0.671792568202708	0.262531854574019	2.11494632438934	0.438546070171378
NaN	-3.51240143872606	2.24446634882693	1.17925218844508	1.84366076076036	0.337558090791525
NaN	-1.0566748565104	-1.10296222770951	-0.485198532663945	0.282713830643867	-0.771457646628177
NaN	-0.60429949613882	-2.42211658554224	0.112755317890519	-0.260835264800279	-1.13096584860968
NaN	0.0517888082932614	-0.991954046182527	3.20033215595172	1.49138108419422	0.56290336307708
NaN	3.6317238472899	1.49756136715011	1.02239580051092	4.11269021858386	3.20079569872019
NaN	2.83301740358593	1.37896884938243	0.452530851638824	1.35215026286237	1.84718815001852
NaN	-2.8713042387114	-0.293982681720004	-0.175061387873643	1.08944151821349	-0.112807977298797
NaN	-4.75388272191794	-2.11502469390065	-0.338239464430339	-1.90766983151937	-2.26474886011313
NaN	1.51453178008982	3.57852960519864	2.99568759119464	-1.00415740545396	0.53957161376617
NaN	0.205056975334656	2.63692888035846	1.40506505141311	0.855378312640513	2.82624391518617
NaN	-3.13378757554444	-2.68696883292125	-1.13451045101448	3.30438454242463	1.61111282137982
NaN	2.30373391349642	-2.56619123087581	-0.376947130286974	2.93073285392591	1.33959313499515
NaN	0.135312793432321	-1.79206747858383	-0.667556907285679	-0.462367350496139	-0.418934781019564
NaN	-4.56839676867106	-2.35354717729719	-0.658969373129531	-4.05245485226939	0.589721011001157
NaN	-1.709290916996	-2.25836427097182	-0.548855684489598	-3.03979831936594	-1.85479282325141
NaN	-0.352104144471913	-1.87107959684006	0.200784785515404	-1.86525735252793	-3.70629413757766
NaN	-0.969203710736211	-1.50230372000226	2.25168450697526	-0.496757048133385	0.625248547280385
NaN	-0.583160995990295	-0.876327128242854	1.16262399290654	-0.628646026464216	-1.87651083937834
NaN	2.12834389869068	0.375923808068966	-0.342740417372238	-1.1506820631431	-2.43371302456012
NaN	4.87128400861487	2.28915800635622	0.420964718752633	-0.438300896266531	-0.0700322904827059
NaN	2.89080891506508	2.00202239624628	0.523450767404048	-0.119150571472404	-0.135327179191948
NaN	-2.16150773208641	3.34283170747372	1.82397763185321	0.435091394470252	-1.42329230027449
NaN	-3.89985880233573	2.95865483982387	2.99957469030508	1.25863021446802	-1.53864348550487
NaN	-0.906379313180029	2.17907553088069	4.18219476470079	2.30054420408624	-0.146478300637543
NaN	1.0791528730488	1.98421932354158	1.69935795577915	1.67068065971931	2.14873101242161
NaN	2.13803604699509	1.20419415072108	-0.123630640811581	0.171071888737415	3.48255035514749
NaN	2.76281149662918	0.0108312271494778	-1.58430308632044	-0.0951404538439331	2.66975144578626
NaN	0.770889415112853	-4.13585716762308	-4.48306755550073	-1.29076923524037	0.609384908265128
NaN	-3.67936039442789	-3.67441487436909	-2.92718539218859	-1.06411066095897	-3.55828485219334
NaN	2.77571134380862	-1.57271040369502	0.339694704392057	0.092911268306108	-1.68029235321024
NaN	-0.148435183961008	0.42710397992234	0.571171899884501	1.75674264263026	-0.9167568896563
NaN	-4.82344510595999	-3.17983579410962	-2.34542646865131	3.71477114394305	0.111769845101332
NaN	-1.60076786809181	-5.4383535473401	-2.40295697958684	-0.266716677945163	-1.73111816928203
NaN	-0.170376370663248	-3.87241406058741	-0.623709876589379	-1.938688403505	-2.05888531528732
NaN	-1.06824556814777	-2.29737679575606	-3.66903130598901	-2.04300963062271	0.379704110646959
NaN	1.27669592980578	-0.777181876436377	-2.89173019978938	-1.62437887367607	-0.521606047630897
NaN	0.509142712532139	-0.643675748492695	-2.31286551238724	0.515228479072176	2.30378672052633
NaN	-1.41492821747483	-0.955845544837383	-1.83590797034541	1.28090413091264	2.63780996428175
NaN	-0.14886940597474	-0.63080636490366	2.01557744295933	-0.73916748623986	1.3923668516796
NaN	0.562226903618746	0.21291313495755	3.53225001408842	4.15886340707694	0.276636256497343
NaN	2.1747320121982	1.26451717417856	2.74668734649447	3.71394998725883	0.608937299077037
NaN	3.53367819433552	2.41404657065652	-1.48551062681318	1.77776278595178	0.0837248699939327
NaN	3.19544098504886	2.87713840167414	-2.15181312700375	0.384370926203949	-0.0455713426980629
NaN	2.98280073474102	2.83452078181057	-1.08435608106967	-2.68095887312115	-1.53501060573149
NaN	-2.13432991814629	0.267422846090307	-1.71619704791704	-4.92498475287075	-3.76549345042861
NaN	-3.90444332489221	-0.241412786896864	-1.08929879577871	-3.25634199479978	-3.65368280568819
NaN	-0.456423993916986	1.87401662540468	-0.285055292680848	-2.39626327994063	-0.128271949979179
NaN	-0.422928649263081	2.57071966224507	0.826590839230426	-1.80105765346302	2.33005407020419
NaN	-0.970386255361838	4.07381412038646	1.61714985343652	-1.08886901847432	1.65080671744668
NaN	-0.352363253979084	2.0043746771928	0.311271034420572	-0.794029555132306	-2.21146123783604
NaN	-0.0562088824146039	-1.8868657376257	-0.865229505110988	-1.0912918548069	-3.41590697234774
NaN	0.629327952638817	2.18093195327563	2.55560314839714	0.0313884194835943	-1.31632879018231
NaN	4.38539977474883	2.28371589795295	1.81724683512706	0.920111989044999	0.982977868365559
NaN	0.746205349202977	-1.63398997288903	-1.03887655905151	-0.249710002799505	-0.50583052016625
NaN	-3.12534197917834	-2.76022942288287	-0.748659882629265	1.37269987120119	1.20669654237518
NaN	4.16554570476282	0.699759088100915	1.16106813327503	1.95931852506384	4.71745584120182
NaN	2.96221252518204	0.960708762740024	0.518713652387069	2.83005891725716	4.29444160740101
NaN	-3.47695949051109	-1.16511835887489	-0.265275521377524	4.09728120049128	2.67557689963549
NaN	-0.425018392186513	-0.00939327991494997	4.93211788347503	1.80559323159853	-0.688500632655788
NaN	-0.478709100431006	-0.175259821227146	4.200936820495	-0.231388408992498	-1.62113020242214
NaN	-0.773668258149516	-0.356658978552363	3.34136986680333	-0.0365055372210344	0.13114996219083
NaN	1.64940730195594	0.439980720796585	0.0371231108070168	0.987136607445794	-0.371881622022352
NaN	-2.04033215160983	1.79969408206599	-0.259381496890601	0.412503054394151	-1.18967140218642
NaN	-2.37250957550279	2.56917627792466	1.98088955652755	3.37791729295004	1.07609195889223
NaN	-0.390748750023246	-1.75754259660498	-3.25550831715951	1.49926522066329	0.508317713874041
NaN	2.48229249766116	-2.17507523024783	-3.23072768707506	-3.08105235410315	-1.16758087165772
NaN	4.29702843342514	2.83826807341827	0.926876734827354	-3.32304812146427	-0.287137250070761
NaN	-0.399344612176824	2.98160306485197	2.85905783533141	-0.264413290423735	-0.614142510070072
NaN	-5.01814291895811	0.962856442351116	1.20177487834826	-0.399915474047664	-1.31017848698087
NaN	-0.901232080933158	-2.0645358084952	-3.38302870115379	-2.3909390463764	0.200168074393168
NaN	3.75351732777766	-1.92428677384939	-0.506188738280292	-1.82315068218061	3.3607265154145
NaN	2.13534758626606	-0.280312250561457	-1.31840564490042	-0.708286771129314	2.08951802711621
NaN	-4.23601197124423	-2.5422030735237	-3.1160606830867	-1.63159406470542	-2.21788650959022
NaN	-3.16065919965842	0.505552587454261	-0.578026401942375	-0.84355917843285	0.632158663798288
