NaN	-0.815317827142299	-1.65764727231511	-1.91288960600835	-1.51251988141356	-2.18465002524406
NaN	-0.664222761278392	-0.525622317571842	-1.10326990500015	-0.94855321757436	-1.70736266951058
NaN	-0.609380654809423	-0.857819173447809	0.826192604513928	-0.0697654612978813	-0.536569277844088
NaN	-0.392671668723382	-0.29208288959687	1.8435830863772	0.615181764146599	1.25156364623565
NaN	-0.132179421064757	3.38990158087459	0.682749334341912	-0.0292513060589633	4.18761015951281
NaN	-0.138321898597052	2.69658289470908	-0.367834077112679	0.0435014621773068	-0.855281370335825
NaN	0.121185379303501	-1.56596843618153	-1.89725451684057	1.21531417809832	-1.8196372769895
NaN	0.126482307432786	-2.57618433487341	-1.621657592336	0.271105820458567	0.335330933964086
NaN	0.748856935203335	-0.0678511501296838	-0.361662663078645	-0.600595107781912	0.187059010730612
NaN	3.10167995831398	2.79458729884518	1.10112690936764	-0.201726962577191	2.48270671537647
NaN	3.49330482230038	0.660234881781307	-0.0514375668920366	-0.506868758597064	1.4125483225613
NaN	2.80302609518266	-0.500629230651973	-0.228605348154885	-0.226278925446438	2.23846947761782
NaN	0.0333506343626424	-1.16568074302256	0.78865363666769	0.489874938891981	2.17828609052254
NaN	-1.64755117276404	-1.46461048746498	3.01509921501027	1.35930641305837	-2.55699822564632
NaN	-2.05819650972883	-1.29404497096145	-0.986043326496384	-0.378417879711102	-4.3022055302727
NaN	-1.71010549021818	-0.564893826185729	0.710406555056409	0.68441777021678	-0.442176072488293
NaN	-1.09213419516011	3.64705048406932	2.49194135555947	1.23621980821508	0.425677251374152
NaN	1.246055672087	3.3013301981876	0.000353633286025515	0.0870509400627902	2.95955495944551
NaN	3.41594305881771	0.0244821136004773	-1.49465164788355	-0.190244713755104	1.1925021598176
NaN	3.07638784302144	-0.184045898981293	-1.35993630748077	0.716560050924703	2.14343191491838
NaN	0.466915386624954	-0.992640620611998	-1.73050293068334	-0.590334743700417	2.21258468737654
NaN	-3.17938018831716	-2.33351808646556	-1.89163483632275	-1.15144183718512	1.46629041279867
NaN	-3.43971745894824	-2.36354344188988	-1.72864078135323	-0.678065168908762	-3.28822365821014
NaN	-2.67875337539902	-1.3619108036118	-1.15757473265713	2.50506275237646	-2.25706013752044
NaN	-1.98884128270334	-1.25859397011916	-0.936937137998986	0.0994127457554206	-2.60945285053335
NaN	-1.40645363393123	-0.827850089067669	-0.352488422742343	-1.31219820706511	-3.18781816625518
NaN	-1.1109228199026	-0.375779309964213	-0.340412463738061	-0.908181679989383	-2.14361086389299
NaN	0.296445306452555	3.07129750595836	4.18457613687042	1.21368269829584	0.947843300267121
NaN	2.75928769195883	4.15531783190681	3.48381602261899	0.966201543925651	4.21823448747431
NaN	0.191234153667114	-0.494881937071174	-1.27590065309126	-0.971438323084907	2.29699887821794
NaN	-1.56965603598844	-1.27951476317209	-1.7574642549085	-1.12382861598792	-4.40062064264516
NaN	-1.19027455268545	-1.18743502986076	-0.656486193620188	-0.674126817432788	-3.63619472655945
NaN	-0.57405763097464	-1.03940406320631	0.270414776007587	-0.0810166672010628	-0.235826238520665
NaN	-0.526723362903979	-0.580326944166884	3.21877773677086	1.33340374826689	0.927697965959534
NaN	-0.18711422008894	-0.628242589655361	1.46762886224528	0.316949668479547	0.27873615028674
NaN	1.46876387092958	-0.169514851763416	-1.37785034181346	-0.573706170035671	3.98045062043225
NaN	4.37334514488377	1.91334210076539	2.53342066935159	2.21039805241111	2.77569120449817
NaN	4.01022447793761	1.76295300023542	-0.225296115985848	0.00954670696438259	-0.594079563176824
NaN	0.547171762720427	-0.511746081896016	-3.33172891274774	-1.62639843092577	-3.47679117683304
NaN	-2.34186331376727	-0.741886106650263	-2.77931497564127	-1.52332389271183	-2.03680612158477
NaN	-1.04587419526107	3.54676971066604	0.569023701130713	-0.0696306046150123	0.69262618680547
NaN	-0.82947229298559	2.93622382804412	1.07238264207224	0.190038672152415	0.055675162895504
NaN	1.81330066037556	-0.835168575506135	-1.36231773447605	-0.846463461533639	1.71296322415301
NaN	2.91998054535045	1.00648525784752	-0.501172289239653	-0.335875502637585	3.30237969245465
NaN	-0.283905438266585	2.69300053744284	0.378417278334576	0.337429590301131	2.88232184198176
NaN	-2.70933890106105	0.205218042343091	0.0981887259638513	1.71205585297889	1.2593689067487
NaN	-2.44134862567085	-0.741727764196914	1.81035356298319	3.00372725066424	0.227611607729088
NaN	0.125901824200335	-2.60186393492335	-2.00179032428581	-1.03698728239651	-2.19231008836818
NaN	0.648539094132185	-3.28289478065671	-3.55996654397738	-2.54345637975461	-2.65476709432184
NaN	-1.09147827394912	-3.2626254303116	-2.40549194585672	-1.92750034015784	-2.06728743300781
NaN	-1.44099676463591	1.29710058741018	0.284200430861473	-0.464849514003159	-0.576223296102502
NaN	-0.827506196560344	2.43906928745744	0.975810911008447	-0.0419650145385295	-0.265907723728338
NaN	-0.772937729778065	1.46818756085245	0.646258837211637	0.356028250566403	2.2782296629313
NaN	0.915349144235778	0.700881472665085	0.514590313175165	1.71663672144592	2.61497243056567
NaN	1.52679102047658	-1.62010669217123	0.710961083954954	0.21559349535843	-0.849154052053523
NaN	1.78634148789957	-4.44317558947322	2.31320557985459	0.467005447793641	0.425734677404783
NaN	0.2439291893694	-2.04249543227254	1.82223342621044	0.467374791059087	-0.149508862702206
NaN	-0.908001742065756	0.610486363099	-0.106173500780675	-0.466882804119114	0.528698321615411
NaN	-0.728341044960422	-2.88866805773004	-4.20375607777861	-1.90856001274566	1.3619838290172
NaN	-0.409140006080876	-3.19010024754436	-3.6064437396199	0.427154055002496	-0.879481095182927
NaN	-0.201657069007754	1.34738865098027	-0.834607376237258	-1.20935456958978	-0.525007411002146
NaN	0.0470237941527645	-1.09136006444429	-2.07655984584372	-1.96726363781057	-1.89399848435469
NaN	0.24326975085283	-3.07547492841345	-2.38350212540663	-1.57531795768198	-1.84294404121825
NaN	0.317005517940086	-1.68310802103697	-1.43627887946439	-0.979011919033285	-1.02849488407429
NaN	0.318559379324546	-0.286238378344401	-0.431160841224018	-0.797589893930159	-0.66278841940932
NaN	0.380129289256581	3.89901269879164	2.02099975285153	0.398779839891983	0.422800736990081
NaN	0.592634397843279	4.0437778199724	2.73327637483411	1.23493851515725	0.920311110365639
NaN	0.565214684096951	0.0311420134870709	0.491701351478587	0.415079537302448	2.11554470096551
NaN	0.594919910288986	-1.18290323351799	2.93230135716151	1.45439401948614	2.63060459064741
NaN	1.54280541454864	0.339140778164214	0.186766778343473	0.203824386349347	1.25469353890439
NaN	0.863455891105736	-1.08331721431262	-2.47755963490203	-0.821484619377886	-2.97344439073482
NaN	0.262118528292319	-0.260827327696197	1.91599471847132	2.51906836192191	1.51155768777319
NaN	0.046824227573882	3.85102041052196	4.61049140304146	4.02715594548862	3.47621038117802
NaN	0.12202664239295	3.11923490913375	2.30068708339158	3.67888133277701	2.74468278599007
NaN	0.246026337839857	-1.56697973892585	-0.876376531784741	0.860265624080912	-0.470058733980462
NaN	0.272259971991216	-2.68268587481559	-3.91731201757394	-1.06949327867378	-1.85284128957527
NaN	0.248544203466897	-1.26465800162969	-3.13457012445807	-2.83327336858783	-2.3866038611101
NaN	0.182078832314548	-0.161023879267964	-1.98186188548018	0.632285986180984	1.41173571907474
NaN	0.133860233337388	-0.324000240262131	-1.02963055955204	-1.25144399412544	-1.02632920698019
NaN	0.296234752661047	0.0893155289118582	-0.588620428891917	-3.03295071931335	0.343334030930915
NaN	3.09966469341987	1.6608770245319	0.207342975237377	-2.02883560139029	0.777309482546179
NaN	3.62997630589785	2.23211916712682	0.0527422579739411	1.96998578189518	2.78488964675421
NaN	0.323815362880761	0.368399255746276	-0.0823511754598133	2.32302941559049	4.04324853093127
NaN	1.10581760774294	1.29067103825265	3.66186146125987	1.3916359801405	2.02759221909397
NaN	-0.565262779039704	0.605259536056491	0.589263131187985	-0.137776454967469	-4.58269956523434
NaN	-2.64644142019612	-0.57980552132807	-1.7964658781688	-2.61664650882035	-6.56216783623065
NaN	-2.49532875191018	0.0745789822032588	-1.00129492838539	-0.984284938482733	-1.10754390638241
NaN	-1.89655094592579	0.0633668326952524	-0.443969213851791	-1.4076677147746	-0.400092739393401
NaN	-1.76567647112715	0.783097682563504	0.401948223947078	-2.19641321470884	1.52065317954163
NaN	-1.58249979096111	4.41711762505875	2.06573618032162	-1.43888158518528	2.75667803169476
NaN	1.25069902532591	2.38160830617123	1.06672670828025	-1.37220724482375	1.8341001423445
NaN	0.616605840181472	-1.11131239709785	-0.420084351213	-1.1572221006408	0.378390002142808
NaN	-1.52713461215732	1.27928901674245	1.09114808578826	-0.152379969852948	0.190094614607011
NaN	-1.86658723770032	2.48419268474579	3.99990231393204	1.31646060210999	0.563331991091553
NaN	1.58771080399979	-0.29538801137823	0.692859009362539	2.65315940567079	-0.178110059942707
NaN	1.75843552249252	-1.35468742868812	-1.82718277389144	1.03077128633401	-4.82624707643378
NaN	-1.20394224422609	-2.12449697545474	-1.57717415981277	-1.57013005880345	-1.52087902479306
NaN	-1.74241471594506	-1.93636835840664	2.81482035620177	0.310314271088771	-2.38798350653648
NaN	-1.076743705758	-1.29438167953232	3.17268536299061	1.61924472572241	-3.37284072833728
NaN	-1.39508995813474	-1.54939930072286	2.16752828534139	3.81457282828134	0.357482387995742
