NaN	-1.07040080331853	-1.50658692593576	-1.63177005217958	-2.05318992993532	-1.15902833603597
NaN	-0.751041444812837	-0.99553130068498	-1.11795208056867	-1.43250072574723	0.276813386168447
NaN	-0.71188010123458	-0.839380874174592	-0.875179344332141	1.58031194854512	-0.608818657843061
NaN	-0.264860587763734	-0.351818878919899	-0.788046993453678	2.67386616836571	0.538013063345253
NaN	-0.204206042977429	-0.179905578398733	-0.344954218883036	2.15622654680323	0.451959931526709
NaN	-0.0433965366161668	0.0423647820935045	-0.0296438027910617	-1.13853222895071	-1.90251836882885
NaN	0.180228506042043	0.0726870955947783	0.583753521900091	-2.57925748563049	-2.21678649774957
NaN	0.307887896104555	2.80757446909265	4.73750007836379	1.35054731856138	1.42583729664475
NaN	0.26456830675039	2.4410041438757	4.64849647196651	1.80220383319453	1.57354335863332
NaN	0.531808862139598	-1.56654492638492	0.139282784607843	-1.00159446825581	-1.29570220407217
NaN	0.311644368218609	-1.16042893587353	-2.85124409454491	-2.66502459283818	-1.74509134670567
NaN	1.625700793358	1.49935507792135	-1.34724380973897	-1.60192237608912	0.977137345133545
NaN	0.692460428819375	1.06387573522493	-0.640958378417971	-0.76793960400199	0.664967648961882
NaN	-0.343453059044442	-1.02986895481733	-1.35063833373789	-0.790991448415073	-0.655727488644796
NaN	-0.0525704290089773	-0.495572025143295	-0.945508415920894	-0.412499208424099	0.267855932190842
NaN	0.259255055648866	0.0583531550752867	-0.74165788998888	0.717536270062225	1.33526452028138
NaN	4.33667131976319	1.07984327688787	-0.148115438569556	4.52591128501238	5.32264695335406
NaN	3.99406024529722	2.90164072176778	2.14559514110119	4.62365916094941	4.99340686622926
NaN	-1.6374171211692	-0.12048075244326	2.42074868897039	2.68342876382714	0.386472557688841
NaN	3.26909704019381	0.326433114804584	-0.15524319715068	-0.201340650221384	1.28860370237864
NaN	-0.0376784215575459	-0.158931029597622	-1.10315864531545	-0.90768936708828	0.148855508626567
NaN	-3.90765578428576	-0.0164588652391574	-0.795216737867251	-1.88645876649855	-2.68756839132261
NaN	-2.0816819479789	2.30813061774034	0.573529402541043	-2.0599647523605	-1.0780760821489
NaN	1.05978685373551	-0.812989073116983	-0.469598306194773	-2.17584031384737	-0.270091205079322
NaN	-0.747627822275901	0.339286701006593	-0.0927062866440233	-1.16826697093212	-0.390434624182385
NaN	-2.98987183974016	1.6789245597843	0.839247957924939	-0.116779203008996	-1.2838992262076
NaN	-0.769927595514004	-0.576521422976111	0.00588193552812998	1.6325295893467	0.860973208454065
NaN	2.50723595499095	-2.06788087915153	-0.86799726983412	2.11521341088122	2.53807814811365
NaN	-2.09603947421538	-2.70323425094293	-1.30104600699966	0.235750037941913	-1.260450277633
NaN	-3.51504827805849	-2.34604780177299	-1.06846940293293	-2.39664042563407	-1.48344556519906
NaN	-1.20728214566873	1.33290988840296	0.233198242080289	-1.68994861524431	1.25538420277819
NaN	-0.729098740779588	1.73619278064395	1.22756213130105	-0.706451571652155	0.743388330861725
NaN	-0.870593698309595	-3.10182269713664	-0.876335461881286	-0.522488075277195	-3.76947472207363
NaN	-0.537553302105731	-3.23024792492443	-1.05166976598124	3.43444861309158	0.890747138710508
NaN	2.09277108070548	-0.487461168520062	3.21670737203695	3.02429643624029	2.3578858936405
NaN	4.8770481617069	3.32267138142104	4.18005379413941	0.711270030974217	1.54681016322793
NaN	-0.475852320354423	-0.399755100225602	0.626154310737938	-1.53433992098896	-2.91448571579416
NaN	-4.09678194104623	-3.24853165240584	-3.11538389846922	-3.29316354977461	-4.9460405030013
NaN	-1.22700587673893	0.260345500341056	-2.42373601380033	-2.5854077747841	-1.31327533246919
NaN	-0.0501082022004563	-0.253902930724531	-1.54853517622775	-1.79914272867764	2.16523818647149
NaN	-0.254710852406432	-1.48886634200877	-1.74666898899447	-1.39541783176734	3.86442253770176
NaN	3.23172255337783	0.287823039189052	-1.00737433746148	-0.686163211416124	0.491976934932422
NaN	0.181275502110043	-0.187197836792911	-1.12081756290775	-0.591853164466546	-1.95139355804302
NaN	0.111994088274071	-0.650190783109827	-0.899404012959893	-0.0711794034921673	2.31112820873147
NaN	1.71933867544509	0.730180996129244	-0.28097852671798	4.42495686238868	0.867347218213726
NaN	3.07023166450138	1.06254662556852	0.227626632428588	2.8131509811419	-1.52864236801229
NaN	4.19692952896826	4.37794768677925	1.8746664805363	0.0175518253307707	0.518461536944837
NaN	-0.951160905595829	4.30319647738777	4.67119840270821	1.87955916757943	2.20655617340455
NaN	-4.84249549594398	0.500827123832183	1.73306776423216	2.94526766783324	-1.56089845062543
NaN	3.18657588912385	-1.73711534138567	-1.82149216189614	1.54981499021843	0.868673463002538
NaN	3.04166824257741	3.16065463231298	0.27352508051063	-1.05301766483492	1.72554946999027
NaN	-3.05339777384829	0.658700001188435	0.160523357980508	-1.99038764229848	-6.01522471907383
NaN	-6.19204326124299	-2.74606529262973	-1.68204354519713	-2.12484595731193	-10.0230290989392
NaN	-2.02080576541908	-2.59366343037286	-1.72695168784986	-1.89895688747286	-1.41428071583399
NaN	1.36420533650682	-2.12538362178015	-1.51644576513172	-1.64755217871407	0.187204537799491
NaN	2.11751968579171	-0.103524694800741	-0.352454125728251	0.208621942288481	3.51145065965327
NaN	-1.88159142658185	-0.116023575607233	2.21247021692787	2.10769006975399	3.72441709836769
NaN	-0.787777006823522	-1.21755312377111	-0.555415975501917	0.650833587033708	1.63289710880374
NaN	-1.40437449344488	-1.80253863175082	-1.88679075661118	0.656783390864731	-3.01166763201538
NaN	-1.39254840161324	-1.82370448724662	-1.52834517900838	-1.43706280270327	-0.0337896224249381
NaN	-0.595429924368222	-0.492738684773665	-0.856008325996209	-1.81941522557193	-0.0354333439425032
NaN	-0.266845781305521	4.04933861165898	1.51259027042997	-0.0478957786858231	-2.39161373848124
NaN	-0.24441302739496	2.56563720034508	2.53308469195599	1.50087626930559	-0.400098114724946
NaN	0.561661301911506	-2.96539600427551	2.97057670765021	2.91640894135452	2.00031754023773
NaN	5.42864788846127	2.80647736398566	0.975527335624046	3.99905592078947	4.59237315638048
NaN	4.4201833021033	2.25517504597787	-0.560344839614019	1.96961519273154	4.09050799527456
NaN	2.56722476573242	-1.60823237317739	-1.88773308941394	-2.50732181537872	3.2094839220149
NaN	0.390467388102319	-1.91197175573102	-1.81673663204833	-3.56246984339601	-1.51237866258965
NaN	-3.96111383381611	-2.12126249452858	-2.01354192674168	-2.77482119953153	-8.20489269490309
NaN	-3.28029630938614	-0.492281697370648	-1.08665516335159	-1.67475362063425	-2.08916035031106
NaN	0.359654348348421	-1.13053102529638	-0.0107348547008831	-0.775290366903631	1.15675048405629
NaN	-0.161056898587009	1.3854254921914	3.82967637283549	2.61705978162246	2.14471727911408
NaN	-1.78035041893747	-0.257736393170529	2.30342528062003	1.05357510394198	-0.0816293239995564
NaN	-1.24519694351297	-0.0686290856727532	-1.29583245094367	-0.634272118978036	-1.30724456815389
NaN	-0.498417862805462	1.69259851526288	0.983307849647838	2.48833300551021	2.88198542267468
NaN	-0.0274031364624339	1.02094662380155	-0.23867401271987	0.157871344200674	0.80529495138976
NaN	3.51668834626493	1.63027064437314	-1.45535711454738	-2.07529761990124	1.76393657020904
NaN	0.01148630856069	-2.13872150562596	-2.45118103051037	-2.49532112395738	2.34643207051024
NaN	-0.823650994853649	-2.33012178807449	0.875597554511633	0.212681348635691	-0.755756186329183
NaN	4.99647444718473	1.14372089005548	2.55617828990035	1.57999235092875	3.10028070001084
NaN	1.00462675794395	-0.0692892825786339	-0.628473685199967	-0.471599787196722	2.61572457127567
NaN	-0.960821967290571	-0.942157130876966	-3.60115133766469	-1.83964782809074	3.39291053382052
NaN	1.94242861202819	0.807236635421735	-1.98506899616942	-1.38550931365283	2.99819100244312
NaN	-2.25888557378629	-0.696225597285352	-1.72153893723825	-1.16404932167955	0.633426246301769
NaN	-3.03585608014572	-0.84026413440322	-1.63781345897257	-0.130543832538447	-1.5377942934777
NaN	-1.08080731045403	-0.182109720743994	1.11548436080901	4.89001417693785	-1.76129473533337
NaN	-0.496613830798357	0.985016717551233	0.828569561726471	4.40468740668615	-0.753897367196623
NaN	0.826351373394815	4.19733984972932	0.795104411886581	2.5135135884177	-0.748834516427248
NaN	3.41194256639389	1.40717526126075	-0.0558033982160079	-1.74904874434805	-2.2981423619593
NaN	-1.00424633468465	-1.58528623321911	-0.906944187096586	-0.739039471983708	-2.93629065141744
NaN	-0.516759045481326	-0.331784866923339	-0.53724990185579	-0.144477153000146	-0.514511228559799
NaN	0.730939470180053	0.396607246491749	-0.196746261062015	-2.50095291257592	-2.52624203278147
NaN	-1.5281269297399	1.83303822171717	0.818985902098737	-2.16664044195308	0.49336282204617
NaN	-1.23378535250428	3.28370927432433	1.83484382530258	1.23656477920496	2.76085336706541
NaN	-0.534617110015068	1.20640753710226	1.22755397989363	2.01104075792542	2.67746759571124
NaN	-0.322058730663573	-3.12025435671702	2.12356508289382	-0.387258308168658	-3.62207658231273
NaN	-0.179236739663427	-1.97925559759121	1.5353260980825	-0.605062056854905	-5.84435793686134
NaN	-0.0788379869287994	-0.604212208252089	-1.24243310048826	-2.33004149021678	-2.12605883430577
NaN	0.354709871104912	-0.668579110354026	0.896554328316893	-1.05798787751549	-0.347081303125904
NaN	0.259594235415421	-0.240818557907654	3.54647268023399	1.34980888504616	0.73064501564943
