NaN	-1.19105613993164	-1.81795693607228	-1.85305576138077	-1.05264665521807	-2.29765671440855
NaN	-0.626116160870635	-1.55373306722962	-1.64564020777117	3.37214213497953	0.363928129612954
NaN	2.88985829645443	0.201054667646911	-0.561093699158202	2.01067219736865	0.987215435773102
NaN	3.89964808216171	1.46563593151849	0.976808599695611	-0.0585028831788966	1.74804348530823
NaN	2.00076226088247	3.7729561705147	2.08792861329486	-0.0863866531255988	0.928240873979977
NaN	-3.32298527799119	1.49434958920565	3.31540052941956	-0.224168365732814	1.34043439094985
NaN	1.3070039050923	1.90227224301602	3.85515612610131	-0.590768399696057	0.33579972238632
NaN	-1.33650416899401	-0.490709534382398	-2.02487885071915	-2.39432841182066	-2.86781345896377
NaN	-3.56636313918585	-2.87904279241222	-0.707124896376597	-1.8280019966834	-1.44986314407775
NaN	-2.13349783764187	-0.180862346371295	0.373594060475051	-1.09891747514647	-1.81554514435082
NaN	-1.300070902579	2.20918494329885	1.211077902376	-0.110505045596461	-1.63897145906836
NaN	0.990416186426885	0.739388275262876	-1.79549689843328	-1.0005539316079	-0.542564083381741
NaN	-0.147513340865966	-3.08514134077423	-3.77819764654315	-1.13124666175445	0.548416326456176
NaN	-1.44848940621496	-3.82480459703714	-2.5202958980577	0.0419478841811207	-0.418018444924208
NaN	-0.943476829200427	-2.58396094986901	-1.4989629191641	1.04520684682191	3.53710327608833
NaN	-0.316341777595557	-1.72890660259746	-1.05341585830749	-1.09712174231652	2.08161953279986
NaN	-0.175448699236682	-1.51243443392443	2.01504841082385	0.0394544211579149	2.59042859267758
NaN	0.716531503542261	-0.556290653665975	4.46431848556687	1.56709180332127	2.69175713953203
NaN	2.59244176592425	0.421399412473369	3.671543475017	1.40960025881961	2.55127928674009
NaN	-0.501582943143425	-0.0588597732477097	2.16231904868949	4.03896835163358	0.624866599090918
NaN	-0.449279001244005	-0.591709506715952	1.58665321559121	3.89513660990067	-2.64763669942512
NaN	1.86245370862771	0.395786303112297	1.33827167536119	1.08291424289642	-0.915822578323752
NaN	0.229612355930316	3.22358595023652	0.895538195726694	-0.940646599120745	1.59706947220649
NaN	1.40006666216318	0.665212998124356	-0.180692434467243	-1.63422834300941	-1.28882908123258
NaN	3.75432919033585	0.807581430847695	-1.77793039231147	-1.47112029035527	-2.62613424080077
NaN	-1.10359737321773	0.141568518326288	-6.45478644085683	-2.63816442074344	-4.04266281074997
NaN	2.9636641559385	3.60726137028531	-3.24485342754298	-1.77641972225062	-1.22247805790037
NaN	2.32947922631111	3.85413873202621	-1.39497301334442	-0.953111851690647	-0.0843549241477049
NaN	-0.717818222808084	1.29315994547023	-1.00524055243218	-0.629509171445004	-1.93660218801465
NaN	-0.33590174169792	-1.24015321802001	-0.308534228780656	-0.359506596675937	-0.775206484497893
NaN	-2.79833878079162	-2.60199131242676	-3.7420232513192	0.606547870415669	0.938937767704798
NaN	-2.17863375045683	-2.11266471319258	-3.29455601673072	0.266779354942319	-0.559383447315478
NaN	-1.32689274710868	-1.56034125747874	-0.351385495367615	-1.15013327779592	-2.74602798430146
NaN	-1.04929822254251	2.71194377173966	0.643050774665366	-0.352758695259245	-1.36035049000963
NaN	-0.772853411968506	3.41359705755829	1.07237765713174	2.81639883999593	1.83810570910521
NaN	-0.487107554015829	2.11374636001233	0.840260514466985	0.588764469255906	0.910180663137158
NaN	-0.542241027803997	-0.181220757529817	-0.304001353272519	-1.29046637486867	1.19534172033479
NaN	-0.338912899578049	-1.88419323740044	1.39749960166687	-0.247295889984986	1.49913530612913
NaN	0.00278132470885759	-2.0627998138909	2.90798252317232	0.819951036565541	1.22662169897622
NaN	-0.00560456376364807	-2.2964804936475	-0.697418192485202	-0.389260888296454	3.09974700112838
NaN	4.34741064824997	-2.06246117817203	2.98444070171643	0.778945292017348	2.72063496462837
NaN	3.56713863816616	-0.0326971635732917	0.348317657069308	0.222147798590088	-0.692015309771097
NaN	-2.1380526534537	-1.55584421995285	-2.67811053850838	-0.83175688784829	-3.36354419260156
NaN	-2.14066949133736	-2.46067698000032	-1.56903193587106	-0.256544277112727	-2.12747446313637
NaN	2.88321226463754	-1.14338816624488	1.38771335052944	0.158672593888897	0.305350507004608
NaN	2.85052817689555	0.479208311964222	2.65877278435133	0.926603843256392	2.75868223463215
NaN	2.64920730847254	2.75800278596731	1.96801736630851	0.956839449839027	1.18958772349983
NaN	-2.74937462684001	1.37180571789879	-0.942171977612262	0.077296067911337	-1.87533610987131
NaN	-3.5094785142158	-0.670894993620104	-0.606438708437418	0.0908822797701054	2.63542763035139
NaN	-1.76507171019885	0.554453724767168	0.484523096272583	0.400432172066824	3.08104124133606
NaN	-1.24715054987621	2.51128754813674	1.79909248555881	0.712704473222891	1.89269697527831
NaN	2.47524757943358	2.59821745275634	1.81058847119013	0.954283400788871	1.01301567494381
NaN	2.57743890166062	2.20851701274889	1.77386211640748	4.34261139723366	2.42470939328938
NaN	-2.1663398867279	0.788844090398115	0.843293037202365	4.44127079713081	1.21964578217372
NaN	2.66765840616507	-0.591685930029303	0.455056440034889	-0.490803421150885	0.652062458604111
NaN	1.47572031958207	-0.592373602734496	3.89443632066862	-1.46874326924737	-0.453109779908807
NaN	-4.4411955545685	-4.00709916711749	2.58273211706285	-0.228141903912886	-6.17528221917792
NaN	-3.62471108842489	-5.22317459205346	-3.45993030190818	-1.89283919266901	-4.76883266254711
NaN	-1.49941945535475	-3.6668101065051	-4.61372689884056	-2.37404778798219	-0.582491375328105
NaN	-1.46534007917767	-2.49224494421114	-2.11746612315398	-1.61698678746841	-3.12489871838865
NaN	-0.977877417136335	-1.90552938807834	0.522060196625693	-0.859642037796845	-4.27970023515061
NaN	-0.661973111238586	-1.42744905146187	3.90735751032132	0.696054422770329	-2.01413986875923
NaN	-0.467828636605322	-0.79680078430051	2.55486684632634	0.622321070621532	-1.34362101482262
NaN	-0.0152218061294675	1.85315891855169	-2.38958356430608	-1.05434948963555	-1.10839950941346
NaN	0.0867864369313887	0.364388365634628	-2.00855697297389	-0.912668146358504	1.71561048382465
NaN	0.199449250603155	-0.801569156566453	-2.30103895778453	-0.798828630029203	2.88942987736398
NaN	0.527636300025774	-0.0337424598806369	-2.55249010100143	-0.912569465955538	-0.449775010946515
NaN	4.3192860283883	2.82748635517833	2.79665853938868	0.875471175856718	0.0692106926801365
NaN	4.01650473263817	4.56836694239758	1.22506997024543	0.399372599554215	1.90671236522323
NaN	-1.67752897171164	0.539038793549322	-3.35415148182871	-1.11289417173822	-1.44974957865903
NaN	-1.75507572784005	2.70473524709379	1.97274554958778	0.430805068628919	-0.0602940709777381
NaN	0.722885192321847	3.34820972241634	2.60136918532253	1.15832861299357	1.73758572277445
NaN	1.95368364526894	0.0669106133945841	-1.71286429985455	-0.454957521257724	0.306993301183844
NaN	-1.06017869062087	-2.58884439497495	-3.96811131192086	-1.06396905930305	-1.21838325116675
NaN	-0.9711309526321	-0.929030481979992	-1.87986478402045	-0.573965596198958	-0.452954237793768
NaN	-0.260261032277033	-0.00113292016046369	-1.18936001854191	-0.503698140936289	-0.0689395311391062
NaN	0.108938622370302	-1.45232175341296	-1.00712100462252	-0.0238705452239107	3.5361384257864
NaN	0.0540768463668345	-1.5209212823065	3.82152339716553	1.13397471502355	5.16383765886266
NaN	4.19573029197299	0.21331233456916	2.36195245172585	0.939433640349339	2.53424650475428
NaN	4.71936790331708	1.72210541622995	-2.34567231799525	2.80670998900465	4.65281848539843
NaN	2.85559662036754	1.34705113011737	-1.98708013127645	1.01701134943444	2.69516355349185
NaN	0.328465976974292	0.756719591115527	-0.631021026534723	-2.12145711226623	-2.31843929566456
NaN	-4.17224824676255	-1.01777988148039	-0.960999525281832	-1.31598635463488	-0.155228032624188
NaN	-2.90020282035648	-1.18881859029874	-0.920953696658623	-0.567748707799131	-2.64310869148618
NaN	2.55395300992796	0.123985447420586	-0.0230912113651073	-0.447936089429287	-2.00519904250638
NaN	2.96459314369223	1.73664229306982	0.855623763079503	-0.111799015055746	0.113029561978442
NaN	-2.80347597487752	0.224853819296983	3.28359348599038	3.1816521197053	-0.351074122279027
NaN	-4.22942509664014	-1.25514148650055	1.81928644476177	4.40489631134381	-0.771455000576681
NaN	-2.18601144502171	-0.751980254992038	-2.09995673099458	2.43766502317449	-0.998306459145754
NaN	2.45800396440474	3.27104194175485	1.21151901308994	-1.7030539102632	-0.500773743277704
NaN	-1.22147978377201	3.69795552054721	1.68879825006733	-3.21560400071221	-1.71059022646491
NaN	-3.04563126321914	-0.630077411493776	-1.16962137801492	-2.2263683841932	-2.96198953029564
NaN	1.09251036023419	-2.79538521491619	1.24542891665674	0.458481493685688	-0.0224893345739067
NaN	-0.700430230495916	-1.29313591444634	4.39030250337463	3.83703548948884	1.57640827970593
NaN	-1.92066661141239	-1.26368686980152	-0.503128814543257	2.26833115309113	0.190431324321852
NaN	-1.12755676550273	1.34088149555317	-2.93993485358133	-2.19216238632072	-1.90305071595366
NaN	-0.500648096315419	0.737813682004434	-1.08582749976213	-4.5861830179185	-2.23109800585516
NaN	3.19322365191387	1.21725368821312	0.261763404358777	0.261103198334736	2.79930450649682
NaN	2.15696552950224	1.28501498551115	-0.0832791564073491	-0.785911846951618	1.44969916825014
NaN	-2.42268616379309	-0.69413093978005	-1.03045202327795	-3.38165582028965	-0.446081851798384
