NaN	1.16613558846247	-1.30000950733611	-1.73519093344295	-1.9533263328021	-1.27060907692901
NaN	3.37390338170402	0.981024389744309	2.732004798462	0.998465001417806	2.17052640797763
NaN	-2.32552134724414	-0.449578688154711	3.73463324671772	2.76705559340022	0.170628236202908
NaN	-4.06288007666272	-1.89940296232475	2.15207978471296	0.367346463518036	-1.10778761899678
NaN	-0.933594198328959	-1.10609747399339	-1.60071550291434	-1.97012275765315	-1.64623060248541
NaN	-0.631927566978514	3.48026638854807	-2.97004112479488	-2.07600929108213	-1.43613668227737
NaN	-0.747326889914617	2.22073723998363	-1.90888386963648	-0.950784431574548	-1.06173824176359
NaN	0.994731076520073	-1.67139705423159	-2.28477428351957	-1.1273232332112	-0.229745833171216
NaN	-0.398478389873763	-2.06255626770594	1.01094578968334	0.304330711674899	0.23784285658908
NaN	-0.656671173894629	-0.716591946723812	3.3791388246115	2.26702113352956	0.800314394403781
NaN	-0.119356226675122	-0.312669984068038	2.26101268579388	1.81617386741576	0.742158728732492
NaN	0.0370580159656765	0.793884663991302	1.12850965564727	2.39041732934081	1.46673107895086
NaN	0.626611649339177	3.37315825319764	-1.30484990704867	0.0233850337927603	0.200266969185035
NaN	5.46711799351722	2.23422638649834	1.60260338643075	0.014192923273815	2.59125013208189
NaN	1.8337493579173	4.13493607838092	1.86248636846487	1.17906799682985	1.4446570783317
NaN	-4.57792446050167	1.88726585169669	-1.9483426602159	-0.699569755747682	2.86990453085315
NaN	-0.716274651849391	-3.44633605215437	-6.18752795845714	-2.95064735186836	-0.761799986283433
NaN	0.690498639591512	-3.79215218514678	-3.27205411322557	-2.11791873828525	-2.60279734603185
NaN	-0.905612816932883	-2.19964805958925	-2.98459347552471	-1.3050583011844	1.80475338662816
NaN	1.84414519522804	-1.37013339794953	1.44596938142461	0.716434944453701	3.73157077345927
NaN	3.45662715740926	0.654695334302838	3.21490336714231	2.08201657790604	0.427027018681471
NaN	2.74865536276541	1.18625112373977	-0.426255762933547	0.0817996530683944	-1.75962330593924
NaN	-2.96080836740618	-0.680611798872886	-5.05816200156664	-2.18307514722671	-3.31240603709044
NaN	-3.93395471823253	-2.27341164596488	-2.86574420915383	-1.44262705407383	-2.9642596426729
NaN	-1.28173535941032	-1.47945606246089	-1.00510123933207	-0.701001810797391	-1.05308593555439
NaN	2.19997932545271	-0.21672017039482	-0.632618128003282	-0.323980611370187	1.52636132166116
NaN	0.601301800457148	0.648808766950008	3.43720821354635	1.51438944824767	-0.519620756538336
NaN	-3.32707997052306	-0.43563364392097	0.545988955902655	1.14268198106364	-1.6169601964065
NaN	-1.76213934361284	0.664133208323415	-1.36935240188216	-0.685189530344449	1.91505023196528
NaN	-0.239846171810422	3.35078189706875	1.13366795858782	-0.00238692830740679	-0.899599498879609
NaN	4.60224261337359	4.2151207662826	4.22580590793523	5.25594855461006	2.63105561936264
NaN	3.40902778566358	2.01339298912088	2.94427821964732	5.21564134340533	3.5111951671024
NaN	-1.06367638875369	-1.67697337066002	-2.15712141993728	-1.1583391062798	0.788084395254078
NaN	-4.73908580327211	-3.24590070898808	-1.87330761365475	-6.09242900327361	-4.03202381673684
NaN	-2.24264901557442	-2.40486703498719	0.214331879908284	-1.37606080065903	-4.15626713593055
NaN	-1.21187506584795	-1.33504293291229	0.0145687537280378	-0.0789915888715931	-2.43539605517209
NaN	-1.08742122322388	-1.17972228427965	0.33717094674694	-0.610725875999829	-1.68111612901792
NaN	-1.03076755088527	2.14960341730608	1.82191204132177	-0.055170919941632	-1.35274108103257
NaN	-0.783253200292972	4.39110643120855	2.7221393757461	0.687804904514552	-0.69541472315386
NaN	-0.299781300715849	1.40855060660803	1.60752821998947	0.351646191043547	-0.336666685522188
NaN	4.81893316392725	-1.81269448403943	4.88962968603113	2.23739733882202	2.67512645946539
NaN	3.11197541562212	-0.247064351490235	2.16011291414183	0.893210048140731	1.47948951459117
NaN	-4.36708708164567	-1.91051127182145	-3.32257465477846	-1.62025056212641	-1.58586785756414
NaN	-2.68942912955139	-2.65035038173027	-0.0365675714123998	-0.331617360264547	-0.654007971478903
NaN	0.0235596165330218	-1.57204863082076	4.5010818784583	2.12122346031159	1.23051697703562
NaN	0.255146410119912	-0.962515271190354	3.20076446190301	1.92288641921339	1.24306654592815
NaN	0.343210050516641	-0.477053070140932	0.778306596235374	0.379684804121333	0.661534371088192
NaN	-0.441703350203798	2.96664155219646	-3.21930391281413	-0.301391480562542	2.12780173531736
NaN	0.475119272314524	1.22298267488604	-3.36125292021188	-0.822792528887799	2.86616245142367
NaN	5.30233970371096	0.373361028800072	-1.61525243357543	2.96817543824656	4.43876693495869
NaN	4.68822184273537	1.45311481522777	-1.2496121897215	2.73366878175108	3.99328865906061
NaN	-0.660958376449513	0.258880204763366	-1.14561911742773	-0.714668878046036	0.751823828001209
NaN	-2.18140789880942	1.86379189736055	-0.226252565227639	-0.760833258259282	-2.8224070681517
NaN	0.324080239410469	2.20877698053921	0.240398614730704	-2.93295082253355	-2.76590683123602
NaN	-2.7217858336289	0.347817103786416	1.55450557234752	0.947871807491245	-0.971954547690638
NaN	-2.62870824350234	-0.974757295384345	2.60234355710051	2.54381379422335	0.570679879826189
NaN	0.44300514015967	-3.16104736436617	-2.84350196254167	-0.753777241059744	-0.950002588593752
NaN	0.924915613718362	-1.90089704642539	-3.56965146551803	-2.87343312713149	-1.74473340796252
NaN	-0.460356471292773	-1.82481619624544	-1.52024477369397	-5.43774563856806	-2.6713937032299
NaN	3.89711402151036	1.79911271266858	0.239240430850997	0.458547898522897	1.7002595562314
NaN	1.99505095388236	4.00401765305904	1.29506294452995	2.73298751637986	1.85503116680602
NaN	-3.07751845548885	-0.500594083806724	-0.823644328022228	-1.53083016787463	-1.98248327594682
NaN	1.11373557772637	-3.11350851431199	-1.15900294244204	-6.8250799467551	-1.69232897662557
NaN	1.94945979929891	-0.177145559266693	-0.232032992382848	-3.49918733330998	-0.334890626216112
NaN	0.348287449039289	2.18393257112977	0.833337717555272	-0.875737053344852	-0.328823714480736
NaN	-4.95939771607319	-0.536434233129876	-0.410788934814453	-1.33003086784471	-2.1786268178914
NaN	-5.11348374276679	-4.17054909585217	-1.61695802900301	-1.57237749820924	-2.2281482684899
NaN	-2.08901322812749	-2.84271351801137	3.75052763383799	1.09754822953251	-0.396986450266308
NaN	-0.0176748068073475	-1.17071310004282	1.56446762687971	2.04340353904501	0.592206509079812
NaN	-1.62397701252573	-0.566531001137729	-2.86558785349439	1.53596629021505	2.24483848764307
NaN	-2.10368321881165	-0.671451903872142	-1.82734519251241	1.45761574687381	1.32490658413455
NaN	-0.986458934396546	-0.562629541150156	-0.27978232037021	3.35898391707543	0.187336717937321
NaN	-0.619236745242568	-0.192644643499505	2.3422432126937	-0.382478057363614	-1.40354514968796
NaN	-0.293745907941831	0.133405544557701	4.35253224383942	-0.189598210869356	-0.412972163828161
NaN	0.0477255775342991	0.386326447309598	2.74598698512866	0.896179687880949	0.172651654883342
NaN	0.253155648080641	0.539543620525651	-2.81037219992266	3.08992700436731	1.65067258478522
NaN	0.434682589953263	0.681629506560887	-3.733531519441	0.0412332607246979	-0.471754218875831
NaN	0.596608586807776	0.914884099709265	-1.29710313771113	-4.4878446494733	-1.82470976114376
NaN	0.669247833749687	1.19861160205777	-0.75069349061206	1.73611467142084	2.69315597901407
NaN	0.620545223998454	2.7924811254825	0.909895458884945	1.80550807061493	1.39614065637373
NaN	0.90796014011231	0.972564330143829	4.25861545611147	-0.103366004129661	-0.555797130474741
NaN	1.12816103995099	0.114084540308982	0.853354397135862	-1.47987703650659	-1.16296422112178
NaN	0.874921847109494	3.79043165925903	-2.59657329683688	-1.81718989100677	-0.736882537495368
NaN	1.07470946157565	5.58225504559293	0.125839539012815	-0.49305623536012	-0.174537079768036
NaN	3.72320183397371	1.69978254428857	-0.0854922011806658	-0.365414242128941	2.73632595807989
NaN	0.77369260006051	-2.56538978493861	1.52453820962597	0.949432711691559	1.12484344784274
NaN	-0.878454691394869	-2.34017578861504	-2.10257341218086	-0.581726916807314	0.758698879337704
NaN	0.427666338725411	1.31971789566897	-1.9686058641399	3.36178691618401	2.34249395719799
NaN	0.573016550989774	3.3911864395496	0.255084086958698	3.69381736111927	0.975932537497891
NaN	0.17130622906036	-1.27923078707458	-0.564486391088416	2.79791382155772	0.760562143572208
NaN	0.280211332693368	-0.226220658538479	2.12682635375303	2.76298476987028	1.37174828931361
NaN	0.324030287789656	2.648933226437	-0.0860405129088766	0.583245011203647	1.57101587449739
NaN	1.47731760400522	-1.73955618340331	-2.33032660458702	0.887838846064108	1.73249803564117
NaN	5.46436484248505	1.52343057780215	0.274220833328225	-0.539137949578562	2.06516693289288
NaN	1.23113134552983	1.6540858136333	0.931032056669679	-1.10138302042779	-2.61048081878288
NaN	-5.07998039766126	-3.86758850452065	-1.72514553429735	-4.91998429989982	-5.67975051261014
NaN	-1.55488130936262	-3.43817082752075	-0.202706056571615	-3.57486669554538	-3.38804290680217
NaN	-0.38205961632488	-1.3470072120071	-0.0525904403303078	-1.81287187442111	-2.40519500749198
NaN	-0.190788177180909	-2.9119458319466	-1.02479038052682	1.77864493709566	0.217770224938597
NaN	3.04183549582999	-0.8448576371358	2.40180757764779	0.898805666583317	0.52532813967344
