NaN	-1.04498800547652	-1.50099414808809	-1.95273884607601	-1.29480971189699	-1.87491162479614
NaN	-0.563219731624896	1.44074405536713	1.98416443063593	3.92268617590286	2.18810086328657
NaN	2.64952558440754	2.37647024590608	3.78212342701625	2.11264298851913	3.6049076584531
NaN	5.21163304157426	4.04769235479214	3.34886518086448	2.61894007013617	1.55522935114448
NaN	0.0420608969586422	-1.93623525560071	-1.25415707129533	1.85352023538067	-0.173642041732641
NaN	-7.6464926517429	-5.5317265074131	-4.32477238584443	0.189216665059359	-0.690337670468652
NaN	2.80101379856572	0.232744691344239	-2.1451705798265	-2.73183785379125	0.779915664095533
NaN	2.36992861189688	0.128905376017391	-0.36926570436367	-2.00072382628265	-1.66487683434725
NaN	0.486999724892455	-0.15079874115255	-1.0801627290609	0.407276934896364	-0.402662208065606
NaN	2.97941289145518	1.2428480689801	1.90516747810938	-2.04926447696959	-0.624392428481452
NaN	-2.3831237495412	-1.40149585997762	-1.1244655703041	-4.65337915962197	-3.08601710030138
NaN	-6.49666627044668	-2.14842439976893	-2.67677929537754	-4.0966365044432	-3.56852766057723
NaN	0.604583859880028	0.169112341516353	-1.52750521863945	-2.05339272901002	-1.05824721300994
NaN	4.78331844207797	2.16822748418131	0.072230765838075	2.69844024273415	2.71160102482702
NaN	-0.449208167046854	0.0877181974447592	-0.295464687468327	2.37874781888242	1.37958024291988
NaN	-8.0597590904082	-2.19973456963248	0.13313628157795	-0.568325255936154	-0.614104623547753
NaN	-1.36520138362391	-0.584258984075898	-0.535372827671789	-3.82137004739951	-2.1721810950115
NaN	1.7424369558177	0.440919495463165	-0.488005067599446	-2.84760287216204	0.245611651084688
NaN	4.68439578941386	2.48199459897718	1.07874185492724	1.58644173986949	2.58463154746553
NaN	3.45940752204299	1.95025587438602	1.33696581637239	0.238860930705303	0.635548291126448
NaN	-3.52420461382579	-1.2089518550608	1.8484186997996	-0.958941579279911	0.266838062951998
NaN	-4.23448780852373	-0.617129311111654	0.0398021630766703	-1.39813294528811	3.2678905689747
NaN	-0.346983817911424	2.63677664622677	2.85286894971662	0.942235892353471	1.67038709797545
NaN	-0.508843385315448	-1.29829223899914	2.97767000705465	1.23128264404516	-3.67612839748365
NaN	-0.724519309807576	-1.69001727733037	2.09424191881783	1.29345521879035	-2.44703651786298
NaN	5.12893894531227	2.40321118004005	-0.816545399887565	-0.326169007276091	0.379326069877383
NaN	2.16619469270752	2.1700065861854	-0.974200538195556	-0.46412145570162	-0.473930512387998
NaN	-5.90473197756351	-1.77462938491075	-1.76379428088425	-0.258574731625197	-2.00900389643907
NaN	2.76922193115237	-0.100675968861798	0.631281600177071	1.7621464841029	0.730986869395444
NaN	1.77529585475732	-0.0500000720493212	3.0866379614393	3.75511266278178	1.4595185673573
NaN	-3.79692746166728	-1.29507349321172	2.36589792635419	2.00534853702081	3.27718316374583
NaN	-1.30868648947553	-0.80443141686493	-0.511737119852523	0.159669635153276	2.22885349412457
NaN	1.280348380322	-0.320927976348718	-3.62614410162967	-0.982170155240696	-3.5005361172606
NaN	0.160955083113396	-0.424616959352207	-3.43157802857189	0.753554103883146	-1.8358016299525
NaN	-0.185155470802356	-0.187161502696355	-2.55223788948121	-0.541366358992247	-0.659249734990147
NaN	0.522586821623219	0.0199594944059927	-1.71145408073212	-0.774139164115521	-0.61326906826586
NaN	2.93143778440406	1.18685217364842	-0.902060367544755	-0.229376921764744	0.369297564754302
NaN	2.79583420113092	1.06647973254583	-0.64036438069701	0.0641066780935556	0.712901591549428
NaN	-1.92852239619381	-0.638615579461154	-0.633581048911296	0.0479848297735926	3.17056681815989
NaN	-0.970144309704809	-0.122652081809519	-0.588322522375196	3.84471978814429	2.3709756217782
NaN	1.02883349570714	2.68479169849116	1.52191493284041	5.07264478830573	3.59953158777932
NaN	0.618993696444417	4.39842469899905	2.40915210636361	2.69099611727128	3.07114132442831
NaN	0.942461949776494	-1.22169755164834	0.143260078515985	-1.85954085678241	-2.94045576852087
NaN	2.07896024707675	-2.2132050404459	-0.662668903656759	-2.51851719028698	-0.514320077124734
NaN	4.69045795610469	2.44698197395946	1.00773943620676	-1.40217921237553	3.17597696902219
NaN	4.61328730252787	1.79265560216834	1.07397387334877	-0.843844646269471	-0.407655307677254
NaN	1.30476304037177	-0.51806164054749	0.439869895093049	-0.882896218976959	-2.01598784504788
NaN	-6.19224741538769	-2.72279155650669	-0.802537515152917	-1.42092150980672	-2.62422386759771
NaN	-3.70515222765644	-1.87527979823798	-0.621571975059115	-1.02174787749813	-2.16922257542941
NaN	-0.0839625305253183	-1.12370465123652	-0.534128184176298	-0.600790081670295	-0.276685254461409
NaN	-0.856647742953448	-0.807363256884019	-0.186859026405864	3.71041464882786	4.69408291872152
NaN	-1.41911468924288	-0.765111650027945	0.518219591588592	3.91793725584817	1.94187098590248
NaN	3.06292552122701	1.16783238744299	0.797237592089814	1.86729520992841	-0.995914144221849
NaN	0.452267523295138	4.00834414119614	2.85834715185391	-1.74375004333653	-2.43685343297857
NaN	-4.16481570493688	1.387068352612	1.16389786540573	-2.09127542398555	-2.11287884757984
NaN	-0.975063544519794	1.68111502950725	1.15080205317641	2.31279934919139	0.500663017101337
NaN	0.337979617374762	2.46581698510283	1.76682873462858	2.21683242457022	1.11415819379263
NaN	0.668246062634161	0.253950104044935	1.16879727613295	-1.83893821530075	-1.08201578975314
NaN	3.91974719187812	-3.62906703374867	-0.00768616016891973	-4.036584351049	-0.834418054679174
NaN	-1.75114197863504	-4.6669639405181	2.22555479507242	-1.55321180041678	-0.908317741563307
NaN	-4.12413975184363	-2.76091820991333	1.73517162440166	-0.452857472446751	0.10588437804799
NaN	0.969407747426497	-1.77861250690133	-1.55547500164967	1.38863524131633	1.81968886441586
NaN	5.06389764905615	0.656931664621773	-2.95698401600866	-2.36305230236773	0.0141438300401606
NaN	-0.348645779021917	-1.56599230804373	-3.20178650233944	-4.6730980072544	-2.4432079305715
NaN	-4.7396367605613	2.52465208368506	-0.821846751988317	-2.33270073254069	-1.44122963880358
NaN	4.87624542404728	4.20605760067454	2.40195910069216	0.0731482517916796	1.77192672948869
NaN	1.10632523375304	0.0311548208592498	2.17732438587539	0.605107839006657	0.496121352598769
NaN	-7.1544149555916	-7.08242366263167	0.0343210508853169	1.61805393935911	-0.0153697014728617
NaN	-1.54344143066035	-2.81288306139299	-4.00185628148785	-2.23846366417148	-1.53979445833825
NaN	1.12155164999308	-0.74312650321744	-2.33264868133528	-2.63303215794873	-0.898466373896366
NaN	-0.939773964396607	-1.09250600995593	-2.87142077218729	-2.07007126770902	0.0186884337344129
NaN	-0.755819460019348	-0.86655803097069	0.331638753408033	0.0164921804664708	-0.327185986735129
NaN	0.383405013105349	3.30898324555908	1.45882227108609	1.77133881691449	1.02497356771592
NaN	0.916757547864928	4.12344140894478	0.70022191961727	1.23910719405299	3.37912561487951
NaN	-0.220516180041991	1.33271360693449	-2.31336899890157	-0.44940312249319	2.48681214137301
NaN	0.11823225919086	-3.59705545539024	-2.50730016584	-1.71512556693529	-2.69580489201682
NaN	0.414180236347556	-1.35323424764172	0.905325441682449	0.782117839588264	-1.01628435454643
NaN	2.26734241452748	0.705735735848553	-1.76627749162978	-0.375029891519952	0.179531397339766
NaN	1.70297788345482	0.344982375431498	-3.68697002517187	-1.63591991273454	1.87612422204354
NaN	-1.54463016719271	-0.684454613169559	-3.08267108231234	-1.14162762519873	3.97378307882423
NaN	-0.492453320753834	-0.105548888966215	-2.16118666177873	0.832837456190156	0.25951348835232
NaN	1.18427800740218	0.364085399114839	1.58570164266994	2.07860003301739	-2.73102674697841
NaN	1.62071416849676	0.850187644327379	-0.092475778871176	1.30096671353991	2.63155762347685
NaN	5.45586727395145	2.92877507592515	-0.171185646611718	0.423495871610187	3.40786388852982
NaN	3.37465940333119	2.69343460468948	0.369967637834153	-0.197770666504194	-0.932786070530188
NaN	-1.83667551199224	4.43055433436631	2.44262924308047	1.24598237639725	1.47323162706544
NaN	-4.64517167723112	2.64362385892713	3.38473383739012	2.41641313135989	0.790417139883654
NaN	-1.37187865959943	-3.42111063104707	2.19200006263254	1.56336894378242	-4.13092746720385
NaN	-0.42910558949274	2.75468591897593	0.444545584389335	-0.4438722150979	-4.6697818902352
NaN	2.73723272542647	1.50556545986356	-0.253956895233478	-0.487458431745064	-0.920398442737716
NaN	-1.3893238114601	-4.81990558191912	-1.91236311369008	-1.0107847327348	-2.13937836285271
NaN	-4.20793815910049	-2.9891127248567	-1.73652998677173	-0.602514007982624	-1.70512659918963
NaN	2.51747300907348	3.3467300350828	1.23448045821575	0.421135845230883	2.38333983219244
NaN	-0.341540928928036	3.36833735235557	2.22991075753186	1.33599957088321	0.965308689280038
NaN	-3.30015596708129	1.65542874795682	2.92091243517494	3.69899383795726	-1.03832138045171
NaN	-0.871046566012657	0.978789473517512	2.82124374801561	1.55303963942307	-1.02043834609389
NaN	0.16862541739259	-3.16678863084545	-1.07620048764981	-1.46739974640417	-1.86710140698559
NaN	0.836826600085398	-4.85174974109502	-2.5270806518707	-0.720414201635073	-0.596942816126391
NaN	-0.170544512320454	-2.45708524649423	-0.663148066080188	-0.565693445087957	-0.516863735171851
NaN	-0.883589003989406	-1.61359426058207	3.27934476764242	1.42067656300599	0.364929001477637
