NaN	-1.17282693050399	-1.40940726480688	-2.60104817538303	-2.30573470931906	-2.73188621662866
NaN	-0.709454749116213	-1.0534193793865	-1.59966805171862	-1.44845254673748	-1.90036706283388
NaN	2.19322384314714	0.564097500982969	-0.182977766382219	-0.934816938016675	-0.0249857273535408
NaN	-0.46391818362562	-0.280585084855422	3.42434817921357	1.33689864778261	-0.24310158733791
NaN	-0.833731522936761	-0.36742090166732	3.52572299087879	1.76629632813032	0.00970455962334472
NaN	-0.823722090464286	3.72844606433626	1.93994458924192	1.18426613609928	0.0192821766672571
NaN	2.91966176940526	2.50383533094481	2.48700786696138	4.2209698566177	3.20264052899645
NaN	0.790591029515659	-0.689315136207649	-2.46252462173494	2.92236241546978	2.07771022019959
NaN	-2.37078562563741	-2.6683092970122	-2.12925038127625	1.90424242601959	1.77289744768124
NaN	-1.6173264422326	-1.75408874414641	-3.73903793525196	-2.91032230906613	2.8855225267128
NaN	-0.614228532500248	-1.02020586159839	-3.15475224599855	-5.0522609647214	-0.96209380300689
NaN	-0.674228726310226	-0.557728760583938	-0.525364838702703	-2.41504419512707	-1.38493143473037
NaN	-0.434862365932475	3.3148551068654	2.45623418257447	3.27582437623607	2.09952555784309
NaN	-0.219306626339714	1.02344011392647	-0.392243925047828	0.206285391078683	-1.72365601851366
NaN	-0.148971536465033	1.75888894704836	0.589255218817472	1.18960253123181	-1.5317871329622
NaN	0.120906027986799	3.29429689912694	3.16881012494783	0.0571945429420071	0.641258699963187
NaN	0.132259350301152	0.341933956256149	3.15181976199096	-0.63949533708585	2.36817540113642
NaN	0.076207547257902	-4.12477191169948	1.63128890809403	-1.00402430667985	1.64674833379847
NaN	0.660799717238609	-2.99771974081088	1.2869030371018	0.221687360634784	-0.264055254070785
NaN	4.94332135036905	0.644067836558539	-1.59201613023065	-1.3215813035809	-0.389090111921548
NaN	1.294817125091	-0.295135795096602	-5.97425519873039	0.820138693577199	-2.49700907316306
NaN	-0.702411392690526	-0.902155383117875	1.31061541323114	-0.497222364295272	-2.87753859222053
NaN	-1.32283702754086	-1.51374865328765	-1.8234107838089	-3.87494356002593	-4.27599425367472
NaN	-1.18460612289392	-1.6440082904974	-2.94040714776046	-3.32058796327721	-3.91806836137537
NaN	0.28155737015978	-0.681264259398362	2.55469270322298	0.662297609507353	-1.24567183689668
NaN	3.48576087173968	1.67008304671636	0.174674189119328	-0.223780210390606	2.78391749469295
NaN	-0.968792525889751	0.174646628843744	-6.52677045370892	-2.93497354508816	-1.68008955568812
NaN	-2.71307633073986	-1.42272980308583	-3.89187293306192	-1.57634332616406	-3.91093646787823
NaN	-1.45783543631994	0.928374512210312	0.124436539415034	3.43621325812686	0.326999857221606
NaN	0.0279925907097909	0.991832115641673	0.134465687530944	-0.41438011616135	0.26229228150646
NaN	0.655389978565318	2.66272431344752	2.75044933864423	-0.569495274641876	3.7371158209831
NaN	-0.249153648106814	1.00662056663188	-0.208613158379545	-0.769733233895837	2.28642923577265
NaN	-1.44741010247217	-2.30662236724289	-2.79121667888457	-1.32385064555889	-0.475328916497869
NaN	-1.01538938653214	-1.80696181441709	-1.02206367911356	-0.623959862048243	1.88479100756981
NaN	-0.635241959678218	-0.718150439901392	0.21213511993769	2.41708999490861	0.202568635737555
NaN	-0.754301475173782	-0.190833002290626	0.975371856395944	1.05767178600969	-2.85238572785605
NaN	-0.386336028369769	2.18292912018978	1.64493777710659	-0.294755993905942	-2.95512619115445
NaN	-0.22774052965131	0.185402573507186	-0.187298341867289	-0.343289161174434	-1.37909636453484
NaN	-0.354292419667027	-1.21911752407327	-0.115329498678802	0.427270795380231	-0.325781141468743
NaN	-0.19542079582461	-0.616551192634775	0.621144284713764	5.15457675770498	1.0564511654088
NaN	-0.103193474448764	-0.121130005034254	0.963960899203278	1.6360232204914	0.482160853646003
NaN	0.455185625567097	-0.0363545543207222	1.22945549056433	-1.81926934711677	-1.16730849700017
NaN	4.76925086604159	2.40335343731593	5.14883093653229	1.31088917617334	2.33384790206793
NaN	1.67979973814175	4.201997940611	4.04602226148891	1.47733119040213	1.42147871710395
NaN	-1.62878047064817	4.09938312837629	2.44925668984322	0.814716063188263	2.74269021963431
NaN	-1.65889252730129	0.833094491477816	-0.415368802386047	-0.493937548301099	0.53525171431858
NaN	-0.760734220157179	-3.18713924354414	-1.84643566688861	-0.846711358179977	-1.77270016449356
NaN	-0.549426179048683	-1.72289556777145	4.42137822749236	3.1056526142141	0.136658941674047
NaN	-0.743705210178599	-1.69833437118104	4.16095688677403	2.2926096298795	0.719708273158066
NaN	2.95266367849364	-0.57849692126746	0.69897650789245	0.251824675139466	1.39309537895624
NaN	1.45592441818678	-0.0588062071339556	-5.65092782830583	-2.27545184549534	0.798312646810117
NaN	-2.313860622155	-1.54196415810846	1.9248440330147	1.38911817447648	0.827828925457555
NaN	-1.19603523472036	-1.5228311994199	3.1975200167854	1.77613540477939	2.40091733984061
NaN	3.91403420106186	2.64196204565398	0.433741710605975	1.65365933900793	4.54853755539472
NaN	3.34182546228516	3.48689871563176	-1.59072939354772	0.607911786490412	2.63897285319959
NaN	1.41263383568987	0.380646520720767	-0.328458208424719	-1.52980344820372	0.888573205186436
NaN	-3.42994487696242	-2.74680371871263	-5.51680190126966	-3.65856054152525	-0.369633549107276
NaN	-4.14565019752138	-3.02769459016994	-3.921511557449	-2.5357303099142	-4.71852706155215
NaN	-2.20544071890604	-1.82482833819528	2.24679008782484	0.519371539960787	-4.14801620870305
NaN	-1.59831541491518	-1.24273858481335	1.43261095434006	1.9871275356401	1.46609890920739
NaN	1.30465709924142	0.465857314056436	0.445032965718905	2.89687868560465	2.3337491743806
NaN	-0.0832391223982623	-0.121562767294433	-2.36556314354455	-1.81840321678073	-0.764532179182452
NaN	2.0974981432985	1.00424352386474	0.418744478053196	-0.758656306120425	0.528961120836711
NaN	1.70287639572173	1.6458070165128	0.55104939701624	-0.0603620229570669	0.570019730084711
NaN	-3.16616397779094	-0.884294660296807	-0.800073264966581	1.48951303784151	0.220337102736345
NaN	-3.67220624752216	1.55861690996121	-3.02478875410492	-1.18317989196448	-2.70526414279393
NaN	-1.82092066402305	0.984748516998187	-1.35799707685185	-3.25474886705643	-6.5284124865108
NaN	-1.15220881174352	-2.24330130045153	-1.1487734432219	-2.23269382571294	-4.8789652958644
NaN	1.72850828768774	-0.846660621847313	-5.43962489789096	-3.73140786400322	-2.86558369281358
NaN	1.13505166592169	2.16150061572131	-3.80044804532885	-3.23943831926056	-2.5326228404036
NaN	-2.2939327558659	2.47306039880663	-2.48135759288233	-2.22390767542324	-3.38968620110719
NaN	-1.69009252554516	-1.73499130500238	-3.00900904502516	-1.65270954206599	-2.64298778296148
NaN	-0.537396918511672	-3.20125819259335	-3.11162559279739	2.38032806257379	0.377143721824652
NaN	2.89282386210404	-0.0244213813462108	1.39046404922774	0.033759941676936	1.31502824708274
NaN	0.0961307060863379	-0.433274718433625	1.06396363282567	1.86082084896668	0.770387439783236
NaN	-1.97638330197465	-1.46516430833969	-4.28588673876776	1.14850332566228	0.821860314023563
NaN	-0.693379643496796	-1.13617652372457	1.53806884672782	1.43959597709206	2.69264527427535
NaN	0.115689599034325	1.04850291824238	4.7916391765255	2.08369378821317	1.26894814580891
NaN	3.97596957404245	1.63533015177479	3.43104624565115	-0.0821806109967284	1.33732129714256
NaN	0.365038329773448	-0.161755838642662	-3.85314278010546	-5.53504625624183	1.10435732525604
NaN	-1.68553455046317	1.4408235261027	-1.23733810045655	-3.38583417337821	0.502878045639762
NaN	-0.468815968745494	0.753248405465873	-0.74375579988186	-2.51932502177674	-2.92849106188404
NaN	-0.0240341784817752	-1.68352015046885	-1.23310647292183	-0.16021286255137	-2.07545861978797
NaN	3.41814309395366	0.201791729937603	2.13743413114381	1.08142919905978	1.00965845544181
NaN	0.677679324512809	0.535760911668822	1.05834819890501	2.79529917534469	3.18333595570191
NaN	-1.51768617891559	3.00753706777129	2.4394114136007	0.0293014661455337	2.41364864419044
NaN	-0.685877682248249	0.346251558431878	-0.30959040785823	-2.97389357602251	-1.33677720713864
NaN	-0.119361493447262	-2.57612199233704	-0.874874065182481	-1.78682606964761	-3.0499221134848
NaN	0.093634345597634	-1.74228743534314	0.375842348493204	-0.86551770249902	-1.93823363241335
NaN	2.22360110485057	0.0345528717324231	1.60553826459656	-0.0515996293739786	0.60442984818131
NaN	0.803042599869144	2.02662660856489	3.23321560044835	1.09617119379037	0.57152991063829
NaN	-1.00776528365502	2.27055040723802	2.39730096193204	0.955228902345161	-0.396233215218888
NaN	-0.172948460750726	2.3365131878589	2.72237806331689	1.66361741397963	0.167336878595105
NaN	4.46475991285342	1.17456556131538	1.79635682456842	1.22808762071308	3.82955378263429
NaN	4.27490512868935	-0.0413617065911376	4.34954765664888	2.71295425993203	5.62287913889409
NaN	-0.00950966705492669	-1.46553339392865	3.91883691383176	2.60969740491856	1.82103803960585
NaN	-0.820169655936754	-1.42235512319107	-0.95584595401163	1.38388465181208	-1.53246200821922
NaN	2.25750350157531	3.02306022737338	1.06043126062901	4.12022177891365	2.10036502271089
NaN	-2.43733503864864	-0.909715739686926	-2.35478040621564	-0.644121474414119	0.73988275593736
NaN	-1.12416928397042	-3.50873511541075	-1.72531601535392	2.02633118205925	2.78533903383179
