NaN	-1.10529407640446	-1.58406045000095	-1.66576807528976	-1.80476131270202	1.15325879611903
NaN	-0.94435432144118	-1.38410495152862	-0.872042682946461	-1.12585633353134	1.85833074541758
NaN	-0.544351856452681	-0.836968184240154	-0.672894456756645	-0.927918525891761	-2.44102889649742
NaN	3.8924011124796	0.883224311327293	-0.385073870536451	-0.573466806723318	0.328227420518022
NaN	4.2313820889362	1.92925432805379	0.459251273759883	0.012984226676437	0.626557552158134
NaN	1.71348261692345	0.673448538519963	0.370982838795731	0.0512873462736111	-0.222984348701614
NaN	1.78843621153987	1.0639871703633	0.582959613687884	0.232733058326569	0.0174318478362943
NaN	0.314823142254158	0.849008037796662	0.497882026799689	4.11013214947651	0.678768660224708
NaN	-1.70021147995588	-1.1524489847976	-0.100416538940598	2.17268999139981	0.838307902353297
NaN	-0.233944908017491	1.41703964772668	1.22173943151959	-0.880003780994695	1.1680823718497
NaN	-4.59839099528747	-1.79219044938814	2.94538583873329	0.0990476679164719	-2.77049991664935
NaN	-3.52952003863809	-2.31258528443657	0.68528606766592	-0.807309609558817	-3.54630037933484
NaN	1.4924541452404	0.740010502206105	-0.937346180719983	2.27100594633952	0.64756077590768
NaN	-2.80238603705014	-0.829410799809421	-1.21648006055215	2.40192405796589	0.767088327512573
NaN	-4.53455079192707	-0.486767424337813	-0.908790200937831	1.65115730757071	2.93767884915838
NaN	-2.35864650662914	0.181333374532888	-0.290384643540969	1.83199440609204	2.69523590628547
NaN	-1.06022582467409	-1.0215201639658	-0.627568874830623	-0.680604502427423	1.28082181864446
NaN	-1.35163931644808	-1.20199211970716	-0.0869554728434936	0.149100693229674	0.643135096756696
NaN	-1.11139967500011	-0.476824231049214	-0.289266877638809	1.29675312603225	-1.95847070071285
NaN	-0.415339645685971	-0.467778963952869	-0.150832934030597	-2.00994290380495	-4.57618762997599
NaN	3.08045403613734	2.13063644223461	0.801939865359196	-4.15674597308004	-3.18699126803006
NaN	2.18680221245343	1.08858314833763	0.584006855099991	-2.75348952792534	-1.99001729210735
NaN	-1.78218672189532	-1.33767924748825	-0.16095162436099	1.33512613164077	-0.75027136338705
NaN	-1.08781277535618	-0.558424057985459	-0.254256956652967	-1.80959566231396	2.02471411001427
NaN	-0.0717888218555878	-0.303701675738626	-0.137108265802805	-3.212189569166	0.00287671577828721
NaN	0.1232823079464	-0.226068103049501	-0.0217537113877979	1.14857266414612	-1.88529294564659
NaN	2.80993715185816	1.49535932080455	0.415409426607019	0.547801767153148	-1.10168690676674
NaN	0.341056258887737	1.79085064702255	1.24137409654806	-0.0525497698614257	-0.930829964845109
NaN	-0.657577195247765	1.30187312104478	0.911205325817526	-2.02422131580052	1.05775395229362
NaN	0.203821225589424	0.175654013882917	0.2943751719772	-2.03597192344605	2.42265419912906
NaN	2.60692837709106	-0.869379499453822	-0.0639782454119318	-1.24379086147049	0.252853273039798
NaN	0.922011072011253	-1.0913565901762	-0.229467784444341	-0.961199989922073	0.965233247605027
NaN	1.72234047503921	-0.478052393462938	-0.309796817944423	-0.515961059608156	2.82065634759911
NaN	-0.117876892986752	-0.638102427552365	-0.0484494637445174	-0.279052319438403	-1.039559797163
NaN	-0.863768795064264	-0.359514541028517	-0.0548311852460211	0.0626847135354255	-3.67792136724478
NaN	-0.360372577590252	-0.0196713551307848	-0.0472905554884265	2.07370577193785	-1.44537972898487
NaN	4.87967709500341	4.36661634038032	1.56399040718703	5.26095911802301	2.74344339043805
NaN	3.90019059073473	2.96271179786509	2.41982800289165	4.52482953581966	2.68301223821413
NaN	-2.32882982459138	-0.699201725824327	3.23717765451084	2.12887035374931	-0.094784599257195
NaN	1.84890556445647	-0.586641008902922	1.37393872372303	-2.05781419625244	-0.748476112324476
NaN	3.36621079766306	-0.508934480903682	-1.65539500876505	-2.58263962859487	0.451464108371133
NaN	0.529250091498199	-1.43444947990434	-1.97161257014832	-0.364057060700046	0.211845742644339
NaN	-5.22663676161405	-3.22498966395312	-2.34931755363817	-1.4054209156557	-2.11637271033178
NaN	-3.91891023120585	-2.70291612046204	-1.84911908587918	0.621463818718864	-0.793157919203182
NaN	-2.1152844925973	-1.91248132279391	2.27344153812213	3.62592525975292	1.42498181227913
NaN	-1.76371585077217	-1.69963992676112	2.09784477884115	0.0445092501954243	-0.395847474828162
NaN	-0.707545962876379	-0.121246891537396	-1.08683986300108	-2.73162938712364	-0.812933938418867
NaN	-1.42710904262554	3.52630678452631	-1.59651284965797	-1.38035340609118	-0.565555303519529
NaN	-1.41588593002232	-0.850998605944066	-2.29676972417102	-0.21244887029764	-0.0555161358896394
NaN	-0.834529426865531	-3.08784878874501	-3.03645341368628	2.18496997373498	1.35536739461897
NaN	-0.499505747219451	-1.37795373215747	-2.58871229365926	1.93562000830672	1.64166694078437
NaN	-0.500822903321631	2.67323194147914	-0.909413701656802	-1.03090993672952	-0.147383809796252
NaN	-0.048670850219884	2.74683601459182	0.304032551250168	-1.97686458734821	-0.3371227100982
NaN	-0.0984996644104358	1.30208005405698	0.0617143370145253	-1.16906254668531	-0.0301005368368154
NaN	-0.092846012287563	2.6994268048633	2.96287210051899	0.629414983712336	1.10097372036433
NaN	3.93723446340582	0.597232820742629	1.10062249022669	-0.433223481947983	1.71339365476337
NaN	5.11607382730749	-1.26719903276986	-1.25743822899397	2.03025667985949	3.73081331179687
NaN	0.767779484535445	-3.10221091262173	-0.651314424417808	0.881753819361025	2.51165736118577
NaN	-3.86836707962846	-3.7395855118708	-0.164789391789106	-1.81289572127718	0.203266896155074
NaN	-1.84037285659778	1.64052365119056	-0.728197093465867	-1.33316397102319	-1.65318295258305
NaN	3.71233342342727	2.90302640265278	0.487598725736076	-0.402958782359767	0.651561278744992
NaN	0.926515438003009	1.62932047472188	0.684792862590362	-0.234199692649325	0.0256863206832614
NaN	-3.43905089779065	0.228598344399119	2.12235901322482	1.0233871002055	-0.655580022832141
NaN	-2.14880457995901	-0.354241718090375	1.31819577705779	0.919672786346823	-0.658621747001334
NaN	-0.905219742027583	-4.68630558315403	-2.73241407145082	1.9075665816643	0.388914137096963
NaN	-0.916566134003756	-5.4576621338477	-3.74763601818129	2.39847533363869	1.54492719085103
NaN	-0.00421131726828937	-3.03856139399693	-2.47382171126945	2.27992673292615	2.92203830971763
NaN	0.266110403943977	-1.80549060330306	2.02056448155974	2.33731169903239	1.02126498582068
NaN	-1.14598370356105	-1.9390896827919	0.770252329583142	0.000333154100875016	0.309899435440447
NaN	-0.923296233551615	-1.57066057278308	-2.24292588894854	-0.16496452581892	1.51875117960154
NaN	-0.3230819535724	-0.253091163859927	-2.26273015364932	-3.00490640072368	-0.335980842151779
NaN	-0.280230146407234	3.19708854164382	0.87467618917961	-4.00637731071614	-3.11211461136816
NaN	-0.022602198342662	-0.404519007952394	2.17700077882392	-2.33447089955507	-1.62535623778498
NaN	-0.0515854697395986	-1.709082950934	-0.629065545760926	-3.016957925717	-2.79843332403299
NaN	0.185078144142036	0.134473250177057	-1.63174406589473	-2.64919869165255	-3.42548219775159
NaN	0.108026073765822	2.77942826716306	-0.220159980351086	-1.5458751655658	-1.90621923069029
NaN	0.229714134205766	0.788136060946092	0.111677355808536	-1.2907418824392	0.280788564523121
NaN	0.405453233225374	-0.637856117927645	0.559186704070256	-0.517517979381079	-2.4426552863217
NaN	0.140397351054356	0.846825275990826	3.91599240504136	1.54607808126981	0.0615376745044486
NaN	0.351520047658842	1.98004898812868	4.25072472990079	1.72104707186544	-1.53849500435608
NaN	0.141609450985799	4.44250808674609	3.88774436189288	3.07889033269846	1.62076653702635
NaN	0.442329943323149	-0.158759919944868	1.58619026591892	1.92525827441131	0.665376732011587
NaN	0.423598157141786	-0.692122563216101	0.204628539854681	2.5486420986719	-1.249417886767
NaN	0.336563424926705	4.0649136182605	2.14251197948048	0.870714710181271	-1.88259113314948
NaN	0.29037108710152	0.0300994958526457	1.16806405410633	-0.841689774940565	-2.06252904543744
NaN	0.173817507613684	0.810870905191594	-1.69148426919392	-1.83263480840791	-2.26209583581604
NaN	-0.0440339001572033	2.65216407177838	-2.55937336166535	-1.51326198772187	-1.62037542871822
NaN	0.154768925444259	-1.97386174798617	-0.21000235921717	-0.0214436084230001	-0.53352641421197
NaN	-0.00947794382065568	-2.30837347204469	-1.95277843659275	-1.27382996235147	-0.802748035850514
NaN	2.47232829537101	-0.469063210642914	-3.47559801017276	-1.56414303845838	0.0174151015647286
NaN	2.31418341848239	0.67378053760826	-2.74340563061597	-0.609213065416709	0.930682069914675
NaN	-1.53177791987017	-0.887990427227634	-2.33022505735604	1.6827395343357	0.933816191299411
NaN	-1.49612969391819	-0.829618323399985	-1.64854070353537	2.00027559503446	0.736273564839178
NaN	0.694935585971165	0.107910267406079	-0.524824625230702	-0.350896805568383	0.615282665297065
NaN	-1.11608043686612	0.0907813946032073	1.08697985323138	-0.119778823951372	0.389556670721348
NaN	-1.13784936816045	3.22006174779819	4.49765418075971	1.88714357097603	1.24777378160922
NaN	-0.705745205214211	-0.115452885216525	3.25646149132932	0.965461878452381	0.983395269008907
NaN	2.82014418693624	-1.19545952142599	-0.819095541328424	-0.842059294134028	1.41359665985718
NaN	4.27328268445571	3.26062251410979	-1.00328875699221	-0.448057824663207	2.84689626953656
NaN	1.48288346852238	4.15627504445057	1.04218837457801	0.520095345251083	2.10076391588942
