NaN	-1.08221508350504	-1.2439870587607	0.634904800848634	-1.20348332152989	-1.4177987165638
NaN	-0.384770816807965	-0.838993843434666	3.34512620227068	0.708571357635987	-0.555101239529603
NaN	-0.492920929305641	-0.436754696462728	-0.133722519890837	-0.468362206884915	-0.476091063259631
NaN	-0.378187078965929	-0.326725966153066	-3.3784052505468	-1.34546866814351	-0.873110476349666
NaN	0.196949076052615	-0.0396705967859021	-2.71710353818112	2.07898041741195	0.289809793461026
NaN	0.0929925611222759	0.00279815523194848	0.986015697153871	2.97723131059352	1.69400680451723
NaN	0.327395827713013	0.28974485175555	2.82733292999769	0.355440556671262	0.601803320660279
NaN	0.460263667123663	0.538812044148458	0.0656546607438359	-2.21724899772225	-0.107185839686785
NaN	0.526452174382585	0.419386232215214	1.25460584650505	-1.45714321880325	3.03449214872044
NaN	1.43773633552641	0.790112387788239	-0.311115744403475	-1.34095317405373	1.98100013132448
NaN	1.79452392874481	1.48207665594156	0.635495718953172	-1.01201466459798	-0.795955315044985
NaN	-0.0451267980184818	0.12441449242813	0.0987766826011733	0.406293133468975	-1.14315399710241
NaN	0.0226292828792105	1.34379706326676	-2.25049172679868	2.76368181359285	1.03422041153012
NaN	0.540759537562059	2.22724911162087	1.73605195196414	3.16793959957273	1.10537009714586
NaN	1.58106925086374	-0.035115962857633	-0.315989694454321	1.61869137608665	0.595032495798653
NaN	0.937505823180384	0.0242145215847873	-2.85002809406553	-1.79738317934143	-0.998326075394739
NaN	-0.308668480674256	0.168675227011638	-2.30815743427232	-3.40709583091301	-2.0651125741111
NaN	-0.181259007039562	0.106889020292303	2.96000620374492	-2.09682855484108	-1.75268629966247
NaN	0.122769519978003	0.206744377749132	3.31675919003474	-0.89004592269204	-0.499635388403462
NaN	0.172684189007145	2.25033558671155	0.174609241700873	-1.49429491417075	-0.668068701688799
NaN	0.0683395696771131	3.64370707579835	-1.49475931169373	-2.37438690076227	0.82396964198113
NaN	0.240282272078423	4.22459864415457	0.0930942766858758	-1.46015108902384	3.39035801728247
NaN	0.347431007879373	2.82160747429076	0.542973610524199	-0.841377253364735	-0.154935681434899
NaN	2.45254903113555	2.1333995451961	0.587084628289563	-0.515839769727711	-1.6030007065903
NaN	4.79046784716338	2.19648449460585	1.04759469978427	-0.146588575239673	1.78834076939122
NaN	3.57855178357717	1.09901082864139	0.637799311511923	0.16644835697698	1.48365946411444
NaN	2.29499467890035	-0.332177834323937	0.324266804656373	0.0485142398613319	0.308030827562222
NaN	1.42871909627237	-3.78052431114602	-1.1433664326427	-0.394412057373312	0.101870700908084
NaN	0.739316500241536	-4.25572808869924	-1.97269887304082	-0.716163812291659	0.022419122763932
NaN	0.328924719462871	-2.50030336114993	-1.44858724008805	-0.411191870635833	0.419669684909412
NaN	-2.64207735766401	-3.97491734054955	-1.91280143918979	-0.498814269081052	0.482867264787543
NaN	-5.48303011689196	-5.61221750045115	-1.71637791577284	-0.191996198967849	-2.93139191540239
NaN	-4.46821938095876	-3.80284970010555	2.61908690444501	1.38383733133568	-2.25076633657442
NaN	-2.82616867664811	-2.20143723417002	3.68867912277906	2.2234990631963	-1.4053416856577
NaN	-1.33753718893183	-0.994420895298236	2.639811315363	2.49275666592658	-0.927064677809466
NaN	-1.5826247878624	-1.67073528794478	-2.18556465480575	3.1044285154352	-0.128085166001427
NaN	-2.20320885691128	-1.8440777195745	-3.57469609749972	-0.255165965815919	-1.40016262286165
NaN	-1.38809804654171	-0.794727716795819	0.924901841398911	-0.943977948752212	-1.7052959601051
NaN	2.25461364943235	3.48036740327098	1.0274349741166	-0.604033347409414	0.508889760544675
NaN	3.33552943021224	2.26352828466608	1.87205548898266	0.37548993573381	1.68003187011117
NaN	1.37789391097759	-0.21786096053883	-0.453461570367601	-0.700612301388299	1.06067855543263
NaN	-2.65638495801618	-1.69915672194261	-2.41038595561387	-1.22262559447378	-1.44926314324401
NaN	-2.10374997143246	-0.34390136928678	-1.79892033894198	-1.33207289472267	-1.62526620496041
NaN	3.08892244240057	2.89838670484639	2.29120108126973	0.377519651009877	1.47047961164362
NaN	1.48629089783593	1.91854924661216	0.577698034880915	2.0515402063183	2.25238000364635
NaN	-2.62491365341805	-1.71370167813872	-1.41552641657384	-0.391354439795334	-0.552604151088062
NaN	-2.21536445881201	-0.349464803672968	-1.08833980505376	-1.2193541165338	-1.52712206076698
NaN	-0.816494380647999	0.863467379987259	-0.352227577541389	2.25007513119606	0.188175535611772
NaN	-0.64862863199238	0.755981489708732	0.156943891831379	3.92733357543724	2.05972503185577
NaN	-0.156909350336734	0.735112348718578	0.166762518400703	0.472168821591916	0.63524493358973
