NaN	-0.423331441842803	-1.16086093032329	0.370765996800234	-0.745069788785333	-1.52103516039757
NaN	-0.323773592187871	-0.897307297629373	1.47169389535068	0.0122808594366206	-0.845248569895408
NaN	-0.199163271602623	-0.521325635205864	-0.971525359501394	0.357248893176198	-0.501250062548602
NaN	0.758730931204305	0.346158172971594	-1.33979100764493	-0.418756088959889	-0.373842926839893
NaN	4.81714675166372	3.71592233814051	0.125082883669557	-0.0695821381467564	2.91763181515221
NaN	1.88723030531047	0.860572770357031	0.258658416186373	1.77682325765886	2.61910617686816
NaN	-3.50573687706374	-2.19884053414544	0.517049362910003	0.429594156993951	-2.22352739422827
NaN	-2.3135153055079	-0.665603858329728	1.91433629649891	1.55040420363467	-0.572416042862208
NaN	-0.898562120746914	-0.054811046843086	-0.645579605572958	2.7189383161868	1.11788701011206
NaN	-0.937121583814468	-0.004112648884427	-1.5115262063609	-1.84538122788345	-1.30256095460976
NaN	-0.835424994371304	0.023046123618617	-1.15438536652829	-3.53832152765585	-1.94994727571338
NaN	-0.695126475806424	0.199056714908795	-0.633433373111852	-0.640473319818237	2.19866260439973
NaN	-0.480692433275885	0.252363843704688	-0.332057741118536	1.04446591507094	2.59521620467064
NaN	-0.428018370563224	0.316507046299518	-0.183442806612654	-0.870163968339677	-1.56361398761468
NaN	0.348361465614116	0.792853939477002	-0.0952154897030391	1.2368207756747	-0.164694248580581
NaN	0.611640851319333	4.65283122069571	1.97357929517315	2.94965085752323	2.49655778343166
NaN	0.0327516730726018	4.04191402413754	4.21113427771288	-0.110888200729684	0.0844935883579946
NaN	1.06236077803851	-1.59951333454567	1.37632446759794	0.917512189428436	-0.181883787944053
NaN	-0.545639200697433	-0.881055754081276	-1.23682629045772	-0.277315782308404	-0.0669002907383364
NaN	-0.592841754410504	-0.1579486695226	-1.02962423831062	-3.85578980020927	2.95976910382689
NaN	-0.111601795385612	-0.920294174282267	-1.01451345017214	-0.842604174964878	2.81611941839168
NaN	-0.19109494677368	-0.670358549584006	-0.526014217292629	-0.34857899660251	-0.407323629131618
NaN	-0.191868375393083	-0.341845650388449	-0.419838741316138	-2.71509337677777	-0.59597246698505
NaN	1.81391070823894	0.527435646064182	2.16582026269493	1.48777921457872	2.2039727407724
NaN	5.00813885352152	3.15056687951538	1.55748258119375	-1.09099663091182	1.38990466248049
NaN	0.974697518838573	3.38977933623748	0.986140842343827	-2.13338187757274	-1.90457515257636
NaN	-3.80127658303471	2.79781802595594	0.956876441830885	-0.885757564087349	-6.80721000802777
NaN	-1.5988092128771	-0.815420557221679	0.283959759584519	-0.895295968656277	-4.49414666815469
NaN	-0.611426752095596	-2.53386257497567	1.0246095268967	0.147314401998684	-2.41559264569482
NaN	-1.06652637080756	-0.090395692676649	0.869875886909709	-0.239852887626915	0.866868051440084
NaN	-0.853171716786153	-2.99393329807045	-1.97312260279235	-1.11907689426409	-1.52932734618378
NaN	-0.659510739939545	-2.42715734359916	-1.17406827245847	0.0145934445524702	-3.37847284372295
NaN	-0.356648512645575	0.942001144994851	-0.307022823560037	0.565697230024036	-1.04106222717394
NaN	-0.21534995528077	0.92439610514236	-0.301625294973766	0.417887727153751	-0.766781049711258
NaN	-0.340987648700094	-3.14797689938513	-0.806315834219808	0.453607709757535	2.36447266891027
NaN	0.0844985048789942	1.83712016605558	1.06318211621308	1.45700917132968	1.45450138381989
NaN	0.093067601447164	3.64700106467726	0.704400047129511	1.31412229003493	-1.93563130098471
NaN	0.141060846895846	2.13962703118567	0.409895546300927	2.07624846470536	-0.260820298219243
NaN	0.0996646668401115	-3.29053738674624	-1.21437652338141	1.46203940330199	0.115630143752704
NaN	0.112141244415201	-0.903350903270744	-1.65127429943114	0.141604752869088	-0.258756650497397
NaN	0.34995107100929	2.79340713777413	0.284574370479027	4.10271233568874	4.95494188432677
NaN	0.206963248637913	-1.28236179469053	-0.210973042994022	1.70862615945071	3.27844970746268
NaN	0.14627141446186	-5.30998062986827	-1.66919041229977	-1.66651024094176	-2.70550472967565
NaN	0.00983818580593226	1.14687810210695	-0.88620526776993	-1.497137394598	-1.80761773669508
NaN	0.435173503765167	3.11421018068984	0.962983855683971	-0.154817659123313	0.347168019864733
NaN	0.214387036833396	-0.340593496599306	0.516988153045292	-0.433313157942903	0.0737321254411714
NaN	0.309213012273774	-5.42329632561708	-1.09453796523976	-1.07949242210221	-0.217379970812831
NaN	0.350551205575774	-2.19307206883457	-1.34841123696332	-0.948224222189173	3.64400742741103
NaN	0.452890299388719	-0.616337342395351	-0.828779557031117	-0.43299246482632	1.86570358520508
NaN	1.85657835255934	-0.169312616994341	0.554262744612846	0.511886045794481	-0.571700679878415
