NaN	-1.21137174504146	-1.6466213597365	-1.47911708206369	-1.29042064700856	-1.55338823728946
NaN	-1.02051171033907	-1.1958438205347	3.13774007088939	1.18337041602994	3.22276802343087
NaN	-0.695202950193777	-0.928856039130301	3.35602389617654	1.36023742535735	1.39037147402081
NaN	-0.00897060242703509	-0.0806208722792144	-0.399128524338754	-1.1817300503571	-1.6862020604916
NaN	1.71059413651975	3.56750899635047	-3.02511279185563	-1.45995053601642	2.66851548677672
NaN	0.487014778259838	3.61261249893805	0.346548895903125	0.104615286121984	0.0326284896996954
NaN	1.99605816559221	-1.35297656884133	-1.03690800008542	-0.972525341895748	-2.64948528639344
NaN	-0.190199130587881	-0.0907301700102255	-2.7435891233272	-0.66068372596251	-2.38352781518052
NaN	-0.673359910144087	4.07961514024053	0.479773690304133	2.37492277466948	3.14877233969259
NaN	3.3450423361311	3.4631960225892	2.73460712808064	1.97653391126514	2.59727319332113
NaN	3.19018508929425	-0.483409618195068	2.05578535044789	0.436783585706386	-1.47578930799054
NaN	-1.5291654739532	-6.5574618827072	-2.57859582094931	1.3635939551549	-2.87339509325265
NaN	-3.03071617191474	-3.91613094968492	-4.61133533498401	-0.183274005907328	-1.7635277900863
NaN	-1.70893482467059	-0.268642428666694	0.369212184179207	2.12040898194996	-0.419273277665111
NaN	-0.838416650611945	0.5855902670634	3.2646719140139	0.792277081905679	-0.354089537605229
NaN	-0.203712480949421	-2.06991171500497	-0.499478769474735	-0.606012281397687	-0.558188999989846
NaN	1.50515168277535	-1.49818593259999	-0.609965890497786	-1.19903556569032	0.279589911513626
NaN	0.163836678094741	-1.3101227105136	-1.8684526695546	-2.10351832655382	-0.977468822566594
NaN	-0.16607029453991	-0.56466752921501	-2.10393128723445	-1.5160208983397	0.504881940506478
NaN	3.32954557656993	1.43304337830477	1.30893584441474	0.824019882136268	2.652990366517
NaN	3.15234010950326	1.54192135324595	3.00286114284266	2.62632376276189	2.3388720050411
NaN	0.12690285618009	2.10151880441748	0.427820329085751	2.02478943944512	0.824006535440384
NaN	-3.44484756179259	-2.1377238761249	-1.83084771069424	-1.80965717357411	-1.96829811847601
NaN	-2.8069353690161	-2.70720061086976	-2.10578853101673	-2.02947515009342	-1.22364319284592
NaN	-1.54993030248899	-0.826873464096763	-1.24531251405181	-1.10553827899556	-0.465647033290227
NaN	0.0766409019647481	4.02452896705625	1.28941633198359	1.21386520187312	1.30406733907488
NaN	-0.0987491033050221	2.46412742386717	1.61171931258553	4.4638211190752	2.05911074234261
NaN	-1.46867858944629	2.13479554210481	1.97725748834545	3.12448320273998	3.33991822765945
NaN	-1.33377757593186	-2.73907836251803	0.845251195943766	-0.949347828650483	2.22504070126672
NaN	-0.8571099656891	-3.30334235239106	2.97907709847988	0.356136309335588	-1.08830313196028
NaN	2.1234739692373	0.197705610134036	3.40448993949185	3.21318258795997	3.69825900897919
NaN	1.40693668479507	-0.441346596979858	-0.0148580089108252	-1.08581106421926	0.665254330046391
NaN	-0.0599228035931531	0.492197752853233	-2.68504449828599	0.00199774247742374	1.4658696884712
NaN	2.10852042629625	-0.10620622269961	-1.37909695321535	1.98530768162761	3.09986211834265
NaN	0.683422925582254	2.19615074632978	0.484082051104541	0.644875856853242	-0.827169813433041
NaN	0.377377229451478	0.904882363764853	0.123840043797265	-3.44129415924204	-2.80299244959187
NaN	1.81364044623848	-0.410693301054468	-1.19294981049308	-0.201527003446006	0.0876043470217204
NaN	-0.161774950937536	-1.27550893137844	-0.626805907807808	0.337718299770705	0.297213805852491
NaN	-2.6838933816937	-1.59470397700041	3.51613783822735	-1.44691473825763	-3.39394785019782
NaN	-0.841141309761706	-0.646342690343287	3.78209227870018	-1.26886116957358	-2.08984011021037
NaN	-0.113435517550584	-0.666793419745845	2.36438267025863	-1.05670914926493	1.89494577489285
NaN	-1.1836688840215	-0.866130992855445	-1.46365033961019	-3.16685799954455	-1.18684825519395
NaN	-1.27824555842948	-0.44191056503845	-3.72580780363313	-2.60476060080179	-2.21703001601003
NaN	0.224141001318544	0.466712525373352	1.65649651924792	1.17338795813669	1.16020164993892
NaN	2.79660456086149	2.09710419299895	1.35637901437958	0.251378230589286	-0.634510211186349
NaN	3.56960618396573	1.35991064449336	-2.92231200880244	-2.53609543866081	-1.90546179642915
NaN	-0.469885886958798	-1.00563863801822	-4.44154751555839	-2.3203650291692	-2.20302021586711
NaN	-2.68915352214531	-0.867045681465012	-3.09073671299298	-1.5488643711352	-1.82049503093672
NaN	-1.33861543334827	1.58197496446781	-1.88167877556688	-0.56620935883881	-1.87132189896143
NaN	-0.530638077148758	3.6956240851058	3.68745015612192	4.35742919965366	1.43484785325208
