NaN	-1.313927545024	-1.48916242535188	-0.374664992367565	-1.05270281300681	-2.3812020818369
NaN	-1.25582319595031	-1.08528888441527	-0.762426978789886	-1.34713558196058	-1.46780558457331
NaN	-0.730184209228728	-0.818078591164601	-2.45472189142576	-1.6382684671334	3.16628955496589
NaN	1.91860610574583	0.542686924505507	-1.2683880063267	-0.925836586968307	4.23545970056956
NaN	3.06477161176067	1.64716072280547	0.30979519579651	-0.0643337019755703	2.83739383410488
NaN	-1.37956582013474	-0.540801104078591	0.0449081012897401	-0.00959318653176129	-2.3246190364867
NaN	-1.47263254234176	-0.677364907038	4.06129204307768	2.35499869626674	-3.99151655329067
NaN	1.17313670499974	0.882976467100379	2.41771367194991	3.51503151338832	1.85113200432076
NaN	-1.364699723607	-0.48931037423009	2.40431274809698	3.84160132986046	0.713813171999079
NaN	-1.60294727572136	2.4057456066976	0.0838143760869602	-1.05689020164712	-3.00385646401727
NaN	-0.621479134627655	3.3373318327948	-0.895814414751635	-1.68263621845101	-3.17284554353457
NaN	4.07794419276997	0.976474146633414	1.39632506199889	0.452895256241446	3.26455584176554
NaN	1.47318075608347	-0.0247721316509895	3.41736501338919	4.3863729668739	4.36817987196552
NaN	-2.95693162491977	-1.95476393555469	-2.19542470662682	2.31022296164811	2.61697493122991
NaN	-1.76799350602184	-1.41929366899298	-2.86038513063928	-0.0429751318554658	-2.02152319406321
NaN	1.96434173030187	0.334677335555311	0.951391409411432	-1.9158326975893	-4.25437068300306
NaN	1.38091189516668	1.97835145908577	-0.563451522487681	-3.37779169989725	-3.26367819235469
NaN	-0.130513879314108	4.00852376765727	0.672152555465548	-0.293065929584092	-1.58791198857712
NaN	0.508643183415699	1.09835984512853	1.86558332143263	0.389091848111111	-0.747276774460327
NaN	-2.05261547617889	-3.33661972525488	2.41519435265251	0.364697865512322	-1.08401827839429
NaN	-1.91145414646199	-2.67791266501596	0.392361275250919	2.52630868021415	2.29579648850151
NaN	1.77682924741249	-0.361014902518589	1.00884103739818	1.91192067866518	3.80258853097422
NaN	2.21594368031181	0.39793778884181	1.72595702312006	0.325199387973729	0.674338100248441
NaN	-2.46738932112132	-1.98947509720031	-2.37941823283051	-4.90352023012507	-3.9703386237917
NaN	-2.50462275540791	-1.82249339554002	1.15006133573267	-1.72872778953252	-2.76036886565348
NaN	1.93300547956954	0.642104569621627	1.45412947008943	-0.267006640522856	0.180203482349362
NaN	-0.907879974927062	1.39873641735707	-1.16873084533771	-1.7260468310438	-0.660696143515177
NaN	-0.452905842827182	3.42726539621058	-2.44542842948307	1.04978287652056	0.491207760739796
NaN	3.57754352152161	1.39780702188301	1.7822422136124	0.689922134926484	1.79462791534591
NaN	-0.315086286110998	-0.738133016479215	1.67498441243103	-0.77258207513951	3.39821279651875
NaN	-3.73177079870524	0.848842718068506	-1.69176405046841	-2.25519338071197	3.68206136225217
NaN	-1.84011690860962	-3.11941061280659	-5.57219423422602	-3.31067511659253	2.42255262692898
NaN	1.50875496750994	-1.79700917190306	-3.85975751718014	-2.20614063642635	-1.03158867661145
NaN	0.157907332937394	-1.03134653949565	-1.89654666942304	-1.44237015958689	-4.55615544955736
NaN	-0.944417449232255	-1.49445390482492	2.05591304663938	1.20980416443482	-2.26444505845784
NaN	3.08252587360421	1.07473076586043	3.37887889210029	2.29977115260016	0.530437389433618
NaN	-0.71048719192431	1.59943196738642	2.53500322909533	1.57634622975999	-0.654485770309085
NaN	-3.27522669985092	2.73059706511396	0.196459851264559	0.0969056575794395	-1.72271869959072
NaN	-1.6231620863541	-0.727166769319601	1.27257752440441	1.18525122522276	-0.909704647452168
NaN	-1.10147899533595	-1.25070838609062	-0.676612216446931	-0.459949319975472	-0.724985401972418
NaN	-0.848078193151495	-2.70390412116348	-2.26703650281117	-0.739377704603157	-0.795042448053593
NaN	-0.643759016090148	-1.88240280010294	0.590339796234122	0.938454719223611	-0.179851473640157
NaN	-0.204956104456702	-0.661799748331725	1.30237914256702	1.07055671430441	0.507828050798754
NaN	-0.19585890533617	2.22127924201013	-1.97366349688925	-0.691801559378025	2.80392897165047
NaN	1.15422308590084	-0.364679866565098	-4.08212410367281	-1.15782879270757	0.305709690647105
NaN	2.26282401231863	0.875423644721894	-0.346371972078414	4.89986031389578	1.73048859000757
NaN	-0.232602225635995	-1.40049602326236	0.852081417760106	4.28846448942619	2.12939422296675
NaN	4.18899926177122	1.16618098639123	-0.957233077144065	-1.60714101822268	0.577287996426033
NaN	3.43729041953336	1.46250898591001	-0.278801811381971	-3.50226674691685	0.151021096263964
NaN	-0.296816228025461	-0.597271908988616	-0.441096715559091	-1.50577064456376	-1.00047834977729
