NaN	1.8540561212457	-1.03885719467415	-1.11090026125595	-1.9774645392618	-0.503455233893155	-1.06158006093653	0.35836810537309	0.141816416544858	-1.14331584886321	-1.99736973082414
NaN	3.62984071136195	2.12903424933739	1.03476320718164	-0.701555005008498	2.07651559228736	-0.779205635111596	1.02297838687819	-0.0161525552409445	-0.384832639312895	0.440368008082681
NaN	2.34444721179507	3.37307616989938	1.41517614204306	0.202124649735013	0.177726043420511	-0.491668704178598	-1.55575411437695	-1.21244600991864	-0.939643904634515	1.01885470993344
NaN	0.355203813631084	-0.0418283903364705	-0.979769441869152	0.378603857221573	-0.455752635899004	-0.393864043190045	-1.61131075743175	-1.59119083869558	-1.10800848635918	-1.29393739803053
NaN	-2.60799074750247	-2.80858494065666	-1.61672810275793	3.61329749593114	0.630715668707849	-0.176684812869526	-0.62033470172627	-1.11543389970439	-0.757799272188348	-1.75870081938253
NaN	-2.17798836840052	-2.02124526472289	-0.749848909746535	3.03231503580928	0.343348500984955	2.90973947897079	0.363059536197398	-0.513942095779178	-0.286006685035307	-0.0545871134156175
NaN	-3.01199931627175	-1.53516988815624	-0.717200615090011	-1.39955203750761	-0.351212825109775	4.60635815533399	1.77514580558074	0.123834934538208	0.144599827632118	1.34485185547157
NaN	0.757833353148353	-0.869557561672997	-0.132893941333288	-1.81261348711615	2.30509283785779	3.14464800886118	1.44382278634427	0.386723964157551	1.64777522059235	1.69046476045623
NaN	-1.7940757560562	-0.46491831648394	-0.0961385677523629	-1.67882723577562	-2.34247834171915	1.70930833795812	0.0485654664771895	0.080953467855855	0.926936414588215	1.91933011919915
NaN	-2.49849762726055	-1.01698797084446	3.23097944654322	-0.488823826210015	-3.5001381130587	-1.13529592996271	-0.667463012992731	1.19098262040057	-0.0263978956520668	1.10779162789348
NaN	-1.60593342407547	-0.337049639412853	0.848627201094407	-0.801880269546379	0.697732938385462	-4.18452244919264	-1.2417430844879	0.338861786026598	0.123325020521627	2.26720357600517
NaN	-1.26565483440509	0.938456343563495	-1.48848700027485	0.691439692223852	-0.468222580413848	-2.87007567320076	-0.899035538609617	-0.294499044971449	-0.187150158462447	1.89667763943356
NaN	2.73127072601209	0.409162571621829	-0.510144339378797	1.88920493298507	-0.0296372766421662	-1.78030293186893	-0.67886269955587	-0.100960128292145	0.293700582516513	0.577238418841218
NaN	2.57199726939239	2.85512215004255	1.40285121651598	1.91864211916432	1.22148952905483	-1.54018976813884	-0.404645671606384	3.04582749817388	4.48989559478201	-0.29478113941466
NaN	0.132684322400697	4.14121655475802	2.07621676354157	0.193357406278031	-1.05180271689059	-1.52144497327692	-0.164253112730801	2.7205776425735	3.21126412544153	-2.38049294300256
NaN	3.04546549420703	3.81618832653387	3.40886485525543	0.364410565887952	3.57422177401699	-0.990429405982102	1.89593618850963	1.07022543302661	-0.990778591661585	-3.00159120402192
NaN	-0.802471811513707	0.330687799316155	0.24966384037107	2.64720257581087	3.30740903770867	-0.676096906098688	2.11904807559164	0.00233264730197981	-1.12476700785433	-2.47521682734877
NaN	-3.30310578103109	-4.14189325050635	0.569135883745392	0.347189438535876	-1.48263369235233	-0.52166161948125	-1.39336571439081	2.15954227750364	0.224694273829844	-1.49822868330901
NaN	-2.00201852968452	-3.25683147649511	-2.28406458749717	-4.64679826379004	-0.696575154033252	-0.111223565751242	-1.18096661485469	3.6092365857691	2.78193522983959	-0.291031097048439
NaN	1.25565542215813	-1.18367926375403	-0.736419320561837	-0.371260372897234	0.624345766998899	-0.126680611454079	-0.196326254832319	2.29241265192977	1.95125426968587	2.60467040729493
NaN	1.26529578560453	0.123649030541791	2.30449064123425	3.49953331865178	2.26137409234777	1.09035906653102	0.294314951069425	1.82238197454008	0.881403522008664	3.50786507183104
NaN	-0.486311334342363	-0.307278024338661	-2.62768519915842	1.28035334038046	1.04323905412275	2.58495691440707	0.560132988339632	0.595495254221335	0.365990841716538	2.41870688131655
NaN	-1.6810704246815	-1.09567416962558	-0.694111664883402	-2.50631038791785	-0.34139482983606	-0.510526742164414	-0.293043058902312	-0.0669378432199987	-0.579730072556047	-0.947299345641368
NaN	-1.21956769012518	-0.372651992292787	-0.448720445521995	-4.33853523885718	-4.35815509317171	-1.01728281313958	-0.203484173940041	-3.75749125103886	-2.15246257222101	-1.36804820600475
NaN	-0.646576281902873	3.35002970270985	-0.508028198185661	-2.11060184580263	-5.17369699333119	1.00044458643015	2.31840290220399	-4.5247901383193	-2.8482090380485	1.51869931383326
NaN	-0.368277667975282	1.79572644012922	-1.06317094542875	1.94691849742024	0.162436094908549	2.09813391293678	1.29580132959582	-3.31035365835073	-1.79635562767202	1.02523484315019
NaN	-0.137779911651994	-1.91514043217083	1.93963792797183	1.22546427998297	-0.467718576899862	-0.0429440746311697	-1.33581223044188	-2.1523863698368	1.72542771380724	-2.09805375676586
NaN	0.185955228853349	1.76751719301352	3.32612700390353	-0.998072145140058	-2.37988749327989	-1.22967655755098	-1.03109406435426	-0.259579433378937	-0.0706188073012648	-2.43172872902123
NaN	0.301914046186948	3.47373927756359	-0.580678599928025	-2.07635785353554	-2.40181788416443	-0.244012164212988	0.0385737692101057	-1.49662766267243	-2.3640759604313	-1.48543769705947
NaN	0.473070775244257	2.07332477362713	-2.1742675909345	-2.04540497938385	-1.63845909466153	0.471055615609361	-0.0220282071701464	-2.51505303248218	-0.509677858907925	-2.25829530283277
NaN	2.76692392935461	1.65577774221777	-0.182026267061271	-1.14024617378579	-0.415387301922314	2.58106688334793	0.957390895853393	-0.0501723002350598	-0.825348690794417	1.02472689005412
NaN	0.809814655432117	1.20078537864939	-0.449049917631004	-0.584711153351822	0.133107584024426	0.404176485871554	-0.13376189989028	2.86761888493816	0.0713389387343113	0.461884276224002
NaN	0.615675708988045	-1.01624770002748	-2.46444475769664	-1.10079777471975	-0.919693151890326	-1.26790506694102	0.926334921368324	2.26369649971634	1.93439277793379	-1.60406627607521
NaN	0.182581854364223	-2.93115413585052	0.928433755932425	-2.03738465613919e-05	2.55838236535806	-0.46943404750291	0.221719080606762	1.51882159419682	2.49849566840281	-0.980266454881696
NaN	0.32731452342255	0.300684540885581	2.93595923143789	4.52691615506279	4.51168085709202	0.0695590259427097	-0.8657719295634	1.35300472258663	-0.47175490402642	-1.3013505561635
NaN	0.417326068414698	-1.80907532722523	0.228353462589921	2.87112142725681	0.950778403247881	-0.0862518589230668	-0.665104464660623	-2.23687328972263	-2.54768090848453	-1.74708613091561
NaN	0.506701886359844	-4.99774571430172	-4.63723958804412	-1.04669433910216	0.665078765304727	0.0010699430951093	-0.268324521452844	-5.63073082828172	-3.51351974889907	0.365352512757314
NaN	0.520465059866429	-2.52718321532287	-3.72516909176574	-1.38448036856797	1.79113294709935	-0.121441071489879	-0.293289182942071	-3.72111167457403	-2.8432816547888	1.45665547573771
NaN	0.415104038348232	1.63604284882144	-0.130368744326787	3.4803114474218	0.784824250413459	0.686018395816491	2.78745709496588	-0.532281810370605	0.0596741850335761	-0.676397109130046
NaN	0.565676031007825	-1.26812501821547	-2.33277332437746	2.03757558707092	0.174113246910408	2.76512128933863	1.74718251391329	-1.34219470745811	3.11965595594895	0.621280775268541
NaN	2.92008861028656	-2.39279511517178	1.32298974389324	-0.903716010712171	1.72572096128795	-0.639524570194054	0.623782465479444	-0.167307841369178	2.2771302826795	0.583178702742153
NaN	2.77022668193052	-0.531316662431862	-0.356687563014914	-3.2966952236788	0.458448995179214	-1.05333910923025	1.92198914615703	-0.00797683025373857	-1.53171028092895	-0.590689686305546
NaN	-0.96476083235844	-0.85053343033223	-2.07121838343595	-2.79609328276752	-3.22183209960601	2.36964400713352	-0.693693721395042	-0.250142869539398	-0.714847853701359	0.497432633429497
NaN	-0.636821446394982	1.32773899489269	0.141337117679301	1.23843396004205	0.151176025163659	-0.117859978405361	1.89470248901442	1.10151278381022	0.923790238452023	3.3878734590526
NaN	3.99815800620747	0.383281517240186	-0.0462662237528679	3.36913129332809	4.83609838869109	-1.70762551534501	-1.37016577711821	1.92894856771979	-1.38479017484784	3.40371850323681
NaN	2.34269498249737	3.09488795916846	1.92324043378925	0.194839188967368	2.39949309085779	-0.6981078309247	-3.35066211011255	4.14550970445576	2.71948211683104	3.13751766862786
NaN	-1.26771786740368	2.35967832148954	1.23097268745597	-1.86740422284891	-2.90105637933896	0.0593240599309025	2.43382460888305	3.61447657081313	1.19591636922063	1.64844901998479
NaN	0.609535657608226	-1.80971238324743	0.401258594397463	0.47826772943647	-1.83432475251547	3.90015591905135	0.952708924225919	1.00715123681845	-1.77963362494694	-0.159290133762423
NaN	2.31888957826355	-1.53093609272278	-0.812733476847992	-1.74154331105874	-0.491357370021464	0.819343404164173	-4.05594561087811	-4.23645875278814	-1.67055476171101	-0.550227557671999
NaN	1.37262493409434	-0.659909985559278	-0.212402548643914	-1.23697668906721	0.355760541132656	-2.97700529004028	-3.78699501362783	-0.626484984416936	1.52306746672635	-2.35203038336258
NaN	-2.86739517087307	-1.28146737327286	1.48926733091592	3.64713733222745	1.03172894135507	-1.01042775684685	0.580909340932097	2.71592498993268	-0.381257394911803	-2.59085652376872
NaN	-4.29702811960188	-1.54590670369314	0.944973753487323	3.24597998277622	0.293634832777184	3.45852199787732	0.682225347389773	-1.01941603007252	-3.14824379752056	-1.04439179653024
NaN	-2.94215553666491	0.0798854916492804	-0.745954145055711	1.70674596233472	0.0390065813685132	0.141978334280422	-2.47315505273752	-2.36978516359792	-2.73598300962075	-0.0387360731055459
NaN	-2.38047795724741	-1.4304691490714	-1.02267068180304	-1.95310947173346	-1.43299605819822	-2.44036495726436	-2.81817155187476	-0.580839032404814	-1.30265823195267	2.14830166839509
NaN	-1.80976552512978	-1.38799501370873	-0.134174460915852	-1.80963182825956	-0.341910162310659	-2.16824759823693	-1.66906298623902	-1.6283753041744	-1.46553606582241	0.754682131451291
NaN	-1.60696496188069	-0.596037385274678	0.124874785755165	2.35360971655334	0.323437431398967	-0.980958757410118	-0.0344529899587793	1.60396720562132	-0.501752467920808	-2.36408679580379
NaN	-1.29477112124062	0.811078007295401	0.767340604249577	1.50830975005383	0.317871671021917	-0.603785807305197	0.965115313474953	4.18149500686378	1.96228747198944	-2.64870835302176
NaN	-0.994228156555893	0.927756005661004	0.683886287413909	-2.57126876561419	-2.08613581469094	-1.41461152709825	-1.73565675918338	-0.704196772053137	0.837574630306629	-1.88392326511528
NaN	-0.666425887109481	0.900937295314103	0.945198974030917	0.403226179107389	2.20057164029505	-1.07614825235059	0.457803437995568	-1.02529476492036	2.58732815479085	-0.388532840509978
NaN	-0.528888817007525	1.12250767069714	1.61158839340871	1.94018743235077	4.02565718077855	-0.697100283701726	1.84753497005409	3.24523949226339	1.18847831590389	-0.604887629963842
NaN	0.181335192567823	0.257346375697931	2.43182090049986	1.32134896294686	2.02880471033439	1.81966126691586	-0.826806471168231	1.53807291233351	1.5886621073791	0.11547770600493
NaN	1.7725317478158	1.11622441776921	0.363876993370703	-1.49306890557288	-1.95686793442763	1.23169876731896	-0.773540313043819	-2.9697067013205	2.9019002675928	0.945771849997174
NaN	-0.761765663683601	1.08429610257928	0.299555710188806	-3.61204765661923	-4.1052288942141	-1.96943812940102	-0.671372844934918	-2.14967213946031	-0.577146168570223	-0.586445873398256
NaN	1.92539292213235	4.45030968659693	5.39176521944722	-1.49181439020949	-1.288559075332	-1.20025871615318	-0.218240542591161	1.34376301075941	-1.96423996004766	-0.917462322285659
NaN	0.510666765963498	4.42284756407587	1.55132846795243	-1.82833638917294	-1.57733618386686	-0.461521612318845	2.71509290461738	0.725357443786815	-0.480908780896813	-0.266949473673737
NaN	3.69920939055763	2.25390151667105	-0.985410138758232	-2.71509930599487	0.328431246674878	-0.395030322467134	0.229219447040635	-0.487620687231669	0.68762858192095	0.440949364786313
NaN	3.81675122668176	0.650902402970655	1.41442368543575	-1.04275850361076	3.93075220367825	0.688562955709891	-1.18153825855324	0.728227326380567	0.555173333189461	0.734949045414339
NaN	1.45689550270787	0.218563701641026	1.88623415056022	3.4660168658276	1.89443591235117	2.05518861792445	0.414917427712455	0.719158459846187	-0.549373991874981	1.23320307373058
NaN	-3.05578501222409	-1.12767880609556	-2.40601434049854	1.77508446323122	-1.87130158848595	-0.57294866726058	1.30725656249674	-0.655376584196022	-0.612168157531446	1.76675537389497
NaN	-3.18402557095977	-1.88269856356157	-2.30862725414693	-3.50276619230652	0.298665387136559	-1.17248017160726	0.319135702660354	-0.601301848686584	-0.436435357675142	2.15791107655141
NaN	-1.8894630758913	-1.5043591155478	-0.99588450160099	-3.39309785888489	1.75056628809291	-0.446879394783713	-0.626581927303805	-0.438309494413297	-0.258530957423651	-0.14425748936893
NaN	2.12750262232628	0.264905330107276	-0.313233216331027	2.12381724628741	1.70899561112215	-0.247258271245337	-0.170133058190646	3.45792641081011	1.37706618178674	-0.241820352650744
NaN	2.46828653299354	1.11393363158932	0.223850886888111	3.23213363083417	-0.835800397333468	-0.0267333843694814	0.29289565969322	1.31402095412963	1.24071515863013	0.162070055788351
NaN	0.248801123348387	1.1121291746669	-0.182524201174017	-1.5148020953635	-3.39195300148214	0.112294036335607	0.493013550632804	-0.991295444589007	0.594935365300359	0.21670044442325
NaN	-3.63205357784059	-1.0458977525809	-0.994906968780058	-2.88843484673493	-4.57988227595268	2.16373221086652	1.45089050402754	0.135314604065899	1.77933589878677	0.919887431848433
NaN	-2.78600297534474	-1.7355672358408	-0.736774837509841	2.68695167447531	-1.14593724290654	4.97207031680646	5.79868621449884	1.70687124950568	0.684920010276978	2.29145285557665
NaN	-1.53697092791002	-1.01595741822911	0.873395498456078	3.88595535101819	1.20754757140171	2.67354862535186	4.78911085447385	1.6814217612169	0.747438184614104	1.77618868407471
NaN	-1.46706103311918	-0.423504525456628	0.023726023611777	-1.1594647388726	-2.27251147266261	-2.62659186484019	0.19083967866853	-0.431119873233667	0.470317117689607	-0.357992817994754
NaN	-0.881041748743302	3.39975389943821	2.03678117153993	-1.7517018614372	-2.40911731998957	-2.71591421871838	-4.11418297862763	-0.6123754630949	-0.0330728470440183	-0.774556227291833
NaN	-0.394094695021518	3.32559286099829	1.2122514832334	0.302222482388859	-1.19338935604469	-0.718421413503171	-2.2145418393718	-0.260430943338162	0.185325776027172	-0.32118694840355
NaN	0.797421012625307	-0.616273295028347	-1.66098441536241	0.630527925969321	1.64279613108052	3.50507909061447	0.806385342582682	-0.272936918206171	0.00353502313331813	2.06936668157139
NaN	-0.124859019247482	-0.353923862944384	-0.379532841402181	-0.325424249105181	-1.01029634623548	3.20926749937476	1.8594038637491	1.09395224235582	0.543598957336259	4.16599241527472
NaN	-0.279332288848634	1.01412205462948	-0.0843390939376249	1.10448336258539	-0.495202504001164	-0.206892810267899	-0.830520314255553	-0.414562798557795	1.84718463446095	2.65467228346251
NaN	0.137353749821894	-1.6689174524059	-1.35095562912282	0.258412470472678	2.5799323550423	-4.18448646592218	-2.39563371856281	-0.791801452447868	0.813007019824294	-1.72222701878394
NaN	0.160993464245271	0.598796850361855	0.186708731907323	-0.314497290417523	1.89397806205882	-2.73732664887675	-1.47757117425857	3.35104252622735	0.7254522706358	0.726782353773143
NaN	0.592578402893415	-0.920690840324239	-1.19730496943336	-0.0526395929148119	-1.61461211942659	-1.1612997660058	0.449059940271517	2.20926956898491	1.30379763896397	-0.0548621323187016
NaN	0.732634393726337	-2.93268862602626	-1.49490922853765	-0.240313317654569	-1.04488451764958	2.81909907052792	3.21150518811266	1.08380094956431	0.417494951876413	0.657591354483807
NaN	1.13840003338641	-2.08516237266181	-0.763916692964572	1.89008698283039	1.96019025204543	0.265498064834179	3.23890054702456	2.91481315933253	1.46353068470276	-1.11267815581466
NaN	0.564453756148794	0.645500863307619	2.90339118548265	5.83813632905861	4.37188138346178	-3.33755976137209	-1.65023718951916	1.62373742913877	1.13059429550913	-2.01223380049783
NaN	0.656971700701191	2.86825439926409	3.02858877653329	4.47273132809171	2.36054268921189	-1.92630563885403	-4.28815993380047	0.705714983175686	2.33556972647455	-1.5870184744917
NaN	0.693098429690479	1.00382013976295	-1.55959744347969	-1.24124527433963	-0.768334022431619	-0.98046640925224	-2.01029422429066	-3.02364736908492	2.51466814875585	-1.19843355811458
NaN	0.759801835580059	-2.99475723406775	-2.96805281098556	-4.29856493483758	3.1646309513277	-0.833519617732028	-0.949038518645994	-6.55465720793547	-0.140450806814004	-0.821003514024701
NaN	4.92828134046898	0.41168227197636	0.635759127196758	0.0764438214376132	2.02050231310185	-0.599043563070366	0.0995642411776728	-3.17456539373597	-1.81299661721835	1.39931624035351
NaN	4.91128562219401	2.13480549255342	0.782897282466309	1.53983036014492	0.655853469311875	-0.433240560294629	-0.79482130785446	-2.32613802262407	0.364858112669284	-0.505296394169241
NaN	-0.260659327374528	-1.6164708896762	-0.206637121131596	1.62151957686751	-0.494925986087432	-0.0989464041855761	-1.02364187080604	-2.22738606110257	-0.795653016549238	-2.71977311834713
NaN	-2.32115591862441	-3.98924110595959	-2.38138458217857	-1.63750239889927	-2.83391091851741	-0.12636904219537	-0.506003444943445	-2.52354748167403	-5.12638485639098	-3.49534915909335
NaN	0.952878436466541	-2.2290241731498	-1.37317640104795	0.551296382651214	2.15752444349038	0.102147470503745	-0.337870537534062	2.27857708958651	-3.63960125598269	-2.50624002976592
NaN	0.462090246756623	-0.72361297681484	-0.610280598014624	1.1924159991602	3.40110773884178	0.565632769191433	0.0891918034551983	1.10544152738591	-1.74448598070927	-1.56247955446288
NaN	-1.69406599361613	-1.40185287746143	0.779215616367628	-2.64299783709128	0.487697589309939	3.39673116227556	0.79912392064666	-2.33717778323647	-3.12057151354518	-0.611175956502165
NaN	-1.17064640588295	-1.43622429873018	3.05214453560442	-0.340695985147228	-1.39718981304215	0.534452707400126	0.223593279943343	-1.25931966435003	-2.88025797171661	0.0572268088498608
NaN	-0.525700319469957	-0.322269114275996	-1.22177331181484	2.64409935124241	0.585585961127171	-0.972890694726784	-0.248076441807227	1.59680435715211	-1.30484798548838	0.0508037322764309
NaN	0.883834009128146	2.01032895412117	-1.36631897507034	1.13252593388803	0.582307359237579	0.775431343198386	0.362027171694638	1.17602968514677	-0.605310557759789	-1.08458534284497
NaN	-1.06217251143138	-0.191148615694018	-1.29782476706003	-4.14620748799833	-3.58231756886266	0.945483117382172	0.474020234035054	-3.30006091703501	-2.11452262403564	-1.24318987407904
NaN	-1.07214922259902	-1.29018494860658	-1.44641550410214	-1.65707910074392	-3.32201352135348	-0.448754981614136	0.0515951534799073	-2.77851924550478	-2.11246492308184	0.403973505231707
NaN	-0.304478148875125	-0.478323969737476	-0.754643683460723	2.82146708427118	-0.0736282699893176	-0.0119550767324076	0.237429558767515	1.78807587673866	-0.303040998662867	2.69034988043812
NaN	-0.252059356728317	-0.00521930666841952	-0.554318931461093	-0.186973762785742	1.42485870697447	0.121023199731474	0.295100746011547	0.423354889388123	-0.0778331681210168	-0.376095655989911
NaN	-0.352901969174979	1.0954664495604	0.427574183083446	-4.51582381736715	-2.31267772344306	0.320931756379545	0.369799486904063	-2.02609420917869	-0.869221713402865	-1.81746959355266
NaN	3.91843793076034	2.01175005788045	0.507155359478783	-2.94581884715346	-2.49691167259155	0.232798736348785	0.408860913099674	-0.948138090235652	-0.620442444855052	-1.02375228623833
NaN	0.771218722245398	1.23711072588561	0.0776414401727108	-1.62333201666344	-1.8189585827289	0.49582230085799	0.185079132209033	-0.31746093783914	1.12763717087528	-0.0110728988915268
NaN	2.54048327486387	0.809003234617996	0.396545022930011	-0.781515557988629	-0.389385045791777	1.2876656047257	0.72838041926892	3.20550948602343	3.86713172556028	1.24930663111624
NaN	1.16172055486057	1.65561858498241	0.695997812384228	-0.482587395061276	-0.346653818610431	4.24481238491503	1.50016473024171	3.33759527137236	2.04729242174924	2.13394294752194
NaN	-2.94747923867289	-0.118884608894645	-0.0423801330944687	-1.4437452091759	-0.867759235290236	0.0855752591587813	0.387751510107518	1.97953747901013	1.03066976705787	0.609995472517533
NaN	1.74204951657336	0.105114947820195	0.232632057688402	-0.802102179956382	3.81032331336495	-2.23209123505711	-0.174257515858731	3.0686267782877	1.22689749735657	-0.114033707440635
NaN	2.09213957574878	1.85421424735351	1.05571572920221	1.44496220472682	2.0505589909601	1.21672395327415	1.97857887262368	-0.446038658506955	-0.28381089733542	0.243740323271421
NaN	-2.04472357866606	0.303820595899318	0.224585637865482	2.95553301654977	-1.64525929239551	1.9011520249806	2.87684938457762	0.990574222718293	0.144173650268841	0.960662228543923
NaN	-2.12290436449143	-0.366841085660323	0.0302058405087595	-1.06980100695904	-2.98680328870865	-1.13432140441521	-1.28092302196104	-0.5879409573132	0.237484525189694	0.152892656839795
NaN	-1.13383687038852	0.0193710082992783	0.711125924405246	-1.61406188137173	-1.9724660346748	0.223377511723445	1.3947179204528	-2.24609591198604	-0.552151528850322	2.42688299517037
NaN	2.16887652444496	3.68862613936217	2.68742341374541	0.433684009086664	1.04643858668423	-1.36013446713393	4.11693709364434	2.80553858657795	0.764487549830955	0.795597765658665
NaN	-1.71263819680929	2.8645342871512	1.26876783124629	0.497453535588342	3.01509621475393	-1.61371168622484	2.41871445559042	3.40641614060542	2.28973904223351	-0.0859445170225051
NaN	-4.54509975287954	1.43912379744872	0.92920265690792	0.179658517389667	2.14221523272737	-0.669194176646426	-2.47613500887826	1.56663412967865	2.57774300319596	0.278657122477474
NaN	-2.84446713702495	1.9898732273738	1.42790838818782	0.692713371916892	-2.20085838776907	3.48592301359379	-3.35771766614722	0.99388280881744	1.82593384904	2.67530178200123
NaN	-1.92503335565448	0.76235090434362	1.23532805085093	0.757320887094578	-2.84889785375976	2.4710863078778	-1.26540060076288	0.463127973611336	0.253547880073687	2.63255540536775
NaN	-1.64763189206377	-3.54200630479429	2.20027553291365	2.83271811579679	0.267501214648517	-2.77390422657158	-2.4262846120807	-1.11372192311604	-0.421395461121126	-0.092171422922075
NaN	-0.987798841773049	-4.56849238760825	-1.28642478179202	0.786065201839465	-0.789756732767201	-3.07315730782349	-2.78612476172941	-5.51776248379045	-2.0646872083269	-1.63284905750406
NaN	1.79130235379221	-2.53277175171908	-3.47075155762932	-1.96939575036426	-0.69526780644581	-1.30099357126084	-1.53439046762668	-5.05940187949276	0.314273382465639	-0.567044819399722
NaN	2.48504339734075	-0.31475140667212	-1.12478274377828	-0.788967142001681	1.0224868341606	-0.639271059746152	1.86052215436858	-1.61641549140158	-1.24233273389451	-1.43042111185313
NaN	-0.60494550886739	-1.41741059136999	2.05107201469197	1.19459209460955	1.61332187252917	-0.870529764048185	-1.17582826091049	-1.14689840340958	-2.15147659592252	0.56382476542736
NaN	2.30678133644278	1.47952713593503	3.70465910907432	2.62221562472528	2.02753321823027	-1.24462682102525	-3.08860312580418	0.107701078989472	-0.840552371171111	1.67030575000561
NaN	2.48972223695906	3.27091670421496	0.0116859539896716	2.21035659671439	2.16275914882685	-0.841571779166329	-1.15210551898741	0.508951304801247	-0.251376085018206	2.27161150910137
NaN	-2.01340181537452	-1.1860646647033	-4.51559107245768	-1.56406228116632	0.4434646238442	-0.522760146039896	-0.525904288527507	-1.36993571557151	-0.857480965971379	0.752876625919771
NaN	-2.93598376218879	-3.67231878428627	-2.90352863840884	1.23197913823093	-0.571927113327406	-0.482373803593248	-1.02192343456608	-2.22829781906654	-1.38488768560923	-0.403204135086529
NaN	-1.54059416649038	-1.00465916661727	-1.32768100816312	0.918926186184692	-1.09951286685869	-0.340191411177211	-0.676487215618841	-1.10944599703314	-0.77176384031438	-3.23767049897848
NaN	-1.06170996687401	-1.59645239494321	-2.30095599226725	0.0997805297607718	0.110561118660638	-0.0375308931926075	-0.438905586365605	-0.563901700258402	-0.438202372735062	-3.25979768966464
NaN	-0.7809644291888	-2.06389252132407	-1.56689922386992	2.94646427844232	1.72572558168588	2.7398584090187	0.801293103020818	1.39814968878264	0.212180594702521	-1.27782900055552
NaN	-0.440835170238914	0.560875197452204	0.695560042617525	2.62477327651349	2.9845541116763	3.99846221081973	3.51017949684774	3.0320688913451	1.56133935662188	0.1996501820998
NaN	-0.0527489985545174	0.159869171018653	3.71904527103211	0.855494926108696	1.15983203306263	-0.0689448989450328	-0.117606878233412	1.04250665700198	0.846308511873053	-1.12361035416694
NaN	0.0564082340556697	1.39702087201345	3.51298578682123	-1.80070224651841	-1.48044298066389	0.573555483363047	-1.06633265137457	1.46884130034294	2.16247159117057	-0.388315361950292
NaN	0.54181281078728	3.10263302143825	-0.156881157483054	-3.48714781342657	-2.23102290185468	2.66934821703421	0.96015876604438	0.871551997679436	4.95331315166426	2.00990661991819
NaN	0.70441209567088	2.00400525010673	-2.27546970247284	-3.25187860517011	-1.7261888510544	-2.21219104922767	0.285829673161534	-0.46949139464666	3.76735810412071	2.65611697393802
NaN	0.463768053380824	-0.211313557319053	-1.5404127035301	-1.35993780912349	3.3791507294124	-1.70261633198024	-0.962502803223323	-0.494465821249397	0.575237669424288	1.71258882136069
NaN	0.752637755763432	-1.16297959142143	-1.57228219138452	-2.58961129816521	3.49624305526541	3.2181692301932	0.871171425789925	0.22731474337362	-2.81286295672198	-0.743928557384637
NaN	0.975335234233889	-2.34031088489306	-2.02403473706063	-2.99855279878603	0.0771309999011262	1.69928812585112	1.08060992567548	0.164029044961383	1.28289507983729	-0.618296889121869
NaN	0.853218097192165	-1.84227322031565	-1.4857350637703	-2.20367936632657	-3.97165902129817	-3.51399540061401	-1.01566600169494	0.950964013249879	2.95540740607374	0.373247787598423
NaN	1.05808887895494	-1.31015932973666	-0.949421729662609	-1.23860339177218	-3.15829867398236	-4.23691981241903	-0.929819413162204	0.0717733113682988	-0.588841118024223	-1.72917527797901
NaN	0.820753945806906	-0.767356275061227	-0.506888136180968	0.669305809472372	0.665957581327251	-1.94334625661841	-0.53944417226245	-0.0978860469501119	-4.24987610409102	-3.34637575932889
NaN	0.926662425732836	-0.420668301750003	0.909492452060266	4.30742344511851	4.03212729707003	1.70530437653297	0.923208485042537	0.966067722029603	-2.97306067683488	0.383850541914191
NaN	1.06992428671493	-0.224854634214679	1.77966705820298	1.42546514312094	2.50104477194984	2.49392792288688	1.33143288251185	1.58865636881858	-1.47920406944315	2.14096568452884
NaN	0.926577697741626	3.519921779867	1.34491647797356	-0.625424272525143	-1.67873725530442	-2.49103868190903	-0.333508419601308	0.924699523536525	-0.990148515125083	0.873478528420039
NaN	0.79118129689549	4.11426988054118	1.53807298949473	1.741476674804	-2.35861744736119	-0.781114687527989	3.7748930867443	2.3873631280115	0.231887660185	-1.47178188546305
NaN	0.901974784319067	3.59247071761329	1.44274744453768	0.770120879179421	-1.0486039054993	2.12958482697652	4.22877088303297	2.48105345833362	-0.0309925119641366	-1.62513035788673
NaN	0.750402429741725	1.64027901382464	0.410861629979199	2.59722551677238	0.135599792108894	-2.3398925683896	-0.595962753202034	0.303626646872864	-0.816641992112916	-2.19159698166049
NaN	1.73731753668212	-1.99818283472497	-1.35925597476265	-1.78673802009686	-1.8828811496267	-3.69718925783993	-4.36569059673327	-1.33500079995773	-1.01492691057079	-2.42533190209383
NaN	1.3555605144919	-2.67590813755014	-0.0863131737624835	-3.13507136572432	-1.682748980569	-1.72992503962755	-1.77756704368957	2.42972852371397	0.15426377617679	-1.27285466129365
NaN	3.41289218902622	-0.158295635584495	0.664439433737698	2.28367564033395	1.51138257374838	-1.07495321107185	-0.883317604171584	0.542599551272628	0.0873335423058088	-0.197228941764024
NaN	2.79173368220072	-0.0147157779936391	-0.266415409175183	-1.26112465256768	-0.251055981730619	-0.896099253453543	-1.09041919391448	-1.54577707007158	0.0464821112043689	-0.660229259802482
NaN	-0.494874118549794	0.931579779137861	0.374881589296678	-3.75121309543182	-1.09870833893523	-0.521640541143943	-0.577185431742286	-0.632931380814626	0.428217330717262	-0.535046936208278
NaN	-0.596757357951521	-0.611438912755991	-0.0400125929942573	-2.00170638885459	-1.74159822704394	-0.12106919611333	-0.33194550709459	-0.611249023407596	-0.630336587913612	1.50804235124451
NaN	-0.991931742919633	-1.10069460234398	3.67891042552521	0.475268001295994	-0.495240168538335	3.38987304706272	0.782143140768012	1.15211026065495	0.217629534083815	1.94935215935139
NaN	-1.70661189869075	-0.406064311024677	1.09460965077971	-0.18767213821529	-1.1492508845326	0.915761513150812	0.0750505467756913	0.521708036303654	0.58876144893132	0.041759806541052
NaN	1.37891001306816	-0.312533355469432	-2.43447116741521	0.490856744552713	1.15829295367415	2.13959014968668	0.904571579617598	-0.405530086723601	0.24194552422283	0.401213821756093
NaN	0.584804456913499	0.928408870250378	-0.0600358673259726	3.63714720285049	4.33947102864418	1.37339389893939	4.51816487090837	1.1903246792193	0.725011740490324	0.813031535464154
NaN	-2.63566359910392	3.26652802264384	1.8086223055573	1.27964970180154	-0.00119561152292192	-1.62530464821634	4.0809596530573	3.02337807394568	1.83327191837881	1.13383153276463
NaN	-2.07061493052906	3.37614843361846	1.42248917237046	-1.10906084358984	-2.28492053655159	-1.1084936511954	2.24462467495529	3.06278422839942	2.55059914151522	1.07218306462471
NaN	-1.49449484191974	-0.312318248414393	-1.03986120410815	-0.359707868757428	-0.522885522231322	1.38869103003947	-1.45001789510527	-2.62004172845118	2.92885082058449	1.04870849314093
NaN	2.84382408310088	-2.39542405908906	-1.07232044067972	1.89499567570007	1.79344205042409	2.42521020574812	-2.32236336985625	-2.27760185020789	2.47188406209876	1.84893440960035
NaN	1.07923336797528	-0.359813123882432	-0.000489519375443545	-1.45118617090926	0.238224532470398	1.61637922138433	0.745292212062255	-0.462929221296216	-1.19934997804035	0.733219714755021
NaN	-3.22587988280247	-1.696777090423	-0.96971405987882	-2.40383503938458	-2.04234687517473	3.85233161062196	-1.33702133190642	-2.41820810874239	-2.33820372574727	2.87251458127052
NaN	-2.46930748428119	-1.89441474739637	-0.835120366638731	1.34405885169214	-0.23471048355793	2.96851126973694	-1.86238960125792	0.563156383862012	1.46733655051543	2.15351423299766
NaN	-1.46536496400433	-1.6284722292697	-0.393438129749255	-0.329595085544125	-0.508565474569349	1.11370909975829	-1.24536740910323	0.689509110404625	2.445347662758	1.10944101580082
NaN	-1.34444595201326	-0.913156485741069	-0.188793087510842	-1.19681190690354	-0.867928054513722	-3.00744503561165	-2.58056427294693	-3.63097899346342	1.24580174287687	-0.220802188629286
NaN	0.401394018537512	-0.523674185047572	-0.204146466478854	-0.598377059593211	0.121071521732212	-4.01692633643311	-0.306179448725956	-2.34971276439274	1.24815266079836	-0.740493222990376
NaN	0.850195317014569	2.5492266841505	3.75046251569889	4.07610670777831	3.16396054015218	-2.18663354783022	3.22327688865428	1.18537479613834	0.614993819792395	0.977804181578965
NaN	2.05827417826244	0.92266091907229	4.14227117067447	2.51740436030464	2.05278927272992	-1.45308361905382	-0.695144609001056	0.301568401277365	-3.0248538822037	2.37958546614097
NaN	3.37112522162827	1.1611769661269	-0.702644098446902	-1.29637471928962	1.59527196057442	-1.47780503504507	-4.97182359198125	-2.42277529360227	-5.00964364391785	1.63974434049988
NaN	0.930808157061668	1.30372546691341	-1.63135323915179	-1.51437616108581	0.915862802944269	-1.00084479162311	-2.09555533145835	-2.36487105963132	-3.43648880591575	0.724154805429157
NaN	-3.74587848636998	2.05343450209361	3.66077842623717	1.65756977198821	-0.036570729215735	-0.114137103000772	-0.864381613209471	0.282481000137602	-2.13202017318567	0.439113485829546
NaN	-2.50986725956121	1.98510702837262	3.18250183675843	3.85940349595211	1.26960030819138	-0.208351282254127	-1.16803965170057	2.41595463463211	-0.323533783638998	-2.062705868836
NaN	-1.98141130254692	-1.23528594370325	-1.0027452218253	0.283504933604955	-0.557773400030425	2.12327332010235	1.02358132588064	1.67555246016225	0.140475394310516	-3.19191579788159
NaN	-1.87659844533504	-2.90191458996439	-3.90422021021169	-2.74589215190075	-1.2175928303023	-0.0459709237602556	4.5814061404679	-1.29005199485904	-1.56355904524623	-2.73330221367115
NaN	-1.52337043034321	-1.85754727227041	-3.18568226110513	-1.82555949285068	-0.917619162371844	-0.782669761648021	3.45193607095832	-1.10891658540515	-1.69536105708484	-3.14173547175333
NaN	3.03308412416413	-0.231082350789025	-0.407087751785405	-0.377167201917666	0.684013229389869	-0.150407778407442	-1.50739372151447	1.04258531775595	-0.0956128942265703	-2.78990792689853
NaN	3.62612492807648	2.87426688718223	1.14788268536046	0.856912667614008	1.93964948459123	0.712543636973432	-3.76686622864669	-1.25772213340863	0.310694879283147	-1.91538831751078
NaN	1.97276243194309	3.07828573076009	0.837618621981269	0.837587998348783	1.26637996361845	4.56100645652448	-0.0595099399033866	-1.56707462875465	-0.783930866767458	0.112896348975039
NaN	-2.9932042906429	-1.28665377850432	-0.918619436730404	1.54683577998747	-0.594262087474444	3.82473494402066	0.44740577856885	-1.15409629984161	0.664510912195801	3.16557540908666
NaN	-3.4419578401871	-3.4941209025396	-3.89446681524133	0.934056980012111	-1.55189708034234	-0.676199548723468	-0.965974424114243	-2.17868257892543	2.36837195809833	1.85279761822326
NaN	-2.05130909023904	-2.01172088513021	-2.67447791863583	-1.59405515284806	-1.86245221151345	1.6789259341329	-0.253150027148129	-1.54846701164898	2.21310469471717	-0.120773922054
NaN	1.92368895485591	-0.0107516593152253	2.37055743665328	-0.147567616724641	0.623821901280292	0.59519290999991	0.143768798934131	0.490204214527625	2.10121559448332	2.02459167771898
NaN	3.24172235582553	3.50063030922522	2.13494477987889	1.53213305048555	2.38050383822936	-3.11225795323542	-0.943725696264344	1.82627360365552	1.38288352928952	1.02050872149322
NaN	-0.453075368340537	0.932995494609421	-2.904574066104	-0.891108979653626	-0.550559120245551	-2.53200331108794	-0.278158413467665	0.52667770826897	2.07072942699448	-1.39833326272961
NaN	-2.08931785226748	-2.26421399996264	-2.73882484418491	1.94503415664037	-0.149726997354428	-1.27978946229203	2.83492296492094	-0.97891702918779	-0.83340125118754	-1.91550277627457
NaN	-2.17317276411727	-0.914624316552422	0.656911918571677	0.39293560777474	0.600460691827022	-1.24013372217423	-0.390309715886898	2.17644242290506	-3.19705380941664	-3.45267312118719
NaN	-1.59599136833588	3.00127334210721	2.6149611688012	-0.184845381935789	1.42054670621128	-0.930779961431618	-1.43193209475636	2.61278845341682	-1.36577898006635	-2.65008307785309
NaN	0.095546381500654	0.726145927667493	-1.46454456177351	-1.32940472549541	-1.67952700909634	-0.468765903238128	-0.0727956371105569	0.977162343537754	-1.2625585676584	-1.35727184257611
NaN	-0.240399058873279	-2.70076165455706	-2.9444264084195	-1.7523986885942	-3.05147801172657	-0.310376995633579	0.326610322450718	-2.2920719261389	-2.33802972490915	-0.965519895133785
NaN	-0.912667741410422	0.128109110717388	2.03825824785854	-0.0119178602539778	1.77295749283288	-0.263590303069704	0.315440829442676	-0.834595826758787	-1.87991490186794	-1.74015096946806
NaN	-0.445139578977309	-0.0143024796073125	-0.73414183015779	0.108519452165129	0.48768572430061	1.06834416195923	3.55396357688294	-0.140321447416533	0.0781901084593966	-0.438944493210033
NaN	-0.0225516657821639	-2.34736599820286	-2.31152273821501	-0.354356596354705	-2.712451403041	3.84538623832309	3.21761241612731	-0.229231931376519	3.55489570267187	2.02426611708502
NaN	0.0847073532240487	-2.38494944454153	-0.916989878924725	-1.37132901865554	-2.87616582558941	-0.622364348653835	-0.0223016683985663	0.903849005133624	1.88999922765958	1.47190421485071
NaN	0.304582449283111	-1.12301445118376	1.00758116098731	-0.721883766764168	-1.54050634754839	-1.80005208736408	-1.82113446039531	-0.622962652743742	-2.39146588920012	2.16399671763597
NaN	1.68665491678018	-0.723197988113064	1.39355028771781	0.163344594200848	-0.48373791511537	2.81591696053235	0.205177272334541	-0.455166515371104	-2.28377324084669	0.58426092536266
