NaN	-1.09702054672377	-1.95605051242063	-1.73379484081264	-1.89619749006345	-2.24662786019068	-0.856813178938358	1.03113850066587	-1.50643070748479	-1.81399303094152	-2.52661479278973
NaN	-0.534799506437099	-1.16936571320244	-1.23668162117086	-1.4565568540838	2.60467602628593	3.10757254703727	2.76334863958388	-0.121609903308081	0.898014844894258	2.96053006668179
NaN	2.06045137117333	3.88702537961891	0.983240828544709	-0.230349486752322	1.77174419078748	0.922809372176785	1.85937139507804	0.678181121369811	1.85972903861073	3.89711530941205
NaN	-0.497422072818316	-0.716683843491535	0.596217784521337	0.172191374095833	-0.134516644253125	-2.54240563956596	1.64633809136919	0.626848623271752	-0.797444621449225	1.21483420734777
NaN	-1.51418661734671	-4.36505755796588	-0.668369160575646	-0.711321885774448	-1.26015438081087	-1.56181742705087	0.136451038607339	-0.862405623050242	-1.70637368330469	-3.49215630213712
NaN	-0.734374364839622	-0.880904280638608	-0.910611498640562	-0.0997226272209072	0.333902720780884	2.74056468372638	-0.592971648814247	-0.735456005143801	-1.36558384397162	-0.838375785596674
NaN	2.00221678346205	1.80246305625623	-0.491765926929328	4.30276780448774	1.56031657758485	2.0384480289853	-2.13584242326117	-0.88816970307703	-0.986776481553426	-0.815677359738794
NaN	-0.270459431708427	-0.42056118468735	-0.133373108916269	1.64769925482439	-0.972918598809392	0.0416025475403713	-3.00221695363819	3.28727901482457	1.94822900457302	-0.530248789965348
NaN	-1.27324835239588	-1.28392133924614	0.847346871839315	-1.56061193620165	-3.26891067791222	-1.96514849684284	-1.79960668571851	3.26071653807973	4.71016059019291	2.55140982963787
NaN	-0.658958957584155	1.80045845194315	3.83468367198968	0.658306012743986	-2.0303703199662	-2.1870457694868	-1.91704157425356	0.83244220127563	3.58205280220167	2.92490708531828
NaN	-0.44270547608026	5.56406320958792	3.58322179839781	1.27572967559704	0.0303197182088609	-0.831200893381366	0.0570017667675742	-0.339552980283212	-0.00384277850490077	-0.81699824068837
NaN	-0.108135236249492	1.68584676673896	1.5129519367288	-0.210678916873815	0.735964120906986	3.39545390048204	-0.500176718050976	-1.00053021211138	-2.82592151842525	-0.867584209883784
NaN	0.098512693692811	-5.19014643059735	1.05882963989404	-0.376574428873457	0.626053413788155	2.70869057907647	-0.163652141856712	-0.621763274115803	0.570840658260611	-0.00546642793302836
NaN	0.200997737809561	1.75744000910697	1.12798880543886	1.38152445620004	1.55825631081315	0.636008413477185	2.86260316737739	2.35616888912173	-0.10864362107992	-1.10006786347017
NaN	0.125875394443805	2.40783454908408	-1.19433183903526	0.596426217817163	-0.71351080356889	-2.2759707441388	0.834392768527152	1.08073226798428	-1.18599403728974	-2.95183275909199
NaN	0.414307986037139	-1.80525864779596	-2.87204137322233	-2.14195640482491	-2.28252771285273	-1.59024812401778	-3.99898656783053	-3.00376460516324	-3.07168958896037	-3.4295753955466
NaN	0.296059588632267	-2.67573118774934	-2.88035642868802	-2.13489865335058	-1.76384211646418	1.53080356290694	-1.5748767276821	-0.889669044760535	-1.97373850115998	-0.130366581206871
NaN	0.372560726079937	-0.446432390058463	-2.2633336734685	2.33100892726637	0.608368810791352	-1.06710629560565	-0.360568055162612	-2.20495468812511	-1.80605829010459	0.432518866570539
NaN	4.19928796349644	2.50049473104715	-0.976210278934234	0.430246970798299	1.71888128217362	-4.03745820600637	-1.9758712318159	-2.56920691076238	-1.15603002338769	0.855418220759217
NaN	4.910117482678	3.0210414717645	1.69089715339335	-0.668506656924454	2.49891098022867	-2.85964891518335	2.13131308025252	0.550130044021012	2.27395746523336	-1.02888280164516
NaN	3.05891490548104	2.2982060860645	0.743479644303171	-1.06722462024908	1.72854123875981	-1.8694757505476	3.96927492546675	0.395829407740142	0.30625140571585	1.01473386618908
NaN	1.07387201748374	0.0180371503428419	-0.777417357439898	1.32138394311357	1.40736784892169	-0.469245233412637	1.79976352184639	-0.691425383029459	-0.37211967211974	0.913460711551583
NaN	-3.28919154377655	-3.13823990445203	-1.58648514198629	2.65079827079944	2.58807724937803	-0.40329311126034	-3.54921693207428	-2.1984450192965	0.540589972186742	-1.83153277072121
NaN	-3.64387647945461	3.06832239541407	-0.514021823248036	-1.42241727205617	-0.250441147194679	-1.21632094408782	-3.84608255493037	-1.22162075349868	2.39775724245161	1.5970784113291
NaN	0.656551668282723	1.27383806500669	-0.0412063595193051	-2.73725346813852	-1.88547969557368	-0.71308852622349	-1.25626171470313	-0.955909595188642	-0.634204004749566	-1.45362676107367
NaN	-0.611538549101535	-2.45657932677363	1.56734488659808	-0.852832017155228	-1.4449276709079	3.31584249958257	0.565129792573032	1.08152125294971	-2.30509356171901	-1.43331266215477
NaN	-2.77518149721037	-4.53941823743947	1.26311521476974	0.376725162490924	-1.43167684871907	3.20196928510245	1.34143545343696	0.539991598257182	-1.58034992291415	0.600484060274448
NaN	1.58235805418792	0.659643268567198	1.01916110330744	0.76643429051682	0.316669288779549	-1.65809199963518	-0.758851608663356	0.456155052028125	-0.947295114757054	-1.58536226405088
NaN	-0.876003851180462	-0.488348847534287	0.613340485231353	3.3243993682883	1.2708562832691	-1.95024230476587	-1.1032773465252	0.275995750377308	0.206351436083945	-0.744650115588137
NaN	-2.34765592500512	2.78873905307725	-0.702186907410405	2.50267850862184	0.549639864300928	-0.384617570272011	-0.145588491885376	-0.228066831162747	-0.862765396493901	1.87126898421023
NaN	-0.88401664918488	3.10007213819514	-0.80517605935754	-0.772008449596849	-0.86831019810868	-0.299007963532903	0.240133712446257	0.0972597380461601	-0.967722842843241	-0.75842613541595
NaN	0.465225483120829	1.76212151673713	-0.259639591077297	-3.83691192622751	-1.44804987515163	-0.127622039621373	0.517457720571967	0.330752026154348	-0.531186532641614	0.103700263377347
NaN	0.152571796606571	1.04018781884033	-0.0760334450545046	-2.73009946622463	-0.69891581089155	0.060896040745689	0.63462208447757	3.06008732557095	2.2911139539265	4.43947398006448
NaN	-2.61249869845601	-1.73252980163635	-0.930149116393712	-2.26028441019427	-1.97036786848263	0.816193410665323	0.862308066872902	0.776694425969518	1.26661942581571	-0.00647441130333874
NaN	-2.54571361352914	-7.14220522473895	-2.06326975296349	-2.64929862754088	-2.17695680100592	0.725717106456586	3.09175482847396	-0.537908343339553	-0.886042503871547	-1.11470314489976
NaN	-1.45870045298861	-5.24536895262064	-2.39847577915862	-2.1492080501963	-1.45345767513276	0.507171993309035	5.89165192865578	0.657521666253905	-0.487140629876834	0.584127944225354
NaN	-1.0050276415174	-2.28703103946216	-1.84791495858871	-1.55898405820986	-0.0202667525254632	0.553026730308457	1.39415893847112	0.863496901839154	1.25275791137341	3.80684302620647
NaN	-0.752089940578171	-2.29089183477015	-1.10472049150442	-0.923723037306069	2.94279787609623	0.693202619118554	-2.8729217539869	3.90424821067745	2.29208367984165	0.908836049257491
NaN	-0.48647703901425	-2.00350869239095	-0.64990256488264	0.535734191360504	0.634216297505397	0.744120599636736	-0.930991469033721	2.05715595540867	1.60786890548177	-0.453261771526521
NaN	-0.131093996355748	-1.27044477710007	0.18536780085987	4.15777741736547	2.09797926798571	0.738601815509218	1.14711729201854	-1.35591784104423	0.395533962380063	-1.60872615440602
NaN	-0.01845702858805	0.124604778454356	3.3469246388419	2.10188548360755	1.04480778919264	1.63790558847756	3.13687535097546	0.101575920768251	0.766392563712587	-0.262117667400184
NaN	0.207685972121883	0.866526019713914	1.59501315378251	-1.13678063611342	-1.26485271361965	4.81014241533252	1.33848869159985	-1.21571236612542	1.67838158195864	2.31043082797794
NaN	0.431965105742878	0.30776003411007	-0.544766625686386	-1.92741070820525	-1.117166363761	0.624893100974085	0.320545760666567	-1.85687777894079	-0.201123453245627	-0.520785091938952
NaN	0.392033821522477	1.38291123105051	1.42785318032475	0.315994915311032	-0.623695792904019	-1.54217193179895	2.63213093213386	0.557927229196485	2.8570911652676	0.734564259575238
NaN	0.3792808616154	2.84698493477181	2.3552310016615	1.12679866781012	-0.311376711228238	3.1037365108904	-0.267972913908024	1.46338303421288	2.0330078465858	1.85193096587205
NaN	0.657855292583785	1.55101353536286	0.0361555352860216	-0.362282714884758	-0.937576626558699	0.832622162539006	-1.78906470771023	-0.957278797287205	-1.88584018260009	-0.98532038466898
NaN	0.794100320842927	-0.11082475651268	-1.06130828315911	-0.751440454336185	-0.646529339736174	-1.88221224352826	-2.21652227412903	-2.64743775011869	-4.05811663291282	-3.0822653388112
NaN	0.870439767730189	-2.12811595390092	-1.39960826431117	-0.410083918667826	-0.479393825615483	-0.992168131770335	-1.33556858242186	-2.19103560786961	-2.28042210796745	-1.23237234505903
NaN	0.719932706219076	-0.888216217689542	1.7478982044895	1.50107460346074	0.554477911442803	-0.739532959572853	-1.01684034418726	0.0508838865507945	-0.405986787252125	-0.108154456475128
NaN	0.665802632501682	0.0151548428517466	1.94448158066492	1.33351064923009	0.596302164256785	-0.648635118510348	3.44361199548145	1.51428127637813	1.15734611752796	0.619542217005177
NaN	0.88972858449553	0.21771400391273	1.3496281342685	1.18791177320908	0.603286032997198	1.56355738725638	3.28758274995408	1.62855963213374	-0.244480374725738	0.740527967121522
NaN	0.964098315720123	0.212376473074896	-1.15716158303927	-0.454431336896631	1.13424464289709	0.909400951638151	-1.94448383881585	1.65896032246591	-0.593281761278403	0.584366569624297
NaN	0.639636562774653	0.539495120828109	-2.06674579466397	0.0944524944461419	0.833737596086809	-1.52440430335025	-0.668971071392163	-0.737135927302306	-1.51612434225961	-1.01558230370062
NaN	3.32232124131595	2.37979837694922	-1.31674735846289	1.39275052464639	1.47224570294764	1.54180782288674	0.182090783096483	-1.95464411243511	-1.87054170600657	0.325695503271338
NaN	3.94725473534984	3.44144067864052	-0.631131567734668	4.51640204685675	3.65432691412539	0.95219568854031	-1.63130441983534	-1.90572869362281	-0.845432672192446	2.07428080093596
NaN	-0.619303747694856	-0.661573490302741	-0.876956049242428	1.09250827352557	2.396927142239	-1.93659889575575	-0.67738680431418	-0.976697350419993	-0.492485627067159	4.00572582510219
NaN	-1.78055743953008	-0.643288198945655	-0.780341070719195	-2.44113865277345	3.30467958495095	1.7650004047537	3.47334799113167	0.651469745000134	1.03522077892613	2.67814725036097
NaN	-0.646753947831811	0.693812746841365	-0.502540918655244	-1.85195341241113	1.47021792446778	2.12791854909181	1.76644137181687	0.314906010167279	0.437405211846166	1.65901353669578
NaN	-0.470078966258955	0.306494027419036	-0.172500752367362	-0.946480006354625	-0.188574123478543	-0.0330796474335068	-0.0192105173206381	-0.218187192752546	-0.796805498902673	-0.210407533666546
NaN	-0.358046390824009	0.155035526879278	-0.0533097309106339	-0.649204028613798	-3.48963059580577	-3.8909233756057	-4.6370433402034	-1.68064460600415	-1.31982628991203	0.806293244340654
NaN	-0.447454218557821	0.456063526457585	1.03103199716761	-0.194960589318179	-3.6794174086482	-2.86283312550909	-4.93335569633049	-0.548162682478284	-0.00617124215805941	-0.583024142384235
NaN	-0.446640948211413	4.82977700409878	3.39480751100072	1.39580822712507	-2.06820522813297	0.717044262154717	2.56387711787871	2.67931335828838	0.858712252730172	-2.99369647913042
NaN	0.18170197307563	2.30260572466264	1.35204129066101	0.15965459347227	-1.72821807272683	-1.13277613002723	0.0126326686914089	3.95573408518158	1.49669302538805	-2.38980634625991
NaN	4.15608543513034	0.730762315175836	0.0492367410202598	0.655678103439393	0.917680208919458	-0.345082480086453	-4.16083256069242	2.77571538535092	1.50814359704161	-1.31969594593028
NaN	1.14264088984358	0.39279179432363	-0.103859549210436	4.45846979582762	1.26402592905761	-0.947358278393634	1.46174592407337	-0.360832738657763	-0.150045997058515	-2.49262989553316
NaN	-0.401273962491685	4.09392586049646	2.94413134769529	2.94182048532343	2.49219379098148	0.41678764207119	1.65882560253123	1.3234407059512	0.446401198255339	-0.660371887087412
NaN	0.3143085554591	1.28232163459072	2.07094173278708	0.829358938421647	2.8495353687916	-2.30709361681216	-3.98802179381316	0.574006037810943	0.924135053236722	-1.62193789053439
NaN	-2.09042827603882	-2.0017654691628	-0.331222369063468	1.10440500362911	-0.722937357998855	0.318637908774363	-0.666484183013479	-0.283532182963674	-0.117962013102429	-0.899471439807586
NaN	0.57930879517509	1.67840511242846	-0.473453215224881	-2.19420455086722	-3.2884743051873	-0.712216794968812	-1.34070115589252	1.0918089581853	1.39738909864898	0.0763454345643601
NaN	-0.211862974551746	-2.81113723665962	-1.21056407651722	-0.0992257287699075	-1.72058925159096	-2.51472962041217	-3.38141913707827	-0.605019516763941	1.70127374404563	-0.396943446912085
NaN	-2.05023754932207	-5.59003795641684	-0.405493348978323	-0.0752657428866202	-1.5979017276398	-0.288478164930242	-2.17961951766789	-3.4362839973869	-1.48962261057022	1.69148444241806
NaN	-2.13929576008375	-2.47966851300259	-0.19020644235843	-2.29724879841481	-2.72457841989966	3.4875855792445	0.786886611227263	-3.33878721969584	-1.03695014866941	1.15518635691956
NaN	-1.64338227246096	-1.83811241097853	-1.45777642297894	-4.22025654620624	-3.13541969031655	2.72111935424816	1.91615339662309	-2.92228727854595	-1.17308848245513	-0.0237672862810034
NaN	-1.33618810539778	-2.03776735291381	-1.89205077183886	-3.29157434587001	-2.50801631738182	1.23077177800285	0.26680506815689	-3.02155558559957	-1.76159265398817	-0.324171640204255
NaN	-1.12685522375698	-1.03087648840284	0.742105002100122	-1.23083436456777	-0.248117851258547	-2.76503868606743	-1.6473680374899	-1.25983562153711	-1.62785619609569	1.6516777303155
NaN	-0.994363941343498	4.19221252201922	1.51998407517803	-0.488130145903571	1.82526302461362	-4.00132650691153	2.14172649406765	0.199193685320568	-0.437694044777847	1.42948996545034
NaN	-0.781379501182411	3.66700709936906	0.509130837335667	-1.18367665609653	3.45334350009632	-2.34111288261443	1.51362851748678	-0.607977334981969	-0.353682339509463	-3.48677274776319
NaN	-0.613638726197771	0.741478840220606	-0.170483007836344	-1.25511810883456	1.70695782903047	-0.371132209138011	-1.68585126985325	-1.30149369331945	-0.772845319265766	-4.25128386216737
NaN	0.0996267533269842	-5.09327388251325	-1.42405793265333	-1.26140042300919	-2.50230636158698	2.10413543077994	0.802034381324935	-1.01851165896941	-0.523355880312429	2.47698976942323
NaN	0.647446532294341	0.52164083033181	-0.944852220900427	2.19446714447413	-1.44486635774135	-1.32514888174413	-0.69138646389479	-0.813525663409584	-0.296721963464751	-0.041947814791682
NaN	2.5060213348321	3.74952781265871	0.419452498712756	0.50288246115413	-0.268707760257132	-2.37573692571387	-1.69193158467641	0.0244672324339238	-0.0217381257761918	-3.75681258216876
NaN	0.264442261925321	-0.757987288296878	-0.391868748660449	-1.47701192838151	-0.72548291790774	-0.921223601679272	-0.730370754042288	-0.251364062410772	0.148446459889854	1.06333904179082
NaN	-1.53016649064347	-4.51483909900855	-1.02453331803715	-1.26069572073528	0.734368876144668	-0.635144599503868	-0.00135502669032263	-0.376648512188567	3.62242648625298	1.30537510116927
NaN	-1.07161596473212	-4.17048424020259	-1.75392976951412	-0.995318126626001	-1.45767747816641	-0.737284664303547	-0.195407809965004	-0.353350694835608	4.29340657667933	1.95900007995731
NaN	-0.381277749583196	-2.53274834932238	-1.55409169063726	-0.638483905204003	-2.14373421290232	-0.274312046004714	0.240385313218544	0.157798967440417	0.356275734786802	2.08880382167442
NaN	-0.446765859435572	-2.03401125753675	-1.19967636890129	1.29818756589552	-0.767760299692351	0.0805074571726324	0.511927976233099	0.288758686204057	-2.37425675855139	1.3173378710935
NaN	-0.344201681577707	-1.75146348640956	-0.76253309648394	0.224813132986509	-0.376415240875104	0.264116788346656	0.765522822820387	0.480711118911038	-2.19792515375715	0.869975701812038
NaN	-0.0140276981866784	-1.20758639564677	-0.678286508551173	-0.726433749698768	1.49150942111661	0.502670059318179	0.794899626623054	0.680856538179848	-1.33931705009071	0.182679992500158
NaN	-0.0759390267515409	-0.637243126864073	-0.268973582195383	-0.317113691748485	2.12354456474701	4.15609684653133	2.33498140637479	1.48693612732541	0.474713597350264	-1.7448252691115
NaN	0.128104347927349	-0.49810092640806	-0.310920290383787	2.90555557765866	1.78256961957843	1.2366516775931	2.09760622900948	2.80880229382988	0.554897147882002	-1.81969820823507
NaN	0.210747772098942	-0.197015040363605	-0.0322099668687961	3.09763551317634	0.459151271367804	-0.805155130964523	1.94735328949566	2.23054284763737	-0.400664693439224	0.772039421992809
NaN	0.272434419792744	0.07245051001415	0.362342046535215	-0.632506797237152	-1.3720527077144	-0.0839092085778067	1.01227824040765	4.47400702138341	0.0248472339192244	-2.66820619672591
NaN	0.300527472539582	0.519610341097044	1.59935285082667	-0.852288918634409	0.195989020618374	0.504886431417816	-0.0512755489020638	2.95921711692045	3.25100742469037	-2.83676210371275
NaN	0.320205207539208	0.558812280716369	2.18173963387419	0.527467860191138	2.53767847995128	0.212196975968759	0.507989095448397	0.658552754669203	3.84508047663506	-0.41469965724105
NaN	0.102162481688302	0.770574157851155	2.53289550753426	0.904628183982948	0.155639472040059	0.569513216300395	1.16360349934252	1.84580752139511	3.05499905131545	2.88876246166941
NaN	0.365900041925413	0.963116362612487	0.259440772523959	-0.493799686980082	-1.32886449072994	1.02333441086723	0.640601343055312	-0.393325919131058	1.1681283618065	0.221145553224774
NaN	0.536619272695075	0.871344911979344	-0.680648602699443	-0.647262868500067	-0.915322015505163	0.780745201469735	0.0841178048510702	-1.40831839331576	-2.24099460067199	-1.19872804179219
NaN	2.10401998857604	1.9700064019457	-0.494915354428825	-0.240559403981454	0.288875954999476	0.375362792250223	0.251227633370791	-0.962141720269485	0.361092461090621	-0.794274824102411
NaN	5.21335123428241	6.20520359863716	1.69289489070554	0.768810001045173	2.81231087746334	0.533114129270871	0.504294681703659	0.539502736362038	-0.570453221817273	-0.384445826001518
NaN	4.21748543516712	4.16330051465768	3.94730303725342	2.1857822596268	3.21645717815773	1.56080334019883	0.885419848344343	2.24305143172354	-3.18600914526684	-0.753739102882225
NaN	2.8766511232332	3.45249048898995	2.8638020687273	1.67675926692107	2.33256620610848	2.06773034873876	2.61045047295169	1.18503197405876	-3.33763421046209	-2.24390796036009
NaN	1.87729346310523	1.08344066057705	-0.237062670330881	-0.398193126997894	1.34328572221106	4.68001442007987	1.93087849228882	-0.431067798063737	-2.78284624536403	0.607246949927088
NaN	0.974313651576006	0.326223893997378	-1.39200733497535	-0.100998340955468	1.16911896771261	3.9555661627983	2.98241706882125	0.127563900218556	-1.32134974200544	2.049289271929
NaN	0.248841416359769	0.486400981422534	-1.08063839400592	2.8618073083577	1.53181128047041	2.22494017530853	4.83726893365967	1.54604862030965	-0.62057296452374	0.93617815432938
NaN	-2.04981225087662	-0.678667533571193	-1.4265739712303	-0.225332545638512	0.168428779121324	-2.81428116784774	-0.721497954555874	-0.794088927272968	-0.67273794245402	-1.72132911024614
NaN	-5.73468278092254	-4.59214907595846	-2.00987350375431	-2.33193277858055	-0.327479194027423	-3.44873297484616	-5.49089639900158	-2.4036286016761	-1.69873431196484	-2.4825253405151
NaN	-4.56399767932319	-3.07904333741063	-1.88661872233584	-1.26878823098627	-2.79540014183767	-0.383061159707518	-2.35959009828921	-2.0086154590935	-0.718034225463271	0.195537188330254
NaN	-3.63940883160297	0.695306829611131	0.182166663120701	4.10870378375473	-1.06727344065811	-1.53968674982259	-1.13391737567331	-0.16398831349654	-1.19185009714137	-0.161994211354099
NaN	0.349114249940498	0.575354619583434	2.80747148168123	4.49233233408004	1.25200378145057	-2.05813875170152	-1.78997461473377	0.914971130087194	-0.567018352802868	-0.45562404113579
NaN	-1.99493268664536	-2.54354975330312	0.698430247496685	0.894915366868449	-0.743597974514212	-1.62247254201798	-1.70088909033195	-0.824843271506399	0.653848363542504	0.803158412129019
NaN	-3.8996349437179	-2.18863333841322	-2.03447514593829	-4.51622394468019	-3.36011569116947	-0.966103451092524	-1.19958038553584	1.37846210155153	-0.117119584702638	3.92264910657799
NaN	-2.82884991994111	-0.690272885964348	-2.51061430883571	-4.15090623598426	0.131274316610513	-0.672251481376858	-0.770498694118805	1.03571267966687	-0.00707095368173648	5.28908215577176
NaN	-1.77857443289906	-0.694745431861742	-1.89116937526725	-2.34332283940897	-1.73395890241122	2.43285704390791	0.540829378238111	-0.523698250549669	-0.827628531161337	4.60285698354591
NaN	-1.29423860535238	3.44786382904174	-0.5253771114641	-1.38555217578683	-3.10832061531051	1.02188908174036	0.289494565287928	2.48158891462462	1.09404851436758	3.33197374654255
NaN	-0.934314493439163	-1.04510104372313	-0.768924239567401	-1.37878099050078	-1.92275356427701	-2.28023814319995	-1.03130211623741	1.77150357436341	1.62282539131573	1.82602108218398
NaN	-0.361227364439492	-1.43025138481603	-0.829484685362322	0.855495050354174	3.02958793831617	-1.38023336350557	-1.25546093539844	-0.221315524964337	0.756492232060345	-2.3805747298974
NaN	-0.152392903793591	-0.929101525458026	-0.819518886720722	2.11263227491455	1.52236468776514	2.97651887962517	0.890801517573519	-3.78396356017753	-1.17746490576583	-0.750962348522027
NaN	0.182612020503006	-1.67392370859621	-0.9509444432411	0.351664431457243	-1.98457789049097	-0.785072952588395	-0.0291164153759464	-4.79912321170303	-0.17779218840154	-1.54105243782444
NaN	1.45583375256577	2.16006575811757	0.0940067890649303	-0.893481832809977	-0.878365044016807	-2.63301286895256	-1.47896240194663	-1.3837996659477	-0.0546712802026155	-3.33925272552247
NaN	3.50210452032751	5.12774715726784	3.59876590882143	1.96845049135076	4.01909272295913	-1.32397333335374	-0.759455108068859	-0.474049062161858	0.216378377456172	-2.1877102140351
NaN	0.508162686811805	-1.31273250757658	1.83393546048165	2.56537624088764	2.83654045086076	-0.387702127471648	0.438604225396827	-0.886212442083148	0.0743203358048855	-1.18661831815753
NaN	2.30464084942697	-4.10086936626969	-0.475957382765975	-2.35773352838437	-1.67881363370363	-0.972585097636268	3.39751839267658	-1.13876793064854	-0.168095385305668	-1.13641112253925
NaN	4.75835692320544	2.6057714785873	1.58774451851986	-2.64666837250772	-1.27709804313382	-0.847356532842689	4.26409665086573	0.733200896698127	0.952456599228751	-0.231462320120242
NaN	0.569570641462182	-0.745846376869733	0.236630996098964	-0.937239822158033	-1.73055489376247	1.78841798686689	3.0588049208241	-0.441061176538745	0.654692723743638	0.935685743527409
NaN	-1.2300409856204	-3.27784280357054	-1.20999742372101	0.340761436459302	-1.71097658729726	-0.410143407443557	-1.40495103042083	-2.69090274556371	-0.266955399610564	2.01882945180636
NaN	3.80808147965724	2.31731137769653	-0.981594842311011	-1.73999429156887	-0.307202202015643	-1.1897877461448	-5.32540441637005	-2.86180732710011	-0.583017520739346	0.511884427729068
NaN	3.34424046494941	2.19863467412889	-0.264127948630069	1.73322196342647	1.24555496073241	-0.638290731430052	-3.45734501773305	-2.07142989904319	1.78639751806347	1.25014781169598
NaN	-1.68251556935322	-2.0498432741905	-0.754305300201951	1.83593195523641	-0.203109668732491	-0.291281460062818	-1.02579177081513	-0.950272066253785	4.46661127550172	2.19057755164701
NaN	-3.79361869260802	1.94651566098354	-0.0426190583638128	-2.25197980404332	-2.09615566441728	-0.129940008474576	2.30230416467026	3.95983397970922	2.61988109909086	0.72144355008758
NaN	-1.4705974794737	-0.259610435793746	-0.400532745429842	-4.00020805292299	-2.01620443244351	-0.206342824894887	-1.2120560925673	2.23303299709099	0.007039802605326	0.849205239053713
NaN	1.12211685147289	-1.67214368020589	-0.488843619295261	-2.38215382129928	-1.09804949326296	0.0338762117200807	-3.64536503595514	-1.92542009352065	-1.98311725409804	3.08813764072735
NaN	-1.45530434562009	-1.8533104553407	-0.651366112539544	-1.41571314258873	-1.87881911051631	0.195136941867657	-1.89213018852492	-2.85212341545515	-2.3525806845622	-0.744017864050613
NaN	-1.97091585218518	3.29964299244848	0.579042546120275	-0.576616212710701	-1.66150806210135	0.196134126369001	-0.885044763778921	-1.14317670298497	1.21875353013231	-2.6138056260879
NaN	-1.25015963779864	-0.734552302012299	0.239242060707046	-0.471875149671762	-1.0925026536763	0.182602478367319	0.0963681824295913	1.17227408997901	2.66599155577998	-0.138227868050512
NaN	-0.709434073249962	-5.19470602022637	-0.226625777163254	-0.843675525816668	0.543177005361704	0.201403301349159	3.75084363193456	0.741115711469947	-0.42577124576769	2.11199816760503
NaN	-0.320997117214815	-1.57669778729905	-0.579921418866013	-0.32404603052855	1.33828455783623	0.464381506275733	-0.334070843319051	-1.03584657532477	-2.61800102914664	-1.38019949958405
NaN	-0.112853000170836	-0.307372746825088	-0.252830604777572	-0.0365647510455519	-0.371303456221195	0.416629778874729	-3.00579471154705	2.4917048985828	2.15945537237935	-1.18285158700495
NaN	-0.0377118223402257	-0.64753669769587	-0.0564059860245821	2.99756627414475	0.642675803758372	0.329473140193465	-1.20942748813029	0.366662155634287	3.38726155240437	0.523500561877707
NaN	0.189123328842346	-0.373577676409916	0.00255725668371772	5.00389423617391	4.55026361365328	0.374668372327542	-0.0370690371003926	-1.33064533108012	1.74162874394521	0.131430473096178
NaN	0.290326277023763	2.54693826706558	0.829092728375518	1.14884708239168	1.39379687101401	0.452512530691503	-0.226328887166899	-0.468527957249986	1.10103878011024	2.13246890744099
NaN	0.511291335408532	5.57266313194497	2.98956690151494	-0.791645006470842	-0.865799283345408	1.63381165090211	-0.0152206534547992	1.22110343029841	-1.00491623606977	2.32686059307913
NaN	0.639734087073991	0.660287024791696	1.27421580662848	-0.717507010462659	1.16094468305735	0.37101673469395	0.358280809178475	0.637772332126082	-1.6235923482395	-0.70403555811961
NaN	0.646182127582688	-5.11298493429468	-0.238034042094678	-0.964557238236185	0.580648931157883	3.24022894975917	1.12470857554983	0.00707112198248297	-3.37186097471087	-4.28904168872204
NaN	4.44349292531558	1.94939460841847	-0.0344010481908839	0.213439769263799	0.994848019535823	0.464322025035999	0.691176748315783	3.19767021124116	-3.49415051548609	-3.67959588450067
NaN	5.39783385344724	3.72736929916883	0.706063016054866	4.45617179963101	3.6406819865705	-1.55210454073457	1.07947954215909	3.50888781552785	-2.1677366775121	-2.82364948097692
NaN	3.09374451578676	4.22167304735051	1.27069614097227	4.67253636435565	3.17167612722085	-0.923441467264153	3.787884456001	4.28040082876104	-0.326626138409862	-1.44301514394233
NaN	1.66186657892734	0.767848204929559	0.897163947973082	1.90208348888815	1.53280293749564	-0.486462953476905	-0.111285993526216	0.361564805291223	-1.58617782911586	0.408076719770903
NaN	-1.83518501649572	-4.47571518974721	-0.307925027554866	1.6123510788368	0.0190313154128583	-0.481777918192361	-1.73179043449112	-2.68460319888529	-3.00964264602311	0.222193533213225
NaN	-3.50981311141938	-3.5898323960989	-0.930851960767836	1.76364858682095	1.71167889694712	-0.145934606984288	1.74525915214411	-1.73006554685596	-2.13950666152483	-3.01673979432782
NaN	-2.37838225089603	-0.716264651456938	1.08711644148283	0.904949348784544	1.58482413037672	-0.311302072025056	5.25312554090705	1.58380789975218	-0.427161241656629	-2.00346768147684
NaN	1.30322673999462	0.900296331034487	1.92865008401216	-2.511658076185	0.624257652631311	-0.442907683505078	3.83408445698362	1.28486479941728	0.235881406275424	-0.679258497860603
NaN	3.11036925093988	2.33929701569912	0.0566629543075169	-4.9255236549563	1.21124311562963	-0.135761855812617	0.874476749133207	-0.0466075690375688	-0.541416381187681	-0.712687805111064
NaN	1.24629001085026	0.932348988644094	-0.851975789085354	-3.52667553301519	-1.77936721157747	-0.124288951121024	-3.65212291651684	0.837568265409956	0.00305128782048992	3.14547188479781
NaN	0.403355340981591	0.0347639082661222	1.74420135973383	-0.787316830128296	-2.84339996169987	-0.161445424068805	-1.29445696371176	0.62955731687581	2.29552673434392	1.88399916731553
NaN	1.27616229809815	1.28722558340239	0.640246538855926	0.610606662042883	-0.746950061438488	-0.0518504835403941	-0.483958585059516	-1.10150621714542	3.86050410295556	0.861771672178929
NaN	0.567090881861862	0.847706068134816	-0.979971930833033	1.75029619205517	1.83076916759183	-0.176965143179575	-1.54017534731114	-0.253590933623974	1.57917369843902	-0.415611724756042
NaN	-0.0970135054989044	0.225505613882043	-1.50466034582975	-0.882622996864188	0.384033775543218	0.27138072689681	-1.37073980096308	2.74174628985165	-0.233501536229714	-0.577173822155369
NaN	-1.86807744727535	-0.104993774307883	0.0328946683172197	-2.75482084175316	-0.382540797041876	4.38856201290556	0.953704460838828	3.61164470077087	0.356118901237131	2.03895739611748
NaN	-1.2959535857898	3.25313906993056	1.74836239327633	-0.790243188514918	-1.93801047886365	2.40462717445232	4.43797330207623	2.34022283564322	0.879593073654035	1.95779629978156
NaN	-4.64310212673203	1.243857107167	-0.195622554957205	-1.62245814961956	-2.91689641724967	-1.41698011843783	1.42593111905486	0.601917726768882	0.0885154779117682	-0.629451234213576
NaN	-2.28157449458792	-1.08700781327375	-1.56738590039712	-1.88928045003146	-2.07843812025981	-2.00556390011181	-2.6406336982792	0.1522958545624	-0.0481325796965341	-0.914965289648356
NaN	-3.60530294516161	0.292992888663352	-1.46805097588817	-1.32600382939238	-2.65225911267878	2.04906989441011	-0.948874832495212	-3.40630599739635	-1.30648971681875	0.512528603971341
NaN	-4.52835649469215	-3.14506120015019	-2.13554714495572	-1.29806354143188	-5.30507387887759	-0.921076716903817	-2.35519181364419	-5.35723241052558	-2.85773544172185	-0.879140329425225
NaN	-3.72720562107666	-7.91636471653746	-3.06647494114996	1.75803131250335	-3.78743044074775	-2.65270537163645	-3.08048742061482	-5.14906249112148	-2.44001486309624	0.773215491575517
NaN	-2.42085422996865	-4.17859100422618	-0.813204323127622	3.85214380200445	-0.990283751575223	-0.652063474788181	-1.74121770720278	-0.969921087974334	-0.935340026225803	0.124558181295517
NaN	-0.507096878900638	-1.49877012646015	0.509913740247651	2.98016465251138	-0.514218178201007	2.51666314202104	0.376673620686527	0.784633474490024	1.89015142739494	2.8473220787763
NaN	3.63639346604994	1.52044643688746	1.68187631087034	3.0297676978133	1.60928329153653	-1.85192488080475	-0.931939483381886	-1.2093236572124	0.726899876013486	3.2275924509525
NaN	1.37032109528346	-0.201802014205665	0.655122720736194	0.0179108851175122	-0.0654700900995893	-3.0067748381407	-1.90301396654533	0.118931682604817	0.262370576450942	-1.58205916886705
NaN	-3.17347802970485	-2.23544254619245	-1.81782657346619	-3.95648202805078	-3.06557598932064	-0.893408981087656	-0.628226412337778	-2.0900823124543	0.604520313463548	-2.59842317866088
NaN	-2.35217491213616	2.79916916847563	-1.94332219376969	-3.40041262566785	-2.87036933421284	2.84734232025928	4.46878679385364	-1.15709517832504	3.53034114943643	2.41463168384172
NaN	-0.799258248107964	3.22381306979058	0.644951122378433	-0.662411643531311	-0.333693922474486	-1.16345100108119	0.52558975743248	-0.566504738745545	3.28073266999365	0.906762998324846
NaN	-0.455930060159636	1.83425050280042	1.74767116611131	0.276381506730733	2.0547987091611	-2.89789253077957	-3.22232300016782	-0.272135937585515	1.981009305615	-0.529660112007386
NaN	-0.228011244353939	-0.435734186298678	-0.808632794254423	-1.2478100930718	0.880417545021409	-1.56513379479701	-1.4429356028381	-1.93173161000405	-1.75251278917873	-2.84255171623266
NaN	0.143090790054097	-2.9016959547175	-2.68820759997734	-0.754812565582669	-1.03064369042834	-1.16434456824342	0.437476547275916	-2.01158808803219	-4.1422932373377	-2.6681049738494
NaN	0.511540439239034	2.49176116660739	-1.1748254475024	-0.275140615509948	-0.375896746007604	-0.911961249842406	1.36710527150775	-0.206021921089501	-2.80516534087776	-1.56505172351347
NaN	0.847560311771102	1.77568347092929	-0.400420498047826	-0.343108584983521	0.221092450768912	-0.721531340928531	-0.596025273486706	-0.191938802963982	-1.72303753502239	-1.0978495664131
NaN	0.838989633602333	-4.22712667454282	-1.53947665449123	-0.97954320891133	0.471146087422501	-0.33582487127137	-0.557142448877823	1.49654069450063	-1.26218167656453	-0.747768131985798
NaN	1.12787113775403	-6.5541605495503	0.604985452523568	1.92508567681889	5.07152944070063	-0.431462232148023	0.415270691844762	4.67809776681784	1.18989757975959	0.752518008896099
NaN	1.69100840175079	-1.25644024505185	1.11756366434353	2.90016609967535	5.85162812505589	0.158057249968223	3.78701423441785	1.70881730146358	0.699931221210958	0.189520705526914
NaN	1.63964542043857	-0.487802452061444	-1.0994513331812	-1.18545499592132	3.91366878519099	0.205782154567846	0.831877739867862	-2.25748365519899	-1.1977668141199	2.8516269453099
NaN	1.21306539927865	3.52284579364752	-1.16094296351315	-1.58322841728995	2.62162916966413	0.148985664522615	-1.41651002469147	1.35864751228158	-0.582379317291175	4.92175960399849
NaN	1.40247403077767	0.18340049930355	0.0942653977186104	-0.164348722758053	-0.915391762295123	0.267877444030228	-0.363733028120434	1.94561490869333	0.862918043473644	3.59669072367177
NaN	1.30200323650972	-3.14957683881491	1.35782508984535	2.37812384146212	-2.05605645400017	0.982994298743613	0.460792403047207	0.546841370187222	0.22286786051606	2.41321240427733
NaN	1.71545123653501	-0.331743027091182	-0.574818037137489	4.21176568927314	0.233167860541356	0.928433818668902	0.401082097909331	-0.755303137200104	-0.064629545888447	0.995284292727065
NaN	1.33020372878888	0.595211939645252	-0.723360105705286	1.03685223523706	-0.391112371747717	0.276868545277101	2.7395977869123	-0.558734894465311	-0.37057925970136	-1.69655813530632
NaN	1.0209339009048	-0.0413236433560088	1.38574393847005	-1.39402901244651	2.40135636861281	1.95032811715984	2.16137627910054	0.448489760953317	0.644797830846362	1.64125190788581
NaN	0.973605418874736	0.369344175906866	0.7316765516011	-1.43133350039963	0.165371044720685	3.45864838392047	2.61248496290174	-0.126761508225313	1.67183803762879	-0.0956631628279055
NaN	2.73122231524388	1.97990152705892	-0.508081118630127	-1.35802716996792	-2.14002677099954	-0.539169433688667	0.306895291988418	-0.646410300037526	-0.0697482349494455	-5.83442390219638
NaN	1.29089456192796	4.70195572534845	0.241409881561483	0.26562863309105	-1.2968966616497	-0.827497233544533	3.68262885914764	1.11845700068946	1.40760691075891	-3.67290579225867
NaN	3.57408374396146	5.56654474081357	0.981021621987922	0.225717281190765	2.37557383807627	4.07436006749106	3.73931225991489	4.26883126170413	2.41186548956622	2.75709694023967
NaN	5.06157941630303	2.20893978880116	0.582669392466352	-0.74778125977563	2.00978937737681	1.47894524972948	2.17831397522652	3.21861096988641	1.93048814266441	2.3088471564143
NaN	1.24465598541785	-1.39454174326159	-0.196345690266155	-0.971292988180046	1.44495475308108	-2.20920129452586	-1.56702160487082	0.390809804794251	0.163565299152975	-3.29652532864412
NaN	-3.17857805610267	-1.42542327155453	-0.504816022241844	-0.544655065830156	-2.0141025883694	-1.57440273740112	-5.81928225846901	-2.7640306087006	-1.32305736253149	-6.22944042701498
NaN	-2.766303163142	3.32291227443415	0.419797330744207	0.224813691053612	-1.29783405077778	-0.686833902822752	-4.35277008943918	-2.7829779392218	-1.52440690235392	1.03736806191853
NaN	-0.408308924247124	-0.501939573280244	2.70012424680827	1.42034195104245	-0.886685952998188	0.169163537642934	-2.16512823418593	-0.354954632762998	-0.622911024955837	2.36716769807218
NaN	1.77789349721893	-0.39892369496829	3.8935664654918	2.03787396354928	3.1921278986323	4.0747203378112	-0.0459476411620582	0.924709182755479	0.2311254906284	-0.175713476216031
NaN	-0.925811461901375	2.43899416157306	2.73327623128524	3.30528843678843	3.07988417203788	3.33105984832648	0.824156224930811	2.80328235950983	1.94719113874272	2.11572884076271
NaN	-2.81467811061521	4.04811623125226	0.533062956367118	3.34179419167183	1.40244997072904	-0.445516470259778	0.27011865182518	0.492379794226416	3.81797280216038	1.65598718596439
NaN	-2.08642271231824	1.65004264319712	-0.539539701483797	0.426036759983706	-2.47497373276519	-3.71490431391898	-2.54638661224712	-2.28234018037032	1.69670687192761	-3.39617194388954
NaN	-1.57801060227288	-4.82714624692137	-1.62467960416338	-1.48044941661254	-4.28739525727833	-0.464712907753964	-1.8265112175928	-2.02004643457669	0.0850491547979143	-2.02812114504778
