NaN	-0.931686305291175	-1.57962641388851	-0.855790803320168	-1.37155282708997	-2.24755626575044	-1.06536905027839	-1.98513074026848	-2.38164447403441	-1.71070821178911	-2.24962998054906
NaN	-0.699035762119354	-1.23920527221218	3.01755881134909	1.0193661715806	0.534778155057762	-0.919619895095925	1.84518474845116	1.34590787549973	-0.218801601426096	-1.31825482916896
NaN	-0.688481768219831	-0.912050993308037	-0.020795396675968	-0.89517202305185	-0.0392950606753411	-0.533461906883337	3.42055660068915	1.9237896500471	0.0375342924963261	0.526383857311712
NaN	-0.339558888720082	2.79283493331929	-1.05019424711432	-0.469675471346419	-1.67772636281198	-0.341305046387829	1.33834688563741	-0.00582739557246155	-0.504027956243031	3.48160125844279
NaN	2.37536831977218	1.84285671453564	-1.12816033949139	3.57582086240425	2.68470029097738	-0.0693779091514477	-2.53465750360475	-2.33435860802218	-1.08066495799119	0.0923068025743638
NaN	4.41948596187377	4.33986204539012	3.35484504091606	3.41921901543038	3.42276456867379	1.15254315448872	-1.88642614038421	0.245984262279713	-0.0274199450409771	-2.36032789064853
NaN	-0.992307718121661	0.845997882983426	3.03208994321573	2.21287280292887	1.30978771638746	1.7748035108672	2.33081149389626	3.17667009842488	2.96693566033162	0.879078843536981
NaN	0.618483766090923	-2.38573974935663	-1.3900367588984	-3.37269194222932	-1.60008196360487	-1.05754671787128	-0.63285352439322	2.95738230564315	4.8653888158375	1.8386732595881
NaN	0.438993553732765	0.723437424117931	-2.40543251024602	-3.51433075154862	2.14990686137504	-0.755915916453821	-2.17880597595782	1.12256575908866	0.70302235181434	-0.807893873984367
NaN	-2.87243432776874	2.1512209013571	1.31124335070855	-0.166561629336055	0.172769983205045	2.04796618457745	2.56291561188058	1.18495135206931	2.43620813333693	1.1966056017259
NaN	-1.72169314335958	-1.08924072536216	0.968644876774431	0.236624968830069	-2.65153587393872	3.03257469062557	0.945434819250167	-0.0191226184889649	1.80112728985538	1.24476845990189
NaN	-0.928966952669801	-0.438133277872035	1.81383032032534	2.34426776204541	-0.832177788031737	4.48798574657416	-0.906508915949023	-1.38060673136481	-2.87861451733955	0.232268703165
NaN	-0.104981983074413	-2.8162051486948	0.903675884274984	2.43919809400973	1.61027223373346	0.665840962252818	-1.68191765142374	-1.71227778643061	-3.65113924734835	1.64113799177335
NaN	0.581573806226153	-2.89594752172727	-2.3886067007208	-0.860322040193968	1.88502274589464	-4.80655329259729	-2.69328839115305	-3.13161538686591	-1.30997622775391	1.77831012931578
NaN	0.246993839334847	-1.74704686322223	-4.36144082164383	-4.62058372487149	-2.29827855496431	-2.245891885531	-2.46791514843761	-3.95773606144575	2.18813842379008	-0.71860322130605
NaN	-0.737381641241765	-1.05005768170371	-1.67293340804086	-1.94163688274866	-3.35292823692226	-0.949460716535713	-1.63975302607312	-2.02825026988884	-1.31587967494251	-3.28674748172443
NaN	-0.414119026405523	-1.41485395110746	-2.85970890239138	-0.359401513063512	-1.78057996745741	-0.943232008588998	-1.04031009115812	1.48277748335603	-2.78382924100441	-2.60735985735324
NaN	-1.09679811765974	-1.65989784383221	-3.02490568251603	-1.49035621420034	-1.55279488036671	-0.932233253418682	2.7591053507566	3.37901872940458	2.67043609430095	0.821995207809534
NaN	-0.789885688628417	-0.804832062348581	0.656060499441641	-0.488903555371358	-1.31710224767488	-0.483739629552176	4.09383078252522	1.46544241464096	2.22010304237152	2.96268981149023
NaN	-0.349481420550537	1.5424578025578	0.546753686380724	-0.380737522966974	-1.03827006195833	-0.344805488517089	2.32929130301803	2.47683077444757	0.386003725534294	0.0666399795202407
NaN	2.75910209267694	0.526796168839964	-1.60844460674065	-1.58607168353346	-0.211317350313594	-0.297290708720591	-1.60246208587439	0.848958622899249	-1.9944593752373	-3.04517603339121
NaN	-0.00422713000772635	1.76847302550144	-0.507878381463313	-0.202448411737387	-0.0730693421009054	-0.226478406049482	-2.80274487126357	-3.66080875756535	-0.803946455768815	-0.813041279669258
NaN	-1.40064416428178	-0.686113254589691	-1.21784993092706	2.66498515229215	0.753217439529448	0.0904978651104812	-1.68620550905357	-5.4050567150779	2.05140938780692	0.976234527678281
NaN	-0.33402347974058	-1.39285333816946	-1.15839929782343	1.37836466638364	3.9744942399669	0.623315499405727	-1.04786188919848	-3.18359074832705	0.938760224818335	-0.363369977275373
NaN	-0.192605547621889	-0.355325454225981	-0.396969180417065	-1.89547396643938	0.698918661907472	0.848659731662665	-0.626883242629401	-1.67679871411109	-3.61347215986347	-1.95583510449133
NaN	-0.123811870394036	0.0104196642104614	2.75749152224887	3.69322407693972	-0.310092347992989	3.61371142022432	0.637530281349383	0.181052104133751	-4.89437864710928	-1.15880556116855
NaN	0.00773605232809853	-0.476391069003291	4.07608673266168	2.56158075594241	0.535891524964695	1.03955857839137	0.590634344990307	1.06045991116381	-2.32753838844157	-0.650352575489839
NaN	2.04032936675384	0.472207033847533	4.01759700429065	0.102388540344237	0.213994468619105	-2.22630165820474	3.30158485262651	2.6941230826661	-0.539971982751143	-0.388421652519102
NaN	4.01946556707162	2.66249809444465	1.16187944618079	-1.00818175284616	0.811709675988175	-0.85131213073809	1.45611274372208	1.06134272954131	-1.06121481732435	2.06193531113147
NaN	-1.45731639138785	0.444947662587147	-2.39693026961549	-2.08560903662861	2.23610216131791	0.130693149402595	-1.15249578044838	-1.8317226376758	-1.71671781767012	-0.161886399611739
NaN	-1.89730463062806	-0.702082253157482	0.173998768470483	-0.434552178720524	3.14757280705969	0.0715132910420765	-1.28994529054243	1.69568336284816	0.484301934451079	-1.58565541923214
NaN	-0.247182808895059	-0.192258891551105	-0.781821892657391	-0.704496348114964	0.980543066256504	0.334158520890766	1.32432874701137	1.1081907232635	0.73988817487073	-0.539491153718622
NaN	-0.239738130425339	3.32769086031314	0.0951356992188804	-0.367826216659507	-3.45453043552644	2.59236920964259	4.68873803338537	2.09094611551672	0.0830164527211909	0.564247329182735
NaN	-0.210011452626133	1.70206407055756	-0.236189090208118	-0.256344828678785	-3.03228718900691	-0.8747140991527	3.37159061808718	1.86485399576553	0.568090088256465	-0.0872145607126498
NaN	-0.164672237029762	-1.07735306757872	-0.386499438838804	-0.0423383926785461	-1.90250454799374	-1.38623979873914	-0.545407204157469	-0.603737739898386	0.0230606895457574	-0.653393083972752
NaN	-0.0720203667899976	-0.935663097235482	3.16173064725454	3.14176347652094	-0.0636793339300413	-0.157984136459194	0.865687741253479	1.93753318522032	0.892579616337135	0.0223327059661
NaN	0.00694759839979091	-0.347852135934487	0.186152477556978	1.57791086787658	-0.0482953630541448	-0.274836535745947	-0.139673731694478	3.16035766218331	4.58444628456579	2.07898054356575
NaN	-0.118844191479417	2.9129995563947	-0.4836475694058	-1.21469768497385	-1.1110825539852	-0.237271499542668	-2.96456519789077	-1.12699927238559	4.93140618606505	2.50256083816095
NaN	0.0975466173680135	3.73455667752034	0.979379972239809	0.83465776265306	1.07459625803873	-0.123494536037985	-2.9854745171225	-2.84483801983	1.60480280787898	0.924315704027415
NaN	0.257469356905162	-0.475136178598517	-0.828299350537713	2.6831549478994	4.77984987757542	0.162258594375868	-0.805433853094923	-1.38238748307693	-2.90593077815085	-1.14093418132937
NaN	0.182985908442899	-2.23813051907574	-1.38356106960943	-1.09303520378798	2.62735769633316	-0.0679004973668341	2.63139651507703	1.46365847255837	-0.458169888382503	2.70491980752169
NaN	4.69182838849595	0.871141419223922	-0.0760819701380348	-1.02178016989018	-0.858716706660773	0.037501724299826	2.83212443163138	2.07981007644207	3.0663778457223	1.86277898329949
NaN	4.23306617808765	2.20693153542577	1.08666836788472	2.95666006369746	0.395947359225754	0.0876222585101555	1.70126866259034	1.74944025777132	2.01884020041624	0.0841440104289381
NaN	2.55324264389897	1.37783065986476	1.60493920652069	-0.253038389318522	0.122848799740848	-0.00110399804621362	0.272478159328329	0.395223111283618	-1.63741028699315	-1.33204811124787
NaN	1.5719462214325	0.67086547482177	1.01724962058074	-1.26110905695402	-0.506909381616384	0.0432950417839812	-3.32194430577138	-1.31137090154082	-2.0418820949607	-1.0416153409451
NaN	0.782542436755939	2.07979988792322	2.41485804177017	3.45235688896402	0.675253516841141	0.119814415585096	-4.01181601999707	-0.944691129485004	-1.52112823627644	-1.12848021929956
NaN	-4.05210909310791	1.19535120583985	2.40015039537354	0.654691605864119	-0.991184344735846	0.260070975399359	-2.9437609072581	1.1872025586024	0.365720958207278	-0.196039154604927
NaN	-3.64685112526124	-3.27787859211229	-1.60935988427914	-3.34515686272941	-2.05153609741446	0.286245391947655	0.417310202149733	0.571505857691489	1.94246171042403	0.624149295730259
NaN	0.342379561705538	-2.53560333179264	1.46902064545606	-0.12980682814268	1.50570928537439	0.243985116554535	-1.02418822672964	0.719644343284109	-0.653987349383649	-0.377441529232925
NaN	-1.55597225522789	-2.2464050379498	2.40385542326905	0.917721802970116	-0.0997827043680978	0.019105440670885	-2.07651340754976	2.06178125991797	1.84725839623306	0.976396002605354
NaN	-0.100401501687724	-0.588035069277568	-0.776136745817699	-1.29549434113925	-1.32252759612267	0.113201215796329	-0.500073795310339	-1.29335253163314	2.96765599429738	1.62162531005628
NaN	-4.28263319838422	0.698716761562713	-1.68420707936782	-1.37336294973555	-3.04142592628598	0.136505090879087	0.72749819299152	-2.57246480308478	-1.30693414136027	-0.224881531597227
NaN	-3.50777308429682	0.55524717311351	-1.00664334124448	-0.366337590168422	-2.69606232264215	-0.0352528104178294	-1.02819641548146	-2.07556172966571	-0.886694010569949	2.5440865617978
NaN	0.319035222526792	-2.81759269415442	-2.34323701201252	2.10346064909659	-0.611070295067383	0.0928572745193538	0.623087531636486	-0.799454398829641	2.88542263124813	3.71643491463112
NaN	0.7161253072902	-2.13550923539895	-1.996051864809	2.9990178701649	1.69001347266345	0.0704276916156904	0.0663757779607062	-0.443721893785083	-0.198537391902869	2.21638992827005
NaN	-3.5837644544318	-2.94003150573098	-2.09941658896737	1.28525465735869	0.0927909633764543	-0.0200639081632828	-0.650836697287357	-2.04864926652949	-5.0682183113211	0.816705418947033
NaN	0.372382280680134	-2.04382776167437	-1.42725035500665	-1.19937401586393	-0.605178502036688	0.214132315797033	-0.639040421412796	-1.6996901763927	-3.55377910745148	0.180457495674866
NaN	3.37069622821157	0.617141997682191	-0.0399418617696301	-3.46502645269084	-0.000227003782011454	2.64086589892732	0.340767143965594	-0.204694616108271	1.6772582953448	-1.39700863520697
NaN	-0.613012785071525	-0.312313543852822	-0.0552472855027338	-2.22053047862495	-0.235209892167515	0.923901299311708	0.672523920144656	0.0668994078285394	0.802284520555567	-1.13498238274392
NaN	-4.25662799129488	-2.40958172305717	2.80661764015916	-0.0987395571449389	-1.21461814741474	3.38716361567034	1.3899059472307	1.4021605875883	2.88204168103942	1.90451012984658
NaN	-1.65749276895682	-2.08191520828979	1.4297216169709	-0.684204459848238	1.84973540973004	3.82779906492379	2.29932701831525	1.84090755536568	1.64091856299214	0.217378678215115
NaN	-1.00938583584447	-1.22027772360098	-2.20916677133783	0.201160279147096	2.96925816280251	2.00608221706984	1.97083915974212	0.180193650251411	-3.07273104203354	-0.593716867257737
NaN	1.20601067929245	-0.125249091979484	-1.98024743829567	3.07928775698485	0.710431000103687	-2.4711338594291	1.6897800000872	1.66189727709204	-2.51563866842499	-3.75361747280982
NaN	2.44102725898236	1.67703766800397	-0.313202215122434	1.66016754578904	0.32300569432953	-5.33662774168579	0.969581423739373	4.19586251216369	-0.206939798215573	-5.51001784425435
NaN	-0.612430831749649	0.11303916240814	-0.794219524010922	-3.53255253278074	-0.642072112522586	1.83390578252125	0.0475798123360862	-0.0264008540351653	-1.61378723407623	-3.04799571953817
NaN	0.294210675858187	0.48310241148474	2.19381825393642	-1.85051549088642	-0.00469149505722205	2.39810523150035	1.28113778409995	-0.881964655692959	-1.56679560845673	-1.34193095082193
NaN	-1.58011177555243	-0.234642121551031	2.60296952066734	-0.267001946383931	-2.0118649241743	0.352294664115928	3.20807048897077	1.93945580623784	-0.174684676262028	-0.979681993074296
NaN	1.34312447452853	0.231467722487929	-1.17568151509995	-2.33772225569525	-2.84678717605882	-3.69246535722876	0.992383797773661	-0.0293877925408365	-0.515383722733943	-2.66956142446116
NaN	4.17457673857008	2.97912850774439	1.30618369445655	-0.513283876543008	0.273123446733696	0.316541531168977	-1.24617020340868	-1.14143796997302	-0.788089177619273	-1.45109717015418
NaN	-0.799697802715698	1.23050175656811	2.72593400633807	0.846872305036121	1.37220743739899	0.706222558326001	-0.158512059539325	0.279996495341539	0.247320809571472	-0.215035988008009
NaN	-3.08870664854039	-0.826065261566262	2.61711666017755	0.951457038626137	1.6770532892621	-0.280707140898557	1.64268009608177	1.86571837425002	1.07551763067292	0.420820427285811
NaN	2.15241337204667	0.480019036813968	0.244442364258973	2.85424255341573	0.276809608102838	-4.4648846150864	-1.66685210546826	-0.187598498410933	0.333437974772283	-1.28022898919384
NaN	2.69576775846311	2.15074474804946	-2.7727327368789	2.88239003801902	1.23312430944393	-6.96442697531081	-3.89382207283787	-3.52028775793371	-0.789946395429356	-2.68533238830765
NaN	-2.54276753826117	0.0203907195816646	-3.75137917618357	-0.370334449579978	1.95529676351156	-3.77518903811984	-3.28404480220794	-3.85184388979213	-0.71473263007373	-1.94225754794611
NaN	2.94302216620722	1.21865865313854	-0.305920208707175	-3.16766023983178	-0.676979570380197	-1.24851295450601	-2.00421514101148	-1.3751668797833	0.116045646440427	-0.654961572830358
NaN	3.20023024805598	3.67452816473181	2.73186120432597	0.00827844796862167	-0.290076315772221	-0.275028787164126	0.438663471035413	1.88362961336562	1.70213795134136	1.17958012575451
NaN	-2.64358223910821	3.8453196307951	0.162691317063213	-1.05018645674528	1.29311226580476	1.45260954217306	2.93125136713132	2.98443294615485	2.86709332544709	2.08554128982875
NaN	-0.0247806527320669	-0.00937252962561645	-2.65767472629291	-2.5545213482507	-0.938725198376106	0.375124339560148	0.484534370605268	-0.560143125231278	0.46896753522949	1.15715054373383
NaN	0.153709107858889	-1.80843808364974	-1.47497019890521	-1.40157651238088	-3.14009099792933	0.341137719969017	-1.37286353102046	-2.49533126284232	-0.658910286368327	1.09405025753226
NaN	-2.67572991457196	-2.49245923783323	-2.11908367301659	2.04084447774715	-2.07842298789706	-3.55859505762528	-2.30800820934973	-2.41809581278881	-0.0947578481441372	-0.231442945715166
NaN	-1.20011829130497	-1.75230514817535	-2.40927430492132	1.53288819684615	-0.750027658357788	-3.31290715524094	-1.85889075778851	-2.02838160378201	0.27171875258267	1.75556517454586
NaN	-0.538648432845502	-1.43944292625847	-1.75144679297993	-0.85892001099593	-1.41515388512307	-1.16197301832436	1.43106967978343	0.379719315700075	0.689463214175394	4.38836966614135
NaN	-0.653716610412722	-1.25037797461427	-1.08835871523017	0.539200884701047	-0.647168445324654	-0.743597008082671	-0.637622448183537	-0.529283056827787	2.29060976587919	4.00511975438866
NaN	-0.225792025943914	-0.744077809753862	-0.785924854316549	-1.50484520168894	-1.35078723458555	2.03646241498935	-1.25031381692664	-1.03809682286791	4.68747690786853	3.17572895655733
NaN	-0.100311907363536	-0.21781495843185	1.34330143492451	3.13733408186593	0.762762100633971	1.97813940856206	1.43170608950669	1.63743441388878	0.730036398281835	1.85309649428503
NaN	0.17070373195991	3.92381679180727	2.66227742235234	3.026666834637	2.57601065689046	-1.53356341028286	0.319572751819571	3.77734097150645	-0.767585092385658	-1.53788025955022
NaN	0.54695898520468	4.08992418259804	1.99949201536019	1.01420762345818	2.99624105017802	-0.500518864726226	-1.00141915618316	0.243164926288108	-0.788761558182469	-3.04714791358648
NaN	0.436981039135684	2.97819724309765	1.43902389312048	-0.956491886989875	-0.107682029241778	0.839930565439964	-0.853370442915189	-1.15608528676485	3.16280861038025	1.51605787671577
NaN	0.661054432907912	2.01040110497548	1.13070664558329	0.274278746077376	-1.32788029907822	1.24786507837448	3.32772787363394	1.71908359679913	2.58797398606322	3.1630410815454
NaN	0.840881703679711	-1.3407021847259	-0.539626991395149	-0.589542330700803	-0.0893804180426098	3.95873060558899	3.82252105729045	3.44883313651496	-1.59930929037383	1.90251319661962
NaN	0.501114230029004	0.489410646198438	0.465325253753828	-2.85029393780114	0.298821177666971	1.36384201399022	0.731217225352221	3.67378302038629	-1.28481754000141	0.869245089688032
NaN	0.560618882578486	1.04948715091959	0.855519624939736	-1.93230759301299	2.82803960471278	0.641786814139634	-1.10738961970061	0.967143836370815	-0.785111748537746	-2.43140037432672
NaN	0.57688153673794	-3.09982621339939	-1.02205376774392	-2.00395321439459	-0.839089246415794	-0.122745892994021	-2.13474862667655	-4.06768482780141	-2.78713467628346	-4.76596719072594
NaN	0.857284837766794	-4.83571686074086	-1.00509758391842	-1.55390521986595	-2.94342835727251	4.1369067850939	1.86187425566521	-1.27727672757864	-1.56166379769098	-1.55243341511059
NaN	0.686223500908378	-3.60688581432506	-0.820895924514704	-1.07339422904398	-1.61724202313769	5.8004986895956	0.553156237812263	-0.762753402180272	2.8045234548637	2.37529367152806
NaN	1.2984427463167	-2.09676088082391	2.16813066485198	0.656796325633355	-0.0708338577592006	1.29500010158523	-1.39407414317971	-1.14112231845235	1.36448288133328	-0.0281795131931734
NaN	3.49397625784676	-0.405427312283346	3.43352308571087	1.68766597982337	1.81490483839519	0.586238071691182	-1.04578525988885	-0.0950304335475921	-3.13461079544363	-2.16837825012337
NaN	-0.288104212202166	-1.13218917097959	2.68090367418365	2.62999737190455	1.48640101425654	-1.12498748348312	-0.428013693371628	0.429985702492967	-2.44478993265453	-2.04843365101736
NaN	-0.864026116629874	-1.68580516438395	-1.81483909275401	-1.21783156542522	-0.394670149338329	-1.86878821102599	2.07853236710015	0.29205332936467	0.778114807074199	-0.894422712793954
NaN	0.836011699180546	-0.614933533084529	-1.76177109261684	-1.08452322690708	-0.932945272012878	-0.885569991964427	2.18911260823265	0.960561704565713	-1.30147640535519	-1.34308898369187
NaN	0.768549058973328	1.72378575001897	3.32005036485717	2.47397770431887	1.41708824882527	-0.320764160375401	-0.511348278635951	0.768089099244454	-1.75957257662308	-1.12626982653429
NaN	-0.981903014846605	1.30057168847646	0.571346143786519	0.769941215422824	3.36101235095299	-0.239894329322089	-3.79426545746418	-2.03325633650628	-2.0340299328099	-0.267610932382781
NaN	2.39393992829418	0.584088496132972	-2.43014653472525	-1.04445353958075	4.21927195813825	0.404140952418464	-3.11463974884144	-1.33707582635049	-1.55021006757494	3.36788684800054
NaN	-1.17271313244061	-1.28863572775812	-1.68203420046262	0.0377301584472394	2.47682536115708	5.06158479536572	-0.511345163446847	2.91097256737456	0.789876652640721	4.71392133845167
NaN	-1.51313892220794	-1.54198214634407	-0.837729670946384	0.457339329990818	-1.31968020702084	4.55375300228173	0.537816062240595	0.302915762899973	-0.148962484992392	3.19652834651847
NaN	-0.771318842702342	-1.02884748264525	-2.09046908782077	-0.127558286057198	-3.50606266883517	2.53832312592457	0.368166695616859	-3.07824360421187	-1.51900020107484	-0.15336881965648
NaN	1.00065549961918	0.0561328547097843	-1.4060798115267	0.021955364558667	-2.37889318114863	-2.52880379262071	-1.06279911089133	-3.43624110790384	-1.34423134207494	-3.03623449079727
NaN	3.90346606027843	2.65635952063274	0.16475510081872	1.02206476823194	0.602833195929027	-4.35739975931414	-1.74047603204573	-2.02697335688957	-0.856221300032155	-2.92836782993347
NaN	2.49852820330054	2.65067419482824	0.616160992338702	2.92844753539123	1.68548177762516	-1.7040350468604	1.35833312705326	1.50694564731258	0.638611613526011	-1.35883310423072
NaN	0.625451752825245	1.62620829396547	0.32461719054371	0.480193825330907	0.513382597273681	-1.33672867022967	1.75542915107721	2.57660768203939	1.27557555101928	-0.650243802507145
NaN	-4.58082536370411	-1.059092426724	-1.08133217146942	2.08278782859719	-0.942482772005312	-1.30215577239355	2.49427089395059	0.23552066002574	0.225379840565649	-1.0160462322225
NaN	-3.6794617358336	-1.04812555992699	0.797559086672716	1.65643563725182	-1.31673200831795	-0.864531295319208	1.40188307098326	-0.329236398663106	1.83903148065817	0.243690891337904
NaN	-2.23400861046091	3.25929739181709	3.52938569529877	1.0022676655116	-0.947135205402902	-0.604398778057673	-0.812296915214253	0.164451461930313	4.74604158622421	2.15603532757494
NaN	-1.83887630493991	0.211711237533606	-0.456875913446886	0.317718888513175	0.0847398549208093	-0.377626133387898	0.788171547911852	-0.30009141934843	1.96099755570652	0.70024494648928
NaN	-1.73107980301625	-2.5218857739741	-2.02652505533022	3.03655972138679	2.62158328688103	1.61884977429533	2.4200462673699	0.858725914126445	-2.12239075563008	-0.43556094708157
NaN	-1.56865050334491	-1.58389163750886	0.0578720758178926	-0.995964554436435	-1.00726642095359	2.90426235072747	-0.307665153688776	-0.337360987480169	-1.91334528941239	0.714870392598389
NaN	-0.72897317825447	-0.716574104408264	0.00958205922083163	-2.93499178201321	-3.05308849050661	-1.97618739178816	-2.63783766168948	1.84420206725291	0.0825762330795604	-0.0250935751214472
NaN	1.1676304310791	0.519844820842455	-0.410604786495696	-1.32937852789945	0.238187348245611	-1.86184876706154	-1.2781666663171	0.549951698173758	-0.0619050257671221	2.54760847096404
NaN	-1.60654340013562	0.166401324553195	-0.0345648376457343	3.18950052359828	1.2264005778441	0.100047967336544	0.0918055765461431	1.14381532197071	-0.00534774431728327	0.834075708399411
NaN	-0.218994225900815	1.69942571729321	4.36562926313207	4.17036136762975	2.99516845861956	-0.140321403958352	1.01999145970336	1.58859899470181	0.464453957477447	-1.20797762085354
NaN	-0.524557308752451	2.86673021314176	4.5931801312285	1.8619104569221	2.6183299239426	-0.291310518789868	-1.80158152143181	-0.551351840281502	-0.155064555064286	-0.93775120288733
NaN	-0.376168006690676	1.0387319455531	0.478587474496409	-3.67502771677567	1.75669842529091	3.48990648584517	-1.02436110056447	-1.70409841196541	-0.672939002245651	0.462757529225068
NaN	0.994361505686664	-1.11591455335713	-3.19052979711778	-2.4348006245003	1.41482550078325	4.7850795591064	3.6214081099263	2.92575221758311	1.39604775706366	2.56852842371386
NaN	-1.06790872366768	-1.91863110534364	-2.89612815426279	1.8067538844898	1.12475713256829	1.77960518882869	1.92827333696184	1.49945842620443	1.2141018998802	1.38456982666901
NaN	-0.857773347798907	-1.20705407427881	-2.00374972379773	1.22566588049174	-0.400270790871961	-4.3962509204648	-2.59391880416715	-4.28949134270876	-1.57376083391293	-1.61995668272003
NaN	-0.179381820464018	-0.859213840890534	-1.4071572778551	-2.54234610170326	-1.95193017237547	-2.80946026176349	-3.4411658707015	-5.22182945502133	-1.65367269339843	1.46307156878931
NaN	-0.183046445689494	-0.549400420588542	0.819596104648502	-4.47462778127805	-2.53287959443109	-0.875418701057947	-1.164039904628	-1.3725077983721	-0.281938554261631	3.24466777165542
NaN	1.91626553776432	0.357186563053645	0.876508835636989	-1.91259324113973	-4.61389244835776	-1.19818011801854	-0.28671650833347	-0.132276463703457	0.0161391135595596	-0.077019662989993
NaN	-0.0720417249067712	1.72120727577	3.86639656635601	0.191509417677754	-3.72600574988789	-1.02047172071191	-0.732395211492218	1.19068245680035	0.41928143245144	-3.23112641126253
NaN	1.11944140314397	0.607408718798337	1.21030047536807	-1.95028856427496	-2.79369695025542	-0.560480625184192	-1.12637800434159	0.0751484646555422	0.205024519733439	-1.6066021918737
NaN	-0.63228161259165	-0.755509212698222	-2.87796528363528	-3.4242309571323	-1.22432266982267	1.97390637895033	-0.218684370971073	-1.40639168413934	-0.346258324006581	-0.128461358700902
NaN	-0.574052072976695	-0.926029769476683	-2.24826760268663	-2.17117427637602	1.63542317232583	-0.230483139234654	-0.0692736001062898	-0.831732519772575	0.479189007628322	2.61254803536295
NaN	0.0990345187669787	-0.507848658396661	1.32688637602455	0.0129929913272391	1.12658804624884	1.65935742382743	0.376313418055564	2.10360985546269	4.86381995092848	2.63256889205876
NaN	0.856086285774977	1.73643920202074	-0.299606697482815	-1.05125260674749	-2.89718809735764	4.40833400819784	2.22015035689337	3.84238622628017	2.6701430036844	-0.126338711276201
NaN	3.39902777724799	5.02017922068826	1.07961128520348	0.032515352341189	-2.99025884368946	2.80082116796883	2.18681509576695	2.01154377487507	-1.23556310482938	-0.961874430783892
NaN	-1.14363772100505	0.908731790604502	-0.641258647931727	-0.603570389694356	-2.55641401486504	1.23614109342143	1.81839663503761	-0.476922275126877	-1.71405914388778	-0.66649541856871
NaN	-1.16271756960566	-2.92834089080592	-2.13746685896966	-1.06713352128834	-2.55892720853414	-3.54310244446877	-0.0621909952524959	-1.77735642783159	1.77897134351424	-1.54616251067215
NaN	-0.0736994628334082	-1.88084594546356	-1.64598331968644	-0.450339746266668	-1.69439971788811	-5.03864026287238	-0.726020527190532	-1.45927720738347	4.35112284359132	1.50235157174216
NaN	2.52646856880375	0.767063720744113	-0.311155689616214	0.915672336137265	1.98722533232845	0.74113881487501	0.549401066810019	1.97788694597879	2.45134021667704	1.93161978955498
NaN	4.37429381418718	2.06747483063441	0.543406041397281	4.96051502552797	3.74318365389279	1.70928909111136	1.16933910406641	4.01006149944859	-1.48803990540305	-1.62411627570708
NaN	1.08440300668839	0.6913786550009	0.388496258158111	2.91034485402005	1.82027423129679	-4.18436260381944	0.89360608801817	0.771142182077242	-3.72096800472913	-4.92497371862996
NaN	-3.69157022193662	0.314634248552383	0.372781670258856	-1.68171180396365	-1.5828396913845	-4.34981185186356	1.80429097003847	0.326200571681945	-1.90281031419224	-3.61557686591271
NaN	-1.22948450496793	-1.48150594766328	-0.435497284437559	2.76158599102644	0.0119413520086169	-0.952112897631416	1.6871142467662	-0.676351377749941	-1.63064767435563	-2.31447067461859
NaN	-1.20227451450768	-2.48020329161371	0.413556621152225	3.15664987990429	2.18520939011917	-0.989145822588919	3.15266338122632	1.2119271944822	-0.838829817424362	-1.78615597086246
NaN	-0.866075320848582	-1.83981050504096	0.193356341653515	-0.221836969809281	3.81927695635163	-1.44182439453082	1.89105162348167	2.71792872053143	3.25448130465598	0.615579632320062
NaN	3.36644502652282	0.721264655339769	0.0688096102519194	1.74045513845712	3.08457733724815	3.82312915782113	2.44645818452549	3.52609676657981	3.8999189001593	2.79486959467392
NaN	-1.09811034218555	-0.443446950072642	-0.165127539676708	-1.97539297015712	-1.32404643024514	3.97147779152893	0.187068834209044	-0.536993851040344	0.800241610551351	1.78775603000092
NaN	-2.7643374068454	-1.90668350570866	-0.484373301673682	-3.94372677320344	-1.42950958820207	2.26335007094203	-2.01464617279568	-3.6188989741889	-3.72513395598812	-0.219570924550146
NaN	2.86040455210923	0.277749575036335	2.33302297163921	-0.913938320654452	3.58232568870577	-0.137589776885049	-2.51726408892095	1.96637774780321	-1.72261460324238	-0.313708964649748
NaN	1.86580171908861	1.82313947071191	1.6038544397323	-0.393148303096316	3.3531498517985	-4.8856506035042	-3.74190417814795	1.06573512061207	1.03745730137839	-0.80500090626957
NaN	-3.47069071935562	2.85642664317861	0.827549480053007	3.01742769034489	0.892743936602545	-3.26250592842068	-3.54189138059056	-3.36863921113325	0.138414960333979	-1.06978553017612
NaN	-2.07677142319715	1.10642285272874	0.228682956750915	-0.201254652435407	-3.42371624274371	-1.29385842848382	-2.68708155427566	-2.05198826344603	-2.62696271761177	-1.86595226538855
NaN	-0.400076481692965	2.21959011409703	1.28029164156709	-1.24927115358357	-3.45757618783839	-1.26123148684629	-2.06642817318388	-0.581691150852211	-2.66954837289763	-1.70755252009217
NaN	3.82226457903618	1.95988680657897	2.17997173434725	1.72412439642911	0.694576230000225	-1.00306952545705	-1.52121930174753	-1.81466229249824	-1.4353385722641	-0.676885794283938
NaN	0.467155524096567	-1.26311322701242	0.169696369932692	-1.012561302477	0.170112296118861	-0.484489584826288	-1.13767044052416	-2.40097222987703	-2.74209849835127	-1.17737503251475
NaN	-3.7296767877376	-3.72780881855219	-1.97952583906495	-2.60874699394693	0.151955361511324	0.902961839557357	-0.401667182111691	0.18954874662838	-1.92154166284053	-0.308540213444032
NaN	-1.32417373125226	-1.73182777241356	-1.46459324189307	-0.996219071527179	1.04942102419345	5.18987213626327	1.4027570195152	-0.159019807409018	-1.24493386745242	1.8068964254668
NaN	-0.60911265891185	-1.77161479163225	-1.18858683565818	-0.674195641380471	-1.89625451246387	3.64233425386457	2.08763256465186	-1.27982917191436	-1.26749529331689	1.94138624186065
NaN	-0.86635830989634	-3.43685954293203	-1.64725581503374	-1.0570480476776	-2.571488433715	-2.95227445103846	1.49964586156143	-1.17921824378262	-1.10020107827689	1.4964186302142
NaN	-0.618411157175267	-2.88354074916519	-1.3774788931358	-0.563503205049757	-1.41025932610307	-2.97677796694622	-1.08026746657733	-1.22589932351901	-0.567085384725245	1.09190018839841
NaN	-0.200194999583717	-2.05539161593322	-0.985867431621448	0.00460968293487742	-0.606008533532231	0.0625919793148396	1.51856933133907	0.209104955902673	0.176453166546298	-1.0750201382104
NaN	-0.0634312278366129	-1.49505114950814	-0.59818059187005	0.117612377964024	-0.135858409787606	-0.0437294750235756	0.739475131135562	2.72507278123604	1.32667978638777	-0.599401604480007
NaN	2.66059535177927	-0.0813447912963533	-0.0915824377466165	0.69293699648365	0.572188135245757	0.481457522117904	-0.873962627421289	3.5280280738731	2.32563025932318	1.0046486521569
NaN	0.275647837018517	0.139664416411323	-0.0571163006639558	0.652400126424209	1.1160884186627	-0.125418459957424	-1.36999996287335	2.62187782178308	4.90708942760032	4.81721854296916
NaN	-1.0572680577971	-0.248788852639885	0.391659429315985	1.05102449056956	0.319610569848665	-0.0123064373959983	-0.825882728997195	1.05889019969392	2.47837239727924	1.89142792900782
NaN	-0.00723609939649367	3.91668448189642	5.50047394089146	3.72870859076164	1.65985550465743	0.563386127017439	-0.182297450110566	-1.12626865387301	-1.73648670157462	0.0643122961274709
NaN	-0.0146940285135089	4.24786589139433	5.08438699524997	3.39510050952759	3.60532442958984	0.484372400452783	1.71711336729256	-0.506094162602178	-0.903246470119057	2.77194325036639
NaN	0.12882731386608	1.90473789731034	3.17465445143056	2.57808876709371	5.44750553844521	4.76228435659751	1.10402959636262	-0.494484293730882	0.500204555445491	1.57109030255456
NaN	0.252818845692021	-2.21459121652869	-1.65097426439868	-0.239244774233586	3.43592695395725	2.48464864227934	1.55264301316279	-2.26825214692327	1.99252612482824	1.26764253238929
NaN	0.394411594543947	-2.82023783444538	-4.34593390389452	-2.13410738721756	-2.09465636097906	-2.44674264106594	2.55203004907019	-1.87058418276534	2.88548095599666	-1.53876932101967
NaN	0.438634948981467	-1.40815967659213	-3.17835130736124	-1.12453377780652	-1.78173642631218	-0.589139423466508	2.91338652374938	-0.572438194042176	1.44488663059502	-1.09147545485182
NaN	0.332748535725932	-0.902295901066422	-2.33215432069106	1.91113610665168	2.38072447692488	1.3592101899778	0.152211670556497	0.467791320669788	-1.86805476120597	-0.34764129556251
NaN	0.530553199171867	-0.791044632946548	-0.513223164213294	0.260550356916012	-0.727618295158581	0.282294083179309	0.547647134306126	1.03467924623758	-1.11936578677536	-2.43533390355274
NaN	0.322627956231926	2.50367762868148	1.57324336479434	-0.198001363237189	-2.15866079821202	-0.304401157087808	-1.92766266574061	-2.05927443448693	-0.74970804348252	-2.7794696296532
NaN	0.30005251915109	4.63498471565393	1.97549756115904	0.610841326684654	-1.01583903596108	0.0269448608336877	-2.72919869128387	-2.33581209972663	0.00591178394451986	-0.924393167863605
NaN	0.326896263599443	3.4407781948895	3.55954633332999	1.9677436432232	0.201739777724491	0.228357744288863	-2.27371087397472	0.154037520494868	3.02053577344421	1.76186296998843
NaN	0.227980764171764	2.50719833615854	1.77206043166709	1.30037450023557	1.15513212635729	3.82197737753805	-0.598799391982203	2.10537974794398	1.82653604051176	2.14137678051083
NaN	0.624384097614376	-1.22349727782092	-3.13397228904312	-0.0828889885800691	-0.461761817987656	2.50673283976791	-0.198055670246637	2.7369145757136	1.82641268706324	0.361505922746383
NaN	0.327111119095425	-3.54314102085474	-4.65866340369955	-1.8576072602099	-1.42602125908996	3.84496841016026	1.02213779823359	2.24788412424036	0.0308376825502461	0.0992535293210416
NaN	0.329636118988943	-2.61690188378675	-3.10496103609247	-2.63019012911281	-0.250453342318815	3.22680258356237	3.41260958186245	2.11144714043074	-1.13844468685085	0.292428252419223
NaN	0.24742636585512	-1.57366977238474	-2.03684966989615	1.17704917059662	1.61421946866698	1.30963932065528	1.94453971965441	0.288393003994001	-1.32516678889419	0.49114636513743
NaN	0.191492994956989	-0.622646965910842	-1.27992772488348	1.26936177687748	-0.154261188497014	-4.40610960956876	-1.77059568844145	-3.77587246738831	-2.84419458181974	-2.60825162947432
NaN	0.365881642378779	3.48182778684362	1.85502075411899	-1.48130695222614	-1.7383563248	-4.37900792004411	-3.21406359723368	0.621561613432541	-0.81875075696255	-2.82177147856078
NaN	4.43994772883767	2.22578167100139	3.92228664443404	0.371915602180626	0.467300093678081	-2.03582558094452	-2.46123040281724	1.49783149025029	0.559839426788783	1.13729824152996
NaN	4.02276979721015	1.05683821840562	1.20368061157356	0.547482126187873	1.71457603262706	-1.91405960326092	-1.80269209304171	-2.5850705736907	-1.56307716466748	-0.398142212599721
NaN	1.70123723813987	0.488019390813311	-1.84946460178869	0.826044226228436	0.746069721323005	-1.80898678371763	-1.32921319049386	-6.04278716701683	-2.9160021143911	-3.47928765500706
NaN	-3.2403417708195	-1.82584770449254	0.161501366910952	1.30739796692434	-0.104402053044851	-1.37920512300387	-0.886665256426835	-3.61347333094363	-1.21945464092717	-1.85137857615554
NaN	-2.24807703307363	-2.33289600476755	2.87510328329386	-0.99147938135244	-1.36532696372315	-0.154667866839264	-0.384134339816813	-0.0702198280717973	3.90817060397842	1.68417489189988
NaN	-1.53074604428174	-1.39953071007531	0.0387318138658768	-2.80609692416225	-1.99562526228356	-0.585367965661338	-0.086191014208174	-0.544336584531175	3.79621339909912	4.07227012621063
NaN	-2.12153248529135	-1.14459621650228	-3.46112548335069	-3.93824859631701	-2.69545433812018	2.77119538610504	0.897006400633389	-0.375428126800233	1.57854586720208	3.54389960347271
NaN	-1.5397577793009	-1.11822290258743	-2.2353171949231	-2.08857382477956	-2.10894382314652	0.894499437723357	3.10502778374897	2.24811404421215	-2.18269785034946	-0.913604093009436
NaN	-1.52338338692712	-0.535457097424184	-1.02017467986904	2.32064659815329	0.430646357677327	-3.07654898926434	2.07441141003699	0.149550853060266	-3.35404692026424	-4.28394600646995
NaN	-1.16378736381425	-0.508831652087745	-1.51660925801202	2.27622164910527	1.32860413200611	-1.45414612133097	-0.839317655214241	-2.35129387598753	-2.37830379785751	-2.5786446291827
NaN	-0.993934109364238	-0.18129663184383	-1.15751968892776	1.36826670161351	0.800826259945667	-0.574951970230661	-1.36911968589224	-1.58398029959177	-1.74111972706804	-1.37730593183536
NaN	-0.575249041378047	0.1915929943622	-0.608340275735345	-1.3625615851415	-0.622611540816367	-0.616075771366169	2.31244520723106	1.28029778331905	-0.720944554502414	-0.152118790698739
NaN	-0.570223403345413	0.296800322538876	2.74242873675235	-3.03732103490979	-1.72820819198166	-0.471796184914235	2.09524334692702	2.76045868616936	1.81285077279551	4.15704307972464
NaN	-0.500502499918381	0.452190708349292	0.659187214444098	-3.08614444496165	-1.80338263692655	-0.0940925838734362	-1.124871800844	0.346039899529727	0.564317933473154	3.22290589293478
NaN	-0.359967265852305	1.77739203594317	-0.550928644096647	-2.62781623205759	-1.47209143546176	-0.114911677853309	0.911728095732738	0.703846009420994	-1.04744825996372	-0.0405440674076458
NaN	4.04708937372997	3.67020485532949	1.0268671396351	2.32003433908179	1.88743768072198	0.103638764510621	-0.393169277095574	0.856110963136368	-0.55836466584337	-3.079293844198
NaN	3.68956857020701	3.11523113836438	1.6986566800146	0.277484151829267	4.56863276774814	0.278634151671613	-1.46164811167492	1.67701066253304	0.154326638065763	-1.67806158191488
