NaN	-0.966599880748383	-1.50382346636425	-1.61353165904297	-0.596142677102986	-1.26865710000532	-0.638613972001414	-1.40682836576366	-2.44160560952384	-2.07002505814492	-2.44335423895976
NaN	3.06689813055997	1.28347830463289	-0.450379576850352	2.55871111384098	1.78977913553217	-0.727633752060369	-1.00944743961491	1.90998359819752	2.71714749153268	2.29835603821216
NaN	2.85776296741503	4.61919182175127	4.26978515826424	-0.297563679780187	2.77196890661205	-0.304822012337813	-0.606949774651999	2.62150170902926	1.13090466581259	2.81856994752914
NaN	-2.46202250126261	1.21167895442488	0.873721467116546	1.46674775357159	0.390843154469999	-0.202137781513332	-0.475763164650639	-1.06115820170137	-3.06930293631106	2.13377393234953
NaN	-2.45798941326564	-4.03291466133922	-2.51182027710178	2.25189157080516	-0.943820816386481	-0.1763052059138	0.0868034731838774	-3.52161550345734	-2.50814230905512	-0.89466920949847
NaN	-0.856192295480766	1.417274077779	3.39154050624418	0.161093080288434	0.43099840476413	1.55785748604437	-0.0131110671130742	0.065399018088637	0.228838973934346	-1.87967262569943
NaN	-0.904463686242939	1.12343873918646	0.671096356807418	-2.41667806138575	-2.0633320120222	5.55671315685477	1.82156795934585	1.2313375503204	0.212752554391239	2.66538549365326
NaN	-0.309974796845631	-3.1187895025195	-4.20656657459083	-3.6485395440769	-2.94857742434188	0.170649111459151	1.17288546231291	-1.27500785388415	-1.11071380984408	-0.820034711716571
NaN	4.0551290845546	-0.27535905199079	-1.8189840399353	-1.97353882061728	0.378613142587188	1.71635752571871	1.71274288698287	-0.457126440581559	-0.102840099144691	-2.51245114475466
NaN	0.240576379266049	-0.674551110121921	-1.05661510980076	-1.40151084075489	0.198095868500931	3.52297917846759	3.63084033329072	1.42300774133272	2.95905665478601	1.64384147072055
NaN	-2.93051174342768	-2.49109569040137	2.57669576580473	-0.344180520246588	-1.11309225672727	-4.24522766484899	1.11436702531325	1.06606251395798	5.00768196287533	-0.944592661094391
NaN	-1.31559645756601	-2.05013023508671	0.885611962725448	-0.120735566227192	-1.6457680267947	-7.25663642388018	-0.413093624427286	0.18875643436688	1.71258112164119	-3.2539308161308
NaN	-0.685137954696293	-1.25151304690201	-3.01940195736341	-1.18616645170881	-1.57320915085982	1.22050676865332	-1.72473982891327	-1.81262725771048	-4.61196232369218	-1.35280486907805
NaN	-0.47821467115995	-0.818238920169215	0.939445252296771	-0.0784999444721482	3.53125932334285	2.41045047346059	0.766246385327316	0.580826108594558	-1.32462219253947	2.72894697000279
NaN	-0.260325260518209	-0.483245381553441	0.438447672267289	0.542235159989415	3.67507114557572	-1.76765923412211	2.23792802904841	1.84634475728921	0.580441376088435	0.786274590444075
NaN	-0.347145884311318	-0.12309609634028	0.402565218146727	0.288984733857603	-1.29739839196842	-0.000731455149377162	0.696895717564731	1.53465277952054	1.39650043504653	-2.99240686989441
NaN	-0.138309284705733	3.68189306217615	-0.29375256530182	0.137349061286865	2.62996162444069	1.42163367128927	0.632922740597969	2.46495935691546	2.91873373730445	-1.3513023006207
NaN	0.117160098947868	2.91441839882231	-1.06033032568292	0.258723338428313	2.11715446653958	-3.06988302892849	-2.5110650197891	-1.51993734374474	1.83022786514214	-0.776973817651581
NaN	0.0801890233071851	-1.72791078042209	-1.73931625272865	2.42310241570952	1.33006394756609	-2.69781605001168	-3.60746543923209	-3.65858461366953	-1.08930420073188	0.200193050181123
NaN	0.165094174526084	-1.68597538336481	-1.6668144476317	4.72264947668477	1.02346299578418	4.56271925198287	-1.49326772235524	2.2359098138098	-1.27578584006376	3.30747260258341
NaN	0.39684979144186	0.210755316224842	-0.642861944288722	1.30785959277587	-1.35525655414387	3.91821867421735	0.197779844807423	2.54347090499727	0.188257473444637	2.42772960644
NaN	3.89143635142254	1.76760392793532	-0.0400029702956689	3.18937318514591	-0.460480515000841	-1.91397454872301	0.956279346282365	-0.824484593756794	-2.05088384302031	-2.56106184859956
NaN	0.470098655002806	-0.102376796668874	0.631710870078264	1.2944894873416	-2.26154059846883	-6.13404107738018	-0.848539758803602	0.877987014367559	-0.630172035739738	-2.43174311345235
NaN	-1.31888277344186	-0.920985967558555	4.2396726900513	1.03372025978842	-1.51932771853363	1.66412174232173	-1.19548181866238	2.99729649394298	1.26486913751724	1.39249383768066
NaN	-0.301150022337614	0.846385391071237	0.411465429393701	0.062718389744099	-1.52875988715249	1.47915641769572	-1.32149227698365	1.64069435190785	0.00208634550739819	-1.47117135963538
NaN	-0.221231685555977	4.77268399490997	-0.373577595641183	-4.19531569637583	-3.65753133539369	-4.11829417028822	-1.90413830363127	-1.32099242044441	-1.45406800444014	-3.25767543438357
NaN	0.0708545714066525	4.03665904203429	0.639344173418461	-1.70557069217624	-1.80988361014778	-2.3599846774802	-2.0029131709586	-4.83032786032731	-0.705836089786777	-1.69933577602341
NaN	0.0973292458412218	2.63366607827969	0.719148559375379	2.20737844869474	0.822042286690259	0.456469809989677	-1.23753430179457	-3.7145237924741	-2.66602402895987	2.17578530934173
NaN	-0.0116875926928472	0.504142634865203	-0.369968699489554	-2.34170033441171	-2.19308025980251	0.464027425833219	1.36071374885784	1.91739979835514	0.34054892240706	3.35767456920751
NaN	2.65641249218603	-3.09389870937935	-1.57372066903429	-5.02487574080385	-1.62169429960968	1.51817489561246	1.93033433670729	1.23700157645322	2.46926743092583	0.790612964130223
NaN	2.87864244093597	-1.61090865647232	-0.909805515444956	-2.0726051903189	0.748359820276191	2.00670066338025	-0.211520514202731	-3.29307384187581	2.67962451927254	-1.05768099827311
NaN	-1.84269775147993	-2.62219057130806	-1.01704566606981	-1.17300595412636	-1.46535587865383	-2.67163339351088	-1.46380640977787	-0.320621806753149	0.673110275887375	0.0417505276763236
NaN	-1.27217713648795	-2.5512163093388	-0.778784899115624	-1.28534093816813	-1.15661181812811	-1.39773279321744	-0.872583695727114	-0.784712605829315	0.660201023769833	3.05926857841427
NaN	-0.455675308161737	-2.13101071487573	0.258547793518629	-0.734131122576677	0.0356906476788716	2.14856795603347	2.65813451731938	1.34455469035869	2.05307748283401	2.96126805627622
NaN	-0.529452027716138	-1.54050721325661	0.521527520871513	-0.447742360939785	0.283555880878928	5.43126916908858	4.47266814961935	2.82083450108534	0.126102300089269	1.25578120523415
NaN	-0.297627699952157	-1.09902403029795	-0.322457367661147	-0.0188488142196162	0.380482537209578	-0.785096902383711	3.17272024398955	-0.558935203074789	-5.39380940393173	-4.28551625344403
NaN	-0.396678917912386	-0.650935167599979	-0.430712216481955	3.02839851953626	2.63505211698606	-5.35866153410847	1.68085028683586	-1.86459396576925	-3.98808884163561	-3.56678268225147
NaN	3.8758581706889	1.32869771628403	0.829604877493437	0.253839120311366	3.67396393524577	0.823139054898181	1.08472404880181	-0.980616231086788	-1.83816086511466	0.990174129401585
NaN	3.29331562763147	1.85509452418863	0.970150330947766	-0.751784225692957	2.01890976778324	0.970502250001994	-0.963700993325985	-1.93405853330407	-2.64316405929236	-1.88481607333591
NaN	-2.14958664451579	-0.275315391236926	-0.103954815329911	0.433570143354586	-0.495567473066889	-0.314772559287258	-3.80015738325024	-3.6800985416393	-2.35725481905628	1.52103678183566
NaN	-1.08675064204728	-0.912203388967599	-0.116592588329618	0.0187336348681019	2.7463276690321	0.292429783371372	-3.40818347446427	-3.06375798118889	0.298304417344748	-0.0498393891968649
NaN	-1.06251836844323	-0.295203169799552	3.12113323928709	0.615294685402383	2.09266059945555	0.714082481875767	-0.139948366323334	0.325761789114446	0.258493620897621	-2.38612872443146
NaN	-1.52632208219389	-0.534741455411415	3.45895403507298	5.22357295911584	1.33507109808019	0.432985664613514	1.87379605861682	2.37294774818101	3.54588118958008	3.09889996151242
NaN	1.98066342498824	0.893155717830194	-1.0073681446302	2.93982271799183	1.46661705598231	0.330760752489982	-0.816041710753526	0.491046176886033	2.575253037582	2.96008309184816
NaN	1.10136717562832	1.41495533455122	-1.42364040795312	-2.87121677126684	-0.607652205328173	0.561340482542068	0.348125850687147	-0.123816012858186	2.3445771376587	0.00823155846422313
NaN	0.352448477794289	2.97754187227739	0.494110436240815	-2.42352191468773	-0.973287477170756	0.840792818045776	0.280417316418367	-0.187989292540128	1.09172695570599	-2.11580487075303
NaN	-2.54780479295137	4.13756550309109	1.43125905676144	0.65850388610195	-0.819607516506415	1.91931295115679	-2.20068746657074	2.68000269291934	0.768875174467965	-1.55767435211743
NaN	-2.69871759575051	1.22359451082715	0.16519576788147	2.37496925200882	0.209479426245865	1.32664536531061	-2.1210735224935	2.56108142411966	-2.45260129773557	-2.00840474974145
NaN	1.053476363091	-2.57830471352152	1.15291021219432	0.0631415881613456	0.0302028981791613	-0.635422070161142	-0.0365775566703049	0.59330257033263	-3.75135970365573	0.869011963464986
NaN	-0.514711368075113	0.229987500911505	-0.725424144846849	1.53599326775424	0.589334006911813	0.164307808904747	1.91554559462147	-0.765815485902317	-2.61171387369549	1.76856090964647
NaN	-2.120679379201	-0.979709588664993	-1.91285365302328	-0.921226906852593	-1.79482396078236	0.768214531409904	-0.888994196308223	-2.34103423327673	-2.77731353773651	-2.65958748447148
NaN	-1.93188308693613	-2.91368399873276	-1.69260271603077	-1.89892534728506	-1.51597942742744	0.128880400676988	-1.95679056787007	-2.13076577460137	-1.72977913315706	-3.07289768733567
NaN	-1.2725015545536	-2.03097524573727	-1.262915864999	-0.904787037991128	4.01555016153077	0.297991309027671	0.678175807819084	-6.01756631244295e-05	0.458631156606422	2.93973590450875
NaN	-0.775312799565481	0.718528585561628	-0.145318984748494	0.437766276901294	3.46940562664242	0.208650131948263	1.66117144794338	1.05370439934622	-0.293237492458054	0.275037882226879
NaN	-0.72780988473586	1.22801231757162	0.23494926361658	3.32022114215133	-0.890160438301238	0.265516829756927	-0.900838716688394	-0.2411580818151	-0.936507756281162	-2.69702712709508
NaN	-0.605502487360288	-1.65514753512535	-0.9146619297056	-0.329665170884608	-4.38203457546167	0.163687698312449	-1.14009322368727	-0.837463343675874	-0.257779244676555	-1.4255895483508
NaN	0.650852736047942	-1.05113482416542	-0.799099141494674	-2.69013225055287	-1.94861402806	0.192052021376172	-0.315930429522309	-0.164583645803657	0.252108812134543	-0.237625013696699
NaN	0.569519397640627	0.724857711657231	0.115322610536767	-0.581042402778504	-0.792282000532764	-0.060483945860128	-0.12569456449191	0.545728578625572	4.14609466069617	1.12697952354429
NaN	-0.429595136714091	-1.25265365817311	-0.0294164934391695	-0.151135648587416	-1.5352704252929	1.4998477999312	0.25636321659643	4.18342000421098	5.23433772739999	2.18503631924953
NaN	-0.0855716239205445	-1.72905279848611	3.72020870587551	0.683181028331315	-0.506953469833872	5.66672086910417	2.35982449984633	5.44258446917264	4.65182042375041	3.48597016804377
NaN	0.219810452220336	-0.714284442124344	-0.354147990947116	-0.125179016503817	-0.741284011050412	0.583583186949093	1.48732677975779	0.52213167327356	1.39745025185792	1.00518989468371
NaN	0.197523605012759	0.503381722166908	-2.44907875104259	-0.851478667617065	-0.186202821408319	-6.93649741162858	-0.220424612744248	-3.28651941089373	1.78898284405442	0.170791101945294
NaN	0.448392202265851	0.590712497983249	-1.03208045471543	-0.203534513063127	2.38936384048902	-0.73495029211708	0.0813981375983373	-1.54074302088784	-1.47870558499681	0.860207670637326
NaN	0.547800478907421	-0.551513816880206	-0.610050764689627	-0.0648799853698195	-1.13358621438268	0.871370427380312	0.301100163407154	-0.0904382737515425	2.60580072290228	4.41714619685634
NaN	0.600980300864292	-0.27392002348163	-0.700163467640443	0.0434819259581624	-1.43576709321924	-1.43560429780306	0.305222179915431	-0.169085133158017	0.0898163726347017	-0.193558366850661
NaN	0.575062679429377	4.17616860709289	1.72518818599657	0.412565268166324	0.067376906190854	-0.901293378058852	3.11032224872247	2.76229172789309	-1.51003756231488	-2.2922683462147
NaN	0.479817750857296	4.32913102582779	1.39132725317439	4.04105909771384	2.4438727576923	1.83305388524015	2.26888571364196	2.18506686236825	-1.01279410915077	-0.367454066929176
NaN	0.523544328939518	3.21747665248806	1.58599640926884	3.17742468124058	1.57607334195991	0.557164976393221	0.180275041637501	2.01009703808334	0.350638400499278	-0.145492404400974
NaN	0.974638553538995	-0.702107492800015	-0.681815622463714	-0.802104476985529	-0.455875319802304	-2.44523537386444	1.2720021008597	0.802662769085955	2.01619806804187	0.480949637273488
NaN	0.688755917702337	-3.82668931270521	0.680881265020681	3.33542310191793	5.06889515906374	2.10611849736758	3.38069766759203	3.95495269444334	0.175141587079576	2.97313702621607
NaN	0.0471117058201614	-2.55560747493964	-1.63117192496484	3.03900589128712	2.72289253113847	1.90915032878511	0.737289658651898	1.56511444552657	-1.9671810650842	2.36146605933722
NaN	0.432108548096888	-1.58889995664996	-2.28016411251694	-1.14760917338395	-3.09077073419778	-3.79124649508177	-2.25821679096361	-3.72384564521969	-3.2895343502411	-2.92198121873378
NaN	0.259245542144723	-1.16152983521032	-1.28556351513401	-5.86492584812577	-3.78917199692491	-2.00114626091274	-1.93480457065841	-4.12849351563671	-1.02220418747702	-2.54665548855511
NaN	0.550515768179615	-0.851321866697209	-0.481915786098897	-2.96086139681097	-1.23501850297582	0.348362180802863	1.80586629214569	2.31212171941818	0.856991738527551	-0.619137024056511
NaN	0.56130905650036	2.29037916122641	0.446845362139603	-1.47876275603955	-1.01360137528798	-0.863409724463485	2.02345561289853	1.80131188318757	-0.694135144061615	-0.900712467354613
NaN	0.369149604772077	4.17138724147366	4.04964008800563	-0.780601485185801	-0.754561732790896	-0.87730997216097	-1.60582718621727	-0.0744170340889766	-1.05418045571489	0.180635629344549
NaN	0.212718670690274	1.0280891852305	3.25936306882025	2.47778725130346	1.52834263736745	-0.360529870804706	-2.78430453248625	2.52097753731497	1.57021570400341	1.55609941182248
NaN	1.29448299650479	-1.6344962078175	-0.628418096120055	1.46318959867153	1.27926050504944	-0.398112560678435	-0.989611009959775	1.43034990012318	3.59869684002345	3.02608776492205
NaN	5.01500855988344	-0.746919369707708	0.0945385174092082	-3.09981521544664	2.39833213749164	-0.422360587843933	-0.847801748667214	-2.5555298594535	1.21330021413738	-0.638795473585666
NaN	1.97212606566119	-0.237140702769505	-2.37828939642518	-3.49517772286383	3.24549045595936	1.65384790070828	-1.28943024560797	-5.59005402345493	-5.0295261955372	-2.42921070861937
NaN	-3.09128179594767	-2.21194503898941	1.17624859409251	-0.731417399825404	-1.59160613010031	5.32192602848488	1.67404511097537	-0.779215382740441	-1.85330112363522	1.18006319930878
NaN	-1.78128426896823	0.0100412198592416	3.04357469237676	0.290197825347298	-1.99205845075909	-0.203519736198765	1.58003566332944	0.701604123607478	-0.00915199792783503	0.399870399731365
NaN	-0.789091324452568	3.29868560549977	1.45173671073067	-0.0115114751448144	-0.562184014001458	-6.8287643612955	-0.0743346829041387	-0.308944979797219	-0.669791296737123	0.0907038970647724
NaN	-0.85739083105295	0.600639701608209	-1.03225250931468	-0.153102773210267	-2.49983004213187	-0.0620745793050001	0.226236779992721	-1.32148865592079	-1.17547827860728	2.07017478671679
NaN	-0.6804887257578	-3.39893975255932	0.690745230486135	0.311467098038856	-1.77432651058051	1.69546846192757	-1.75496641567938	-1.46669652335916	2.91103806439591	2.16201139520417
NaN	0.861275138926969	1.34196889258348	1.0648557173021	0.0209426873501077	-0.561122862479071	4.80081766849835	-0.618895982596798	-0.368672526802471	1.79531140698114	-0.695117832272237
NaN	-1.25062286286017	-0.390243578835564	-2.21020792073822	-0.74781083169836	-1.69786630686759	0.119649462900706	-0.279340241988048	-1.01679244123733	-2.97552938292888	-4.37006732492542
NaN	-0.681579084580325	-1.77759333373607	-6.32510329751127	-0.285197333661136	-1.10610588246318	-6.61888690669322	1.43626075282641	-0.994421753492509	-1.36800769151532	-1.89990906820546
NaN	-0.3451057414549	-2.12284147131168	-2.74494090846967	-0.913362917103042	-1.06337307296813	-0.81124455822638	0.150007901331524	1.704194058217	1.52399921452773	2.07051284881559
NaN	-0.867234778609144	-2.14243064495903	-2.96803894863874	0.69102394670244	1.70528029312393	0.721449709560727	-2.87339078145339	-0.792924664440157	-0.97364991350598	-0.350820326275857
NaN	-0.000546141501157974	-0.339408758184013	-3.61381103568786	2.31694008184837	4.23928661800076	-1.1462489462559	-2.82952744788336	-5.04413659224329	-3.14166432278457	-0.102623859716893
NaN	-0.688850705711013	2.69704119711654	-0.955483367287665	-1.45511042883888	-2.15129044338199	0.185361553188526	-1.68103528674185	-0.344419251319259	0.610260431693794	-2.41878846857173
NaN	-0.00458571991222611	-0.742706079137106	-2.13512698418759	-2.46437625470877	-3.65331886108018	2.95950197409062	-0.482895601021046	-0.92527629373345	-0.715402228939067	-3.61539508003199
NaN	-0.461960880105856	-2.52538498846273	-1.87002927948639	-0.639427213218914	3.68903165800141	-1.80814337494989	-1.00100717863396	-3.59314007749688	-1.64130133057031	0.370977907368993
NaN	-0.785142181167592	-1.18340796139599	-1.29185243070713	-0.369928786844206	-0.136419585756224	-1.97805317769192	-1.01462080787963	-3.17023993209141	-0.905437327505467	-2.2310347359712
NaN	-0.297238107125528	-0.549685429715535	-0.619522479127049	1.83668791918449	-2.36172582180696	0.752596729365849	-0.411453326211224	0.479287109128844	0.934838606184265	-4.01072488871394
NaN	-0.315292621049355	1.99498920261627	0.567899468116139	4.54943276228176	1.49613165702762	0.0324846768155359	2.34478731435756	3.39857337910187	2.75979485159643	-0.235568310645846
NaN	-0.181747707380806	4.59696730326173	2.31196734406926	0.534827111051469	0.37878653095823	-0.305587975897018	1.52404637075884	0.828021864305868	0.474111748743898	-0.17811562571999
NaN	-0.0280143472320101	1.85592223792723	1.25585463997291	-2.75831847491608	-2.44030157237811	0.162740902605071	-1.19106521336327	-2.32324798865236	-1.24090670051889	-2.74683150018759
NaN	1.86436862183698	-2.05720670786204	-0.332221037418348	-1.25829407840049	0.988941411203126	0.398364530645995	-1.26742950901974	-2.17020746616317	-0.644491092090067	-1.98745406289239
NaN	-0.0102356684208539	0.408059090545449	3.38161405560663	3.48121906486739	1.52125627972906	0.232123315442444	-0.439085034774808	0.329322408886718	0.589882453154137	-1.1189167192438
NaN	-0.950972905648538	1.98549774903057	5.68907740645308	1.41794177744533	-0.99333043806282	0.306104261875565	-0.165302548588142	3.68073052464325	2.36474443743618	2.5774059625745
NaN	0.207360837533222	0.769427192294818	3.92728311537752	-0.846506761647521	-0.830237753807348	0.483693210280473	1.18841277141443	5.3774445582176	3.74378579847792	4.17589890231068
NaN	2.94120636937621	-1.44096880202789	-0.933974127689595	-1.43472627859722	0.758249205323312	0.681907633526253	3.7218321959329	2.94042050771079	3.75084351699417	0.428153887470339
NaN	2.50583746926815	-0.775569419161523	2.40861159463775	0.0523097849981375	1.66946887178843	1.72883387917815	0.739102812272494	1.83650216086458	2.68936518693854	-0.190280802041403
NaN	1.33445712659366	-0.305279799354906	0.586015501893434	0.9293058739706	2.26197891129848	-0.298463654809903	-1.36627766227635	2.32404798656119	1.49645897906503	2.60065902493492
NaN	-3.04517660005036	-1.15577018776118	-3.42784863979738	-0.689583337995802	-2.30609520468989	1.72681631526472	-0.565883698850714	-1.11168920377375	-0.00535522868420477	0.000422350639788557
NaN	-2.23919749421876	2.7507474085232	-0.522814778837782	1.66940964950175	-0.406288599555373	5.38847660867074	3.4049200621195	-0.983691805295226	-2.42491527074695	0.815863598173137
NaN	-1.34346998395682	1.90359119992685	3.4314540826178	4.18178681679663	2.32465086155988	-1.6002367141114	0.914775926400605	2.07805471676571	-0.282914655565706	2.9896562120992
NaN	-1.13704176019821	2.03615120089099	2.25357670355146	1.68786157963027	0.305152635390833	-5.23809687168527	-1.78085806590852	-0.268232050252222	-1.93443445014374	2.03421762872068
NaN	0.487865805451921	1.7015480257904	-1.52245934578251	-0.800509134629193	-0.209516490107346	1.01095292314895	-1.2894542428655	-3.99058100697169	-3.55067217091504	-2.18267662651072
NaN	-0.637728332133384	0.580616186670363	-1.56659739226171	-2.32488126916367	-1.53622355455963	0.581929298015416	-0.656413933166734	-3.53582905941316	-2.52021588127299	-4.42000393911154
NaN	-1.14381387253175	-3.36032402609814	-1.9865376558206	-2.6465075463734	-1.7204054442641	-0.636037258021801	1.34941460104475	-1.10510055922296	-1.31047813049329	-2.27874448587344
NaN	-0.555077019280618	-4.85646512640511	-2.38067395762128	-1.87627849783447	-0.869033401320381	4.72371201326337	1.00939374556039	-0.977646607985821	-1.49787338436667	-0.0222902345537665
NaN	-0.432331940599032	-3.34855005106195	-1.29445334119186	0.412524482760325	1.04458842733909	1.57611083475087	0.136931804994819	-1.3134570170556	2.83052899746927	0.961531592742469
NaN	-0.333907653332601	-2.03124844111054	2.04650165940489	0.914463671689074	4.05532315611957	-4.73706732705126	-0.911834268981591	2.8363760870154	2.20158170543365	0.354191013944686
NaN	-0.273709843501631	-1.85605714261283	-0.830522837785411	1.26662372887312	0.351548365581351	2.68077613643182	-0.0540730017737737	3.89469856479223	-0.220985278725905	1.14239968130517
NaN	-0.172626723912754	-1.16201361910968	-1.95537955357463	-2.21756602765844	-3.4178781596004	0.99610962459126	0.0122242333774651	0.385479458253035	-2.40201494734803	1.14229437576962
NaN	0.0482279336101668	-0.876777530217906	-0.744797111907356	-2.38479380022788	-1.09604921915924	2.40676202664105	0.761176646481402	-1.47146534966365	-1.22862579682475	2.66961846942517
NaN	0.0906343033328103	-0.475307888118942	-0.0858046174530444	-0.689076920385488	-0.0317474280340522	1.98871717160119	3.5945317233193	3.17711125554108	1.4072159989546	0.80761586301638
NaN	0.196325723608904	-0.0973948857657976	-0.273414476049244	-0.385706089812442	-0.22722276223008	-3.86828394659444	3.2528114182315	1.05994962068504	-0.804433377825651	-2.16555793809327
NaN	0.390093148698928	-0.120928168540837	0.0623443362979064	-0.512996351454841	-0.237441943402403	2.64248514022797	1.14714375450243	-1.83584998143432	-2.05714927152343	-0.196626251931242
NaN	0.464306824774693	0.361864329730974	0.416980949433736	1.43101602392646	3.52471113100626	2.0343071138211	0.40907321402983	-1.33578070013992	-0.904677216780761	0.154703912165461
NaN	2.50801476101772	1.5431105169264	0.89454046130123	0.221276638422194	3.22298526717952	-2.14239389310246	-0.38599086121944	-0.831325447694095	-0.89927634036967	-0.517371090764733
NaN	2.37233780259851	3.89466906174504	3.54309162975909	1.13913958107892	0.104918343092974	1.66862664747283	-1.39670314432619	-0.456408493492383	-0.380826904168277	1.7917120777325
NaN	-1.02210915479481	1.08710355137534	1.35468252905284	0.190970233119169	-2.02327712259751	-0.881425247892241	-1.65990133354319	-0.300904357735952	0.959285567016423	1.73010891501367
NaN	-0.495172396448881	-0.557126132206849	-0.821056825947352	-0.641732654814522	2.7159154266445	-8.02758827829132	-2.89054090970269	0.233103733743775	2.54673642600792	-1.11667652458046
NaN	-0.103342492207655	0.403593450076359	-0.11978585095916	-0.166218513393564	2.84366995653131	-3.03927958426523	-2.80874056846212	0.538797408334255	2.11658815114713	0.330528814748383
NaN	-0.258083093066979	2.65163407836309	1.19417536444584	0.609578925519998	-3.19371457070946	2.11464472229144	-1.19926816375594	-1.22198467290065	-2.62637110756171	-0.17007814854976
NaN	-0.172015970284991	0.179276592227671	2.54753334046447	4.53736565342729	0.147557029106123	-4.23791457551787	-1.60674875496197	-0.912413191428871	-2.29957590079747	-2.08674094391653
NaN	-0.200156485004228	-0.474733713811723	-0.0746829417645624	1.43394007933834	-0.431880062793042	-1.95155452818314	-1.53817804016539	2.4455848543156	1.115664814399	-0.458656702787495
NaN	2.80891539691014	1.16345426533963	-0.70012004334181	-2.41072610873891	-1.09455239491986	1.84542168846453	-0.368811463675843	0.931562185424777	-0.274702366237772	-0.327483763975911
NaN	3.86421472695521	2.46586737706098	0.542900285724513	2.72108791009916	3.129808314143	-3.40782811979789	1.31479114124035	1.61527750247603	0.656851883918721	-0.65791660234068
NaN	0.704447290825819	1.12512952926683	0.627877046852025	3.02332658091835	0.978681010768675	-2.93013525426839	2.46640351033156	0.302985082976962	0.558417895894153	-0.477188950228598
NaN	-1.39806645553213	-0.43457983067291	2.30471628212999	-1.8403900016137	-3.3752677745185	0.300607598353886	-0.804178487897658	-1.94917235422275	0.39886240293776	0.070229659010567
NaN	3.16194542334862	1.61933641563243	2.56921395674044	0.37634338153865	1.50799372549324	-0.222298208946654	-2.13394759970986	-1.74987616868246	-1.25805176157044	2.23683552547147
NaN	0.558130303602724	1.25891532308396	1.84116942246043	2.63945915183362	1.29661213059106	-0.661758394159552	-1.11642143087695	-0.242365745808918	-0.483351270572448	1.41685219340892
NaN	1.19754408614871	0.881589088586745	-1.60280239532795	-2.52127235176697	-0.397543546379831	0.109590064124384	2.22077384136182	0.838237760132469	2.26760186816143	-0.699507620077963
NaN	1.08328366637194	1.12415813353131	-1.77194499381366	-3.50735254361001	-0.853457537204852	2.93394662113465	3.99241559869349	1.58039566405879	2.92507070715368	0.970518623206306
NaN	-3.87035473380489	-0.0929145576070693	-1.26989497746524	-1.12424431196488	-2.63753436243296	0.795389452708824	2.54975304101082	1.81078823151278	-0.393641876436189	-0.277159520667329
NaN	-4.99019581434296	0.403969850054031	-1.12145112492269	-0.782884840078474	-2.82355214735295	-1.36967956015259	-0.859182704949026	1.29811578966993	-0.993441306585962	-0.831799729966765
NaN	-2.70305307217025	-2.43100505262302	-1.76788616822161	-1.21850149150695	-1.97351751075476	0.783521684805394	-3.0070497562769	-2.99554593419702	-2.38020031142097	-0.92792911489558
NaN	-2.09217552823643	-2.363892010028	-1.5716175563961	-0.877584655216663	-1.43868767792476	1.28618947034035	-2.02948123492502	-3.42846762550328	-1.55014061445334	-0.532931759484392
NaN	-2.02859310868131	-1.62627317381885	-1.27089458626841	-0.527017606972324	-1.05538224926807	0.636523000679819	-1.49258564400048	-1.78621276315167	3.68564929091821	1.21840268127249
NaN	-1.48822618597555	-0.956035456829744	-1.20725795928661	-0.472553430591553	-0.856973848635562	1.28361900588391	-0.857029616284562	-0.855538133134707	3.97015407755538	2.84498438791122
NaN	-1.10609285932051	-0.938437714796166	-0.690228425046234	1.37036574123223	0.762221189736458	4.50079623134012	0.593177284036483	0.140504082018451	1.97647899064165	4.8727515411534
NaN	-0.873693658748193	-0.800431160093635	-0.333081204905282	5.00703870243397	2.92278888025395	-0.0195734278583566	-0.26264475002714	-0.177390576913282	-3.83388239579206	2.96514685243934
NaN	-0.548513427075778	-0.557839870981864	-0.401438166306905	0.610654532126315	-0.115376062994496	-1.68732153199031	-0.797754963836267	-0.198156043224975	-4.13347226499286	-0.0152505881557272
NaN	0.0803539125371569	-0.537117006883041	-0.586014324893395	-4.10438944480184	2.57799426436053	1.29526463493469	-0.387584602851218	-0.0817623060395829	-1.80035044271607	-4.29251185479445
NaN	0.0521934563805562	-0.275215168275873	-0.270204238144412	-1.38221739470233	0.73303574719122	1.08525984665201	0.132279179939425	0.271246796011928	-0.957126534803154	-3.2158601753851
NaN	0.173941585322082	-0.220902580904282	-0.28060555999876	-0.232000847023007	0.980021521287213	0.490853443518979	0.11947087639396	4.68495690280449	1.76737217981702	-1.35872920568039
NaN	0.727874454490754	-0.0936266103550963	-0.0894633930850907	3.83029382032146	3.02444070980778	2.73756665835512	0.984163943775491	5.05490169010665	2.48282119857204	-0.202884936981366
NaN	5.11452406540416	1.99482173142433	0.71254612834218	4.38363327995992	3.31493302219026	0.144021356695992	2.77278932690997	4.28437938900785	1.42750957402146	1.129958282628
NaN	4.21743972042887	2.37694134586304	1.93510201483196	2.85614031823822	3.63816513904175	0.0127779094036446	4.28477617062873	2.6143749022215	0.25389856615306	2.37097455567124
NaN	-0.389189579715529	-0.044637535691697	2.40840391351772	1.71975704755188	1.30510711779303	0.641862384217564	3.64202845546978	-0.320464399229506	-0.980281227828823	-2.06680882691075
NaN	-2.99440456745134	-1.52783999306321	1.72095711691272	-1.42185350965115	-0.404477796615731	-0.0530237946312602	0.217513341381353	0.414489478521487	0.254183243253789	-1.80938193762341
NaN	-0.865539375760765	-0.440699568168192	-1.73732383807631	-5.9078594372341	-2.53579058509008	0.130662189543304	-2.21294067454966	0.259280541459761	-0.277101603957058	2.75308940441896
NaN	-0.293504762127755	4.00840445674569	2.57124137183232	-2.62584484343463	-6.12271675653945	0.459088689534441	-1.53217959779202	-1.17802375563064	1.81752453614019	1.56143292530295
NaN	-0.734813059222545	1.74424973924292	2.20781205186446	-0.985372255444472	-4.86868297017175	4.29918103294334	-0.120560805068353	0.658569907377476	3.96587117303918	-0.36486956246747
NaN	2.78660025166878	-1.23686451494195	2.15574763149143	-0.84560013057211	-1.60495719825159	2.20018271537746	0.393499953609599	-1.09097931068163	1.9782361874554	-1.17195736691525
NaN	4.36857075507545	0.506799662178938	-1.73028979036453	-1.18724233058201	-0.254373680653168	-3.02954804582855	-0.798782860569394	-1.73141804737548	0.639335119006767	0.495306492409513
NaN	2.20260009701464	0.856429684708127	-3.76541140624405	-2.32097080242826	-1.4655706163176	5.03560948740938	2.08836166786582	-2.14652673747998	-1.43881005432877	-0.844511323886154
NaN	-1.69878483837094	1.68878985680747	-1.41540253952094	-1.41325223151039	-2.89392330498182	0.154027382839747	0.772330748233642	-2.82272127230138	-5.34684967606168	-3.77216619329518
NaN	-2.69844239000344	-2.41149761798648	-2.52802908254223	-0.909518067012974	-2.66441904703774	-7.61810888199261	-1.4611813642695	-3.73965008274886	-4.71107125319157	-0.55021087289781
NaN	1.6820945896461	-3.47026407419884	0.437753163358679	-0.25158938891145	-0.178111614198611	-0.969329233157056	0.11767221290001	-2.15987174532396	-1.80084156923944	-2.35260854190397
NaN	3.16831366106575	-0.517863894375857	2.82536377602138	0.858643977703425	1.79299831190967	0.36164356210557	-0.923500520117703	-0.282208675368359	3.05521943752598	0.121154651287283
NaN	1.79355829833626	-0.203305793998657	1.06661914381078	3.35543242429722	2.40833213884514	-1.4239968399717	-0.619341388334154	2.30856312598865	2.342802364954	0.928723336227861
NaN	-0.588583897861576	2.03728579443577	-0.215605331714056	4.41440195772704	2.18668008554411	-0.847416286248631	-0.542705565336482	0.816252852631503	-2.66120464201055	-2.85857168514464
NaN	-4.8913231393612	-0.401373138738929	-2.56342518101128	1.96560329131219	-0.57224983817364	1.66333395586034	-0.418911848446165	0.0827353926546137	-2.20027076355054	-0.96691971917923
NaN	-3.33061574885453	-0.305166202075075	-3.49195242024411	-3.99056278463418	-2.76217244849726	-0.974360640970874	-0.706233696657427	0.456120056980936	-0.205826442569639	-0.598931591737715
NaN	-2.12371996406989	-2.75269907042741	-3.66615226926678	1.21363057476987	4.27270151094911	0.865059281302146	-0.371101960863662	0.412500297699459	-0.180924896129673	-1.16231999802378
NaN	-1.61051395430286	-4.75277297619267	-3.27156664879057	-0.275658339650292	2.89255400941582	0.240204911608698	-0.00660157628360052	0.0809805738755229	-0.569903153949475	-1.51651611936013
NaN	-1.25470980751126	-3.07160852922523	-2.41447424726832	-1.05481434186159	-0.367860237450941	-2.44273473887645	-0.373060711430911	-2.8645165499985	-2.34755434619565	-1.95550426994918
NaN	-0.913927452428717	-2.22000229318382	2.23855816795955	-1.431672272183	-4.70999759527578	-0.991233845205748	-0.656003396132097	-4.31120018381993	-2.01650934133952	-1.05721393607322
NaN	3.3887611852822	0.0494300562283837	0.150512485430965	-1.63239735066204	-0.657070989382181	-0.0248796577844146	-0.272983066515063	-3.42677624055397	1.8734847700935	0.239268416502993
NaN	2.19479593912367	2.23081835643144	-0.700970512619739	3.07728338903496	2.73949928964197	2.59243509401187	3.15530556132013	1.26370254484388	1.2156167472753	0.793863945892083
NaN	0.564311085691311	2.46256894238676	3.73314550098261	1.98118548023807	0.616163151108154	0.974327718646391	3.19943303842295	2.78674854838766	1.00413039312452	0.816202380834407
NaN	2.63184395933552	-0.430100700736145	3.05300697437456	-2.78089246909046	-0.891205923969061	-3.22842530114152	-0.491920073956713	0.150296798037988	-0.845465160331497	-0.343332520905047
NaN	-1.38382146158667	-1.73634762643261	0.789014441812808	-2.527599467338	-1.45912989254533	-1.51214942188106	0.75063565017405	0.72842185364862	0.546789592324491	0.286050632130351
NaN	-3.26075799635552	-1.82464391523788	-4.17346486253366	-1.85660197393966	-2.50576934834985	0.103253478840526	1.22182495788444	-2.20639274353201	-1.97383827118754	0.0352116687584247
NaN	-0.512489810900816	-1.22400843784393	-4.02154239693413	-1.94532689287223	-1.02796197487926	-0.64074501767124	-1.62728184161918	-5.18494920267993	-2.56986076809831	-0.391809324343476
NaN	-1.6118164091664	1.01840115257813	-1.26207588215534	-1.09076568644949	-0.855835493907399	-0.699242152730723	-2.38612480553609	-3.40797673501998	-1.04850644668347	0.0750991274923191
NaN	-1.25874977812828	1.62613402183637	-0.339260570241909	-0.514364693271417	3.84421363285067	-0.321768327853571	-1.25838128476311	-1.12639813414853	-0.321297396238586	0.497295584205059
NaN	1.43010179867006	0.267748018703428	-0.875269535570732	-0.186671885459775	4.59723094436787	0.139340000266665	1.16354610914393	0.55933698012465	0.761007754212709	0.987957373455991
NaN	-0.642570460959168	-0.28068808455751	-0.394247536048625	-0.0529483710039478	1.36416963045226	0.0554370662517337	1.88754659383925	1.01585477652219	0.763443863370428	0.947583407028244
NaN	2.61462685287766	-0.040997316786572	4.11567367057759	1.44884163886041	0.312760076352908	-0.390419373171846	-1.56309817463122	0.813842779783932	0.839601764058952	1.04606910109954
NaN	-0.0348882441166626	-0.474065680521596	2.48182342395968	4.97722901798969	0.401982485623608	0.14696291384183	-2.17664446498677	1.07690919460672	0.83421728961072	2.24251980122247
NaN	-1.80293024438572	-1.17572962432488	-2.47701278424887	3.42140163148395	-0.298428844489264	0.131086946426259	-1.38304840778846	-0.543816170841255	0.00930833282692269	4.96476039450129
NaN	0.9200384917457	0.198969773820193	-1.97496296620846	-2.55936962709804	-2.14070036184992	0.120418219023279	-1.02806626150576	-0.739394822608827	0.289447803286329	5.00042950481732
NaN	-0.198415103739022	0.20625439003884	-0.127386499934325	-1.27884139182568	-1.55549191285203	4.83148916006401	2.15721686215669	2.98335850739751	2.4731423634779	4.58772598789499
NaN	-0.871292242646892	-0.000176661862546793	0.32027607318321	4.95872549792617	2.13403827481223	3.97991844839096	3.13277719165152	4.636288947353	2.93067119097759	3.18318246130217
NaN	-0.257667297571502	0.808824554998363	0.500929382056178	4.03449382490333	1.95578638411654	-4.48955520580905	-0.982930401071574	0.33300270960176	-0.0773158264560495	1.29885521212046
NaN	0.0246049404879806	1.06738501391511	0.51822466709574	1.90699829069725	0.474851745165324	-0.542769832861172	-1.45423648591125	-0.943275522764336	0.12356526488182	-1.04735137652511
NaN	0.145287903865405	0.326555867000091	3.64773765099441	2.39638317896389	1.35303127471009	4.99396897265928	0.78768833338781	2.00354945360393	1.66548292921321	-2.94557305924652
NaN	3.75243116628017	1.77658316015584	5.73546176852496	1.45909606912571	4.08078565530553	-2.37884280075346	-0.843041203693211	2.6696160864705	1.77087068172751	-2.21749588409651
NaN	0.489754509540058	4.52266920800876	4.62184286901692	1.3187986627104	3.60964468134774	-7.07496228682362	-1.86039509282775	2.31357443722917	1.24492750956731	-0.190405124453178
NaN	3.55631684344638	3.7493798811434	-0.363985924030527	-2.23950751913082	1.62010082019838	1.01630241770251	-1.53170507959939	0.31705559122599	0.145903041761729	-3.02299459100118
NaN	0.185801111074847	0.312834674350043	0.869594191230269	-5.66431152561551	-3.59969366854344	4.3324630860387	1.66782513173503	1.74439818365825	1.23130267456373	0.206980284667042
NaN	-1.81379484713317	0.255000201139271	-0.671503337731387	-3.76220063540637	-6.69493911365676	-1.60329670329362	0.299978664563429	0.592325178560589	0.0892539835152237	1.1620886961217
NaN	-0.744700278883657	-1.03064579752867	-0.502721352072475	-2.3577271884842	-2.90193834264772	-4.50861526290794	-1.3980829758371	-0.985939792462866	-0.443960370614859	-2.18894868807593
