NaN	-1.26297394169812	-1.71965340136084	-2.1284385222296	-1.46798020690552	-2.27326995001934	-0.895598621923161	0.173603957771668	-0.937732120588655	-1.87030512949519	-2.14246765501989
NaN	-1.08486801456795	-1.39038837276146	-1.22281158111482	-1.22916752154026	-1.68798633276098	-0.754973925374284	2.98849364465703	3.14779195033634	0.109594867268355	-0.932195852171068
NaN	-0.787420971191804	-1.01083315121568	1.64262954631664	-0.101687597543433	-1.09044880767745	-0.588409080620489	2.18972552740517	3.01591540594935	1.38445422025427	-0.437744593241359
NaN	-0.487968137250464	-0.668520276753625	1.00092881378582	2.13172522861185	-0.117010294410425	0.0893039781946573	1.48237276256592	0.423256378464694	0.671649829934087	-0.568093434427192
NaN	-0.359719632028222	0.995953678959154	-0.0647782858202029	1.31983965496627	2.27120543644754	3.23347930458029	1.77485376253839	-0.628575077764419	-0.148106768841937	0.240952089275225
NaN	-0.0946059645547883	-0.119459880738221	3.81789362240271	-0.739361105922643	4.32421269241298	-0.921211227471228	-1.27217362972937	-1.45859008810023	-0.666459550869233	0.375086059474533
NaN	-0.0323639084552607	-0.392700900244861	0.0260717299125633	-1.36834365580104	0.498725228560927	-1.41010660148005	-4.43886631890248	-3.36955392798926	1.38722491317631	-0.0289002235972453
NaN	0.284463882241743	-0.0120462939984729	-4.17727303793428	-0.915107540987469	-3.00754410041438	2.21553696927646	0.0239185988338768	-0.943495362058047	1.91540906899913	0.853650893825165
NaN	0.155209598596239	0.18462912328687	-1.99232755492907	-0.613677573034542	-1.98977906441515	4.26158712135914	0.818627258099732	-0.61514411155946	-1.25424004802237	1.14574905083272
NaN	0.476583546843545	0.309488682620018	-0.753762282078895	-0.264565225468725	0.516494321835543	-1.3280848239056	-2.5338175396639	-2.2396154352904	-1.58933977130877	0.661893602873712
NaN	0.384978848940627	0.609590756390775	-0.727200663368424	4.29865566485568	1.17181079785129	-2.74852595934808	-3.75969695315607	-1.79513816146033	2.94904392372282	2.57659345250018
NaN	0.552909590594496	2.78245136787522	0.146183354171215	4.04744558366948	1.1686275850056	-1.19338321180362	-2.85651081662348	-0.690541428585583	0.629785300464694	1.49779586020449
NaN	0.68911088300354	3.61354704221554	1.77400853713367	3.42913720379834	1.22786106783284	-0.856036750513098	-2.07435802533412	-0.165900089090124	-3.10546503463895	1.40720709118074
NaN	0.57719989681892	-0.121272297743958	-0.149500986345671	-1.58142217542711	0.229267646816885	-0.661951661963624	-1.34350263652324	-0.67032805116057	0.361051730157411	2.80305082148245
NaN	3.74515966257961	1.23769802123992	0.763062118039065	-4.96083050552278	0.559987365475857	-0.556147292045702	-0.883682985260314	3.49613779122777	2.06686045561086	0.682137558246949
NaN	5.12453220258178	1.98385237830594	1.84312354838752	0.705466415500718	2.33824081869003	-0.252911641831779	1.69141561255019	0.696855813159996	-1.64396416071664	-2.92763988086877
NaN	1.52356706783187	3.02650586990031	1.27977990762457	0.835342740157125	0.295576592832236	-0.0167755935566006	1.37050919395189	-0.320730123750026	-2.88359405239454	-0.536624907908081
NaN	-2.33113655055418	2.7915142873947	1.99881459103643	-1.24620823899875	-2.34716593251451	-0.0336153385574054	-0.638727626440726	0.284569338457575	1.3452285299515	1.89983852690983
NaN	-2.20798083810802	-0.0459658565055583	4.30362835869771	4.26496909022262	0.729187475701164	0.524992518061336	-0.526872043618784	1.56123888308463	3.42685911662773	-0.326580303376928
NaN	-1.11086860291678	-3.75937256008992	0.409173258943523	-0.842268681650606	-0.20905660998185	1.65303179692366	0.885322079023909	0.456649389399365	0.120850789052034	-1.11301180886715
NaN	-1.05349555508315	-1.11721902843179	-3.80383373367931	-6.50377755553653	-2.17353942851392	2.11520331915748	0.640653646000484	-0.00240075886776603	-3.09216613717405	-0.432248659723065
NaN	-0.652400616914457	-2.28891487201279	-2.30631508625228	1.17570549072489	-1.42699456844856	1.81868171276714	1.69396339917818	-0.855824598282934	-2.85693320199958	-0.572848896470613
NaN	-0.850845395256908	-1.52187694765585	-0.964796181992172	2.06126610437727	0.383635606793749	-1.81127928040595	1.30753886157689	-0.0324737903295315	-2.11982156717854	-3.26830328831703
NaN	2.01618424831041	1.27979772457211	2.03774087238579	-2.29595544246343	0.912092061300273	-1.27326727296626	4.12628716200533	2.49054381225595	-0.742888195093564	-3.26116648109002
NaN	2.31853360473178	0.483991157991384	3.9844837545923	0.0173960684737632	1.06314726213656	-0.59514092504411	2.2810855049392	1.38216476609792	0.119127142604991	-1.9154064601003
NaN	2.62052134808594	2.05692006176699	0.412978192286337	-0.252592563835674	1.67921338914876	-0.247082960004542	-1.41643326582593	0.544917928019612	-0.369827291581344	1.32417851622476
NaN	0.297106180167737	1.05797665240449	-1.90790178662194	2.8849327092368	0.705078166457102	3.51541038990871	-0.56421293514921	3.94950832554946	1.94376303723213	1.75795803149175
NaN	-2.95976274863283	0.21180339639322	-0.553055527647174	0.400659655619547	-1.09657328771817	0.983925955407082	0.785318058444084	2.65739951892305	3.66270451048454	1.98176862850948
NaN	-1.9549505055558	-2.87846926455765	-2.00172809385216	-4.37297247448022	-1.66926463591776	-2.09682121701517	-0.891542287341371	-4.01267340848338	-0.203491062905418	-1.04691532219674
NaN	2.63041661754317	-1.50497019534001	-1.85572098591246	3.76964002569452	2.47850907554392	-1.21901192945599	-0.99351801514194	-0.332635050660473	-2.10109698773011	-3.21358169896071
NaN	2.67993836344065	1.59954663437229	0.755390846991737	3.19048050446334	2.84098054477271	-0.590976541421696	-0.436026326484598	-0.731415811246928	-0.864769136280726	-2.1219956037162
NaN	1.27151196156976	-0.457213925871821	0.0687913825204593	2.46096882519723	2.69556036439309	-0.723551897812933	-0.217635980567797	-2.17266072302759	-0.880511245915956	-1.15996885991589
NaN	0.175510843975328	0.321198683074009	-0.402436789610298	1.26181125873496	0.656462278783585	-0.422574763362554	-0.0707621565178343	-1.26796816658146	-0.859343300393573	0.316435667504246
NaN	-3.37109347251352	-1.91590393486275	0.520490800167517	-1.95233848312995	-0.441589681345926	-0.272033293076582	0.309823878223245	-0.696297374925487	-0.499930006386686	2.00096315702261
NaN	-5.0704929039195	-5.45760026619344	2.13183357782703	1.45211041582497	0.0916385975866456	-0.051927075564913	0.210671141240083	0.144105565406773	0.370397493219108	-0.295231048455362
NaN	-3.8972326245572	-3.43722903227221	0.934039479497267	-0.726880226365461	-1.00047455248072	0.131583627304554	3.00800167326814	0.48993129256956	0.553344583447065	-1.3728908805076
NaN	-1.76062364549362	-2.2119819008486	-2.36442961828678	-4.09157703555968	-3.07731891205179	-0.0677714438262335	2.81094619996871	-0.68398542395681	2.02974929461693	-0.137720553771249
NaN	1.57318897926673	-0.651512024391284	-3.80047840400995	-0.505962190626839	-1.5033309799959	0.0117911186679583	3.73887625815838	0.0780873893838678	1.63406175685545	0.836665450177419
NaN	-0.383682361229749	-1.91601666862151	-2.4952127527384	2.01276310396319	-0.964973180590473	0.16619383456261	1.29926262516999	-0.979670075836802	4.30759844159878	4.31457786705109
NaN	-3.32379020842576	-1.98965560065229	-2.30468529993329	-3.4843222397366	-3.35554640893976	0.496742158388047	-1.99429530202157	-1.88673738215159	3.65828520511624	3.15236599791696
NaN	-2.81795448305618	-1.6597403655357	-1.85366423887416	-6.51182950808071	-4.56601922481302	0.291001341331395	-2.2239630391264	-1.01481273460038	2.01509587465232	-0.190643705751594
NaN	-1.66925481705689	-1.2975177789249	-1.43071449133004	2.24193103176649	-1.28519265925258	0.100417760713805	1.33215153886673	0.556493613752108	-2.10785049158345	-1.76413564001842
NaN	-1.10763145534456	0.159928145732841	-0.658184767388341	-1.67769270423361	-1.89853733480692	0.384991422122176	2.2186858741909	0.695153270895594	-3.57154624253794	-1.53664172054535
NaN	-0.189090311381421	2.46363645782585	0.659942096749925	1.94003820826275	0.31540397495712	0.848472627181913	-1.48010931994345	-0.60770829242959	-2.65235915082173	-1.11857500055247
NaN	0.960186815641483	0.795542554783463	0.27311599894501	2.29115899766949	1.86267767917909	3.84532340493804	0.993244442559157	1.01288431604376	-1.39537500776857	-0.248280378019375
NaN	-0.277163441031853	0.30099523642295	1.47481573718783	-2.98172374442714	-1.38078920322245	-0.978253613161964	1.471183915343	1.6434662435946	-0.744968327034748	1.84547911276498
NaN	-0.76507162402628	0.0511593654136528	3.27729223756958	-4.63777390552623	-2.87863143353643	2.00801376179167	-2.00721052099612	-0.164969060243916	-0.614040618528135	4.16833307107034
NaN	0.134706777217874	0.174277735110017	-1.15614427509875	-2.15128480298865	-1.83724803356556	3.59377501115379	-1.0735171914835	-0.482408951955989	-0.993887895665952	3.66695961234875
NaN	0.405830987903249	3.76671138134071	-0.0237216080416101	-0.46598957789227	-0.793167387675434	-2.13291813687789	-2.07054561596094	1.76629550440492	-0.128283552760981	-0.0687367819809762
NaN	0.469537315807869	2.34764863292495	4.78885617464103	0.885034198653599	2.41919849115882	0.531090268327282	-2.45726524097807	2.81779735156071	1.55283420328514	-2.79390284940461
NaN	0.584708861243461	0.326421088182772	4.14816679655927	0.749534898957132	0.955084457539611	0.673164426804536	-1.00895826982803	1.19049070641547	1.15432037188832	-0.820371012913743
NaN	0.850689222830728	-0.410582475510186	1.02961801711489	-0.285659716766793	-0.726828966959805	2.19524512169689	-0.377946568296794	-1.0822592855397	-0.476289559963373	-0.619577695908472
NaN	2.63320670623725	1.41704986294535	-3.43780725244383	-0.916149856745747	1.16359320115301	1.79106187769837	0.373255174843845	-0.532858596077693	-0.751332805277712	0.743296523312581
NaN	3.62714018961732	1.3133732798249	-2.26034818927073	0.253387082450895	1.60148924208638	0.42569326516093	0.235873664535748	-1.05607280648584	-0.53356485097417	3.00009917512662
NaN	0.728298832533359	-0.110589015667363	-1.2719660308753	0.370012282316382	-0.185684306937864	-2.20085276188456	-0.686396925264411	1.45869499081724	0.104195883395518	2.31904074949337
NaN	-0.394879945657394	0.0952764878636749	-1.11583533680612	0.671744233222584	-0.59829739724379	-5.20036324189864	-0.956126529181868	-0.717447820447411	0.344436905521009	0.781727560808754
NaN	0.027457345653912	0.573524318337006	-0.905905309834787	0.857882445139908	0.177589511403109	-4.129728632592	-2.51301675204235	-3.0083993575304	-0.660339789051394	-0.591804293309256
NaN	0.481489000030402	3.42500472568429	1.61102250345335	1.57416311983688	0.804405637849048	-2.90882415614428	0.395827747617073	0.654514325544223	-0.327899570910271	-3.0587203963851
NaN	0.949726168475285	1.2288108559213	2.82941072698549	3.58892609985282	1.57851240536688	-2.41067966030372	0.804642653156809	4.17809607528846	3.87937128504807	-3.73692772314518
NaN	1.87489374251525	0.703994990224342	1.72092541199626	4.72644618471452	3.10386182862128	-1.95247233547815	-0.548385348882825	-0.469994936253194	5.03357091930913	-1.34915775509095
NaN	0.56397028451797	-0.358351879746856	-2.20091692517969	3.73228305164632	3.17976706627001	0.580835615079705	-0.483955658711349	-4.06526334785822	1.85879104419539	-1.24094653755665
NaN	0.0458433704761341	-0.24017737194236	-0.913378340764918	-0.979416170778825	3.33942163631688	-0.981064387970993	-2.0770165768931	-1.52375112865873	-3.09352876769254	-2.54437798313899
NaN	0.0997929775523121	2.68181782572341	3.08832980928928	-0.746945106636181	-0.454546633075474	1.04769698396904	-1.51500143018012	3.12552395167489	-1.95069863275123	-1.44431744236106
NaN	1.89964122960487	1.60674377671327	3.35650377614529	1.40346248459026	0.588959619493096	-1.06994368786952	-0.843758538649628	1.62152122520179	1.04959985848513	1.4603938574664
NaN	3.19729890691601	0.229247265435504	0.343338785253393	0.325193477732641	2.4428516599346	0.0132790641143763	-0.90248971862008	-3.183641719284	1.02185680324762	1.69255382783928
NaN	-0.122810633082513	0.434475114688239	2.01541851569302	0.831093757445493	-0.725749248308954	-0.827531285424913	0.440865709852455	-0.429153813836548	-1.90428619407173	1.28524917434327
NaN	-1.0982744779721	1.42326205214634	-0.599429488923484	1.0151551961813	-1.25399703502275	-0.931479205671915	0.879958994029402	-0.75151339087576	-2.69145905340291	1.26905602195122
NaN	3.49583908327468	1.15546914781733	-2.77450240892211	4.11089645633946	3.55019719648233	1.48162089616884	2.4591333428214	-0.678229471140007	-1.55868331883646	0.623535013487505
NaN	3.22763504522095	0.355652678786216	-1.69174043386338	-1.25885097524462	1.87592861102033	0.693133520181786	0.344473479024817	-1.40697968826246	1.36863609721517	-0.0466301213105548
NaN	-0.711959687850643	-1.57155677744701	-1.8017172961121	-3.27381018535309	-2.24108475002493	-0.878038594546406	2.28580013053822	0.357693765083501	2.42764223516715	-0.247712929607738
NaN	-1.36227710811126	-1.28063832739992	-1.44986598076986	-0.18464353155428	0.742316489607352	-0.425210424153602	2.90015545378965	0.516492162125982	0.072852428067619	-2.9452588062332
NaN	-2.0532948689335	-1.9256329740665	-0.934596440164278	-0.00875936273804324	1.65766984151425	0.221746361487365	2.36452749805101	0.44427257769671	-0.169777492313246	-3.69748110360234
NaN	-2.41778247224042	-1.64884437940614	0.662339285938871	-0.175698266763625	-2.50000484505212	0.232512414600899	0.504733088835247	0.024173731547317	-1.30914043741359	-2.6091659088161
NaN	-1.93177434970718	-1.14839976476816	3.8015873262862	1.20701529847361	-2.05195548812384	0.34166207314147	-2.6824185238382	0.436475544361623	-0.839998870491485	-1.85548839414819
NaN	-1.30327610632355	-0.699685211533884	2.62318190139054	0.824101313017189	0.417878825115741	4.90029996837383	-1.91703712968471	0.289799073630438	-1.57879144379888	-1.1176965149477
NaN	2.05807073506572	1.9478217062617	-1.61914146626369	-0.918671756629436	-0.0257193584929168	2.82437743131458	-0.255254438275276	-0.58370180637816	-2.0480724611604	0.285570824201197
NaN	0.120680426692627	-0.67916411957245	0.819852012487878	0.413717250356571	-0.787525325298666	-2.08884997732544	-1.73244269080333	0.98250324656445	-1.42418878674672	-0.513789285943901
NaN	-2.2218247190938	1.06397347618302	1.41358956365962	0.326865979842835	0.157045473540502	-0.575281885237291	-2.26731259390962	-0.496341978132038	-1.12131004190312	-1.09164144768371
NaN	-0.13243412249193	3.76704470818411	-1.20004645385201	-0.690337460710086	-1.07178422282674	0.0352473364052839	-1.20123105184109	-0.99296904534417	-1.23148559539401	-0.448640067602052
NaN	-0.605809147940562	2.47371612282277	-0.909572998339794	1.13022239812725	-2.08532072929312	0.0955285074367877	-0.931069249967268	-0.0353266136166653	-0.968671733966677	0.0384766990957038
NaN	-1.88846699431065	1.00615421262147	2.25045985593415	5.21050763894108	1.78594462010186	0.860911301222097	-0.217089076788545	1.41205466602658	-0.153708090766551	0.520328671642733
NaN	-1.48703403851816	-3.26248155766962	-1.58677080945377	3.10204731542234	1.00868386745216	4.42577767988234	1.44370933062198	1.81143143346462	0.158385385427302	1.30679151785219
NaN	-0.579781126502356	-2.56651999575342	-5.88900355424621	1.20399426207572	-0.713807793447596	4.54881963236743	2.99754311807775	4.0586344624991	2.43804507552346	3.06832524816394
NaN	2.00331902198362	-0.791857847350919	-2.19309538374881	-1.07859510325909	-0.0579761883259104	2.06967684284184	2.34971141619886	1.27973535150763	1.75758015910589	3.15029427022949
NaN	2.91252125022849	-0.287085570235118	-0.572053982353232	-6.03104143943039	-0.47264585623442	-3.2984402132517	0.863118766872186	-3.88227464273781	-0.613154818547118	1.09400226298452
NaN	2.95194883729548	-0.0509416442052539	-0.83196914404188	-3.62595734851757	-0.334555335347465	-2.5958297289973	-0.379832726572226	-1.98833823608715	-1.19624791256636	1.99835277844308
NaN	2.12621459438704	2.22389976544107	1.61844670585098	-0.97178319474751	-0.178468789325509	-1.14411152953049	-0.656749126674689	1.62831254621686	0.120967761225024	3.07078804313025
NaN	-0.561194963515506	-0.88162384699881	0.798579887667565	1.3230287567726	-1.0256818210245	-1.18130662508458	-0.795058355962286	-1.15577115868893	0.429393970745887	0.0661316764904068
NaN	-0.121362885155402	-0.810437996034364	-0.100446887316992	-1.64817264157998	-0.437157046678077	-0.964432840144481	-0.807175953129416	-1.72826543859435	-0.272872397868828	-0.184690379999631
NaN	0.370004488739839	-1.07943371828784	0.239066027944377	-3.83223427882709	0.991234542167155	-0.868396826155174	-0.432086979237335	2.60642887069332	0.747118434391354	2.11587392435826
NaN	0.337385474090386	-2.26391210894351	-1.42349491227397	3.11406694593548	0.173893030684671	-0.305780532408587	-0.0870879795592652	2.59215070157514	2.64166262016344	0.588521701903025
NaN	-0.277693938332396	0.0279779657172321	1.24388842967763	3.07174397606985	0.0757055307200298	-0.308108067984828	0.00326075991852569	-1.07598138696438	4.12644295776501	-0.0524096087346162
NaN	-3.87203924624769	-2.67666367039957	0.32465178940086	-4.08851952700958	-3.43923738285059	-0.168377922300182	0.187598591287967	-0.681903637047579	2.14703926251167	1.63693213228281
NaN	-5.62708829341606	-2.10748691431109	-2.42240501135511	-5.90088439441966	-5.29467791606399	0.0509813124557353	0.336655312434628	-2.8568100838334	-0.29976237755791	2.10549283004412
NaN	-4.2124593381332	-1.96295384227319	-0.71704553578445	-0.948158259766643	-3.53634691810089	0.229700296919139	0.416622326512265	0.313257228462638	1.91418963663011	0.0119234707804258
NaN	-2.90564617423717	-1.42498322431172	0.851685021497739	-0.602161493423925	-1.79390904431597	3.3015054995576	1.18252805190287	0.23085430623225	-0.925651111138347	-1.7826741652722
NaN	-2.25597256736601	-3.10438773936021	1.34175893898854	2.54135860562067	3.1504911308098	4.2368603410913	3.14210432326709	2.34613968593862	1.14588714591841	0.416846425466384
NaN	1.71923553782136	-1.30479258825642	-1.43366797230411	3.21605581318588	3.76405547641115	-1.67080357103204	1.07059900992606	1.17808388503229	0.502381396633579	0.585950669742708
NaN	2.67960329156733	-0.835166893805406	-1.03715357673519	-3.55138095117005	0.0384119190075145	-2.0488033755579	-0.328963032495241	-3.7542812773662	-3.14982507778645	-2.01006976804989
NaN	-0.630912420896826	0.397892979790678	3.42990085831172	-2.66683090726595	-3.22089170182873	-0.820075944907711	-0.219622766721967	-1.18727980674329	-2.48834053619747	-2.2350361149388
NaN	-0.676468580512506	2.69502240259039	2.53632705086138	3.5270102397563	-0.279167579862557	-0.59842470088791	-0.0458711638044878	-0.630550902828876	-1.29829959239716	-1.06647715536417
NaN	-1.70943761563169	1.86011510312288	-0.561196979154543	-0.0568388801221459	-0.789232570194575	-0.586090572511306	0.103563097495675	-1.47783908303171	1.72080636918376	0.104083604552352
NaN	-1.76045533862244	0.603882684960008	0.277120795208222	-3.72060852585586	-2.19869026955237	1.16266798777444	0.558461636575421	-0.585266554077196	0.365541093763281	0.08228191471876
NaN	-0.345993218225026	-2.49639793576982	2.35303826123701	0.0647737666517715	-0.643394236543959	3.51422548502044	2.28485498622996	0.556757985943371	-1.62880309352049	0.109545230789304
NaN	3.81894781478967	0.563721796803562	-0.700902790943382	1.19334286439	2.50609407148906	-1.40567264383849	1.90611649886884	-0.554198644249679	-3.09475127100785	-0.524464460114441
NaN	3.02813360864873	2.495705739559	-0.263405918605432	4.11084230036815	3.06869227039403	-1.75227138509809	-0.297573027515353	-0.201538994528968	-2.38226795560025	1.61617359426802
NaN	-1.25622494656271	-1.72953116629446	0.642705300312682	-1.24652049995202	-0.806360773161855	-0.796251992420642	0.139150301353088	-0.314070346762974	-1.53146340113138	1.43994953984712
NaN	-2.42286981752227	-3.76568250159942	-3.17318004210456	-4.98355224365547	-2.41441047575817	-0.667997582095791	1.28773710739004	-0.546278927919899	-0.911033356804993	-1.76758297335845
NaN	-1.07121971735089	-2.28579835583514	-3.56522030266834	0.706820714671161	-0.937664891172608	1.85575633327354	0.86520018147035	-0.157184061462638	-0.490841802655105	-2.13210171963614
NaN	2.1684195572023	0.51527270674028	-0.524502764980052	3.07227788402346	2.51769975254879	-0.0602946670996584	-1.05750686106039	4.26696404812692	0.438450728562317	-0.649537715807061
NaN	4.47517672536202	1.75762604912175	1.01874111036027	-1.47788204365689	3.13414918700236	-1.33320236852347	-1.87271702585361	3.74670315745399	1.85493368837201	-0.151283811496401
NaN	1.08102840506458	-0.280666358975186	-1.08315331045427	-2.01951973285644	0.15696649483095	1.41156662324655	1.10897871162402	1.28562881161743	1.29247182173969	0.814582344317677
NaN	-2.34849951740295	-1.15447785301526	-1.74132413143685	0.390875282423906	-1.81490042286038	-0.661737798297624	1.71387743665312	-2.99826192197531	2.34892141632813	2.58319120774307
NaN	-1.56041123168887	-0.256077557391137	-0.543467033590061	0.557415552828138	-0.754845202757762	-1.20907200822792	-0.761835750822202	-2.17401164147109	3.23441928024524	0.658660459148401
NaN	-0.0354773950906304	0.585605390410387	0.0317920738373998	0.299044373459153	0.321868586938323	-0.538528909527153	-0.0623731764862732	-0.550621123012994	0.264909143093979	0.115233039330174
NaN	3.82720188560594	4.83667978612828	4.33452300328827	1.79262199070774	3.29844768034357	-0.539244104892182	-2.30742525844342	0.492929454399307	-3.1638843169213	1.28677530648368
NaN	2.69085437479325	3.59894869849748	5.61719691880911	2.57912465324636	2.52518108631253	-0.55728278273444	-2.57786834128611	0.878435240006633	-2.01873989489266	1.13994197491201
NaN	-1.18769651883084	3.64070363171996	3.06067838941695	1.20330315459674	-0.328779809189293	-0.382247247560691	-1.93657636804298	2.47307079778051	-0.0995956338342548	-2.18174622755162
NaN	-1.50296289225122	3.42794177084286	-1.21895591904279	-0.222745964070424	-0.653356117139886	-0.145875080620089	-0.982049156540167	2.44049983941843	0.552073961976207	-3.21161862688481
NaN	-0.714073989416211	2.37207926740518	-0.692936472290412	0.677592695492643	0.188084382411733	0.0630254989022208	2.66232231680763	0.104360759307512	0.124341692456724	-2.06701944882645
NaN	-0.186537355139059	-1.78327835860992	-1.36583710859978	0.169349016808307	0.117917724179358	-0.0656264160413375	2.77363913517839	1.06773000377459	-0.441047599911127	-1.7776889897732
NaN	-0.0249936494080121	-2.63646864339617	-2.37127387700972	2.01234080899664	0.717382820903817	-0.0727708732715554	-0.909302397273648	-0.429089383691915	0.0933619661245034	-1.67594708955084
NaN	0.142648422440793	-1.27242954146207	-1.5851878520584	5.74949748808796	2.6664331147004	0.162940330009544	-0.0136259481527925	-2.84416137585305	-1.25261450640563	-1.32955286209651
NaN	3.74668004105473	1.28765330551486	-0.0067613506934754	3.15738408510255	3.97821547474003	0.323252116508832	1.57667106969404	-0.57761624835891	-0.877585547377772	-1.10018722872295
NaN	2.81330135581952	0.0817483138274273	-0.148672663310389	-4.7416530341917	1.06975516935987	0.233324488147034	0.965347218487017	-0.466352213576198	0.384843353377385	0.425920881512418
NaN	-0.729968464734193	-1.15121363205877	-0.121647610160994	-2.3181265546452	-1.77751329561678	3.3510476759121	0.744463188974499	-0.332102867378649	1.89817187999663	1.5533965253541
NaN	-1.0473150255038	-0.664184006240398	3.02528188727931	1.2105014192648	0.575223450188039	1.87197440191048	0.489626924421516	3.0149202726998	1.1750351477196	3.56737387889657
NaN	-0.28225712434278	-0.00456411515366196	-0.256651772138858	-0.811153716296028	-0.290400057713776	-1.52961015274105	-3.08792929134067	2.08388424657429	1.2507571519079	3.56583932925919
NaN	-0.244141409709685	1.63222797890111	-0.648282065721242	-0.825739134396916	-1.07585581778792	2.5408568299924	-4.29342454004955	-1.74898797090319	0.110210865745522	1.59473237546618
NaN	-0.0986405573202693	-0.0291065560602	1.11568300908437	0.183717570892667	-0.407364704790732	0.242463666244559	-2.94285834442902	-3.86035845513205	-1.4692838074518	-1.89380658045389
NaN	-0.0011978244514552	-0.148401135574207	1.77531132995548	1.6069041871882	2.36736387664492	-2.13311384873609	-3.71335371581402	-2.11264039996383	-1.48254209645756	-3.58178046163607
NaN	0.194202034611123	0.199495146686761	0.321101886394308	4.64161233335261	4.49371575599883	-1.13314895749997	-3.2056973952345	-1.45367501000877	0.350917453086355	-2.17123402325349
NaN	0.337847589689919	0.0823738755961765	3.52325575246049	0.0280706892612701	0.473592480179713	-0.758030651312138	-2.52887111076169	-0.192865477158594	0.636293871216956	-0.455008879198876
NaN	0.33736596508862	0.398451769509672	1.06954254504587	2.03399606530718	-2.00806042713429	-0.889117511672958	-0.492380765571579	0.412645104171614	-0.482961695779942	2.17669282630975
NaN	2.4431269339104	2.05795268312393	-2.57403755341479	-0.317532936614024	-0.434952797682172	1.31644917480291	0.605955650212035	-0.353858847986959	-0.377344348643088	2.56839771274543
NaN	3.87508932292436	1.83017627301052	-2.06118148934019	-4.71730445868763	0.129962410643652	4.06721780920468	4.09007926536952	0.596011517991823	0.412584533500294	0.800182977831232
NaN	1.25390464505469	1.13168893418215	-0.832746474252675	-2.04835444081174	-1.57106136471431	-1.38829326621073	3.02085203083673	0.269748244806481	0.413120526335678	0.231553988273844
NaN	0.459534045627582	0.467594622958921	3.557331757586	0.519459746315196	-1.41128538005988	0.133535524081405	-0.396777406948336	0.417810134325785	0.318021133524468	-0.175574261274121
NaN	-0.110804465985741	0.194252122164953	2.99758357356374	0.171899864762301	-0.201739540640542	3.41570081117656	-0.611686116154105	0.751529665544483	0.523042567261068	0.148451352780383
NaN	-1.53184565661988	-0.756307415898661	1.451970018504	-0.54454645243285	2.39967689110796	-0.988400062562309	-0.798749667788601	3.30105664814088	1.68665466662295	-1.15578511752271
NaN	-1.94222083533338	-0.560135130410389	-0.798586119456873	-0.906379171308925	1.23583406810406	-4.37441407537365	-1.06017827073018	-1.05864198537301	2.55945534581045	-1.28917524764287
NaN	-1.66900761953813	-0.485865548421703	-4.43758307347119	-1.78156016561045	-1.95508349826266	-1.34929891505612	0.828709093840451	-2.56439675011944	3.69003878872545	0.0659908835135057
NaN	-1.11698368403386	-0.0872525705414213	-3.42782860647737	-1.09700005592625	-4.61382586281716	-1.68547684354655	1.68086740827585	-0.23715136421555	3.07525516549135	-0.776394065172315
NaN	1.29024027384223	1.06868142675432	2.27939001215211	0.962526296209561	-1.35840643382485	-1.74644623541726	-1.6273573074352	0.948439421245305	0.768863525671498	-1.74078567945428
NaN	0.333897785091163	0.0896852978314269	1.69338551345468	1.60279458144988	-1.25732855224469	-1.27933875821637	-2.20166822900798	1.33970367874402	-2.09982024319201	-0.167960077512628
NaN	2.48444830701204	1.97640652211296	0.983844479389756	1.45967596415182	0.740918014175306	1.16440139245119	0.51894070277203	2.2116441594773	-1.73381575001053	0.636490591793286
NaN	2.72513348173667	1.82534001695455	-1.8716943643794	1.85751480839994	1.23665155493437	3.7109306335955	2.45382927231037	-1.72672176359309	-1.5623401751426	0.631194847569392
NaN	0.716188420695276	0.372860103791272	-5.0403864809156	2.06373776631986	-0.0277558584147111	-1.59363934675912	-0.227577180126633	-3.15368989802081	-2.97105511804664	-0.656143972039216
NaN	-3.4492111173917	-1.58250021414136	-4.33974295818625	1.79032557847158	-1.715092069718	-0.9092849175781	-1.03612241778592	-1.67891045622789	-3.17876276909394	-2.84086982426677
NaN	-4.32400545867058	-0.32607654847352	-2.05326347255697	-3.61780000732675	-3.2364301635379	-1.18746430052655	1.27037792863442	-0.0823148889378456	-2.2347154935949	0.110034894456832
NaN	-1.00498518326862	-0.857471685374543	-1.97341178727828	-3.22898678174275	-1.30953003847758	-1.54407010154037	3.5343205356115	3.66200092104746	-0.153347791932257	-0.322747937324055
NaN	1.54744208956202	-0.0646825066009153	-1.24269544423897	-1.66331919163568	0.906657990502244	-0.664083776454067	3.14288959646505	1.52420098736447	0.651340730756812	0.52411559762941
NaN	-0.990333055043752	0.962453443137177	1.46746594444939	-1.50299447294465	-1.53752349339961	3.99693642593085	2.84422064716576	-0.421906574168544	-0.642715144019219	3.0360851180452
NaN	-3.70805014662586	-1.10735683802466	2.94943976871962	-0.901752161736955	-0.583529037090176	1.05816435100872	1.07514540404877	-0.154358477405705	-0.136691919460783	2.80100207345766
NaN	-3.13110918135075	-3.18233538481627	-2.37562462759059	-2.18001260242968	2.0055890882045	-3.21965610184491	-1.40595742450176	-2.10085276200599	2.56150272813269	-0.389589084552239
NaN	-1.98445485781786	-2.71010120683558	-3.61777374596146	-1.70146300463864	1.67624706105878	-1.48722248930939	-0.177226597900395	-0.646217775484575	1.73281555752295	-3.12349609581495
NaN	-1.27658427499714	-1.92138308857596	-0.873492929877271	-0.732533672139965	-0.0249118683571088	-0.766939625319062	0.46905108793361	-0.317435964422232	2.62415164103773	-1.36836447747712
NaN	-1.25692616576995	-1.29234949876304	-0.120609160405324	-0.476471551520467	-4.1032517234229	-0.211106053559797	-2.28943828293296	-1.49987211668797	1.35568854717133	-0.292573420327835
NaN	-1.01100692459174	-1.05751121992203	-0.0191195222714882	-0.24742255893365	-3.42820027410235	3.37114188434857	-1.39899703726588	-0.314499970384909	-0.614804896144742	-0.666430065197333
NaN	-0.505836740845413	-1.03692057639542	0.662457181873982	0.343324205854153	2.21943584083474	-0.67451744841626	-1.20329890698618	0.122115878179598	-1.45896744743131	0.886163461534576
NaN	3.49132825441674	2.1081041840981	4.38135951095091	1.30185162354474	3.58271092504895	-0.0532549799093213	-1.54254973525826	0.918650549560863	-1.99361319899295	3.00745653821852
NaN	3.62369517681965	3.22587649267128	2.51930514692315	0.477218705536388	1.1193789954736	2.54697025381752	0.398509197332508	1.90531470758826	-1.84028495602686	2.34774673118343
NaN	-0.700301310093772	-0.746601769544026	-0.881146585320716	-0.0238735128749664	-4.44562430681542	1.50034340900461	0.233843441251515	2.38200551373582	-1.37216637183358	-0.382522787312763
NaN	-2.48196681830318	-2.59426392693021	0.546779840579248	1.11299081266529	-4.6965664488246	-1.36621189195602	-0.50032324493379	-1.1087180415197	-2.61738795389727	0.263542114265842
NaN	-1.25807257241623	-2.16620216536138	4.94871116738951	6.00097087365774	0.105869702353209	-1.83196652107563	-1.01998287537226	0.794810814717487	-2.22826973942843	0.538382988042053
NaN	-0.649274119639639	-1.66301986557536	1.20477500249099	0.414039227637785	1.05972200883059	-0.875023886944745	-0.513512859141818	-0.519509205287571	-1.65128225438533	-2.87873942725306
NaN	-0.50525837287998	-1.2566005464816	-3.32362893722039	-4.74661464341545	1.66489396416052	-0.476295305801721	2.36686845774713	0.209635427787719	-1.34028849445795	-3.9480989600128
NaN	0.215918162786618	1.17869713924012	-0.93163451754583	0.295502661059547	-0.959914036109907	-0.428189826515238	1.86535936720566	0.226724367915003	0.849009904972891	-1.19727431619631
NaN	1.55700308763903	1.51560076419164	1.2735288718217	1.18943123530521	-1.50704327235504	-0.176624643452337	-0.683299097678687	-0.532685834816532	4.29351674348127	2.00211340563038
NaN	0.496407118352424	1.70105910986632	0.563887496300797	0.466879805276537	2.23528697799775	0.00799547937752905	-0.447979292400762	0.0697153001670668	1.56251475811031	2.22245272212794
NaN	-0.358925892908247	2.10989840629854	1.39782767243043	5.4528866958896	2.42289115345559	3.84114273360189	4.05115522954333	1.98570569623029	-1.94674313347003	1.00913614518622
NaN	-0.0508028428578975	-0.757542218737782	-0.169196907832011	4.87216302744905	2.37935946201939	4.94439014200424	5.18512911582641	1.87744379107275	-1.17734140821421	-0.391707420338377
NaN	0.503843173272907	2.44809504872906	1.35634242693081	3.01684982761905	2.89936670250178	3.09968317362565	3.50593607247342	1.24859394479173	1.43320721716339	1.58832312206817
NaN	3.1750951290565	1.59729649279913	1.84575821350557	0.683850665512801	0.940918747902058	-2.82644060451386	-1.22818241273029	-0.771266346337713	3.84244266758262	1.41690020479579
NaN	4.76917362525204	-0.84957714605022	2.35351174619894	-0.0591691601163375	1.54144404624361	-2.65927923326202	-3.45339923973393	3.73685889072528	3.79345052317907	2.27277054213933
NaN	0.677154875414247	-3.31712373589398	-0.906932686048084	-4.77904520644827	1.47733092093403	-1.16420986049949	-2.37326497658194	2.69932661010255	1.46280761194118	2.10284978306278
NaN	-2.1746694295664	-1.0526404568172	-1.98368194667281	-3.95446868118351	-2.19915933563202	-0.843959256185348	-1.34462272703557	-3.1638330759465	-2.95719552243594	-1.37632866849102
NaN	-1.50902448156834	-2.22171338196733	-0.994454826457744	-1.64569122140637	0.0242067591529063	-0.857565934439794	-1.47445745871536	-4.15739603920301	-4.37073862451273	-4.89266799167517
NaN	-0.758845316402499	-2.35549706076947	-1.25115142806544	-1.74729138953857	-0.724310787645032	-0.529535199376942	-1.14233013920095	-1.48799209151433	-2.76058993480101	-3.8018864732202
NaN	1.27296209390698	-0.354280915542092	-0.445724951373063	-1.58497451979394	-0.138513575877512	-0.193697889768054	-0.726208733551929	-0.994213108861494	-0.0699116333966482	-1.7300878866574
NaN	4.20847634158945	1.78701753406355	1.01237052659341	-0.697088549562412	2.32952256462288	-0.0546188067852016	2.23584428949455	0.212571677362599	0.459010613573376	-0.532423702854616
NaN	3.34958514207776	0.872317322468693	0.665372312020826	-0.456238238982579	-0.743891514265546	4.49082645652249	2.66447122646874	0.267402350156947	-0.877654445646069	-0.20474197921885
NaN	2.09802075299242	0.715640126793396	0.28384067448964	-0.462040501142481	-1.64535033939745	2.25446038404245	1.32179286371864	-0.535557876287789	1.57598866491413	1.01474233767215
NaN	1.72857739750372	0.543126778538309	3.20541931136661	4.40157679806441	0.468401069803381	-2.16247902201451	-1.37140983939529	0.23722938241801	2.48706897073981	1.04402516303339
NaN	-1.3295559442363	-1.3229202327763	4.1460363501513	5.30948532374328	0.0974931946519693	-1.38992116448489	-1.30659481765267	0.844303469001825	-0.473549660897945	-0.561507352477036
NaN	-2.84164999883984	-0.43069089626791	1.12198994961136	2.8697856985489	-0.52374019938302	-0.549589000341085	2.45145279071592	0.521935018882436	-1.2301395883588	-0.823650750879813
NaN	-3.34777414052035	1.49455866254641	-2.71410160214561	1.37846660387042	-1.06828038901344	3.73844538939306	2.5422915012273	-0.284641792839986	-0.695451171226905	1.38929626061341
NaN	-3.01801916402315	-0.0323625904403634	-3.30283477745641	-0.250243474587785	-1.90182798995997	2.61948334633631	2.29648588488033	-0.0166023130605445	-0.213453300529227	4.8335086519294
NaN	-2.63754332126449	1.84453424856381	-0.212097612568464	-0.201579089497513	-1.39177686143516	-2.97370463223041	-1.97573335094273	-1.55554712321993	-0.52506299103147	3.87063004001522
NaN	-2.01091077654091	-1.57839960594012	-1.79478387423198	0.546731733534774	-0.474733152552853	-0.137179834449353	-3.36149087250256	0.953227070376663	-0.0314228258046528	-0.227603278724488
NaN	-1.46921581531737	-2.28782738113231	-2.46869429161973	-3.18054027571425	-1.05910752732172	3.82604642339552	-0.188520012516319	-0.666939119049788	0.36687813064388	-1.7235734369325
NaN	-1.09243758802965	-1.38342014021378	-1.603449982304	-7.5974755564893	-2.45376174304673	2.53921538360578	0.828304309402391	-0.901450760130835	0.490897657597605	0.251677525623234
NaN	0.0945629709427806	-0.529768315163993	-1.06758316996395	-3.07792849877867	-1.30735284509673	0.961874707471381	0.611849548357015	-0.464363011646476	0.963393034144956	0.627348031923026
NaN	-0.322289753222937	-0.606509662208981	-0.873772947251187	-1.73705456261214	-1.01643477573631	-4.15594799029203	-1.97398206826096	0.630197061839704	0.589237380699852	0.259141079330298
NaN	-0.661935687183104	-0.346560196703425	-0.868702296492151	-1.99051544494834	-0.45934701854876	-1.26653544934294	-2.08696922625369	-1.73164619126341	0.555047668902774	0.510315943160904
NaN	1.09638566790192	2.09798703036162	1.48683363050797	-0.740018905925432	1.62193512720377	-0.550781490679883	-1.19105077538363	-0.0678731932950031	4.28787851052141	0.139918818627213
NaN	2.63024395240358	3.2844409500642	5.48697139896	1.34074449400568	2.71302897761447	1.47407745694968	1.52728442461436	2.38209791451285	4.5704294168978	1.60035901322749
NaN	2.82158029444496	1.37063532072251	3.79071520705242	0.621028591117558	3.79161062645229	-3.11870544434794	-0.944497563438049	-0.132772574025551	0.14467521740543	0.410580238126378
NaN	1.19698031674189	-0.289856414307594	-1.61213974472621	-1.1928248509558	2.88459412758522	-4.24251509581858	-2.78912900929981	-2.34358107033769	-3.18902850342218	-2.7916134612431
NaN	0.607862792848292	0.86809011668893	-4.19224996743624	-0.923112144424979	0.104437137211814	-2.48579432274555	-2.19856609877498	0.918847122560106	-1.80447491503673	-2.79805668360409
