NaN	-1.12162921264295	-1.75241605375909	-1.82674700094994	-1.94623432192884	-2.47865803369183	0.636998134203505	-1.26847578269798	-2.52257661481971	-2.32329244239161	-1.2622698854207
NaN	-0.982238938565452	-1.15830471236821	0.940483403396321	-0.589943582157067	-0.855482022112438	1.89240082461792	0.257102991935412	-0.895569427719228	-1.44023978572492	4.38119632561172
NaN	-0.654000050867233	-0.869929020772373	2.94743543210736	0.517934800948898	2.97200916274834	2.48204938782886	2.01062906252016	1.03227477306967	0.0534941319941568	2.60322452142348
NaN	-0.275641678277187	-0.611468219572162	3.17061503881836	1.20353293749902	1.79527822041881	-1.74157807861186	1.79630193456981	2.45153797547884	1.46320458639894	-1.04423497369616
NaN	-0.190369703096203	0.0763142133074602	-0.461512861816007	0.000741134570201304	-2.0138547218241	-3.03768676468018	-0.359881727170616	3.29472814537703	4.21746889088975	-0.554244177866623
NaN	0.000435341440566978	0.73675882754144	-4.55830044333167	-1.49556797605585	-2.48522916041967	3.48189354510427	0.905131740847285	2.3611166779769	2.29057927928815	1.09356425187012
NaN	2.34824527502822	0.653261568470085	-1.49058678336154	-0.984245488948288	-0.662174913507053	0.184769896120063	0.238804161410543	-1.20470206112755	1.23653355203003	-0.797691598728946
NaN	1.00165582773771	0.432453927013757	3.5663219157113	2.31925705581537	0.844171296767203	-4.25748654253345	-3.22942072162888	-2.42811851705241	-1.23343128336781	-5.79576461213874
NaN	-1.03255986688984	-0.104361023437476	2.61985222644062	1.80993013573259	0.206786990550227	-1.70758622205497	-2.70847209188844	-0.245333023617592	-1.36628515454607	-3.08182295287774
NaN	0.742122051534623	2.97348302021314	-0.651811320200691	0.672273519091017	0.0365499094360629	-0.821520374233088	-1.54781288479085	-0.409982413308692	0.785605878036412	0.0437925648678331
NaN	3.68429781424891	2.67588847825654	-2.21636590555365	0.0574026527851279	2.71974648326918	-0.941853072495269	-1.17533209420228	1.60371592759014	2.74908031112906	0.900429536893863
NaN	-0.97439589375122	2.00907001874241	-1.62634418110586	-1.38804533395864	0.469088863563338	-0.586267218568579	-0.894385091615399	-0.838207909690213	-0.530154219265455	-1.38877383138834
NaN	-1.32988596353055	-0.803053115208968	-2.42800972716368	-1.58636661490285	-1.91618587761287	-0.503003757988125	-0.481101289756353	-4.00250881862448	-4.78028063352977	-2.91670674417466
NaN	4.16994165329461	1.52731727583706	-0.181420604858955	-0.513934009897799	0.529072157089849	-0.0263727771184676	2.70575946891056	-2.07767170276552	-3.07630610442885	0.663117448045406
NaN	3.26338153267917	2.14519265662794	0.167070132222272	-0.0457919561490343	4.37169632083766	-0.0549216742502513	2.43446612372765	0.268022374541572	-1.31221873980104	1.60656809592248
NaN	-2.89855317365495	-1.89170176232238	-2.62520577304506	-0.866350238773837	2.95899438122377	1.81270723249502	-0.734943123158323	0.620244814798589	-0.854234476017294	-0.880211726475778
NaN	-3.52444096223219	-2.76481295397952	-1.9289829059381	-0.541135385994205	1.95042260047813	1.29131588367286	2.20342455740277	3.1484279346752	1.19440900944212	0.746832198290188
NaN	-0.855536700572497	0.889874443447215	0.990907144367896	3.55905757097377	1.9525622294342	-1.03993781558662	1.05527289066355	1.62118852644978	0.293922992471994	0.0367080548658551
NaN	1.85463449478912	0.63697494744702	3.39128673865631	3.11022179012283	0.562105285223417	2.69046986082985	-1.50875570878082	-1.98906288655445	-1.66192419652476	0.32509663848501
NaN	0.92874723937421	-1.12334556360878	3.80823209099909	1.42927698206342	-2.22168711543685	4.61017321668279	1.07128173088245	0.259374774756648	0.0254328839136631	6.18575281388315
NaN	-1.56531252843694	2.20276018162912	0.679389501481438	-0.912312324586427	-2.74903169261934	-1.42462012937898	-0.222108083357784	0.462595347427303	0.262462656803382	4.08224927210077
NaN	-1.33283722866975	2.3090587547274	-1.07950579520741	-1.26887646278796	-0.295087448066196	-3.09006362586351	-2.01244241176964	-1.77934048062681	-0.328027340876064	-1.4159445576074
NaN	-1.55447349045972	-1.90565128451777	-2.90627417102486	-1.83898287633379	-3.40707715423899	-0.183505113817756	-1.43699463075557	-2.73912094653731	1.2084187282724	-3.34035392262322
NaN	-1.01280912524495	-3.81443866027826	-2.30177855332494	-1.60248832512361	-2.0693603173126	3.58015978952817	1.99167022277159	-1.75576474900156	-0.791257503700582	0.325971389608612
NaN	-0.676642006668386	-2.36392457900442	-0.883521754984223	-1.18200552586249	1.04757274978879	0.208898469236068	1.00203134339961	-0.534283161224789	-1.22676604662322	0.173505182975346
NaN	-0.277040099010796	2.35157079328546	1.97317804248451	1.49114487818232	1.82652153305525	-0.633731863241468	-1.30561574352455	-0.325780184558638	-0.0476964086633051	-1.76641610488434
NaN	-0.433900202234014	1.34920177507675	0.675603934578511	4.43434509516639	-0.36377737144356	3.71794601936291	0.88524079219173	0.711160249309671	3.71334392035189	2.60236262984145
NaN	2.13836430920523	0.00536215804705076	0.0621269585373778	3.58899931825607	-1.53105351665242	1.81396211650827	1.24988678487137	0.578929239065727	2.51688257096505	2.54050865153547
NaN	0.0512131347112252	1.75842746690932	1.70298450813572	0.872639972944261	-1.89880126182579	-0.412022428646736	0.454997553510194	0.876891306299049	1.3291833887841	-0.168561098377467
NaN	1.38691435839433	-1.39561072970452	3.18926652645546	1.2479051599282	-1.29823349639688	-4.05798902836551	2.56366626485129	2.22649830051922	-0.198792295655599	-3.16995400740601
NaN	4.57891145185718	-1.93741378481454	2.29204710302818	-0.605130557919756	0.144279880022892	-1.48869970902152	3.22001755604183	3.39811039701543	0.423812670541818	0.854066598800018
NaN	3.39421826892895	-1.17245521513215	2.2344116610598	-2.78464016006725	-0.494329499531631	3.13711611369504	1.47353013024784	2.56702150572284	0.479867343404084	2.37377016852953
NaN	-1.37207399310682	-2.09657180587861	-1.80283438476003	-3.69681340676682	-2.23384929755536	1.96292644003334	-1.82225346406922	0.0339871642166791	-0.629411130904461	0.611049022015594
NaN	-4.39182129559617	-1.13912631719933	-3.85925523093094	-3.50758421115109	-3.58567444078952	0.916063897016027	-1.62971607055131	1.13753716973701	3.17190894294141	1.26283745477926
NaN	-1.9749775518677	-2.15678663596866	-2.6659049228787	-2.99762503709445	-2.83755310180385	-1.71603166012065	-0.327786752365097	2.58923204692921	3.14537992697844	2.53935482936916
NaN	-1.37377591365069	-2.33187586315832	-1.8927224472345	-2.43684617297782	-1.96610438367197	-1.84857564921152	0.408051289838336	0.00821726322089447	1.35632512046611	-1.28048271839425
NaN	-1.1704734556794	-1.6278493340485	-1.50086025693762	-1.67166180208659	-0.998829846375588	1.09626852738563	-1.14150209655413	-3.49870613893617	-1.57196186108619	-1.95307745212594
NaN	-0.970777375962054	-0.939097231114142	-1.15840805554505	-0.366185767432599	1.19988940266636	-4.57867973660879	0.79340353714485	-2.0215687324166	-2.02553683205628	-2.69553521264512
NaN	-0.549435390481165	-0.583459984459353	-0.624698221512459	3.53113969982158	4.94113876421565	-4.81169563072337	-1.18944471222347	0.949425986851913	-1.11059659204101	-3.2485397318881
NaN	-0.365369355426407	-0.242961053122379	-0.330187036631633	-0.633305437856712	0.867934281685978	-2.25382260829001	-1.46342150457183	0.142313815606967	-1.78564760568445	-2.60957582932121
NaN	-0.149607914362958	0.0243285732338746	0.577747293814088	-2.45923175358707	-2.43470363130791	-1.75107370887394	-1.82508546897126	-1.89241283729228	-3.1150182778327	-2.18931474661306
NaN	-0.0444234487377032	0.365718470473015	5.3136297125435	0.724362626583892	-0.284603377005358	-1.53085309840939	-4.79731756604414	-1.43488867210387	-2.26758896847458	-1.48629137718235
NaN	1.70734489478844	0.85339323703171	1.47930449237149	0.610105846983096	0.96501347470554	1.72992052817026	-3.63174211409287	-0.567453915321289	-1.50255805396938	-0.225213209184144
NaN	3.36883480709319	3.97886104594181	-0.905651361513681	2.85079081226179	2.24516675196503	4.16416637744723	-0.313985794580267	0.741452357312658	-0.306553445617964	3.01241661662265
NaN	4.59155935582059	3.67232247802344	0.64610750538485	-0.530903010735653	2.58132325430872	0.681313504748015	-0.561006754419014	2.40429557783625	1.02618949980092	1.66362477643122
NaN	1.36292511274229	2.64650813271405	0.541327077280668	-1.60648392059382	1.2136559822921	-4.17828452745879	-2.78198142016003	1.36329667496886	0.313960485045223	-2.69152744788586
NaN	-1.99174744384168	3.02777227221093	3.9125145567593	0.939190579012341	0.141389600023824	-1.32117749959043	-2.35346283607544	0.00061118917078109	1.49021271629689	-0.842936959807375
NaN	-1.51426229182069	3.05612570110453	4.15635239117463	1.97005063688638	1.00718247634684	-0.302228953745082	-1.10130661512319	-0.589524393139827	0.300611754217423	0.346196912823099
NaN	-0.332509123849363	-0.82767362506295	1.83287808171705	0.830980996395671	0.585711603754189	-0.453447264495999	-0.589547184362979	-1.13101802001431	0.03868866893091	-0.0074109546274189
NaN	-1.50266642777285	-2.84090967872086	-2.11809593404745	-0.427806840406428	0.0336029184834482	-0.0357527641873337	-0.50816889877029	-1.80536147672898	0.404774961457376	0.167278557192079
NaN	-1.7700433194286	-2.02261142682071	-2.69869863002445	1.23094583501963	1.47792084042272	0.207089686897521	1.29961972792979	0.0939025090550164	2.70039939146607	1.71317846130319
NaN	-0.871120081488435	-1.22728008414544	-0.247306474847545	-0.619682311695095	0.408075137113851	0.412269892598937	5.40516669258635	0.709594624906874	1.97270836931559	1.86640787302583
NaN	0.548948642251098	-0.702400758838777	-3.69955081708085	-2.03885259048274	-0.888751929817792	0.835238147054741	3.60909165092623	0.053055564977233	1.31611910236014	4.62986036326823
NaN	-0.392107840947284	-0.60615003225835	-3.17071871478382	-1.35175609022185	-0.503944606160612	0.704564089370263	-1.62525012164857	-2.98598266206169	-0.183953635102619	3.90813630697256
NaN	-0.748820155640912	0.0185404708704854	1.56910782112793	0.0913077331996087	-0.201315739009439	0.80447783626632	-1.96975995852068	-3.38321808115349	-1.97771498129737	-2.78090137649522
NaN	0.332735130533133	-0.184968021229304	-0.259402606494689	0.333709700977173	0.388474042513773	1.048330539444	-0.218681953117312	1.45740595895305	-0.373252493528003	-5.29759090234827
NaN	3.35559698371459	1.17277701021397	-2.69195918073219	-0.621666229960196	1.62285365791809	1.26577207300276	0.689743371246926	2.1538763714061	-1.79143283775998	-0.141443556898864
NaN	-0.602972685765433	0.0802753969827074	-1.85588218343808	3.01179424980551	1.34127817964875	5.50237801818059	2.97736689270225	-0.668498863944995	-3.23195345197575	1.9103143471063
NaN	-1.56067818406983	-0.315904512748633	-1.16835738053017	3.67404632143308	1.33252581114642	2.34848492552139	1.70523093915337	-3.34363190315564	-3.47691796935509	0.180987964891153
NaN	0.856613971935065	0.18813964777876	-0.598966220795449	3.91089002243336	2.53860365776804	-2.42035205691035	-0.775191221606436	0.819002871896641	-0.930806933016857	-2.44295206845323
NaN	0.631708037922686	0.500822946515585	-0.267132088131386	2.69724057381512	3.92925850983041	-0.0771125699349932	2.30230023598219	2.37607635793025	0.241970096718163	-1.02984151066844
NaN	-0.772328202362055	0.169158440628313	-0.219761678477917	-0.711176920934042	-0.167593407003003	0.47771596847125	4.39740431183073	-0.486350590925055	-1.18027499931046	-0.484006373318928
NaN	-0.525717529130431	0.154464817084948	0.0930418491911209	-4.49144763168342	-2.93265741308793	0.119885553552528	-0.526562067799446	-3.42599451849599	-2.14822344991712	-1.15279805242698
NaN	-0.0688673699783814	2.61144609494647	1.74225380873278	-2.88054969901035	-2.25835934903642	0.338067657230477	1.01627659523633	-0.387772264877463	1.34258837405307	0.553253806470449
NaN	-0.0481512902215192	2.6012228306971	1.96797262199886	-0.061758764286325	-1.07807300386471	0.316026617716865	1.68662763152217	1.53611292508032	0.388150086993215	0.174276866180776
NaN	-0.0537486274061486	1.80396475965525	1.0198497221251	-1.29760440661632	1.14229338575079	0.435300218595925	2.32173515490535	0.161593579640759	-0.440398869954646	-0.4170946118947
NaN	1.35262519372756	-0.742950982577415	-0.926297678778262	-2.16655706175667	3.37432501529668	0.456799299185551	1.27095196829126	-0.11427105346446	-0.0592129203613962	0.094239425086634
NaN	5.28298762839096	0.790521475565556	1.13020857815143	-1.31300287984149	2.28218866615302	0.315431455639515	0.51641129524882	1.83874651589295	2.93778649695051	2.12548027082438
NaN	3.97035658155857	3.81621200801073	3.09883913201577	0.0797497100890538	-0.557520791496919	2.41855145179941	-2.76717476974751	2.82804231665348	3.2830350549944	2.13224130475082
NaN	0.15155366727011	3.31843496116789	4.62991280745629	1.07343163963288	-1.77852935897757	4.35901821007259	-1.28200870677749	1.00811803338593	0.342732414129848	2.16218684908934
NaN	-2.91735544658927	1.87097259206818	4.39288849294166	1.80052976416294	-1.16602784312938	0.695465283028726	0.401363463644685	1.23658384978743	3.49789492115489	2.47976040471111
NaN	1.06751582089872	1.17876408371415	1.89926125053883	1.53328030638794	-0.697976577342905	-3.12951975555238	-1.50668971111531	2.82216347287433	3.48472207188378	0.463094861021509
NaN	0.0786247054727168	-2.54937442013801	-1.60278888634039	0.295593249019388	1.77723469496858	-1.16967096030709	-3.35434548753464	1.4901435947919	-0.267761802432219	-1.83746194068588
NaN	-3.81322763011328	-5.16907897663311	0.621041831087731	-0.296177048867989	-1.70513460226525	-0.712810133703249	-2.66726813541875	0.652379996018536	-0.891604926578406	-1.00700167598823
NaN	-2.34373328623172	-4.1397261856565	1.28544198637815	0.993411318740266	-1.51670367341148	-0.919740780581436	-1.57511272016173	-1.06892295925038	-0.313973456002129	-0.151278704332199
NaN	-1.24606763925611	-3.05340198571576	-2.2196711839198	-0.179423652327206	-2.89447156584485	-0.63552060634313	-1.29925475174992	-2.77533843934482	-1.42749479192209	-1.17910407159954
NaN	2.84870250567981	-1.37731433905984	-5.5752422656479	1.99631167637823	1.82516961836564	1.15999875528758	-0.561379100286322	-4.09520297320583	-3.21070315418898	-1.22028484467527
NaN	3.04805868570253	-0.0603822089095104	-1.38308953963808	-0.801484524046561	1.28980343614431	1.51413279520143	0.732762832091184	-0.558301180412419	-0.755843101014729	1.33189121319016
NaN	-3.05065716836332	-1.82350975324303	-2.9240248385385	1.04128585577627	-1.53987567918775	1.40361553331204	0.430436075133726	-0.816669339741045	-0.623901193136733	0.615275550870707
NaN	-3.82007414771936	-0.591925188609981	-2.53283297767871	-1.01753640685469	-5.2226192050418	3.04031504557846	1.93497241453713	1.2661196399194	0.701108964861084	4.72060065965963
NaN	-1.43217730615088	2.05252305616592	0.575558395055882	-2.39855086731752	-4.7658645265771	-2.32621898805723	2.26862350611697	0.810617413623007	0.364300697678839	0.654795928052046
NaN	-0.893261512368128	-1.45574997414952	-2.6388688599502	-2.49917097377072	-1.10104964511524	-4.12902118153714	2.76671460154199	-0.130964266260593	-0.179931157820296	-6.89151266205014
NaN	-0.797292610663609	-2.76742793492676	-2.84946405503332	-2.12934354258949	0.766119422116464	2.77215607146182	1.70656966491707	-2.24881915876516	-1.32573780798827	0.238871534245675
NaN	-0.611648879471177	-1.72017181369354	-1.07070922172206	-1.55761119319121	-2.65060105072656	2.42430131102924	-0.299064024953263	-2.89260608710254	-1.32599104643633	2.77787055895566
NaN	-0.27377890640534	-1.19763659758984	-0.78027539605139	-1.0169674408039	-3.74415239720954	-2.73819813104774	-1.65059738269193	-2.00739682495295	-0.810952775486078	-0.99103672487167
NaN	-0.105671127728694	-0.89497723362914	0.763077357293344	-0.318482731912733	-2.11414665130042	-5.16338910427181	-3.02596385517469	-1.97884902032969	-0.55420763043599	-4.8417838782578
NaN	3.05160233672395	1.27031951762973	4.84003431006743	4.73307243010868	1.45182098676863	-2.16192146639092	-2.31588650450481	1.02941759298327	1.00740894071205	2.8517349616491
NaN	4.93998653992011	4.43899513954218	1.73162696075241	3.32558970433318	3.04174182670654	-1.91175700303972	-1.62965063032378	2.044431101067	1.2652549514264	4.33649943487881
NaN	2.27735747538334	1.25652327163079	-2.53331415539736	-1.92468827664041	0.918460708536266	-1.63906450040929	-1.10936441206247	-0.770033823035365	-0.0727236364441892	1.90177958525247
NaN	-0.61793465049714	-1.52029927738097	-0.255418539699215	-2.49131949000032	-1.34047359790115	-1.13192249871536	-1.01735636512614	-1.66180924702604	3.1293428040516	-4.14654457520149
NaN	2.99013996564859	0.193094501436277	3.85070180176173	0.772982919402271	3.45773646783307	-0.91168680979612	-0.601360307107476	1.51978284821887	3.97463457339377	-3.22028882386818
NaN	-1.44815374142492	-0.553670753368719	-0.727222204551333	-0.441293119371422	3.31446768610726	-0.847662315621857	-0.18453576384911	1.06904739682205	-0.000999379826831835	-1.8376201806144
NaN	-4.69064785205936	-1.33567169039465	-3.6263699627031	-0.916364513487896	-1.64536713921606	-0.639085665283258	-0.207690185932336	-0.811359048474861	-2.49091516909725	0.290827466500628
NaN	-2.04448680275858	2.88097824855898	1.69967785611785	1.56379099821002	-2.5320836152269	-0.0411114630964987	0.10616759310405	0.18778785511314	-0.703883875323578	4.01335108044794
NaN	-1.28556441191195	3.98136483312426	2.0815324735611	2.99262316445132	-0.367675002350877	0.930655413571536	0.551071480651409	1.79719676897465	0.256038231189577	2.73353876571417
NaN	-1.15605816364991	2.45620773417515	2.28952526944061	1.74611430902959	0.297892124412465	-0.548296087074653	0.446209555681196	1.58659549848111	2.28999878343418	-3.00168771269545
NaN	2.17986503322661	-0.801663598349006	0.862766006046252	-1.28908438424567	0.168143481990533	-0.180745836772436	0.532844875190128	1.80907382676827	1.44382473457762	-6.93211802321976
NaN	3.97854044818083	-1.54943838675323	-2.47177546227352	-2.14236754316849	1.23069486563864	0.154803956597365	1.07207135420769	0.693964304667605	1.39379042154142	2.140528019888
NaN	3.21123259631754	-0.565746285806668	-0.983037196394963	-1.22046389703211	1.61291995040508	0.34821157416337	0.353499620119948	0.0670509279564121	0.489904528053969	0.257951436973122
NaN	1.75085211726298	-0.381978507979599	-0.176699865631018	1.45154655727331	1.94041118849338	0.455132488552638	0.0119412665030155	1.39146462359191	0.154866930291947	-4.4204543625272
NaN	-2.77972188438342	-1.30032077192127	-1.05863978650348	-0.416167159251107	-0.114885307647248	0.79238225662175	0.800854281650569	2.42804965904262	-0.787739940022742	-2.45555454858911
NaN	-4.80614135309367	1.14707349735976	1.81625756473299	-0.726686435939326	-1.63023721112759	3.8606969556128	1.93233717303455	0.626177886107639	-1.63963525153216	1.67477645407796
NaN	-1.91714296054336	0.275052813547201	0.583283459046698	0.806939544631766	-0.442163382937231	-0.653979579441146	0.647929990805523	2.82185286728401	0.0638333186817506	-0.107715203239575
NaN	-1.34927564458173	-2.73149796992881	-1.19047879638312	-0.99690149972998	-0.456347623676653	-0.896912624684123	-0.360928835149689	3.44612904281617	1.05703400287554	-1.09112135973162
NaN	0.465261754530402	-2.23451293889736	-0.912925125949352	-1.14705783261274	0.225351006567893	0.423572742666773	2.02817734504731	2.86581544272204	0.992711227902268	0.252003480150328
NaN	-1.13136078306563	-1.67149882056265	-1.17946302485731	-0.803493712649165	-0.0042502781328463	0.536535455292374	2.03659822170437	-0.521925962585367	0.926171568115798	4.0614107224776
NaN	3.0121424045292	0.053925421702024	3.84254203227408	2.84160726162632	2.19110053521297	4.40512429131326	0.683079309715056	0.1790394710243	2.5892407601079	3.64876970957926
NaN	4.22119070777055	1.45357758726077	1.60569373557262	1.6619761979896	3.25014691071149	-0.117342692777905	-0.265190707013797	0.912860903424323	-1.25982779403011	-1.88481667686715
NaN	2.59598293435644	1.16157011946546	-1.85685886150563	-1.67112368022544	1.88890700192266	-2.38678070887897	-1.22779234141413	-3.00543013671256	-2.14804201207998	-1.64240826000191
NaN	-0.884560376769905	-0.133876499466497	-1.19351073915918	-1.3419420117953	0.149315009583235	0.0142176345720385	-1.12796973000951	-4.1278673178306	-1.81843069948801	-0.485145799393324
NaN	-4.75435947326792	-1.15873049286746	1.46984782373509	3.81672534988541	0.373786529250524	-0.130757704265529	1.84287155964721	-1.0184063777723	-0.296712859598496	0.0537722132772322
NaN	-2.43253612357895	-1.00183376172284	-1.00271454753796	3.53690312664943	1.16760200100473	-0.266085734306302	2.92876734475737	0.484136736811382	-1.61901279116054	-0.825779686706314
NaN	-1.19906602365597	-0.503177430786673	-1.70684429645761	-1.98604459245826	-0.899391325726889	0.897097439068055	-1.0807361605216	-0.982582268486517	-2.52060704426725	1.0767403148208
NaN	-1.06526788345111	1.09066998322391	0.222159538177117	-3.4216641459949	-1.66391483715398	4.45013871310441	3.0956807822581	-0.716258221774902	-1.38873715838399	2.81537009276612
NaN	-0.411434734222133	0.135737697550784	-0.397027725186807	-0.263868451500395	-0.585329550648154	0.155326117316519	0.0470883502969868	-0.91109972882947	-1.48227132732602	4.17398184335013
NaN	-0.446227041721995	-0.0642421349858698	-0.408900193452243	1.0625101513224	0.850301292967566	-2.56151494358795	-4.2752549646098	-2.66009398325002	-1.99664171369523	1.4688675006505
NaN	-0.063392216019012	0.230158245734471	-0.00212213427347052	-1.09350292979241	0.163705547850961	-0.78309484496168	-3.51635212463836	-2.36801782577821	0.233284490112336	2.27010565877968
NaN	4.94945051621737	3.99130448446612	2.46866560249456	-1.01123299062545	1.17810707749421	2.75260802695965	-1.34074480141314	-0.746705155705938	3.12867066197003	3.58881200621964
NaN	4.51819230728057	5.50485424438485	3.66068433580049	0.00426785575268651	1.91413326925221	3.95509938567469	0.643174515510062	2.97738308186271	3.47491888453804	3.15602789375103
NaN	2.87824459765861	4.32990133761315	2.26710446507468	0.0923681879374819	1.47499993279057	-1.19665320925266	-0.788327514943904	1.25688512692137	1.86758067625785	-0.78489727445872
NaN	-2.31063371814898	2.59389236897369	1.09978445390248	-0.227355623630111	-0.722161475972939	-0.249335192758155	-1.61599937479264	-0.661206594695724	1.10053317115264	-7.08162824816951
NaN	-3.52209652186428	-0.565726035907365	-0.947627751868806	1.09766528665969	-1.43841112605997	-0.927283802002804	2.44070918542276	0.758444640202488	1.29539854932288	-0.865798228355754
NaN	-1.1724008720657	-1.64856486086811	-1.16503051818746	3.97002866190617	0.769049754057613	-2.78946060087572	1.53318090210227	0.737178616605941	0.473541193044127	2.48905628407041
NaN	-0.796265298832208	-2.99577455206696	-1.84575712303411	1.27398121828512	1.74622723375427	0.960056026546984	-2.60710889551651	-1.77429531286769	-0.350544112362868	-0.380428833786928
NaN	0.760324186782326	-3.05941325102351	-1.48832599562291	-3.66543062925424	0.514784906931708	-2.18365023746486	-3.56624246323846	0.985625263844882	-1.04397706367085	-6.8606986597467
NaN	4.37560697327827	-0.632178678092978	0.485172377773296	-2.84588703839549	-0.674223794494667	-2.65682493840608	-2.75787084269083	-0.920278343279278	-4.71003603661621	-6.83264399934046
NaN	-0.639950398056	-1.49909569270316	3.90359832097426	0.219561170221861	0.44676199958652	-1.3933402664227	-1.90294766437013	0.717191314706123	-2.87043609615376	-0.821701083706278
NaN	-2.58488103972901	-1.93511718609066	3.14234796473308	1.36101622813498	0.615959814407462	-0.995882162910892	-1.4447273736699	3.0302124906721	-0.301619796676362	-0.415895437147702
NaN	0.648917761952207	-1.12509182404513	1.87996309789933	1.47430989036284	-0.887666114527411	-0.930864436030311	-1.097771689471	0.213144951277625	-1.0971534545813	-1.38043864543383
NaN	0.448628799248776	1.06588448270319	-2.00873717893464	-1.80352036000411	-2.57905764198368	-0.483504450092845	-0.758420388017961	-0.657070079170552	-0.281100358717275	-0.448329901992944
NaN	-1.06636988021191	3.19162466907701	-1.57180166689407	-2.05464353401407	-3.1297401405506	-0.278027227277837	-0.405439731489773	-2.85979713920586	-2.99615485423595	1.58076387820461
NaN	2.0504913983651	2.70038131580461	-0.838670473479599	-0.988578278077003	-1.26495343279329	-0.14878594636606	-0.102381958257135	-2.78340086190806	-2.64461705164877	1.40158878988559
NaN	-0.876752927273962	-1.16907490138408	-2.17240886841389	-1.11249534734831	-1.726963777546	0.0491807276986404	0.114714641178953	-2.2292337670917	-1.25061570831401	-2.51647534730511
NaN	-1.30005013788941	0.627188705447543	-1.21552793470428	-0.555311790132881	-0.908074848429069	0.076915989110735	0.432597540476846	-1.89002266307352	-1.37845418481223	-1.87175837146868
NaN	-0.358161789387276	1.41226133227137	-1.00966131524801	1.38256567465761	1.16009909146122	0.253514914234642	0.47304335026007	-1.17449991460644	-0.869578807583405	2.007502939149
NaN	-0.163278535372229	-2.56734767168693	-3.69300791111364	2.85062735666133	3.83406524360122	0.298885154952462	4.38924585627245	-0.5471140916105	-0.0333309725505217	1.96958304179808
NaN	0.0661034276952653	-3.20179009716072	-2.65360856059718	2.7074452813411	2.68741120966723	2.84818889725662	4.3465127669222	-0.293422622344914	0.402039382478564	3.05236185563832
NaN	4.62371718310675	0.698303827104218	-0.0108902310272885	-1.93111224089821	-1.33818298563932	1.27084435837284	2.10716825876935	0.385004548949276	1.67235933703728	2.96216174444387
NaN	1.30974054310318	-0.982639975801596	-1.45140055428317	-3.63225461965368	-2.36296189376617	-1.15485239308311	0.938871229607903	-0.498692683846943	2.71905201153942	1.82783500338266
NaN	-2.80994517690727	-2.34080995493395	-0.76005500928305	2.53063356344574	-1.11734888740066	0.597555534712293	0.629502432823781	-0.109438307503112	0.453476835519192	3.46040541491812
NaN	-0.85241325868001	-1.26844545688773	-0.746340133865759	-0.381200319535707	0.955171402138012	1.22209821465562	2.13828846263948	2.156695931908	3.6434831367438	3.07123682065974
NaN	-0.0237561900025462	3.16708428400411	2.24502845712618	-2.43536449209925	1.82228357100116	4.40806749203485	0.758482433153544	4.04236266945811	2.64865035475629	-1.15804251713309
NaN	-0.128622321196206	3.48227268401129	1.72088049255253	-1.01800749700336	0.811551955863356	-0.174165186065138	-2.2940898325942	0.10689018567098	-0.88702268544869	-3.81912855330825
NaN	-0.0812570208077174	0.588801139071037	0.149343575991018	-0.976111072800578	0.50838506604458	-2.87231330477593	-3.39027231199508	-2.63628682562886	-1.3032400844133	-3.2342003364915
NaN	0.0299899450841317	-3.05799301766771	3.38376166444273	0.325565259291365	0.143131677391194	-0.49326431627009	-2.38280061882734	0.887033417341996	1.6577981451637	-0.322747218267495
NaN	0.0708888391305658	-1.89841369373785	1.92041422723824	0.39406670960247	-0.172121498918815	-0.163307369894022	-0.102055735894047	3.42076972653556	3.12293111795905	2.35952533857093
NaN	0.115305823182606	-1.02160389735342	-4.07627806053787	-1.35917908113242	-1.04754091138051	4.04843597260682	1.15177390628469	2.25847762610072	1.69620513336853	0.856043523729221
NaN	2.52641219294423	-1.21304647515803	-0.93831764475171	0.0437564073238928	-4.14540920690147	3.58953026367887	1.93839320925891	-0.903940190238142	-0.978668849896903	1.13533874363557
NaN	3.75153445193653	0.229959443635265	1.75261546751293	4.69633585678748	-1.77795430924047	-2.05451803920955	0.526856384734348	-1.31534565551169	-0.875208389964168	3.04835784129099
NaN	0.19216760333687	-0.527159423042962	-2.43393960287796	3.10180197584122	-1.85117213251306	-3.90744806530059	-3.02710268996186	-2.91650903870111	-1.51673054833908	2.48544843567823
NaN	3.88083646569298	0.960502902628986	-0.877787034366942	-1.32002987621995	-1.75253234987302	2.96554759923736	-0.888754353026603	-2.40555305638798	-0.730966059375859	2.00063334161077
NaN	-0.448302187101375	-0.0267348488230958	-0.606551203754567	2.2746057808586	-1.2546095861289	0.446245006590714	0.163364104447117	0.442344986279851	0.426857072393177	0.182135502636675
NaN	-4.01536868394855	2.57256432647301	1.21984446874082	1.39091897440624	-1.81342220686349	-4.15033836499911	-1.96131674390901	2.74898563835692	1.90779655268255	-0.604713108493856
NaN	-1.81246982418909	2.94652998157859	1.42433834715691	-2.90877062442002	-3.28741468647251	-1.54988397209581	-1.88562376544616	-0.112973723499052	-0.0738665496826647	0.0301891373972551
NaN	-1.09826590177698	0.79308824316948	-0.228516530418179	-3.5340369177651	-2.97109078301602	-0.773179646470173	-0.896704907393594	1.14014237683668	1.47727328382321	0.0826816287453603
NaN	-0.868256039143876	-2.25346958651023	-1.5207115205765	-2.53827333476049	-1.9898419683794	-1.05255693464008	2.14217952508033	2.37205911615647	4.10623942114517	-0.615227601636833
NaN	1.49163711011856	-1.39543958539988	3.26718822256063	0.364732025412785	1.68463095450079	-0.711483428838047	4.62624689241475	0.322007326488264	3.02086136113656	-5.61462184529493
NaN	3.37966627401298	0.438351758812261	4.72175837478586	2.65143711971884	3.73986938095475	-0.468175405637084	3.45332016850744	0.536126386436014	-0.216018591300925	-5.14568258100301
NaN	-1.81795606964797	-0.804165066183389	2.55392686993705	0.965777836667463	0.573160046921781	2.37049667408108	1.36818875283982	0.51236003034707	-1.1535077565353	1.06845729630263
NaN	-3.70798128884782	-1.20708547974243	1.49038274208586	-1.07346232920877	-0.800214414409788	0.487933465390411	-2.47047472590802	-0.868407104183788	-1.35931145840559	-2.13209325514161
NaN	-1.17474019736154	-0.885066456502948	-3.35116428882476	-2.3329693647967	3.3598435901236	-1.73405094073988	-3.73647822373814	-2.87915900519625	-0.96703999639172	-7.29608527521087
NaN	-0.692729789704428	-0.363516667951808	-4.44229398299209	-2.43462629592237	3.69400248551164	-0.57750090160932	-2.31366229469768	-3.84759742457729	1.62701354079895	-1.55324584223931
NaN	0.00931447910699404	2.70896793091161	0.136384503779101	-0.470546829139267	0.770879858781766	-0.09363646459879	-1.54105195328028	-2.13774327361228	1.01945834614661	0.294463083250136
NaN	-0.0579144015619475	1.27072802581739	-1.22587890748033	1.21626358084746	-1.8139516543266	2.5943890702938	1.13031791059111	-0.870121782633471	-2.7020884974945	-0.323892329797816
NaN	2.49629506254157	0.201110121429461	-1.52508663411355	-1.22628413550147	-0.632936503509692	3.4981170839198	2.50400187506847	0.158962490892877	-1.53557741799315	3.40358885732704
NaN	3.22678259618811	0.910663913195688	-0.336282376179086	-1.08717710765963	0.629194558942385	0.42124032745753	0.0801783990683828	-0.330586197238352	-1.93850215340968	2.9731447102841
NaN	0.0826299744182465	2.45439501465916	4.32697415291276	4.16078786663999	1.55012749113646	-2.51146046352225	-0.647013218685188	1.09627303897921	-1.61946438237654	-1.93598305607734
NaN	-4.06054870515417	3.65642599980609	3.48714691320421	4.70429198092733	2.0273455162891	-0.64775279511755	-1.34499487902141	3.54238593029104	2.18403332311171	-3.04240926504316
NaN	-1.98416455409423	-0.132083379660955	-1.56153703520294	2.74179134591445	1.33087574033268	-1.14394196724271	-1.62359888269015	3.6037575127065	1.33425125260002	-0.0502123021076243
NaN	-1.0187352267862	-2.70687054362808	-3.97432610845005	-0.622900897440971	-0.421658967352369	-0.920077570580145	-1.0813539495849	-0.687161008115996	-3.09768332786407	-1.53056632434279
NaN	-0.479681945349781	-0.117636165577041	0.468206938200255	-2.3151576162232	-1.65423809777884	2.43572766067021	0.098907173062742	-3.23237673560727	-0.459124773110026	1.51128532445047
NaN	-0.603789348306882	-0.521865824838174	2.9570970645015	3.05700923399678	1.60745658655877	2.75343330308412	1.97983096423608	1.27035695577258	1.82949453790837	4.33070963679556
NaN	2.25934982299078	-1.28738872694336	-2.26905201980797	0.157521586777187	2.17907506566743	-0.14556420568289	0.434906417559897	1.77905320338175	-0.65367041370407	-0.482943551155544
NaN	4.25372343224395	0.484596499014033	-2.08413000581164	-4.56486817633967	0.854192906556514	-2.11927420467045	-0.410290652969121	-1.16737572996896	-2.57579626980766	-3.62065419909183
NaN	1.61820263172836	0.26784311907103	-0.620863382802441	-3.46911583322424	0.344262204060148	-1.72682402424617	-0.842110696036629	-2.09810551652287	-2.40529553199923	-0.929787467094266
NaN	-2.11457626294911	-1.1842005120258	-1.18044559444089	-1.87646580979504	2.62149829285029	-1.03683842359877	-0.373436364911267	-1.12661782416764	-1.76924262719814	0.478306358294867
NaN	-2.8751699231532	-1.42595096363322	-1.05058424047083	1.8303297505518	3.16677868354189	-0.159835359602485	0.338658704250981	-0.67646281064207	-0.725627868885223	4.41078530469882
NaN	1.71074721375656	2.15290708090259	1.61264278010676	0.463187395677056	1.15105847804774	-1.07674207953652	0.178943332835449	-0.125761913334507	2.75997646950011	6.32365034045405
NaN	3.16959776303867	4.43514500679338	3.08385694311295	-0.959181819825505	-1.08253481155775	2.43158991356014	1.0072707177851	3.45386304150739	2.74430117823096	2.88485105675233
NaN	-2.1199212218694	2.71317098196366	1.20658787725085	-0.712751267183521	-2.7620379298343	0.0531989962131702	0.95685427845665	5.18444889000639	1.00742436100871	3.02863116870154
NaN	0.0764631121143678	1.70696900668902	1.03780357073048	-0.243382036621211	-1.86066252878877	-2.02159350254425	1.50876422352505	3.33170918095243	0.51522205878307	2.22585028372893
NaN	2.47962070200339	-0.598104943657042	1.00652077940398	0.836910353916803	0.32519998998056	0.529424251784841	1.56948036176747	1.97589338074463	0.315993595506603	-3.36250404619703
NaN	-2.1022026982794	-3.72654151239492	0.289818028452657	-0.323652984609308	-0.927603612481723	0.870738011611192	0.13556246866744	-1.17069155898933	-1.68637188122682	1.15139126420387
NaN	-5.50271319893953	-4.48863568497451	-3.47523092495736	-1.37972674917535	-3.33679762548695	-1.38254444812612	-0.763258832755881	-3.66550238876965	-2.40791378377916	-1.10273246752661
NaN	-2.54895030587233	-3.23046341561922	-2.27330032297324	-1.12336811390103	-2.57252158112513	-0.685679908448721	-0.404768920282961	-0.57325163526806	-0.632559373778606	-5.55632744994516
NaN	-1.37406693641463	-2.39589509818107	-0.865035465774044	-0.441266053866192	-1.67940352897737	3.85736380748738	1.10118165460489	2.92405474578963	1.31010098588384	0.0288213137284849
NaN	1.07088879136287	-1.30322569949288	-0.353704653409144	3.70997842677567	1.21176278621124	1.88405584058142	4.36619056581606	0.660838999279832	2.16413025253383	2.15708646264853
NaN	2.12114833592834	-0.0642038983249403	0.228087744604516	1.91110775677706	1.90192963449556	-3.15213810151344	0.0291009400202652	-3.14888033962698	0.123495112069817	-2.47458692772757
NaN	-1.49763514157651	-0.828901457848018	-0.564220604800378	-1.79218622973519	-0.631414624609442	-1.09542789300739	-1.15869589681688	-3.3413911128918	-2.42549319631601	-4.63623366946666
NaN	-0.258901149735898	-0.725817928246209	0.0162681226343564	-1.09078064151304	-1.21349431940455	0.960532401188057	3.78621182076387	1.92106671827554	0.79053461826101	0.686239944613314
NaN	4.20942300764428	3.95372385917589	3.28950831776404	0.783988824160076	2.03080375699294	3.10607368124321	2.67568360060701	2.12700979563016	0.853305872503534	3.0872056062679
NaN	0.0261886635683471	2.7597920742762	3.19307530096275	1.48422612985734	1.37430119011607	-1.62422262698954	-3.18899050599722	-1.02934842575384	-0.880140297328122	-1.21427098384539
NaN	-4.27490160961186	-1.89959097672243	2.27434019469906	1.08398674539555	-0.984515756233912	2.73814618574383	-2.37733329184034	-0.69725645662638	1.160833881818	1.20757740216311
NaN	-1.66931515595477	-2.54142162760515	3.05057358831636	1.53190724126015	-0.314974193774675	-1.0605616721716	-1.60172346878301	0.977603984552124	3.43259218085262	2.32408334659878
NaN	3.22567469045631	-0.0806922202501023	-1.60103586119806	-0.00463195121266941	0.686687290195414	-2.66961801713541	-2.49981219673891	-1.57918091502675	-0.565401947154193	-1.74467043892132
NaN	1.69297734298158	2.8259482253895	-1.50151948469193	-0.456764043142799	1.11992951326295	-0.675763313242444	-2.37425327129083	-2.90649994676302	-3.08536709980932	-2.69225345747304
NaN	-2.83822363958892	1.87011502772691	-0.682408125299371	1.83174546323997	-0.103355339057589	-0.52032518126181	1.01860131089982	-1.06353120980619	-1.21195455853419	-0.0758148561205888
NaN	-1.20355637331236	-1.87345708465054	0.374574399466681	4.20212045594388	1.50896214998244	-0.593098562016201	3.56685255243545	1.97892437159254	0.904686125134556	2.67190398519396
NaN	-0.100589343530926	-2.08376402438921	-2.03655769021917	1.64740153643562	1.1143421894332	-0.244005872993737	1.62899022559209	2.30852427019424	0.804926399164574	1.60021245970351
NaN	0.0366702705282303	-0.950967055022979	-3.02652903964181	-3.52582077016896	-1.24578850225198	-0.226712034412748	1.22831623756794	-1.15624227572032	-1.04937124820072	0.770386782757482
