NaN	-1.04517986471549	0.195133066361512	-1.40422152393346	-1.70440381880182	0.158825747386352	-0.998336479937225	-1.13513031921641	-2.14150855991832	-2.05245616512874	-2.24380485458674
NaN	-0.923412114020318	3.52367540472039	0.373175715871761	-0.53971392052755	2.64990730147221	-0.815079561604703	-0.992565799859322	-0.279065964628729	-0.893009679587093	-1.43509612535534
NaN	-0.449349411757818	1.68845560724268	2.62339590368529	0.895237558331698	-0.249083105302731	-0.373922638587278	-0.810169067099936	0.454122996288417	2.74307043752626	0.408414010220708
NaN	4.08213821045669	-1.7395001488518	3.47327089737053	2.56314608599029	2.79933345149205	-0.493082327828694	-0.377272875910116	3.72376712351963	1.79255583878729	-0.0791457222536444
NaN	-0.490194047457352	-2.3988587611021	0.258218687663871	0.14286591300998	-1.08486896092451	-0.0692626942883407	0.855509565108435	3.17660879747051	0.0222191458691357	0.977297741023932
NaN	-2.83236463101152	-2.17072434863664	-3.53312925420632	-2.42226500109375	-3.02760980744995	-0.134549201349649	2.82355874342292	-1.22245020525074	-1.6001335525722	2.64125971111416
NaN	-0.404393224590991	-1.7492344678672	-3.25041572131721	-1.97539077052889	1.77937237165057	-0.127275447122146	-0.572654555622792	-3.89126151561083	-2.04418318091116	-1.04249816701552
NaN	-0.182893731865904	-1.27027390072064	-1.95925668085657	-0.891467362041458	1.6379284746149	-0.0352135361570803	-0.980744977009819	0.059140547494875	-0.893082820201337	1.75493743440111
NaN	0.00641378197591871	-0.663765274245687	2.50702249684024	1.26445372632639	1.09605061850197	1.27466037740214	0.0475431351438566	2.51105264057936	2.94938928365592	3.89472047922697
NaN	4.94702263108236	0.598441304867334	3.60728846004082	2.43400689183665	-1.28915455900154	1.06606566454031	1.74108045497921	0.696877897910402	2.05481927336777	0.755665076388702
NaN	3.93667370750258	1.44910116488469	0.0202322179958058	-0.133615954628363	-2.42485213719814	-0.494138666420793	2.14286852593911	1.8181821334742	-0.157106930496826	-3.90725518984573
NaN	-2.693180687265	0.136065564261857	-3.12342268190243	-1.71572517804006	-0.266285542365171	2.08506564005456	2.07691911550363	0.477166697305324	-0.501429343340411	-1.54899038704479
NaN	-3.78457663971839	-0.0814916508848992	-2.17036152360713	-0.726061863898411	-2.72881313374929	0.64040631425417	-0.121290889436378	-3.43043644395613	1.36586541756532	-0.0365514303258648
NaN	-0.691928959359648	-0.603308726577352	-0.910940826520223	2.67916071301887	-2.31608176443181	-1.38976414770951	1.59277807586513	-2.12587739920873	0.307700702249245	-0.170594841664328
NaN	-0.617170246722109	-0.0321842019169139	-0.979504730741171	0.613800098258334	-2.91579547666908	1.3859093007393	2.68580683999844	-0.532907822860279	-1.78228684578488	1.79175560087025
NaN	0.536344023411944	4.21133069030659	0.826614547414223	-0.615968563432269	-1.05211688213903	0.486083669679042	-1.55461070765139	-1.2696808980287	-2.20777087624413	-1.49349375509155
NaN	3.63000297762647	4.72698665882766	1.72556482050433	0.423358513567015	2.2147809677403	-0.936802961405818	-4.89262800799332	-1.60117933863598	-1.36718249426802	-2.94612775407511
NaN	3.10912944122298	0.834372707539399	0.971617184014436	0.320078265479878	0.185831677469111	-0.569930560423804	-3.00893722899654	-1.21736200009147	-1.20205283861429	-1.55209538532529
NaN	-2.79219841020236	-2.50615806749158	3.40643422718866	2.02626638352534	-0.826203265137712	-0.639440900856026	-1.87680412655579	0.51580124338549	-0.502678198412417	-1.10419337191421
NaN	-2.61153380305845	-1.86823135151127	3.45274782024837	3.46516997676755	0.262779428504944	-0.333296404041093	-1.2045661858601	1.6208024902521	0.195402865351491	-0.643455687238332
NaN	3.40275065588876	-0.205468475206642	-0.0606129938647255	1.080199693512	0.382878387741022	-0.283610154288775	-0.669569169402005	2.38073212034608	0.607969541345963	0.0369757764527179
NaN	-1.74362752210344	-0.653673144947445	-3.21125564750077	-2.81434995657905	-1.79983822561114	0.00616694821708071	2.55865345641668	-0.26865389437449	0.0725779959272961	-0.196364869444431
NaN	-3.80822807080041	-1.40355386099501	-3.0299474083223	-2.70262812576787	-2.11789576478946	0.734299193989726	-0.414832785851898	-0.905632013161415	-0.214660368655294	0.515561834811857
NaN	-0.861114472787298	-1.04053566717459	-2.0078980817286	-1.49271072121188	-0.994385365567833	-0.426449323072538	-2.51117785681311	2.6386687489697	1.19544864474062	0.552081272523386
NaN	4.10041266747988	0.598020965023268	-0.667174216701133	-1.02204196058317	2.75655918626117	0.0329438616096295	-1.34397091791229	-0.0740825272314432	0.534342105643613	0.429145172897909
NaN	0.798759740572718	3.52771624965395	0.907869574428664	-0.0645996925904219	2.40780847993987	-0.201927203946654	-0.60243721051298	-0.899919429115428	-0.0385099490713183	0.262711154616136
NaN	-4.3814490892997	3.40057137578282	1.27729661388661	1.16958687194333	-0.324205664473488	-0.446599746952241	-0.611659958024854	-1.44827108692592	-0.335771153776386	0.541501026012887
NaN	-1.16210613390152	-0.546450949481421	-0.386801128001919	-0.430971717471608	-1.02407188537942	0.987642454983987	0.233963034896387	-2.02203858999041	1.04803064525772	1.78383245946628
NaN	3.2799523587315	-0.193798150204314	-0.0161287042074947	-0.456315501294688	2.37043360298744	1.07547902099233	0.764780994471971	-1.32803357572174	3.08234135055573	1.7885454283125
NaN	-1.1685337577412	2.65505491853583	1.69897612622206	2.67523241200506	4.83745933245518	0.125507811046728	3.12771958140971	2.75133747132415	4.54820230482711	2.48321180000558
NaN	-2.63082217569822	-0.388137435136875	0.283811577659042	4.09491752589599	2.7549814167923	-0.98957771060079	0.944908228512146	0.470939648520468	3.36346186261429	1.47201069829277
NaN	-0.475347957568777	-3.54847713362129	-1.19315354750433	0.231798254684021	-1.49935246523529	-0.774880241417802	-1.80441780689008	-2.39784144546812	2.18078278016371	2.14867551681192
NaN	-0.226828322977866	-2.81032219191414	-0.986868275720856	-3.19227423620406	-2.65763193546253	-0.154291829627147	-0.00420688487381067	-1.38460272112428	0.528078923491782	0.96341615362021
NaN	1.26095606286069	-1.70189615288159	-0.55501858956882	-2.20937546820519	-1.14085873485712	-0.215844731011733	0.344812583417811	-0.571113638771876	-2.83502906196673	-1.94221210012104
NaN	1.34202546394427	-1.01951196650898	-0.0984697023241754	-1.21499479389758	-0.337978623670999	0.233662052061894	-0.321860494333646	-0.394328145052806	-4.6902389296987	-1.70527848954589
NaN	-1.31734085410186	-0.340995320466648	1.82565068699634	-0.326179986935924	-0.162938051685472	4.21754062463041	1.85426604457073	0.968757402938736	-3.22750831668486	2.56144259121923
NaN	-0.572082016589055	1.82295494511609	5.37049955467806	2.26031261331703	1.34581284833565	1.66158848444781	1.36028823085261	2.8658963541916	-1.72872907603155	0.42946631261145
NaN	0.0989190932399047	-0.917772497201133	4.66641391908452	2.72471890044339	2.88812834377704	-3.56172625696935	-1.01029447749985	2.27530290460652	-1.3268635263732	-2.7839389820254
NaN	0.247362961455271	-1.80623523306399	2.4591471513296	3.90803677872084	4.78778352086935	-2.18967720629011	-1.20864350338295	1.35720718157644	-1.41099658906889	0.930379866571611
NaN	0.0653114175512877	-0.0378946096340402	-0.0838915987669628	2.13891125395457	1.97326880507283	-0.757200870016045	-0.11367301647284	-0.0947103990683058	-1.42770323867736	2.69149618202967
NaN	0.372977385356225	2.53593658297146	1.85859831437191	2.06781039783989	1.64734670410902	0.716678140679957	2.14526630254979	1.84142076987442	0.564517148827989	2.20055674489446
NaN	3.55038960259229	1.7031210153231	1.51235670528123	1.38761883971923	0.994571663393504	2.62489316895123	1.62843427625713	1.94019834257291	1.48761442307241	1.25199809371806
NaN	-0.333131796792829	-0.539762874499669	-0.0762495906263649	-1.22866759685042	-1.69124167265509	-0.491003615485883	-0.548723162259294	0.503908016917864	-0.610856617100424	-3.54837871153354
NaN	-0.719244547617856	2.60817212776503	0.335532300252647	-2.52506573484471	-1.89898459070152	1.14261256439931	0.218345153697784	2.99540246738369	0.0317687338022046	-2.9696238594148
NaN	0.143832633088937	0.337899560842008	-1.49884650377686	-0.308579531101027	-0.50553378839524	0.735450069583237	0.536987912256691	3.25600963869484	1.09302697235819	-1.05641997826655
NaN	-0.0342038306544763	-2.54793561375569	-5.31335420421478	-3.5982766230421	-2.72225258832635	-3.50832526296755	-1.04585211219824	0.0122123980116263	0.0399801490349144	-3.03987450162936
NaN	1.15034398317689	-1.70015446727352	-4.63141974776562	-4.10134567323167	-2.07862251032826	-2.76711021566827	-1.50434555278454	-4.18288696743124	-1.33934822733061	-3.47111785326719
NaN	5.31232781443939	0.268963974958931	-0.0891949276406065	0.877511971157891	1.70479961829388	-1.39230178019928	-0.546825517163349	-2.33777521709121	-1.13157714183726	-1.6335403184279
NaN	3.71453727247289	0.92441444920786	-1.21507759849888	-1.4601383177799	0.228226615365212	-1.60461675867156	-0.394696829933071	-1.71508995484653	2.77172335805442	3.15609869847039
NaN	-3.58087823793418	-0.621370969796705	-3.93497155519746	-5.46873474506022	-3.06450609314117	-1.19980451815541	-0.238816390374492	-2.65850849108718	3.64165505136574	1.83567734123389
NaN	-0.0368786626262643	2.22895420466703	-2.46402857526898	-3.91239022025819	-2.23952668294101	-0.849624882006651	-0.175127693628714	-0.14445792562823	1.87359100381787	-2.31762412822096
NaN	-1.18878473555589	3.45847214817976	0.985938780539973	-0.78551949243787	0.192020919553786	-0.581869834132037	-0.315444905270769	3.33568082902039	-0.513991937650808	-3.179598202414
NaN	-1.44457205264562	1.22954129159871	1.64563408308072	-0.237338535001153	-0.805603154212861	-0.104664112543876	0.0161368386708765	0.416141199845481	-2.00224287702097	-1.89390338933691
NaN	-1.47791640003031	1.51237146075404	2.36922880315972	0.73578769334367	-0.359704840737157	2.3778579280041	1.2718588685621	0.639214344439666	-1.44580242517777	1.58512468180383
NaN	-1.18658600286722	-0.507780752722668	1.87343434177395	1.0080792979762	-0.292190382728553	0.0450145785006538	0.337107092050283	2.25689453287085	1.1292575264064	1.86614780687729
NaN	-0.604918203911499	-2.65835740021525	-0.898142273849877	-0.944392358498214	1.87068532554543	1.15145966500533	0.534687062660264	-1.50950459246422	2.44414951785131	-0.129853771504039
NaN	-0.638465855101655	-1.02224916955363	-3.85772294536486	-2.43716485217578	-1.1680939419132	0.669119918583338	0.682132942980553	-4.60974092828431	1.73948608852461	-0.217860991317779
NaN	-0.401495798793384	-2.19598768635242	-4.36501478109942	-2.12151104305559	-0.299272544925737	-1.45160233121865	1.83368161042454	-3.0991301880827	1.05004344749273	-0.437520236693742
NaN	-0.253235255210855	-2.29199585596007	-1.73225144669953	-0.559111924766506	1.88296812999861	-1.01042571984427	-0.1015782036451	-2.06035258038579	0.620734821947099	-0.466651815809269
NaN	-0.219513229391415	-1.65894626780712	-1.34648236749474	-0.125860242141823	-1.72101418305878	0.740373586787048	-0.591629016497878	-1.47706098602684	-1.11684630275542	-0.636429782021308
NaN	-0.102760317963868	-1.11894827530186	0.368799003499409	0.618386946311138	-2.17660622235263	0.0183397198453595	-0.362208301892539	-0.539572843615851	-2.38015746127618	-1.59980551619334
NaN	-0.101472081807012	-0.791643282273216	2.227162877879	2.25419029047013	-0.129943031137017	2.58887235262091	2.3282208998419	1.61137013997392	-1.57374212259227	0.212170996074579
NaN	-0.00134512882379109	-0.50982295345753	-0.399885234362411	0.524840288053112	2.43592769512622	0.0464417515130359	0.184579963576148	-0.933253036698489	-0.465397867971753	1.54221501794155
NaN	0.0654838045232496	0.751563158648252	-0.027478321674156	1.19515471542884	0.292502385129241	-1.76676948690665	0.157313111322104	-0.513879202347418	0.23146694053205	3.33189275496964
NaN	2.42135340757369	3.13733770270641	0.0648441326088173	0.946707800129002	-0.327233925823015	-0.126585583235627	-1.57528359677456	0.434871509165673	-2.69568269704724	1.39824175761903
NaN	0.393970735457264	1.84821439355772	-0.430968083267459	0.533443780197552	-0.119931168301984	4.18036281258452	-0.000963451239846716	-0.0246801502510772	-4.4727027706284	-0.786589796787667
NaN	0.473408092505874	1.14247597587952	0.1468977016847	0.801157684228011	-0.851480127518645	1.7446900576588	0.188355291622918	-0.106057844992123	-2.918008272813	0.16614818484711
NaN	-0.319277904918495	3.55806727044678	1.56566342467861	1.67234680046116	-1.31411815791662	-2.8769791624067	-2.01073263899298	1.17988283724074	0.60130756742483	-0.7890370245427
NaN	-0.629760377633458	2.99996856685325	2.06033124565125	2.15620633763493	-0.145024659127824	-1.83053075612748	-2.15307067460646	-0.0325674736581851	-1.56855753535096	-2.76956196128118
NaN	-0.390779753569824	-0.342922193503192	4.18865804987956	4.1067121168403	4.21705177407571	-0.610351919112351	1.70072209454592	2.42757149131317	-1.5387642218446	1.53131370999182
NaN	-0.154173920192652	-3.39052505405215	3.97747911706589	3.14652414647144	3.01674098461325	-0.413344704386667	0.541049256857377	4.53201266343664	2.90195796068349	0.973808619890567
NaN	3.64135221908246	-2.13003399054281	0.195190423661312	1.78364873869238	1.89859659611791	-0.300151306593272	-2.63193273976119	1.09315202677385	2.18278091664441	-2.20242385833168
NaN	4.62457049690853	2.38140370760237	-0.969212583279285	0.787584213465637	2.4888938913506	-0.217078790329318	0.113436772725104	-0.882992968831236	-1.30220618597267	-3.34124904653589
NaN	2.44669889107675	3.15696389204489	2.75673857907006	1.38629139734894	-0.188389671121589	-0.0377962348731213	1.0812986970641	1.01184336260691	-1.5208767439598	0.740254260788416
NaN	1.71994142256346	-0.42892475827275	0.692488271022565	0.269839657814411	-2.66731856534353	3.8277305301409	-0.302779590611265	-0.733018987182841	-1.19127740076497	0.828093182006199
NaN	-3.08557723920924	-2.97398659822195	-2.71795117036684	-1.85203200767252	-3.82603814103006	4.41057982851832	0.367576233631056	-1.23943201101889	-1.0701793125686	2.96519312672139
NaN	-5.0566314532232	-2.91018027683064	-1.23687071698276	-0.850818550100016	-2.70011736031146	2.54675986492815	0.871266053302383	1.88534080171912	0.576876221773126	3.21691502293339
NaN	-2.42518244330286	-2.05378101249871	-1.37525328873649	-0.928517912821858	-1.76639824630849	1.24247926494245	1.85583931331267	-0.471220685910307	0.145601070178156	1.86150257808607
NaN	-1.79123749773964	-1.7380227713844	-1.89500211539867	-1.02566569558149	-2.46721974226006	-0.36601201451124	-1.24109487045662	-2.95145914262396	-0.326798502708575	-0.908822778023641
NaN	2.99140694592203	-0.312480664430129	1.59828024320951	0.636015954912878	0.118437367983829	-4.2922467473201	-4.03133804323319	-1.56478664433193	2.99590671321048	-3.88963524662377
NaN	0.718292274217976	0.57666635419166	0.96744269870621	0.473938364139581	-0.367734061395099	-3.43203409406064	-2.58796752575874	-1.08272036552055	4.84082834457031	0.352911721557111
NaN	-5.15359516772527	-0.796761171832213	-1.32926476158102	1.4357829720811	-0.216640105158894	-1.85806042464866	-1.48070832789514	-1.74115324602907	4.11320795996821	-0.146586778942244
NaN	-2.46061729009077	-0.743576650211826	-1.28581953549096	3.77401420883584	1.14698566585779	-1.73719151336914	-1.27154189365097	-1.37990126357069	1.47741773645734	0.140176445535127
NaN	0.22358364950521	2.62149944365327	0.628949416365102	2.32627209566501	0.809790721754565	-1.55727587507578	-1.22840259629421	0.0998205507211092	-2.06503920832509	1.30201127028125
NaN	3.87919795247773	3.05188095470976	1.07981954155422	-1.53521557688806	0.366272582345048	1.24752248365805	0.0894176427247459	2.48203404372285	-1.63899502216513	-0.501780105745047
NaN	-1.30196258737596	-0.190221449812327	0.0969250990374466	-2.84829975754604	-0.917802420882992	0.921156908843962	0.659084789629238	4.32657524892765	0.401985137714906	1.22633964062035
NaN	-4.08670753783358	-1.6338629247014	0.993888325694418	1.86347927116777	1.10180273736419	-2.18801970542438	-0.801430466470917	3.63072149386348	0.751283618945102	0.993507555885184
NaN	-1.01396559013632	-0.990121994466446	3.83293940139887	1.90465024155856	2.86114465917441	-1.36681190753164	-0.356234108951417	1.99510352798148	0.459586929057013	-0.52072989466014
NaN	-0.434807772352563	1.8610027339449	1.28691539302728	-2.41720250731878	2.52210221911568	-0.273786072070249	0.0200361327319698	-2.43509388497712	1.7247071107514	-3.23963647934019
NaN	-0.844921765572816	4.24782800725603	0.562745611492961	-2.67714413298662	-1.49323172909271	-0.470938873560424	0.134939469049924	-2.92686588507293	1.95538677527024	-1.36843683151523
NaN	-0.323614770145463	2.94526246665938	0.420395710453661	-1.32466710350144	-2.48040855123531	2.65322080398654	1.4846107142143	-1.31447962117174	-1.00450034614342	0.516778487886055
NaN	2.11420510565639	-0.884942172072932	0.554246861957424	-0.0650344552786144	-0.169629391708323	1.17160996716233	1.1104953157993	-1.0555677963709	-1.68093125287451	-2.07874178958404
NaN	5.08515975713374	-1.48484570608703	-0.537345949584842	-0.937372113101364	0.657681229049245	-1.25566287727977	-0.161741245761467	2.02361463387043	2.86111773102391	-1.57935480529366
NaN	3.2062377906465	-0.232414128621676	-1.055918978303	-2.25026488584756	0.274806811526272	-1.09020081473164	0.0746241741862408	1.07367798623628	3.5345784066822	0.0867149456045239
NaN	-3.49900177713712	0.387026861909677	2.14485441598051	-0.321707478205552	-0.477495721654947	-0.160022730367794	0.429025303804973	-0.964711859131897	2.19127265312714	1.40294721092492
NaN	-0.666942931673691	1.53740168426827	0.735056218318462	-0.446567807600538	-1.01493571907045	2.95697602300538	1.76367483216834	-0.830259751845631	0.392783384061442	1.32395989148219
NaN	3.08712641813545	-0.944804901504506	-1.76600946201845	-1.91527321042369	0.237027917860331	0.63641302703529	1.42408714189353	-0.585538582650142	-2.86762705788728	-2.03586771791016
NaN	-0.231001398670152	-2.25268958455777	-2.14875437003975	-1.46449116479348	-0.532115904126691	-1.60473556935275	0.409177615132947	-0.754400750162173	-3.90883954383219	-2.83554072954735
NaN	-0.230914001558219	-0.577776539877333	-1.38443717265795	-1.03875724070029	-0.205365445475568	-0.668446310425767	0.250194561156208	1.77413071927521	-2.2260078865965	-1.13665334935584
NaN	0.0494800836519781	0.816939662204018	0.417271774802168	0.0818643228761576	1.89319134622258	-0.141614121116418	0.159479420424364	2.06580515770099	-0.89380414675283	-0.150627751870619
NaN	-0.433669292472393	0.693174886836408	1.50252086311133	0.695226612053038	0.785847166270115	-0.285321880581036	-0.0109304863279737	0.573954652683934	1.25087408439059	0.949435356741105
NaN	-2.97367637840051	-0.663561247865483	0.66330324759576	0.474384767163162	1.2215843058825	-0.13562391808337	0.114776193337703	-2.06314066124757	-1.1071186232118	0.237413224035725
NaN	-1.70491961895994	-2.37756910391099	-1.83001271762042	-0.748756214896179	1.17494654036279	0.0865144539143741	0.511895019993396	-2.75308341734738	-2.6416492344928	3.16009972822282
NaN	-0.0665809635339708	-1.77919787982047	-2.02693969487133	-0.516418184553644	3.59485118518808	0.240680241960477	4.21257795138264	-0.491837354188043	-1.91579973969337	2.59813686578309
NaN	4.05187256084651	0.222863865447876	-0.892919526116125	2.32280460496286	2.34212397296737	0.41035708564756	2.12362050128114	-0.486001516725752	-1.11855883947275	-1.30057311408098
NaN	-0.913392922563944	-0.0485406689848609	-0.619584809532597	0.2370368969036	1.32880171562406	3.40288072628205	-0.679407752459339	-0.84765518254596	-0.812822070123652	0.551634684058876
NaN	-3.25872994951387	2.11087250076001	2.91659168883501	2.44834234808262	0.559510308477717	0.71914318348807	-1.3579192833175	0.319174496821121	-0.276833324256388	0.56915012388552
NaN	-0.408062655836585	3.58724876631838	4.5213362848406	2.70225101909666	-0.262100653694658	-0.239784592657232	-0.90998386921647	2.12047362749928	0.560351238870172	0.150631032721364
NaN	-0.0967591186219241	2.340661193882	2.75258698000327	0.773291128425954	-2.52953446111105	3.69997130308349	0.946596563138124	1.30218884755732	0.718957640880288	3.47459631600123
NaN	-0.310293447229641	-2.09181142561264	1.26215697714812	0.297683389779152	0.90710769083155	1.60316877534316	1.36897076487674	1.0727817402086	0.657199844038206	5.10678676137947
NaN	0.10204312059902	-3.10160164699587	-2.34085091788824	-1.82234002487541	1.23970347560332	-3.11948634390279	-1.29306675612512	-1.11969440859527	0.0235087433845049	1.42074756939648
NaN	0.33307968318896	-1.71484896696962	-4.2759063181995	-2.51955641725875	-3.13628977583646	-2.28101587241448	-2.30861716310125	-2.05143146191478	-0.336115737470454	-3.18324801035395
NaN	4.01398840817622	-0.81945829525503	-2.75795866848426	-1.60130026886534	-3.66598033025094	-0.867578757009639	-1.19264016982342	-1.20335826459546	0.143519682764462	-2.28218013048488
NaN	4.04230365837427	0.522147496992455	-1.58490408848161	-0.911489474020952	1.60463840412142	-0.905805879363778	-0.976791968459795	-0.384621822557011	0.373846076394235	-0.933720199323645
NaN	-2.42282797129342	-0.613467619080074	-1.7541917317955	2.08546923290462	2.0589912226056	-0.913513517805142	-0.727331102699245	-0.341442248412954	0.947080796524021	-0.642962358130627
NaN	-1.87088857354427	0.364524056562943	1.32264080469319	4.36133434971013	1.3925348519971	1.05429987581563	0.436211919053424	1.01637760691697	2.43259385892774	0.736533619882611
NaN	0.242780913272184	4.0931380654494	3.45709269888162	3.16707956430786	-0.427767184882146	0.942429636817035	2.35767353567594	2.99835205416348	1.67145767081887	1.1775597517577
NaN	0.0340115618335699	3.3190645392835	1.67828179892718	0.61680488664622	-2.09170734067624	-1.43528231989966	0.0710296525119018	2.33218812528869	0.938550560864408	-0.420867546960883
NaN	-0.0271574784634314	2.33187502967201	-0.719997318115105	-0.839120081099731	-3.93006307282493	-1.10527809881552	-2.14675201460946	1.01801669583502	0.51857920296943	0.580724639013073
NaN	0.0286404379924197	-1.03699056423363	-2.28873283359836	1.16234809057944	-2.04809488303498	-0.327037334156671	-1.32656859876513	1.71234332894282	0.655289171333439	-0.0185937148950501
NaN	0.469676260792239	-3.74702018394858	-2.94042259893494	0.84339875763557	-1.7927136382352	0.654926899926789	1.05789364467178	1.56801737974844	0.759392984206109	-0.21560490263338
NaN	0.306509734607652	-2.69326721995713	-2.2815834806981	-0.389818668900033	-1.9291719585103	4.13363223969781	2.20936925223156	1.22314237311086	0.596704374139417	4.01040833463307
NaN	0.409265250800882	-1.63112087914628	-1.18458136720318	-3.84558668146412	-3.54488184921278	0.741604409766605	-0.510035471700648	-2.3185805979711	-0.464298540565269	3.97061512166376
NaN	0.36161366511924	-1.41178483224312	3.53687689956473	-2.26897998132939	-1.1104053544017	-3.28517012759553	-2.21283279948903	0.192706941469425	0.13379104314978	1.81675779175824
NaN	0.219015371518708	-0.723197852599036	3.06065025776882	-1.2776787619118	1.56193929557958	-1.478942316576	2.37778500717851	2.33208966720323	1.07994567141748	1.31124518029934
NaN	0.376991063077485	-0.516414591600323	-0.032992799559032	-2.41971815162747	-1.44224277584429	-0.629298782028142	2.37682668106105	-1.06141258145956	-0.0671745739283722	-0.97143036049649
NaN	0.553601716423762	-0.547458496758318	-0.633776729801433	-0.537771289592336	-0.226974859200973	0.0242425772231112	1.78689896681842	-1.55802140204232	1.16068222522868	-3.18052605675553
NaN	0.765759529727843	0.00497656481066201	-2.34265992091101	0.795446987912587	1.66442182907021	3.0359545353724	2.52831369195785	-0.92783898028028	0.144296536890791	-0.805756122006915
NaN	0.929173243522413	0.202982724488672	-2.25302744045002	-0.515514057720462	2.54731483706238	-0.823899275648442	-0.145581284342407	-1.50375358281831	1.31108027632502	-1.74920554625124
NaN	2.03943290697672	1.87240129463609	-0.930258199890543	1.16999496680218	3.60853510428607	-2.349166703987	-5.20888518905605	0.0942750598306999	3.13520561004502	-1.84898292956352
NaN	-0.648117699667076	4.61290085158232	0.974039933961268	1.26424723699384	0.51717141755209	-0.765743418066411	-4.82736874011824	2.14808503521057	1.51377831883576	-1.39363700566213
NaN	2.95336634432936	1.75307864130595	0.494771023597329	-2.27636434421458	-2.65424600038964	-0.559403824404534	-2.36374603931246	-0.963201392625288	-2.35553045554331	-3.04321938006095
NaN	4.82286236839232	-0.100873103751464	3.40304071175526	-2.07298079430144	-0.472243268508036	-0.667655975428603	-0.186935032686082	0.574537781946078	-2.55764639016176	-2.80172616771807
NaN	2.99922972219323	0.833804914346471	1.5067244384249	0.581831756130934	1.15100381754842	-0.319202591128339	1.16033645047989	1.44366426926362	-1.26389099360748	-1.14127221995434
NaN	0.717756232392659	1.91660087017578	-0.584279753610237	1.0690329745216	0.897147092043434	-0.493805747711642	0.154913266106473	-1.63815756680801	-2.10592013444209	1.88570928889499
NaN	-5.0319831429558	2.62162071955072	-0.00849258174280497	-1.61378656343714	-1.06762490396723	-0.0896783816448652	-3.2753146441878	-4.71978843683358	-2.98871549287016	2.1157382645399
NaN	-3.84372538032683	2.28338405439548	3.22562452316001	-1.41005741227421	-1.31993224304099	2.18997867486476	-1.5784903958369	-1.13495482672562	-1.91325012152572	1.10319330644998
NaN	-2.15456082862971	-1.33703828606994	0.913568944457186	-1.78263302356456	-0.908238489037672	-0.126114091308777	-1.2263519000075	-1.35194203611056	-1.72996481170751	-2.8527968365172
NaN	-1.80329891804574	-3.73628402504968	0.506767213383841	-1.28092799969998	0.57617445843627	-1.20701439750467	-1.16912119398636	-2.01880013815653	-1.40136043943199	-4.12439176223529
NaN	-1.84303787941612	-2.80818062147875	-1.23485872792108	0.37884995318728	2.45535480590486	-0.129429328458841	2.60075143558669	-1.349478334122	2.29767075865353	0.77765935875118
NaN	-1.45749253258512	-1.80931354088098	-2.59616914510429	0.0727024487721328	0.303586788695898	2.66144455074242	0.933059655245257	-1.79753734061955	3.11966034635373	3.38406868068826
NaN	-1.17167132953278	-1.43213233821157	1.31263508625324	-0.322336327761823	-1.61826351297886	0.0156089906513066	-1.92164703280069	-0.603939659338864	2.17931364736646	0.641537477380809
NaN	-1.14414634645394	-1.29552091500697	1.37351633917209	-0.274561706722352	-1.49723303415212	-0.0974266750490322	-1.28858520906719	-0.0586214209173989	1.45466251734481	-2.45455203345364
NaN	-0.748499419104895	-0.824542837247765	-0.394271378601869	-0.617465224449014	-1.17910383973999	4.18687918073555	1.66821746912916	-0.124448042540972	0.839117363875787	0.171940490678961
NaN	-0.493711896839129	-0.464737321837542	-3.38969044388071	-1.78495022090553	-1.153568554043	3.22330008831614	3.90986028829432	-0.110752408271644	-1.38279376604068	0.834522519785781
NaN	1.653328682118	-0.227187189316215	-0.755428467292093	-0.0234263015890299	0.221091309494613	-0.673735137878028	3.53141571972775	1.40202445170864	-3.90704068810184	-2.67757749003208
NaN	2.44626823636438	0.904153462911771	-1.36013360903504	-0.274786454547353	4.40990602452337	-4.3424039800159	0.0791432570443836	1.27052314749253	-4.13777556566819	-4.40463370659045
NaN	-2.05863301375704	0.231986330594399	-2.00057922015316	-0.422730528279795	3.52306596413671	-0.570668059146162	-0.576986778162619	2.25132888410719	-0.684574240691972	-1.10149302439123
NaN	-1.41081963530302	-0.207002674063982	-1.60071348033978	0.134742547579334	-1.09365573826363	-0.717260984397154	-2.35715553689062	0.616947636855997	1.41423950405918	0.385779928971552
NaN	4.05844352800979	1.10950695276636	-0.860575304071621	1.20336956308033	-0.221335648217315	-2.79884705117928	-2.6801338071156	-1.47215927180296	-1.46981828806724	-1.89679452970283
NaN	1.03009266895528	1.28992200261841	-0.268938829085582	5.03504491988983	1.87862278500373	-1.79320767105996	-1.46499743673324	-2.09872593911295	-3.1039790234483	-2.18512110889934
NaN	-3.12375426231276	0.155774444791709	-0.434260774577623	5.02289166648452	2.04642886262925	-1.11090036637092	-1.1651840934029	-1.33589453791146	-2.82224374077986	-1.08288856336202
NaN	-0.580441367792674	0.0172177885745192	0.133095650535356	0.953933578632103	0.312081026637513	-1.00679945417552	-0.740631272330299	-0.885916473185565	-2.80347535042117	-0.919953451595907
NaN	4.28789387720433	1.90548429913871	3.10979919477749	1.81859896275688	1.40476958468848	-0.480719018651556	1.30717370537134	1.10845046656504	-1.48151619120288	0.533702176144418
NaN	-0.466603678310729	1.03215303627359	2.91916581427562	0.729978365816589	0.309700396573125	1.61305063494208	4.49499952794617	2.66221275221669	-0.471073363194018	3.65601954108112
NaN	-3.94539701008857	-0.221679629325433	0.0158042960016329	-1.24036092690473	0.457198257980113	4.1773867281833	2.03822475778946	1.98517783827163	-0.109648423273217	2.31566201943845
NaN	-0.997825302888978	-0.386252658040091	-0.820086064434234	-1.1737519107423	-1.90201877481153	2.18949318577812	-0.503740879759906	2.50087383307529	0.400752379335776	1.2660899871004
NaN	-0.440733669764831	-0.192548568603364	-0.222389650096685	-0.573076790370515	0.38382831730718	-1.57417383614291	-1.46964357460446	-0.568227513271881	2.13573061860636	0.270208403788414
NaN	-0.776414766326398	1.66036191360696	1.43207409768981	0.412577182900583	-1.09531263793056	1.17068500888225	0.30875024330116	0.0504851560032614	4.74231143675107	2.45793995101103
NaN	3.6899101704432	4.86735322154376	6.00519150328222	5.64663087231016	2.65048815968569	-1.01262824262902	-0.440850217168127	3.1713148639281	3.90703052981119	1.48112872200919
NaN	1.59101085261086	1.92520755734407	3.23133180376618	4.059026934547	1.19269617598013	-2.47158774979618	-1.40473573785557	0.724370825743815	-0.022931769678259	-1.20577636609363
NaN	-3.42486010449874	1.53109438179011	0.724703452564248	0.0619817096041116	-1.41360002720208	-1.8970724758088	-0.858018264532682	-1.135337538112	1.00137416236862	-0.595037800057775
NaN	2.68436521361371	1.23969745999762	2.27575538930957	0.185677697362759	-0.193294835730644	1.33215225253616	0.778770690311414	0.951293187894685	0.552035357239132	1.17864396407279
NaN	-0.386696601674792	-2.52730161533198	-0.0602902117161921	-1.1517307959248	0.200095798630857	-1.68829296363941	1.60116160015322	0.0816223472668985	-1.60149243981616	-1.00763679937634
NaN	-2.58467095354335	-3.13143850714072	0.70835742245932	-0.227618191335841	-1.18124898944034	-2.44145430761719	2.64107237538939	0.978436386578822	-1.5653748758127	-1.29863987792477
NaN	-0.689008837393619	-2.22096533274738	-2.07705314309437	-1.6480583349238	-1.38533128129422	-0.912994578518396	-1.19478972536628	-1.10366790142436	-1.4068120258126	-0.598799486294108
NaN	1.45919687636062	-1.47826102918166	-3.25485899465184	-1.61015689806757	-0.963246255361171	-0.732732505164282	-2.14140832451816	-1.71514740588802	-1.18752003190333	-0.347115923878367
NaN	0.372974529943508	-0.858095814070912	-2.41830530685515	2.64465195782566	1.20958859137304	-0.579472649531049	-0.442866341972774	-1.13639970747672	-0.601900426091099	-0.0671880595153624
NaN	-1.3879828925653	-1.14650677266409	-1.72719530362244	0.963602549596012	-0.487412573399728	-0.502087927012607	-0.0712837170676111	-0.508601247361358	-0.237507412420361	1.47050166048036
NaN	-0.31070926499677	-0.997313155551589	-0.667675453550571	-2.40709656814728	-1.62710597562298	-0.100030847430446	1.90990366215529	0.390115243236272	2.35985724586901	3.38718332910249
NaN	-0.329593749167436	-0.762950556412526	-0.726374532222975	-1.60823937804666	0.792176565759428	2.26818653373996	0.859093196080205	0.20933930602781	2.77484414781702	1.69214514223404
NaN	4.59579584676686	0.987339935176011	-0.47187680582847	-1.06808682416027	1.01002875242821	5.16245785912976	3.63718008218244	1.69571537441605	0.393863209831905	4.48133070434604
NaN	4.54630134574611	1.30582146160238	1.91027491840802	-0.124770085886704	0.968787488822439	3.01179742826114	1.6318201305815	2.89303280490326	0.476669899352427	4.10819105815355
NaN	2.73960807257713	0.849048518250679	0.873282451756295	-0.557671272181995	0.382121574389892	-1.59550286876547	-1.82164985219883	3.05782114758316	1.34119633574676	0.788311271665293
NaN	-0.118259490985245	0.333662032238892	-0.545907810327846	-1.283070079015	-0.795561822680563	-1.06252152065806	-1.37588397946775	2.0043844502578	1.0742892257334	-0.0537246209871576
NaN	-0.577725381707032	1.81160362806705	0.0032261056337799	-0.590063707293959	-0.906628452998101	-1.25680664820281	-0.951723562694054	1.76134113395801	1.04470369377931	-1.16304061302433
NaN	-2.42125780278652	-0.525254815386931	-0.692085430807608	-0.732089774950915	-1.73191927773035	-1.16399591728095	-1.03013875678385	-2.35550852962555	0.535316771677045	1.17541634540844
NaN	-0.718866316492978	-1.74026265121456	-0.656906405000015	-0.709968680102001	-0.965016593742965	1.48263017396435	0.0133733817827152	-2.95418536090823	3.52784835357212	1.25479931962754
NaN	2.29722751176305	0.101064515118741	0.0116387394378192	-0.234181640846019	0.714341480512378	-0.483646455909142	-0.313285166569509	-1.95182233247803	0.837323281253251	-3.50666467900912
NaN	0.425238776908352	0.137794299260516	3.47092814555713	1.6376672776713	1.04889218795082	-1.53050200817419	-0.43463659354057	0.0962235132881467	-0.968895089717325	-2.59382623858077
NaN	-2.4334745296342	1.68717426533348	1.98604292308812	1.00760735645483	2.46254235813883	1.00368536738909	1.0795789126491	0.310370796719537	-0.512697928553194	1.83672869121814
NaN	-4.27263756888758	2.90633801529548	3.47458068564507	1.75292285460263	2.93328656774517	0.581505499015671	1.30152996160438	0.701149582453501	2.95758763005435	1.61647522201263
NaN	-3.44034862409772	2.05875005207328	3.78114349550561	2.50716387026409	-0.561435277087031	-1.48497408399282	3.37027901246444	2.14877266970729	1.45604401746547	-1.33184893514661
NaN	-2.32047550842767	0.832034073903187	2.26278334468471	3.43143069695999	-0.159032806091534	-0.745777612663457	-0.634995325174084	0.622126112274408	-0.984605732420596	-5.28766354458994
NaN	-1.76366437521133	-0.0698360371650636	-0.619940726560982	2.92461704114565	0.00182350257790109	-0.00357726215807357	-3.10588005780345	-1.02002930546514	0.340068740693688	-3.6987174083276
NaN	0.339862520756429	-0.265788943086148	-3.27760193071954	-0.458282567583217	-1.68783165964694	2.98025838750626	-0.433535406914509	-1.64607800683509	0.213533336476343	-1.13845243325926
NaN	4.25036653778576	-2.65325055088318	-4.23754657698445	-1.97258896960105	-0.752574981974866	3.42174625068193	1.4897181276782	-1.88595815714891	-1.89061998705988	-0.552652679464422
NaN	2.72441556790239	-2.93107745774527	-3.54645329232891	-2.61055185552158	-0.663464111139775	-1.59258000484725	-0.655525223368493	-2.0201715939872	-2.18829884993042	-2.65495399944499
NaN	-3.68869901266019	-3.11499681458018	-1.59077620252907	-2.88980141062834	-2.36449244907275	-2.27185293022611	-1.8581687756643	-1.91877754160245	0.26999042940003	-2.03988469478808
NaN	-3.39326507245469	-3.50952548059879	2.1595324698171	-0.548782730622449	-1.83070869461013	1.05566930267146	-0.869027793513035	0.613636250348292	1.00917047119248	-0.130922150182913
NaN	3.25015897645873	-1.66799886233256	0.380872270122172	-1.38379723498621	-0.714369038534306	1.45024379058422	0.0872714823043743	1.67114482005876	-0.333165982776591	-0.22107830905917
NaN	-1.13715667980049	-1.65402510440231	-3.30593544142985	-1.80065948367576	-1.18431582778136	-1.54735901090185	-1.04546993186317	1.06615957022278	-0.887070017373569	-1.33800847095079
NaN	0.0698523632825993	-1.51622013044749	-3.94910020308546	-1.6134753180131	-1.26633384721689	0.767106939938527	-0.434670853390675	1.90811094460601	-0.256469300566438	-0.148263514211901
NaN	-0.620172987257015	0.386945894389821	-1.64284754820463	-2.48219067789739	-1.77838603101988	2.4042515612113	1.06145442648751	2.07587808708315	0.028375942620204	1.20202237645345
NaN	2.48332666053239	0.623247445035189	2.98441610806319	0.206739060982084	0.427736012833554	0.677858755814315	0.410539167702015	1.37468926001953	0.222490743222146	0.944691795367092
NaN	-0.43006853130191	-0.651711065462762	0.543368578718599	-0.659557864664406	-0.754203946832341	-1.82064628778365	-1.01977942484243	-2.72132958181625	-1.26677490587116	0.0198889216914141
NaN	-2.38319279593187	-1.19844255011352	-2.85153287281815	-2.52509836026278	-1.863308534656	2.67763260999166	1.13462947447047	-3.87178351007609	-1.7311855403584	3.7857910944073
NaN	-0.638060993100435	-0.540075563871952	-2.95138608417326	-2.15869763466049	0.305234371948132	0.926346386046087	0.713896555502941	0.22136026462879	-0.554183409848495	2.50709528515669
NaN	3.97342873941134	0.690598879964043	-1.4281473532667	2.34823961919668	5.3515293671189	1.38575314455881	3.68603149727209	-1.06315579711767	-0.63640711509942	3.44046080920176
NaN	0.418511745376408	1.13230061486645	1.87131669349862	2.7029369775831	2.95242317221387	0.443818330532569	2.31310045875433	-1.51432614564737	-0.878973020473664	2.50792473440163
