NaN	-0.893631213326096	-2.19903121025065	-1.77366707244172	-1.82070276894463	-2.90912893765516	-1.04559140683554	-0.408066300358125	-1.79749204465061	-1.33417541317616	-1.86797816500137
NaN	-0.674094843653943	-1.75750317398071	-1.37268224595508	-1.62313536766792	-2.2537487651899	-0.657258903227083	-0.840543834581889	-0.949530018437885	-1.37438991194965	-1.43841950260457
NaN	-0.598810930465153	-1.16720580827931	-1.61761732660153	-1.12415857752353	-1.5359373795977	-0.646738920060834	-0.837028967602177	-1.59080424816513	-0.340192571369662	2.34058728911428
NaN	-0.287601832167275	-0.544856474877522	-1.06991227155288	-0.886829398439711	1.56544320418351	-0.267393996176212	1.95400661262405	3.79451093395309	4.45958006035698	4.73491997285783
NaN	2.80356490247937	2.17593761318292	1.58301714768629	1.66544171994319	5.14768093324152	-0.121092881456211	3.63911593912599	4.57074455266813	3.86351839504648	3.74445364962367
NaN	4.37426440877959	6.00120717716316	4.4863371366488	4.15497701669653	3.61445046801366	-0.261006206573079	1.5891782735219	2.57161534587652	-0.184794378175376	1.52063589008126
NaN	1.31555838815632	4.64980034117362	2.48083678568179	-0.0833819571223414	-0.906549840656702	0.286760015168093	-1.20105516945853	-1.23366457986214	-2.38122490056333	-0.846567336212027
NaN	-2.64666685990685	1.94267548659888	0.0617736490717489	1.95354025372502	-0.464144914558896	0.104239684112031	0.206163736607751	0.254427523048333	-1.08432440510651	-5.07010747858978
NaN	-2.42797521200383	-2.50091934725426	-3.17514587653638	2.13191294388696	-0.0871784514093148	2.23010518079025	-1.47569356902323	-3.08105995066619	-2.37654719233554	-2.95091215976011
NaN	-1.24914752162873	-1.30080141206893	0.159194382964745	-2.12791628979218	-2.26848914964352	3.09451809494498	0.422439077615613	-3.31117792377798	-1.6703004997759	-0.716654081644359
NaN	-1.05034435221148	1.64422563113991	1.55657312085049	-1.65262493068001	-2.14435844364388	-1.74020727629752	-2.10642547464721	-1.57439887776055	-1.23908517679167	-2.77465133037626
NaN	-0.832508722683886	1.60093440675017	2.03008011191334	-0.0424377805538492	-1.21718669852268	-1.23736197898856	0.239003712699918	-0.104154493335679	-0.39334339616108	-0.623401893047727
NaN	-0.499027911233633	-2.35621759503875	-2.5442800811683	-1.50422500305578	-1.31253409857824	-0.330165040303989	0.27435918069384	-1.12572709131404	0.981667040021727	1.88204363275524
NaN	-0.449136955166139	-5.02924158663927	-3.51333035691505	-1.63151213862085	-1.17264970559722	-0.27499337009027	2.31020568182453	-0.0108449114894376	0.670025932829907	3.22297332240094
NaN	-0.2701387729247	-3.64357433166209	-1.31454958223631	-1.00611720754673	-0.691712265301909	0.573046061173185	0.986441357119803	0.200590517963139	-0.74870069666386	1.75167409513963
NaN	0.0113026379016739	-2.17732615790344	-0.719524445301955	2.7107298312333	1.03794395122014	2.46805938923146	-1.43085760160014	-1.09626466199202	0.478159184177806	-2.42966832997184
NaN	0.0400643615287588	-1.53297168314953	-0.687258603960157	0.931614361505269	2.0703558492732	3.58131305757589	-2.13195203995895	-1.5700258473872	2.31168548955818	1.20661186578484
NaN	0.227070011489965	2.20078149850307	2.1687717385491	-1.10399123203387	4.76787219826759	3.08848454931709	-0.115734201582816	0.527083140782784	-0.68115068613034	-0.367078037847292
NaN	0.139434516582905	0.58023801427109	1.47049591331682	-0.127053970581949	3.10532324769575	1.95014644669731	-0.11275586626989	0.623017759551703	-1.06267219965496	0.0152208841054169
NaN	0.469767317819823	-1.99640888875419	-0.733254273015912	0.928272402726471	-1.12794830924685	-0.301175906173929	2.44805101417883	1.05818947946104	0.0578836823261784	-1.63551302419319
NaN	0.234888125431898	-1.56563322878061	-1.38044414905473	3.84406064718762	0.386606197636532	-4.80745562051546	-0.576583601221267	0.286285782298269	-0.440479307841607	-4.29325693058215
NaN	0.954926656760021	0.868280808744799	1.33857181992584	0.312303765226509	0.194400488423364	-3.41276141642572	-6.52179640657557	2.39413821161262	2.09660059908682	-1.84857356675825
NaN	1.00981432604828	2.53991180477211	1.27070690595188	-2.70036980216706	-1.51432032021289	-2.33540041541984	-3.63099101837434	2.13031239499502	-0.0368682140275269	-1.79849799225414
NaN	0.317528499452222	1.76597632614827	3.08981695425988	1.16986107591751	-0.521735650441463	-2.07768130827477	-0.971352300080624	-1.80491685550051	-1.04283960681955	-1.58472115387982
NaN	0.0750733495223155	4.17092151238363	5.90994298066997	1.66919876924898	0.619790001191896	-1.65836907957493	-1.2379504454449	3.87409266463989	1.67072481273018	-0.101847670424147
NaN	3.93172583341198	4.28236951467071	4.03675436127252	1.88341263881883	2.13428074424741	-1.01484523273564	-0.899594941611643	2.22720482098337	0.381541419957183	1.4873828777792
NaN	4.79830658093107	1.79278757588101	2.28192492805163	3.32802219184238	3.49768325150192	3.3751731484011	2.6859311400016	-0.08569710265045	0.115493191617928	2.23463747033844
NaN	0.779137805391195	-2.85984985699337	-0.187101284198412	0.600108840683815	0.90928164148825	2.74575043908726	3.32216918694478	1.87118910922713	1.12490677193571	1.7240836502582
NaN	-2.84285234364947	-4.73099737698483	-6.60244078342815	-6.0032634253385	-0.734840429459447	-2.88132630863153	-1.15929733032425	-1.71644667444426	-1.18946783655883	-1.57637616118634
NaN	-2.26980838085452	-2.76804858923235	-6.23443040898108	-3.58347331567093	1.58718651007689	1.75940099235716	-0.44897131407103	-3.0327713871448	1.18188501906677	3.43136873064314
NaN	-1.3445831711616	-1.44801623254425	-2.73261823812362	-0.0729133667724587	1.67347071999406	0.0673425556931885	1.52605789778658	-1.80439667864996	-0.719921165350481	0.0463454723271858
NaN	-1.1064438126117	-0.334730007638451	-1.13159448594542	-2.40099284396111	-1.08759380156255	-3.97880246752086	-0.965277334248552	-2.94566350152482	-1.80878267048012	-2.83995019299793
NaN	-0.971552333528921	1.82728039785156	-0.594610590117329	-2.01682570035502	-5.10585264666887	-1.97515730242519	-1.06426777540749	0.553655864324944	0.308479952835041	-0.440101245956657
NaN	-0.952358884287812	-0.889747111662344	-2.48625951387054	-1.87979882697086	-3.92948403063637	-1.22855728261512	0.225075934059872	0.233654372690308	-0.381139246722094	-0.0915244689162693
NaN	-0.578453513698784	-1.62236050976028	-1.91646121348061	-1.30942495155951	1.03909776681427	-1.16080905105981	0.369770578783599	-3.37985908821955	2.68502147247642	1.23204120645969
NaN	-0.522711263731541	-0.931547685902046	-0.805417205145365	-0.959654556260961	-1.7411853051767	0.0637280125417668	0.491342837797837	-1.19911010943189	0.768136660511752	0.843877459436138
NaN	-0.512179470671422	-0.0586517720861342	-0.908791951694531	3.68700120873271	-2.14031167672913	-0.41987968459862	0.560270523391013	4.13182665426604	0.641362152170794	0.464221698167321
NaN	-0.26903059284492	0.0231231091955788	-0.60374688197838	3.17392191977733	-0.460232364602359	0.403907113086348	0.880786634674644	3.43486530583595	-0.180303387014394	0.674472030214636
NaN	-0.21559208915341	0.366661771474173	-0.118341435657357	-0.906393873379131	-2.03026326024277	1.35694717831744	1.87166214091508	-1.9239180824686	-1.73085324321464	0.786123227998444
NaN	2.40256859087392	1.67572468246907	2.98437113843788	-0.534634403980688	-0.560844150333551	-0.974505950879834	0.862023005444054	-4.1925855042179	-1.69597590355478	-0.157182963077987
NaN	2.40597628583526	2.01705798910678	5.5789048351336	1.14963583234881	-0.343841815545381	-0.336543610487516	4.62301945391806	1.7851224486001	0.408497026966913	0.93055156059796
NaN	-0.625930600033645	0.15089774860388	4.71982457990758	1.79712564345012	-0.382720546463541	0.241749076070318	5.36597352054867	3.34294141643038	3.69845922146425	3.44173135598249
NaN	-1.35448238695093	1.81390622265845	-0.320154943730719	-1.21098694740327	1.36728167489896	0.140416323142468	2.27054685668222	1.86801420345564	0.0326803778374554	4.93644632513609
NaN	-0.696288127037633	1.19025307036558	-2.65481200757477	-1.85672573273525	3.09514480181704	0.33589177674496	-3.99576387615342	2.27739695469851	-0.695060801607076	4.04891072500147
NaN	3.05273093410983	1.60317064182231	-1.06174850240454	-1.08073092817395	3.1578757054958	0.350477491375026	-3.05996726857908	1.89245018952133	-0.293849690766153	2.27525887973487
NaN	0.980551157618341	0.880247611384425	-1.26971630395652	-1.16857021549729	0.0735492357795114	0.629914619072538	-0.139400097139784	-1.48342413939476	-1.75287201361091	-0.181971834724872
NaN	-1.77436046656995	0.614854482242321	-1.35218027167642	-0.811814192270858	-1.43838253821293	0.877506500966007	-0.537621510699566	-5.68898812851072	-0.04523861047189	-3.83060740756588
NaN	-1.65053434633015	0.658712590274945	0.950802954241453	0.653198869007747	-1.60112605546759	3.70923569267641	0.307167480173073	-3.49375024699959	2.58195372365598	-0.287486558328687
NaN	-0.82762021958735	4.00354828136272	5.27575900610323	2.93274144497325	-1.8775538576005	2.35458530282032	1.17712223184496	1.82610925026349	0.139918379582639	-0.656443258222428
NaN	-0.590858209170782	0.952995776700432	3.40768652880506	1.81887277775761	-1.6704688733835	-1.42955268776226	-0.750301059622065	1.22720311824171	-2.73578059620681	1.70041125870982
NaN	-0.685928548595636	-3.14553476084672	-0.928294733008946	-0.38498234803747	1.2645449222913	-0.445028093925166	-0.0673451094354751	-1.00139542422377	-0.152654896922771	0.440419443631804
NaN	0.129727063536032	-2.45271672597135	-6.49145126757919	-1.90677372693926	-0.736208849891089	0.125006526886971	1.59009890059096	-2.28178039055372	-0.169307055718279	-4.84598277225456
NaN	4.34946800623321	1.49811022360583	-1.36316866434505	0.888919792196031	-0.0511316230181659	-0.0727679985583959	3.17089908182933	0.0929934986566791	-2.13896583326577	-4.82737331744567
NaN	4.26863543592718	1.97038604229399	0.513933647354212	4.40889454338213	2.09740827666282	-0.110517752883196	0.83541987688912	2.21521803122305	-1.22845667517487	-2.15968266173919
NaN	0.0520523873107346	-0.897996216374395	-1.14034866733866	-0.625631353840737	-0.403192478504981	-0.0039283007555262	-4.1340707324126	2.98892298971435	-0.267677454516651	-1.64088469408466
NaN	-3.41630526126879	-2.43231294298406	-2.97254320662097	-2.08967710514497	1.13805305433024	0.645452205119579	-2.31116192266807	-0.746297019693088	-1.50102495374605	-1.7811912572069
NaN	-1.45536733106764	0.00584676641002768	-0.648581132093941	0.752167197536019	1.43260860022966	1.23094364917842	-0.00374271884078153	-3.09171119675762	-1.90770897164697	-1.26529586665055
NaN	3.01745207987596	3.28024104906536	1.95655297825454	-0.426083791905611	0.261554325604273	-0.694524434437445	-1.24689990899045	-1.77437546633156	-1.12447670890751	-1.27636064368967
NaN	2.84777550839675	1.69851340326358	4.140366492827	1.07931918284451	-0.314034549742772	-0.160206533533547	-0.608480006972652	0.833259292066076	-0.106101636867079	1.98952728664484
NaN	1.50157138981629	-0.269040245160496	0.226776866481345	1.95479982288041	-0.00151000159641818	0.197306039641189	3.62187201151029	1.09390537127333	0.0564121523386049	-0.390548954381066
NaN	-2.06314336812534	-2.79104631365015	-5.46610049524354	1.26776876861741	-0.346370590690215	-0.0518442955693573	-0.841902985199736	-0.370490747255441	2.67263389609593	-0.28892852095672
NaN	-4.33375921906504	-3.57964497360232	-3.07819134360806	-3.00230287992856	-0.157896071342355	0.00926657167158317	-3.17979996733131	-2.39072107288492	-0.650661249657306	0.254981986541355
NaN	0.76101324820931	-0.429187308625114	0.959117437997518	1.0328133266668	-0.263893552805738	-0.120930966778398	-0.864985180708136	-1.82707123148057	-1.69611750308494	1.70067298250847
NaN	0.247206465897033	-0.238751638971536	0.0402668174146082	-1.9541479765109	-2.30663354994713	-0.157245625460434	-0.436724357660626	-0.41262738037116	-0.676535183131318	2.69414936833832
NaN	-2.87594930747403	-1.84024374976928	-1.35336553994739	-2.75641944176379	-0.443255330048029	0.0654560427286749	-0.604743712404762	-0.865814791703616	2.90594057139139	3.98377067290821
NaN	-4.27403243645382	1.56411069617177	1.90039902861736	-0.457554943238874	0.246963878866472	-0.157201648852112	-0.0226136562398339	0.0658285838265609	0.519564537593342	2.39393755509606
NaN	-3.2562533195808	2.55943349677176	2.90284519322625	0.0950363885137702	-2.28818026201057	0.0963883943090292	3.55308277204678	2.63387086554464	2.41881087831759	-1.82878637559397
NaN	-2.37370328067613	-1.50769798246905	3.92226783487553	1.08341892812701	-2.5334599057977	0.0390969923202234	2.39143212187089	2.83259403981604	0.452487778859532	-4.56682605104553
NaN	-1.58270082673565	-5.07971016107041	0.403302191655438	-0.897748168059412	-1.87282851291556	0.184817006876333	3.29184857566642	3.53536703970283	0.290959385565968	-1.99172419893278
NaN	-1.22577748434209	-3.48187509533918	-1.12911275451212	-0.697222861194393	-1.47284095200404	1.05852315038534	-1.08263153605464	1.98466676762542	0.197247786744535	-0.818813805326524
NaN	0.666308195234254	-1.0873669484991	-1.00615852955706	-0.701098369240079	1.49296582139207	2.1011477742642	-3.65756586610961	-2.00695076156412	2.29393609525883	0.50663193603193
NaN	0.232711618920342	0.303066994955384	-1.20883339410242	1.2250320368895	4.17546196485282	2.44237656606306	0.894361542206659	-1.28552902935181	-0.795253231321515	-0.16846183873996
NaN	2.14435218604544	4.30512319345372	1.8083756460363	3.03573438553029	2.75891972406712	2.45616997059165	2.6591129693667	4.68590800336524	0.802023066041365	0.906646144031194
NaN	0.149109983924643	1.3006344192802	1.79256371638544	0.783664026466678	-1.23660886532747	0.721316600558131	0.163273765671394	4.2240177079974	1.51493012694115	0.735199292088972
NaN	0.597918125634686	2.12009116037847	0.0295744955983622	-0.116092592104417	-0.45879495283671	-4.07111542869643	-5.25146910593105	-0.305903365405651	-1.08848606415366	-2.5611533385106
NaN	-0.234219592387342	2.09028970776417	-0.47585764995323	0.973920742763776	2.96254446338237	-2.65335817339253	-3.08866150481832	-4.96146900621154	-2.32932214566245	-2.13722405197849
NaN	-0.5041783243441	-1.47594750982444	-3.1846554756115	-0.226878758274271	0.279402210793132	-1.70782394409294	-0.647030965262203	0.381089519216918	-0.218522726303303	-0.430449205151398
NaN	-0.0481537279718071	-3.88951429315989	-2.47685918701725	-3.0509311136275	-2.94935691195575	-1.59920596036536	-1.76275336741504	0.449049334347423	0.212830078116148	2.04010672947667
NaN	0.28013506610832	-1.37092958459293	1.70052192308712	1.76547705081461	-0.651253210855841	-1.47752184225526	-1.51078104287165	-1.92353627705017	2.82366637513666	2.14770096780732
NaN	0.523762159620882	-2.44167493463158	0.0896627338159743	-0.138928724117455	1.50454107882175	-1.39383605323933	-0.793432562843108	-2.72532974912676	1.09155369013974	-0.936889338752131
NaN	1.03743540354246	-2.31679687123959	-3.93371135976403	-3.84412542763847	2.5428038794576	-0.893697780958708	3.0113580245229	-0.563917184718655	-2.21458193172814	-1.78613805398264
NaN	5.14347081733244	1.05003278508489	1.290729972911	1.7678584438399	1.63924560349705	-0.64841529090448	3.00116517705598	3.35540345650353	0.499554985773653	0.261753630407242
NaN	5.28240998024145	2.04964556085985	3.64288788612135	1.49790740595213	1.77863692660057	-0.83163297645524	-3.08782626738653	1.54891810432687	2.50433711760697	1.55523334617954
NaN	2.47822815028248	2.35897633596462	2.29982739241339	-0.768098436259106	-0.168992734559284	-0.439066454152729	-2.7591241568911	0.277945700311876	2.21828487158021	1.21070099558972
NaN	-0.904599209347799	2.94744388501619	0.729519935052683	2.23275101856297	0.0164911987335091	-0.508308210294897	-0.0687316128217973	-1.60860314230004	-1.43753589338295	-0.806160228918217
NaN	-2.34273748229414	-0.204075686755558	1.46153841647329	1.78692794117349	2.38357201076488	2.77798247691778	1.22341982293545	-1.71133555091711	-3.68006260728997	0.200339421252456
NaN	-0.544442227242245	-0.467376644377765	-1.87662409043051	-2.24847776170263	1.90990126708112	0.212963586443991	0.489947734938524	-1.96292886094519	-3.14343277515983	-0.483573165991613
NaN	0.421226787148277	-1.48604774322149	-5.76950090524301	-4.6540826511143	-2.46527103010769	-1.5918873396444	-0.871000424578642	-3.56916645737797	-2.86197562061595	-1.31521294045822
NaN	-1.06952286700774	-2.87367209446846	-3.80515365921406	-1.98008486595288	-0.312220762548263	3.39019206492378	1.18834197598971	-3.18913254473243	-2.17175194958481	4.03190150077768
NaN	-1.01627399804359	-2.28876068396674	-1.8662759175765	2.7655051571057	2.60985800883843	0.90073803748326	3.91555619294931	-0.699898776937001	-1.18110111976988	3.69112638515198
NaN	-0.377556476753271	0.213289540206852	1.70693244998664	3.04363214499872	0.912292661002961	-3.16531255025735	0.690602815251793	1.62300994213882	0.0223403597493071	-2.91010863709294
NaN	1.56381948288117	0.846257668601652	2.56675250005099	2.13390812661114	-0.77530503592692	-1.19263631390799	-2.98402949092046	0.269058377816468	-0.572289984524028	-2.96870917095308
NaN	0.321091515920239	-0.531471293858625	-0.538263698097263	-1.9233514406771	-0.593365263919186	-0.70256341390364	-0.926088008957568	-1.9737487803672	-0.666740734443461	-0.71046183366263
NaN	0.392872565883462	-0.335806868688668	-3.09006519025427	-5.31486375158697	-0.536752545051399	-0.500042863432464	0.269061285702965	-1.88389307507318	-0.507437932569516	-0.460913015248426
NaN	-0.315499979592552	-0.0539125312937255	-1.58039621495844	-1.03863908406072	-1.23033915412686	2.56361734099508	0.876142099372317	-1.00184158745362	-0.0307356153377549	1.48136007643594
NaN	-0.780185661772079	0.0317015054296823	1.94252794915336	3.16865988035923	1.11447286758071	3.57747384405771	2.54619948471771	0.892794457520082	0.622870836981668	4.59498143538186
NaN	-0.584029941706143	0.288349206551648	2.72137545137342	2.09652103829399	-0.954536356089004	-2.29355059878638	0.207196866878223	4.45926706617731	2.4513222793188	0.621933934668554
NaN	-0.240120263224963	0.748214205416814	1.83341877482705	-2.53247543814586	-4.03298817828051	-2.53368476238478	0.914722356662881	2.56205514926526	4.51044174778149	3.31359092946189
NaN	0.515442324086799	4.20751140347753	0.887567968980596	0.516529669244078	-2.5677466555799	-0.688833376052269	-0.79031438169779	-1.81254053328188	3.93729335008604	-0.131079894937238
NaN	1.02695475926605	3.87018351894769	2.15816807869242	1.54475363636376	-0.595553577515465	-0.75591904431973	0.424029035132085	0.19314308826196	-0.0683106150987415	0.766447063170542
NaN	-0.439960485633077	-0.500008470123976	-1.91454304139736	-4.02660128825357	-2.32037343543358	0.0323485656341541	2.97892583849006	0.869718491561073	-2.03816865365962	2.29226088359115
NaN	-0.305487775614369	-1.58172801163022	-3.06801276906101	-4.2739935258028	0.505989366683735	-0.192923885409538	-1.53444171366985	-1.42425541476589	-1.520361728507	0.380787708177355
NaN	-0.275944042735308	3.67957251376645	1.8304620754354	-0.186227352303653	-1.77341500351907	4.1284931001296	0.172814389205217	0.225608709399722	-0.382545086731964	-2.5651855191661
NaN	0.0493165931950372	1.96642102888892	0.13215765566362	-0.784320397968637	-0.454435924362268	0.432510361297049	1.02823974538059	4.52957787085481	3.24789704598287	-0.377846915597591
NaN	-0.118722619678882	3.14380222736701	1.51110340291709	-0.307692810686111	1.35896702859615	0.273349180978359	-0.797167883630288	4.71499079133283	4.55988477134399	1.66686499622333
NaN	0.275873034102175	3.45640514411	2.79618989554174	0.441046280665774	1.69495439717737	2.77195584406891	0.88958504171726	2.14611484397582	2.94870828302378	-1.15571175356169
NaN	0.235250954505138	2.76576452195851	3.20406142375466	1.19642546135906	1.51869461885368	1.09788228825829	1.26005791734217	-1.25874238650777	1.46153000258197	-1.38194511484137
NaN	0.224607508167146	2.06398032860143	1.983424626197	0.8301350585627	-1.45842871553522	-3.77768790754907	-1.69231032629336	-1.38529465692039	-0.860379122954283	-0.829158163049464
NaN	0.328001577054178	-1.49034016646279	-3.2501082355879	-1.16305895018859	-3.54981395249441	-1.19392724000446	-1.58757308787104	-2.15476208815357	-3.62908854084513	-5.02296149847657
NaN	0.196701957720351	-2.61404235836269	-2.76458495131582	2.2576072015229	-1.74842249717267	-1.84669111535306	-0.907717202437378	-2.29032706038036	-3.77135537199693	-5.63945925742621
NaN	0.184567873810739	-3.33774560375831	-1.92998082601755	2.40682367168359	-0.123129748266252	-2.07486312338371	-0.836416311815715	-2.18585520062324	-2.95219239537444	-3.31800201797095
NaN	0.203969901662973	-3.89492825739304	0.44282828272942	4.03627258553218	1.5831312024554	-1.35513944124708	-0.885978181871407	0.256077669919058	-1.50513583561809	-2.09830800732565
NaN	0.0182119954374722	-3.25870282918867	1.47007217067184	0.796729289793011	1.32441894225364	-0.900072222620589	-0.491899706936967	0.474824491901578	-1.52631450206126	-1.7980797469206
NaN	0.379915269276215	-2.2925214621	3.00501890805351	-0.862793737998924	3.20231611788103	-0.562280623988982	-0.346664399866544	1.83816231116525	-0.0337135876765414	-1.03585997195635
NaN	0.100256232352333	-1.73982655126014	1.9091681297825	1.43796397427813	3.95951217855983	-0.431338259572591	-0.344937262566745	2.20930746068361	0.675638052753693	0.513285066560408
NaN	0.146720232232134	-0.589838766755195	1.37983795897872	3.41282932469483	2.37769295645817	-0.249154603598128	-0.202553242292658	-0.75497193769849	-0.86984053602117	-0.115781247145604
NaN	0.124538884389712	-0.52075428171722	-1.22950323323908	-0.778966781881046	-1.6567136793645	3.81669354158845	1.61691395623218	-0.836021753329321	-1.08043086272201	1.96881182067081
NaN	-0.0510727398555512	-0.949645301661981	-5.78352526781528	0.93557516323799	-1.63216834916903	0.0916829068154752	1.02288941787666	0.683048602250372	1.00052994088072	3.41345274400332
NaN	-0.157063381159577	-0.572682881795574	-3.87467809462655	1.75828401748977	0.360667627278269	-1.85090195369852	-1.03483161413798	-0.744317317246892	1.86422300950368	-0.384354470153431
NaN	1.31456924113665	0.549067063944624	-1.09879051769947	0.00446733547940567	0.118857236714876	-0.208912940539493	-0.361487255151018	-3.03500468042912	1.52545239351017	-0.847788931459113
NaN	0.80139909039694	0.445456241676716	0.0146267160663326	0.3855494937731	0.0871955906742321	0.0373499980113988	0.235617579305543	-1.55765959372315	2.51891065234348	1.12628196260505
NaN	0.914694310709659	0.766311165299472	-1.50909071907561	-3.34801967923173	-1.26197377688644	0.00570929408272802	0.101918943011701	-0.769421645014911	2.47504548595226	2.14887966934155
NaN	-0.334046735395123	2.42699933989744	0.322051297551622	-4.34273580672307	-1.86284889519163	2.68628245265497	0.889563574778239	1.06773057723245	1.69968305794466	5.30024332772689
NaN	-0.723530041276877	1.88878192508414	-0.254233933693133	-2.93122461650949	-2.23589836228797	2.33840988477596	3.00526373874057	3.1122968608007	0.828502850361857	1.80657047264566
NaN	-0.862929021252406	0.0352048306247563	-0.217923440347315	-2.07477717882573	-1.75232818794569	-1.38076840596676	0.645166780124686	3.56337178748854	-2.33920040028974	-4.06503257668646
NaN	-1.01839979001826	2.13473193999624	1.09551341868049	-1.31978476119887	-0.785775483257856	4.0895838666584	2.15068381601099	-0.0719613354952135	-3.61855834790811	0.23248186364803
NaN	-0.675506114115936	-0.154340742680165	-0.697095786444268	-1.34627133375788	0.766320045367172	3.80717623526119	3.77761953850713	-1.47101485671884	-2.36382627334603	1.6135801563083
NaN	-0.526165593589678	3.18191257116292	2.14016111176364	3.55512461527757	1.58931651453569	0.888956904563294	-0.131178074540451	-0.747460941786026	-2.25641424873657	0.0590914705201753
NaN	-0.463158098898981	2.96048619321319	5.04152115729279	4.76791388403066	3.45401470396251	-0.594853252524028	2.50234912639455	2.6771298123536	1.82174952032962	0.453818153312012
NaN	-0.408170450547833	-0.183319962165818	3.24952586853273	3.18769756208536	3.32275508606207	-2.83131302780275	2.51323822978446	2.40219417212617	-0.252042630601726	-1.28840349557942
NaN	0.837919750425144	-2.73521801384725	-3.50026916360931	-0.311624274522539	1.37753569822643	-2.21264339179861	0.847265691604519	-0.846589300238153	-2.0014041675613	-0.82865339879195
NaN	3.97259692486168	2.24136769690729	-0.894859131514773	-3.58268365419161	0.656846820246385	-1.6265576433839	-2.3064792497231	1.19577915519581	0.164678306458794	1.40810533768654
NaN	0.348248372558834	-1.03547971804368	-1.97772555386821	-3.38297109964704	-1.0895096732103	-1.33248261993235	-6.7944991200151	0.963244941563646	-0.332192028611699	0.0177828872780906
NaN	-2.61620961250055	-4.04551647462939	-2.47892234851203	1.76160291010831	-0.378816246081474	-1.09400405696595	-4.36218974988993	-3.4843056251257	-1.88616245451543	-2.1079011202211
NaN	-1.913111982378	-2.89128219443329	-1.70324991872341	2.90868443416552	1.12018129496038	-0.761496866448556	-2.22022616478634	-1.6970327328721	0.584444719096033	-0.474676290654883
NaN	-1.22349309619552	-1.86836397873678	-1.12559267615027	-0.423356365509185	1.36337280157152	-0.731508832023899	-2.36252239856986	-3.35592150125411	1.21419292771338	0.305755245318711
NaN	-0.961737045000314	0.777997368399687	1.06190295915715	-3.89685611012441	-2.01695096980208	-0.236354998360173	-2.02032512152286	-4.18491116977223	-1.92340522224833	-0.914535421942479
NaN	-0.311318539688346	2.01008674020506	0.960774241460727	-2.20189957268149	0.401172896555147	-0.282499904727083	-1.46848230569283	-1.38306185799584	-1.46260812107182	-0.544630662024725
NaN	0.235169657870111	0.935735071652792	0.613421795484028	0.254320069733477	2.5855784305243	3.03252150530974	0.132873679521841	-0.8806466344917	-0.616282408506955	1.27674730540858
NaN	0.767803585734454	-0.305631365672418	0.987706285380365	-0.705728977671983	-0.0412213184047658	0.00334892270268457	-0.133121231373803	-1.51044931349659	-0.512290091387018	1.95385448731672
NaN	0.867242254323952	-0.767946079081885	0.56439225780231	2.78298180629829	-1.33250544279468	-1.39032625385529	-1.10449801840685	-1.29103870129777	-0.341281677228809	-0.375352049049207
NaN	-1.42306424277424	1.15294467126775	0.451882763773773	3.61090707103644	-0.123682099261199	-0.286832562974704	2.14277334012532	2.32048896568217	1.55831681280636	-0.322659886799838
NaN	-1.39638141067771	-1.2147868783668	-1.44555260264261	-1.68127159660843	-2.05248519546598	0.103278934277682	3.01668111354544	4.34113392774929	2.08505077003396	0.776575363606795
NaN	1.05697417117274	-0.829229729486168	1.61648011946154	-2.42572762512416	0.69010100022627	-0.250490340141634	2.69750712407255	0.974074104975256	0.850901799221927	4.23930853070023
NaN	-0.446334508675321	0.0770266898655631	3.75435870253368	0.194529430871694	-0.511812886788146	0.143844921478599	-2.28396679958245	1.94021273807532	2.35273435392231	4.63832190156229
NaN	-1.39167516151869	3.42148303037284	3.45029228191444	0.826853184569628	-0.414457265575525	0.172791726031963	-3.13799175048524	1.32738204495319	3.68070033938701	1.4430218802254
NaN	-1.25892583321697	1.67386262669721	0.987625096629043	1.59288055534254	0.725975904007451	0.208523497202323	-0.516877930042462	0.465234910959256	3.42212223787181	-1.96660021734602
NaN	-0.564203748835314	0.431047921783983	-1.68783970513239	1.71303933285933	-0.922765043153616	0.255460527591843	-0.235024320899765	1.80064699190239	-0.0293757405936863	-2.09391962582543
NaN	1.6381318034741	-0.159257905169498	-2.10032410771879	-2.5963486258979	-1.99316318713122	2.88748234040538	0.656715920726587	0.91417797417242	-0.982590199675365	-0.491178187492923
NaN	1.98406583323066	-2.73661755994538	-2.5928282643314	-2.55873768543895	0.169272080910992	0.0764252989826031	0.202690911520623	-0.391501613369745	-0.554199905405288	-1.2145484953202
NaN	-1.10676679519383	-4.19323726484379	1.26295775530222	0.204540677643018	-0.415512167458216	-0.0373077889949639	-0.0438278762061773	-0.564162014244993	-0.891628931253076	-1.50009937977082
NaN	-0.687561852500398	1.00659412006626	0.54402996691343	0.046068509757997	-2.11435017242521	-0.487854501408359	-0.0897405980389913	-4.10247292924631	-2.23950466378595	-1.93332417327216
NaN	1.77679943231315	2.58180676612929	0.101426992276229	0.959076351089552	0.0733908905678392	-0.208762920325414	0.0718342507450686	-3.98699952973957	-1.7748902971313	-1.28068275675675
NaN	-0.50458459560852	-2.29724454502883	-3.98093559792568	-1.38926224293859	-2.26138234094924	-0.0627586905766907	4.34164018211186	-2.06969987497175	-1.08195860368253	-0.980009084061539
NaN	-1.65800779455262	-4.92503171986979	-4.15503429850269	-1.19162740284863	-2.88320683014261	-0.129172005085811	4.59871678023029	-0.765707617582768	-0.501051730501904	-0.729840633791986
NaN	-0.491314940301454	-2.77939795838664	3.41633472627415	2.06897327805691	-0.679548329502108	0.669373250900253	-0.356254285804907	0.829427758453222	2.91725093939767	4.9400958075991
NaN	0.458843205041926	-0.830778886756891	3.55488027013042	2.28640814927573	0.791219957474666	1.2863938996953	2.94912328534294	3.3536067518959	2.80402922254396	4.6049637889397
NaN	4.09128707457388	1.73349862638978	2.62188804821927	1.85287265585181	2.39002893107391	4.12667657212672	0.90624562828659	0.301598418707596	-0.724842663732746	0.817002372943216
NaN	3.50350742571818	1.84536267845923	1.0719606418059	1.10484413145879	2.09942667835117	-0.0581478393595668	-2.40503430028774	-1.19661812964316	-0.924042910059624	-3.59976511937812
NaN	-1.00207232838937	1.56724312661918	-3.18709245884178	-1.09646946419389	-1.06946639398697	0.345225168255288	-1.20028399528273	1.24425985256968	-0.060058114163747	-1.43465564490203
NaN	-3.24321134585026	3.48279222589027	0.026973490185911	3.36088700693346	0.201722602195882	-2.24589554919274	-1.48511423247857	0.147121130052745	-0.632919983960631	-2.12168594860784
NaN	-2.08406164232149	0.321390699405738	-0.499687919566419	2.40080687027863	1.24614275393054	-2.07139271245992	-1.79921173143805	-1.06005156622081	-0.341775118602459	-1.85207947884318
NaN	-1.06680832772424	-2.11798438484398	0.313281841758181	-1.00016412027046	1.23134728070322	-1.42159205353991	-1.3607067011188	-2.13030750271943	1.15692739542979	0.433084812221404
NaN	-0.914609013884225	-2.04549612265348	-1.8831980265373	-2.66691599289562	-1.59399655979727	1.25989065017191	-0.18078921979977	-1.33365720599942	1.77931898575482	3.93434022641973
NaN	1.45404134492244	-0.46245551872439	-0.874600663379931	-0.486351060275449	-0.176403568321026	3.35308818716861	1.92870167205101	-0.588546671895678	2.21706032824301	1.81620997760274
NaN	3.39415592204735	1.17194892135122	-1.66375110180212	1.94846785606568	1.95753210719895	-1.83175956980873	-0.00381952648779259	-0.274607216437336	0.406186365985129	-3.0774163363678
NaN	2.43583717027462	1.35848836434231	-3.80703200132284	-1.29213320055271	1.32300963612826	-0.65836511603618	1.14175473870623	-1.62028066616685	-0.961925439391381	-0.305121695192684
NaN	-1.45118566054887	-0.569008200545294	-4.66846516047427	-4.19002106398851	2.30323321622989	2.38336165687591	5.05420667011963	0.920421452350392	-2.6326675386349	3.0415083739892
NaN	-2.8095674909081	-2.18608205637108	-2.68286627473071	-2.04903053072837	1.93865496877339	-2.14139292748822	0.950757098908092	-0.0636692304122008	-3.29188576895997	-1.30318813011494
NaN	-1.74336978203424	1.11110270980913	-0.792543444633641	-0.9319409373373	1.14336245358615	1.13096292759774	1.83666928895684	0.676273019479014	-1.38319391359438	0.939075049912979
NaN	0.392818020162496	2.43754255993596	0.858744324303832	-0.195724806946412	-2.01668860907782	-0.199200538528401	-1.02878094330226	0.349450039392342	-1.16351506502209	-0.207485763982583
NaN	-0.0526116257333151	2.32324929197613	4.06637252924556	1.73747093484733	-2.41045710921165	-5.12571171042648	-4.40957393125722	1.55686584221975	-1.03856528183092	-6.02233389600081
NaN	2.57362123022386	4.3745169321695	3.00801875895004	0.979445402071401	1.29275139168981	-3.25881585432196	-1.01402767671039	2.60777598713429	0.586018004998781	-3.8718431066337
NaN	1.2206483701146	2.11866867872525	-2.91812476966517	-1.85484534089044	-1.93560709258827	-2.03221592257949	1.94617459121048	1.36116316724797	0.446742378318461	-1.97735163902651
NaN	-1.95848095395491	-3.56265585564988	-7.55159505324259	-1.70627726690193	-4.36296995053273	-1.88932474110479	-0.943126318923243	2.86184904857045	0.987246584945596	-1.56892413951193
NaN	-2.00023309958288	-3.81855991704828	-1.76279199118893	-0.330374666608137	-2.76387529231347	1.2847994633572	-1.60803021220864	1.05246530184162	-1.16893838697467	-0.688601589848564
NaN	-0.85172862666377	-1.9691214782558	-0.464692014023972	1.08447556709241	1.74764292107671	-1.53510093323352	2.40125383326983	-1.63330560174444	-2.04964255494923	-1.66342318676652
NaN	-0.660069361606102	-1.50287451902434	-0.694088009505852	-1.14616022102937	-0.515943789183429	-1.86462465212091	-0.249395506568674	-2.36906724502355	-1.54253780699251	-1.74740008214187
NaN	3.8958137051028	3.5618862439242	3.38671046541695	0.208945615837278	0.259009034991508	-0.818597490348081	-5.84206230569727	-1.59220721966292	-1.04386503862522	1.08873454291709
NaN	3.88844575861896	3.85103034043096	5.22273619467178	1.78854340811206	0.945040583281545	-0.505307280758953	-4.12946754030922	-0.0853022461010148	-0.344073462688086	1.16424294639792
NaN	-0.733439067228672	2.87174307864056	4.00630781684387	0.812872349977967	-0.0436333093818835	-0.236545146680521	-1.07199880787568	1.59980894525229	0.62711219617687	-1.21730111333686
NaN	1.31225064860812	1.21909971380849	-0.291798587369754	-0.709097725577387	0.28112147829837	1.68016721411598	0.728304279013799	3.62063937665219	1.76358719221945	0.603838491840225
NaN	1.36280593526625	-0.707665066748882	-1.2221071681707	-0.66099206793946	-0.563075556485946	1.15444970267515	1.64023106279883	0.506912338849735	-0.242950045997209	0.840717171980638
NaN	-2.34623953207739	-0.162639803586294	0.557293045458196	-0.326955214898855	1.07239536953165	-0.272384775394489	-2.3212845374054	-3.65276899530907	-0.854929728628967	4.74976656119765
NaN	-3.00164292537678	-3.08105382670783	-1.40726841023425	-0.912737273449245	2.37198970203233	1.20058616185293	-1.37507792206511	-1.36472105941467	1.77831162250542	4.65627273033513
NaN	-1.70314364918158	-3.28375866913736	-0.509087750149507	-0.228496549338974	-1.0480615203318	0.15927509998811	-0.257413587085089	0.831214757930815	1.58019389353912	0.0552978088101986
NaN	1.12392946868987	0.372710672679523	1.84374729784691	4.19454394254797	2.28187434214908	1.70511254351977	0.678582798946244	-0.940575443745647	-0.862412707017346	-3.15297450295538
NaN	2.74747801327764	-0.11706902923837	0.781069991539661	4.24662502881724	3.64711461397043	3.45599866644671	4.88726360082678	0.259868571946227	0.0542357543426433	0.610924007607433
NaN	1.32731627829487	-1.07539790404542	0.414350717781041	0.482451549762637	0.986692272239295	-0.856119923722546	3.92841153927526	2.31009056864584	0.973566560233528	-0.605501199473993
NaN	-1.0794294408246	-2.02346837217079	-0.37194990396265	-3.88376431098739	-3.80676270390364	-1.95671780752195	2.84568738286303	0.858094635631372	0.36994949146369	-1.40664441896706
NaN	-2.6913266055781	-2.14712480237152	-0.0252251531034399	-1.99409961781527	-4.02368985871555	-0.348529033750839	2.43495749700346	-0.149570738869028	0.30106287220029	-0.7874121097407
NaN	-2.04444254604646	0.726576713374086	1.89488490860526	-0.438740459162501	-0.66407100339614	-0.194520762782825	0.712790023956862	0.33769180645802	0.429814756652363	0.0279229094425992
NaN	0.362875357851157	0.434750811462185	1.40518054562287	-0.763675165152557	-0.254101035292389	-0.295882300424865	-4.24015222530498	-1.40009802692599	0.31434890721508	2.5995931506488
NaN	1.63752653952744	3.79822272642277	4.17797539330598	0.816364087806434	-0.788821398898036	0.0507777609062123	-4.27740372015724	-0.852792114244946	1.36551835170594	-0.261663200462111
NaN	-0.94688846739028	3.51333625830666	5.9863385799018	4.33080597168183	2.4948926799973	0.334993015948852	-1.85227427562832	1.58107128470151	0.602438770256795	-0.656436986386988
NaN	-1.72690131779506	2.37494764655944	2.37410400216289	3.88307976956421	3.78076239100955	1.55300596204523	-0.383975202279318	1.35085119484449	0.259929222932474	0.69424010297156
NaN	-0.94467802303443	-0.457707289977659	-0.987820124435829	-0.345552396673123	0.0892528168063862	2.32572372719636	0.0069145682630422	3.21525101304267	1.66199837535057	1.78146624478459
NaN	-0.474021909168799	-4.40081835229971	-3.59214361686551	-4.95799085454334	-2.4803884676545	2.49629163488355	-0.351849152553127	0.426537056895096	-0.144236167762105	1.16941525353139
NaN	-0.00153140245872648	-3.92660257598733	1.33325430371898	-0.584457413262449	0.38254800697732	3.78261138762632	1.62240354811685	-2.38937609938566	-0.493097257297121	2.15319054224407
NaN	2.89255436124057	-0.349152105891482	0.681435200381931	2.56217625267449	0.103993188321989	0.891507060315085	0.968188380648616	0.716007885353719	0.638664075714972	1.15224221388476
