NaN	-1.02485572211347	-1.53802882631482	-1.51932067357465	-1.42767400880843	-0.467028226502009	-1.33811742593392	-1.06598793669505	-2.77585835341597	-2.3536752344634	-2.1777606560334
NaN	-0.67748007558163	0.260759233920127	-0.961469738144423	-0.611572120289984	-0.886800711063492	-1.02247996174603	3.21601604405326	0.706695678023664	0.0552292312542018	-1.21385341218192
NaN	-0.536703147309674	2.33554796819328	0.349763441014966	-0.0629916516305488	-1.72248263431624	-0.93655186183291	0.635403425263666	1.81307576419715	0.55697032814403	-0.736162779311648
NaN	-0.282647463406331	-2.3854271243151	-0.974276982378042	-0.718364063364902	-1.57905762884146	-0.418068569964403	-3.04618257105122	-1.32073729306789	-0.47177633731338	0.543161715265213
NaN	-0.264051813261967	-2.3817789446948	1.24531165692692	-0.212184198607305	-0.480000285397092	0.135312432318131	-0.962823283137541	-0.518582548612438	-0.3709018824369	1.60549711611485
NaN	0.306334427324605	-0.0215760875065714	4.1383552942257	0.931497801928895	3.24255217126619	4.59120658781536	1.10702943508342	1.76717847955225	0.825656802102365	4.85897485415302
NaN	0.062424935742513	-0.245025852203856	1.01848634639858	0.312298353584956	3.46080017174797	2.37313766976305	0.0299628301771153	0.999719101040735	-0.000371052418665072	3.16925227178631
NaN	-0.0109192256818771	1.37326104998717	-2.91690995775477	-0.564714772732219	-0.44340931179971	-2.46574840164057	-1.89984389187895	-1.79613595379591	-1.42883273792208	1.3478027131948
NaN	0.211379867637194	3.8558515355697	-0.0333913840320075	0.0128301738251899	-2.02637960949819	-1.80408697649841	-1.13962860082393	-1.48701837187539	0.151086055353461	1.42899367836636
NaN	0.991904063581635	-1.25852272941119	-0.825443967281342	1.1969834196242	2.57051529055407	-0.610808580247743	-0.396919264645661	-1.42511347730969	1.30941526916788	0.995743753010166
NaN	5.1203938816842	3.21303895325842	0.0351085809775198	0.191755923487112	1.90135736962859	-0.518031974370995	-0.38321974063538	-0.835225260690013	-0.842787464746107	-2.29126965455236
NaN	1.15210213484149	4.37258134114015	2.9713358835193	0.727169088881364	-0.938845387800165	0.857261446664248	0.335886991199096	0.515326999932131	-0.325270911203651	-1.8508908853189
NaN	-2.64399432684308	-1.40240217027406	3.61071157104409	1.2662706117613	-1.29048076822843	4.70614356734799	2.12611919070284	2.50570385268335	1.37870753078903	2.37590885749
NaN	-1.48222669732406	-6.54570913865395	-0.498756878543065	3.16906428205036	3.1986602441424	0.764430231791144	0.258565422135113	3.18146345494404	1.89997579836162	-2.6095469628851
NaN	-0.485530583620505	-1.20580355600238	-4.25690989452184	0.683540924143037	2.92985709638906	-0.844404744205714	0.708764874741334	3.45983664879671	2.31979744779845	-4.63739492112916
NaN	-0.465126702036774	-0.437276345977391	-2.32172440463351	-2.11559839752764	-0.0755228718115507	1.82090799578685	2.75585142775102	0.93115200659408	1.31354527839543	1.50837764620154
NaN	-0.3160720850832	-0.806303367203746	-1.25835461711938	-1.31487572745335	-3.78904815803562	-1.2878242385901	-1.53129675924	-1.79082831057339	0.810512922124446	0.455155537075567
NaN	-0.207112265088007	-0.775304800771824	-1.22749603225698	-0.870255686715674	-3.59677408357427	-2.53502641683284	-1.53546327848999	0.916341414866992	0.286175861164747	0.40219547143761
NaN	0.00919061960991417	0.368924683739704	1.18175254025414	2.42187143859967	-1.03679829763298	-1.50423517081567	-0.322179239794217	2.5743481360818	4.07068976491887	-2.34798228805557
NaN	-0.116330422808026	1.82074129297028	0.594262001141864	4.13980641368987	0.332292778729064	1.02440281364701	0.718620950670985	1.21453420470057	3.17312611695505	-2.58530034343332
NaN	-0.0712725370478545	-0.948236869584891	-0.576120988866897	0.414559366293281	-1.12355450234898	1.94811721380567	2.69179652378071	-0.399139855917972	-1.12586419470838	1.70110318575293
NaN	-0.271934114881804	-0.809328093007768	0.725076927671373	-2.17290624664138	-1.76037600711106	-2.09963058907752	-1.1071594732538	0.978910552326181	-1.54961766678879	1.41985307443634
NaN	0.093978417085476	0.35179745852407	-0.947178853003793	-2.46471623207492	-1.63643268727627	0.332588226673567	-0.622407284116338	0.582136381597083	-1.32735320711732	-0.809895511549926
NaN	3.98922191808458	5.92472466392365	0.985417896766932	-1.20107788744683	1.60030242048469	2.40615691635715	1.10246647215169	-2.42488966151047	-2.57300896576682	0.465353870490005
NaN	4.77572771552898	5.45896234565143	2.38481437504845	-0.546705938845349	2.86581328176508	-1.81787120610493	-1.017207664009	-4.00247601100772	0.865937430015831	0.490894409916705
NaN	-0.243417797139792	-2.15016183241137	-0.436866630241263	1.70900628470683	0.846022523624576	2.40235764947818	1.08089504181161	-2.43341662548986	1.56110377630216	-0.403982004805615
NaN	-3.6922178030778	-7.2632861944492	-2.00456554630558	0.0344588967155048	-1.69291657568208	1.30568429313422	2.05392528794758	-0.602995100918521	-0.882250809990914	0.348887630310197
NaN	-1.89468914749119	-0.385119008786603	0.817644780407935	1.27274710170367	-0.173485396195668	-3.56724513379802	-0.697716508249385	-1.07328551013146	-4.59708617325404	-0.251833632253962
NaN	-0.777484824429029	0.253280243473403	4.12873592139677	0.450807592273908	-0.194530464201527	-3.1531894729385	-2.15247111687807	-1.48890883435277	-3.39191513919431	-0.3980641791988
NaN	1.81810531291287	3.22354138040293	3.66422365315314	-1.25777036775997	2.97070515847722	-1.55978138968601	2.38155512906423	0.399496049283156	2.24867643332351	0.415646309064677
NaN	-1.28181237061863	4.61382591480337	0.978032857814991	-1.52822836790682	1.13619569353632	-1.09580294182647	1.20690868527239	0.676939700528138	0.97117128102214	-3.54632284825382
NaN	-1.91253129681376	2.76113205926069	-1.74741179077913	-0.447009041931692	-1.67288321202177	-0.884049691935974	-3.04086626186789	-2.28143035707195	-4.4766079827789	-6.83486284750508
NaN	-0.274171680003586	-1.53261154858126	-2.3294595777295	-1.30989542417696	-1.50497308788115	2.70012411707552	-0.0688941232179113	-3.04958656423904	-5.54942033979822	1.17943191499408
NaN	0.595724797663721	1.02884114595824	-0.975377892403884	-1.77389837284028	1.79903477240399	-0.422677116230465	-0.98148843872893	-2.13834248672666	0.16564746354763	0.839827359320863
NaN	-1.24472590445376	-2.5843327186457	-2.06529174051293	2.40187434841842	0.798621053313657	-1.77515637343316	-1.53473178259987	-2.17622940586762	2.4078869253503	1.75476979819753
NaN	-1.13164400497406	-1.68772822427491	-1.58904033089628	2.05156926990158	-0.707168086203188	-0.466445903009152	-0.865496317534886	-0.861185851319481	-0.997254037701884	-0.39551070680276
NaN	-0.581750243728167	1.86043562787524	0.376002870481237	-1.94781380695076	0.227980300744863	-0.182852328730075	-0.661535723525104	1.54073034291933	-2.84934307010443	1.01240016976559
NaN	-0.444797516084939	-2.54544780540968	-1.25449529402774	1.04126132455669	0.426553034087738	-0.124404562699605	-0.490581724627477	-0.379926209489152	-3.21152942907727	-2.3155576896765
NaN	-0.335386618392819	-6.00634881312963	-2.10249216052391	-1.08748123419483	-1.49367446870607	1.70849127892138	0.308444971832065	-1.05211130600787	-1.05881983818824	-3.52017398743549
NaN	-0.297962166155451	-1.6704541704792	-0.837150002100249	-0.150651410168984	-0.547057157653655	3.25505719509114	2.03472929170797	0.0539984296189497	-0.533330348804099	1.6704211934342
NaN	-0.178709350704083	-0.86481968045011	-0.536317587529027	1.66355823060477	0.280192940287078	0.774212410280056	4.05981188964273	2.63292442820581	0.519503728333331	2.74428110153065
NaN	0.0831318138540747	-2.04623050204208	1.64159449319623	-0.668797256657027	1.47976738296072	-1.60782809729303	2.51332818337004	3.08418651914133	1.07067299946416	1.32973675080032
NaN	4.48358390667493	1.48202349905553	4.0814091442292	-0.304205931428565	1.79197527432079	2.90306166646368	-1.06867196707607	4.29318694102152	2.6524463343909	-0.748470047656575
NaN	0.863637344096865	-0.319285875259524	-0.777608946222778	-2.81194250308338	-1.3705193616062	0.751729607107709	-2.56051924241975	3.54975433295133	3.52274217573433	-0.264253500559466
NaN	-2.05760887339354	0.278144590590407	-1.92813125977182	-3.16461384471075	-2.19970041838045	-2.33902583925912	-2.11292721863602	-0.553256626855845	-0.427391018737722	-1.9448430406599
NaN	-1.12266518367206	2.96158292508721	0.863677577993563	-0.745316475319652	0.831727691113386	-1.24320209977577	-1.38987444954941	-2.42126194773214	-2.17559141225084	-0.96441459967112
NaN	-0.463514108861219	-0.556082415963753	-0.58960566418774	0.622385548075017	-0.0173822509260582	-0.66223591020873	0.426644088465212	-1.3688347553325	-0.68530751877726	0.0798405137416172
NaN	3.18402979617588	-1.44143399904073	-1.03051497976219	-0.94929482604815	1.01776283691411	-0.492012864725396	0.105180954041035	-0.320986875132541	0.211488003195501	1.17958170674542
NaN	0.626716880063139	0.765386672426343	-0.251730860200508	-1.85595897860364	-0.730247781985249	-0.253722254369361	-1.7616331595304	0.129428916730945	0.82512632760646	2.96723735986869
NaN	-1.85352717451585	3.85943272891708	4.17054979526816	0.0902012527113804	1.26377281862969	-0.021383703066106	1.98122488886149	4.76768428045144	4.3857613998371	0.810186367732603
NaN	-1.09982608676894	3.06985427288824	3.82759590630081	0.953041964116229	3.16639234550639	0.217614351986849	-0.713349763503321	4.79296405271742	4.00152082075835	0.938853537529179
NaN	-0.50885102240029	1.67410137142726	-0.705340468357614	-0.259126286074289	2.11463111850532	0.326865385400124	-1.95807208676974	1.02502260437866	0.641428883725774	0.693375877209756
NaN	-0.460214740921356	1.01698057180293	-1.23129888481573	-0.0384971286601552	-1.22277061366208	2.47030862713906	0.205009419870333	-2.42289693447382	-1.30094140396634	1.47413008634519
NaN	-0.199398635611976	-1.43430944610808	-0.909267703131264	1.46116229845736	-2.53332697350125	0.285759719330859	-0.544993953545538	-2.90103019164392	0.92763332678509	3.30420756146587
NaN	-0.0419288415674695	-6.43837534797568	0.0143804745013878	2.28264604188698	2.14194876700921	-0.194589153469327	-0.436899317814055	-2.22026136910806	-0.323752405151144	3.19267865272169
NaN	0.00561488642955286	-3.83274204780213	0.949183582474726	0.15434059616813	-0.17977324179246	2.02639826352876	2.10956025633482	-0.110099731412288	0.039965728753513	-0.286287089954519
NaN	-0.135173215099532	-1.6563035602875	-2.68298117806751	-1.30398343202454	-3.69723759080988	-0.428556238961152	1.97982762356437	-0.37533622751834	-0.377248987681939	-0.807611831413206
NaN	0.0279032918193123	-1.60835318055456	-2.92129006011466	-0.692814766659472	-3.25345996148245	3.10870401257	4.33027155437798	0.817187320669223	3.6997574164653	3.82797262858761
NaN	0.201265729181336	-1.22538183482764	-1.2993656635673	-0.19401264695169	-2.08096109275523	1.64250387780944	1.79949741022177	1.07505273666437	3.61406063725814	2.17701612044253
NaN	0.431209137397182	-0.644559908978577	0.943945413825601	0.467606389153109	-1.35500674983773	-2.4067960305767	-0.548626836749885	-0.12016579183139	-0.742669819219302	1.95056581799704
NaN	0.173790152614521	-0.15907316843734	0.841346137220627	0.884291752517618	-1.01465211430109	1.49965101977008	0.540495609806828	0.251276116261459	-1.58956525202496	2.20313678455353
NaN	0.267480707754236	0.0966135813081967	-1.73034485684063	0.482139896399009	1.94648342560088	3.54652231112419	-0.533552151754549	-0.359171230954594	-1.07028620864836	-0.416161471606828
NaN	0.178225602333317	0.591566444192325	-1.13509765031694	0.949122213533364	0.0700884735651378	1.27845806480784	-2.2735387223765	-1.47224755533261	-1.29992759290203	-1.08404063802892
NaN	0.183515492762326	0.511215115412528	-0.452335279483631	3.43894354919651	-0.24165876445275	1.71985590809342	-0.671505894969052	-1.23357364562784	-0.977415924612062	1.02726244457399
NaN	0.719269256290435	4.68830773424556	1.34819030898441	0.823363597998867	3.06732524093688	-2.19875944502687	-2.62207666330789	-0.945761864483607	-0.735366011863201	-1.99632341313578
NaN	0.415540280602034	3.97024939699893	1.37904990345637	2.09390393956868	4.42086767678593	-5.03973353297376	-2.96443222999221	-0.880897352245579	-0.768264295123831	-2.80979209185301
NaN	-0.0202600945545577	1.96073487335452	0.651003074408892	3.79518439942173	1.76716643676278	-3.38885399129328	-1.90293946726254	-0.927488654637051	2.90192656066706	-0.503474718529112
NaN	-0.000146300433484311	0.235665156730835	0.153931141435213	-0.654910720494298	-2.89115190614791	-2.22353230145542	-1.36996331946026	-0.871338475187248	1.63932614552644	0.223158916601003
NaN	0.128658076994336	-2.31475900735448	-0.669062211347243	-2.31644075892767	-2.9797336212768	-2.07570706702073	0.0680797830973621	0.676009862277254	-0.731774197047793	1.26169004261308
NaN	0.186910705236085	0.700529631189743	3.18577335676399	0.671362073971139	-0.650954629627119	1.91386520611061	2.15938895943458	3.06364640437185	0.367547144120154	-0.0822686172758006
NaN	0.0867157871573947	0.89163228929414	4.37232436534329	4.27593502747483	0.930754183752293	1.96075987843953	-0.242877059688622	2.55242621483823	0.64452074130434	-0.20081522073367
NaN	0.178682100758637	-1.49792468203396	0.680536127561541	1.04254777455495	-0.697799949026202	-2.85215266306224	-1.96806455959074	3.41417932912552	1.59968269805704	-1.72248401381395
NaN	0.132043488339929	-0.871859403130531	-3.62575425415716	-3.02403888317237	-1.36918282884218	-1.56077811785273	-0.564667079968905	2.72820591737419	1.27505836252459	-0.798531083294066
NaN	0.0222629358498121	0.0594376131396033	-1.75204666416761	1.61578196275686	3.20361906054858	-1.46269738850763	0.00203719212847009	1.8834064048491	0.754755250079303	-1.07640567777391
NaN	0.109434013915151	0.159653712720057	-0.651968893744379	2.25219204154036	3.32612383586643	-1.48272537487575	3.84446741917209	1.88985207609699	0.844292517791376	2.22845166590801
NaN	0.0647032039844681	2.88654818401989	-0.018553962606176	-1.94205599288376	-1.37061310949007	-0.917543625550391	0.924803218000274	-1.14287204746391	-1.89136967805319	-0.310162335844998
NaN	0.210513624067921	-0.0108999974346538	-0.408076597224738	-2.07308607304524	-2.12318549063303	-0.626075258633734	1.88184835907452	-3.55492942512143	-2.89563800577512	-2.92713059336208
NaN	-0.00233743853784465	0.66951177171696	-0.25136477611511	1.50735254207304	2.86653209655357	-0.499724540106962	2.90842151799949	-2.02973886719901	-0.223929095562155	2.69046149542955
NaN	2.32240317894949	1.35844786377341	0.0284879449321412	1.35055427445932	1.88056542626554	1.22328697365775	-1.13713764368827	-2.6071651141455	0.0199045780103647	-0.852402267319215
NaN	-0.254520235575157	-0.83819925196441	-0.428060454960801	-2.68924307774803	-2.45044285391021	4.3207218287565	-1.08727986209207	-2.94154294675681	-2.75596643006584	-1.54543999335279
NaN	-1.03447175621559	1.48797309021571	1.73533691931787	-4.07657729895218	-2.9946638608081	-0.189905198556054	-1.84187340033561	-2.88783054826677	-3.08697709207223	-2.14065007763896
NaN	-0.531497458007472	-0.0703094099382344	1.17735158676615	-2.54245755112091	-1.66805114634427	-2.12511761790705	-1.78698727086615	-2.17810598805839	-2.05595773111164	-1.92728412467765
NaN	-0.248549383005607	-1.52415844073826	-0.942596697553194	-2.25561179044491	-1.24972713375171	-0.561098186046594	-1.27013952034112	1.11636844204285	0.688856864112032	-0.927116409146333
NaN	-0.384534189698075	-0.482389830282108	0.214551580036978	-1.62090331322124	-0.790031252004063	2.93405432897235	0.279817565601423	2.98289591806705	2.07019918856149	3.21048168576133
NaN	-0.19641375365578	0.755220446630518	3.757491110362	3.17494271417098	1.49758487037832	0.696992406075964	-0.370546890146591	2.15703917490197	1.22152262413329	-0.0983323491722806
NaN	-0.265291447979671	2.31915874289339	4.15638826873421	2.1566141515083	0.721394651822038	2.6272922467184	0.697238417545956	2.66354986486556	1.45142640960493	0.0487752879719313
NaN	4.12678260118987	1.30405345950171	0.251136241844547	-2.20713554223076	1.59078736145651	1.88351731668314	0.768247259662345	0.325726894263617	-0.496900488537897	1.52865933997694
NaN	4.34891389963914	4.96013351866981	0.130003529014524	-2.13248037010435	4.20474949941625	-2.25570235886714	-0.971128259662987	-3.50446941190499	-3.02720707777773	-3.66186875864003
NaN	2.88323206779574	2.27245680436794	1.46377322098348	2.31733107878235	5.04588422672264	-1.69209543222986	-0.0170038966019872	-2.69749446477981	-1.90336178127047	-0.841579264080162
NaN	1.60518345236372	-1.88147170651049	-0.0637604550037673	1.40389281089927	3.46381232124647	-0.693454849641767	0.810744239153428	-1.99067563914811	1.66941909600653	3.11357455590619
NaN	0.886351680490706	-0.408711880531693	1.12311685000511	-1.63536809594334	0.0475596853904739	1.07580389535987	0.661839508710032	-0.724951237498807	0.762211551993169	-1.66656988423114
NaN	-0.0544233927414535	-0.156726902110854	-2.63321875518584	-2.29960233282215	-1.04868115291722	4.3914447837813	1.9362193765296	-0.472762357768099	-0.895205225264329	-0.527391591288954
NaN	-0.478163765062146	-0.759217589250882	-3.86844237292323	-1.70188602525349	1.4361505126119	-0.287716007061445	-0.114385335446106	-1.65401248325659	-2.49182802581013	-0.799303877089528
NaN	-1.43591039887549	-1.42052071295296	-2.484355951158	-1.52040656002699	0.0840122205228423	-2.85655295213915	-0.0334395769647097	-2.25950520896893	-2.44893294123517	-2.57876092329711
NaN	-5.24039329142867	-2.50969061616576	-2.32487738056737	-1.20938322118959	-4.53660331193627	-1.35935146676971	1.76850979308689	-1.1644601615372	-1.19135077659458	-1.77692428810023
NaN	-2.5210589731698	-2.35694842212265	-1.0863719699731	-0.671675398887235	-3.27615968557386	-0.467874290063594	-0.800650102961452	0.686977683725221	0.278551665514333	-0.753328729988806
NaN	-1.37733492570537	-1.17225187195968	-1.00023659477564	-0.0518195860981615	-1.96535547891996	0.555301484873488	-0.457963207845603	0.53361295340384	0.177860057683527	-0.263823547961626
NaN	-5.47639966549476	0.0590140660141136	-1.38237160445589	-0.0885058290816992	-4.22877937999627	4.43136042643207	2.07673250876703	-0.221877692513601	1.084088616529	1.95965198883355
NaN	-5.59712562956759	1.638864200796	0.00299717993718765	0.449426212654681	-3.82840054747753	3.81218392127522	1.86698179506553	0.628124554758201	0.6287605491025	3.82521063726703
NaN	-3.56614485745063	-2.87173002313884	-1.32235836630751	0.220648648978656	-2.92398533992149	2.38679128047333	1.05633183911295	0.691985924832863	-0.559833263803209	1.52399089401937
NaN	1.17028692954101	-4.43035248367323	-1.61193680709045	0.431554761732304	0.266756172256926	1.1026961283614	1.4279608431884	0.282549735921611	0.0469634069156285	-0.972064267414266
NaN	2.56768263393171	0.672322532081399	1.17322826691188	1.07218853645822	2.59905728685442	-3.41287704687215	-0.955480400304471	0.754198420457162	0.314292260927389	0.314016557400445
NaN	1.84448073022687	-0.0131134335339585	2.45366473955827	1.49787715429955	1.08119480678	-4.46608081776719	-0.852900616000174	1.29137427134016	0.247985468433832	-1.56571122934322
NaN	-0.0446311228768002	-1.36439971036548	-1.09583901403401	0.657302825464098	0.028746634224996	-0.141157083821515	1.89991895243582	1.15840123309811	0.199573020339141	-1.08853053526024
NaN	-4.74887949692095	-3.85536607592854	-2.55378465097385	0.323975446020184	-2.00566136375842	-0.129286790270382	2.58269028042974	1.69361197790074	0.980273369961161	1.55529301002288
NaN	-2.4904955506898	2.58586253467985	1.83312125729168	1.14774949220476	-1.31174577688145	-1.39407993746918	1.01148590628088	4.07203849001933	2.9457263351758	0.813508972518226
NaN	2.07971944785234	3.20359251227736	4.53552535372198	2.25613012881335	1.4775626291718	1.33307715635249	-2.62587179584333	4.9634121390112	3.6222955443796	0.235456967972982
NaN	-1.74078640712776	-3.90041910032973	-0.309547216984674	3.20861464704607	-0.0971213617609426	-2.56888589677956	-4.13404448640959	1.39862367321322	0.34325010226814	-2.03132566152308
NaN	-3.65773418793824	-3.85954622725866	-0.429035697699101	1.25689437885528	-1.40421009835783	-3.34579252956043	-2.47354452440544	-0.107346868346582	-0.232582723448472	-1.18814888041927
NaN	-1.58365761563087	-1.83502193136159	-0.239272291910367	-0.637739675264358	1.61138252763595	-1.52548945094257	-1.86750465802764	1.68531999056449	3.152252499253	0.521401083578731
NaN	-0.638645195386489	-1.86781354707729	-1.49278947738689	-0.607077950307061	2.27891919497299	-1.17486408426433	-1.60504162537127	0.901755135572378	1.44071115916738	0.799908545315713
NaN	-0.263037592121369	-1.3612588404969	-1.43628021983494	-0.398646151496445	-1.22214820009007	-0.989466624006246	-1.33073247585984	-1.89702099015106	-2.67925583970997	3.8381744529073
NaN	0.227863841073041	2.03208521301529	-1.40981207197951	-0.162472231710431	-0.748189489416633	-0.461669005754841	-0.986929299655755	-4.96739782005637	-4.2429818771293	2.88128993869239
NaN	0.693779445542587	4.94767735098343	0.650719723652017	0.382158331319748	1.80487710806287	-0.19297695722383	-0.707619819223162	-3.78804057539395	-2.2619014516606	1.834825581368
NaN	2.47705597091706	3.03180463137503	1.4403600003005	1.71003292038663	0.565423254417779	-0.0641087092040713	-0.384901477953078	-2.17854561556089	-1.06987226383002	1.03994496583611
NaN	3.53761747409569	-1.93893164899107	1.18209445696501	0.0790597282058514	0.244331449985542	0.292833105122854	-0.0167793436992509	0.829158185768625	0.990173831834637	-3.09675299730453
NaN	0.82332562996434	-3.8274082186159	0.302549654601325	-0.331562344028041	0.231989828451066	0.43301566995849	-0.153718900139953	1.58440663717415	0.887504341296447	-4.14980590045188
NaN	5.14782357474441	2.77214609888249	-1.11826387273405	1.35651589004119	4.13044590995643	1.00562532192619	0.638878615847535	-1.72574712581376	-1.46424543190742	-0.584451807796501
NaN	1.35180652278806	0.0522628209233309	2.52724034707071	1.18940739054304	0.651746491015246	5.01060005583633	5.64395942172719	0.646679555844011	0.891182860138773	2.99260749416041
NaN	-1.40905581681558	-2.63771211515609	2.71841967112399	-0.293141291817408	-1.87416305993403	1.93540111661453	1.77811362105386	1.2690041099486	2.79619741473719	1.7250589827495
NaN	0.180921085081024	-0.260920939282365	1.93239739959533	-0.228129215738194	-1.26308661888209	3.76898900119111	-0.530533431539951	0.0959067946319813	1.74617298127322	2.02769885626603
NaN	0.705706591918953	0.49863875596212	1.15349900051183	0.844687190551932	0.191168328380346	2.50493585659498	0.0385013385790266	-0.183900493373381	-0.943942958560615	-1.601862248402
NaN	2.16302888643539	0.948156362140395	-2.73818064959029	0.463451253962362	0.368483787666334	-2.70285516286543	-1.58102794160199	-1.93402237683101	-0.0625526487501657	-3.0261160511836
NaN	1.21807881188026	4.1844056364129	-0.6976633947592	-1.56759396218209	-0.377746890416326	-2.63161605612834	-0.855609350869949	-1.08357433101784	-0.916684524627964	0.50932878976299
NaN	0.484905125153597	3.28451362028075	-0.576643661868063	-1.43964464893374	3.05306195834645	-1.15419909861352	3.4950319196734	1.32516368843882	-0.333143425396125	-2.79656321218872
NaN	0.423467624999144	-2.24474593827359	-3.63549501722971	-1.8490407637682	2.07752434088743	-0.126638480524342	2.75694785440032	0.389318620445189	-0.701599358874838	-3.54498319693133
NaN	0.761699427009699	-1.37247645752297	-2.89136421257431	-1.59878094822747	1.30096810995607	4.27406537042623	-0.0584747109137578	1.09921539851426	-0.149785895805936	0.518914163439177
NaN	1.92610042418696	1.37889785742807	-0.652617625495126	-0.957386811797048	0.488275931046139	3.75278219995956	0.927717713444415	-0.0836356878492122	-0.532040098946083	0.473521508317789
NaN	5.98782591096777	3.9957489130323	0.146076450516728	-0.664090985107721	1.19508525244301	2.26414693871073	2.08161803294735	0.267427043126108	0.0461992207596105	0.103122543407005
NaN	2.60827429422517	2.98740658600666	-0.408916891628124	-0.609312101008983	-0.605537297578292	-0.771365452956677	-3.17334661898646	-1.20614068511906	-1.03886645678176	-1.2140161702595
NaN	-2.07333377930604	3.51859398749621	0.697784973760776	-0.203728181337292	-2.09167267021352	-4.57567628309255	-4.60068445061427	-2.39057048402767	-1.81196361206941	-1.87874077643654
NaN	-1.41867104792523	1.30144705899265	0.261469605315607	-0.326739706109624	-0.897499704737843	-3.23267652373954	-2.27333450539857	-2.09123351747599	-1.34574986706935	-0.713812911699721
NaN	2.9502169847802	3.09773656019121	1.1456547731375	0.0995202323192722	1.04904383548923	-1.8755521946813	-1.66306498848925	-0.88288433381611	-0.397994719860164	-0.591011204500551
NaN	1.92555902935805	0.281660091627872	0.190818420782557	-0.0778029273876216	2.77273920649689	-1.60046355846099	-1.73001244310413	1.5315304374856	1.13219790320054	1.11411897299605
NaN	-2.59374325508328	-5.48933592670254	-1.12582432224766	-0.347219584560419	0.926530843566242	0.41350078084216	-0.173715812079759	0.459388392760754	0.0853545047550913	0.828397408402175
NaN	-2.150019144961	-3.40992371777871	-0.560411479250572	1.8455230255762	-1.71855731730617	-0.546848182298871	-0.223826040905845	-0.155041850768926	0.237060954190543	1.57414675494785
NaN	-0.905753925823165	-0.916085581714412	1.60492515102547	2.14090359260792	1.47939228809046	-1.00161393289268	-1.02474972911536	0.525491135062239	4.86686831766789	3.62487874168133
NaN	-0.912551550338142	-1.22843584156663	-0.26020052099137	-1.2027633786371	-0.0190675790709752	-0.70215412958218	-0.638576215102785	3.65145448556644	5.48029172671712	0.667074018432929
NaN	-0.768953877025241	-1.1559264774496	-0.396266507238745	-1.37422477337498	-3.35857050085138	-0.821744904608264	-0.078895684225293	3.14559844107664	2.60983190386482	-0.0769579276038074
NaN	2.67130241205879	2.74887082293745	1.47161171378733	-0.419094406812221	-0.945315857924198	-0.602822824277568	-0.0425001415738906	-0.891691410511757	-3.4418633178971	-0.885976944738014
NaN	4.29636218449096	5.78638824994953	3.3336142742137	0.39996082522009	1.03771576727597	-0.176803996211996	3.0929756819093	-1.23522994901336	-3.45353718215042	-0.277362050174066
NaN	1.45397252755659	3.40924146154346	2.37865755405436	0.340320881665053	-0.15592996938546	-0.189980551073341	4.59295587347541	1.31047795339391	-0.319224917396446	0.290150740842476
NaN	-4.16164432967826	0.459502231616903	1.0196345281685	-0.0709104115290107	-2.58768021214566	0.276298424471897	2.76969163471206	3.14949609228107	1.28545705136343	0.787112868568585
NaN	-2.89529952134777	-1.47208789002848	-0.0390168141348937	2.77715244382233	-0.114955536789952	0.202149307823168	-2.36200083713746	1.54150662996305	0.0757539474008785	0.985747050542977
NaN	-0.769706156235184	-0.186352146984153	0.480683161960424	4.14402535232103	3.44994458804519	0.309805057511598	-2.4652675447237	1.34006063320447	2.8426481121886	2.36996434058783
NaN	-1.87089390218412	-5.04220226540822	2.27454032527662	1.19851030541605	2.43664141594165	3.02590637298371	0.0433954086148761	1.0991421713905	2.24926463059636	2.0824934890012
NaN	2.45554468381564	0.145529852211643	1.42246755796861	-2.61567534591287	1.98739855932769	5.32171254139456	2.16211674184399	1.48662163494728	-0.682675294630192	2.17318025676005
NaN	-0.163427172001017	0.355727197910003	1.91297416207358	-1.59001291654374	0.265689375324862	4.06856201944459	3.62250590827586	0.0763951212744383	-2.07564456234924	2.12400877427148
NaN	-3.46887600980186	-2.58971600644727	-1.74986042793071	-1.69076133414862	-4.57942651281487	2.62488496948357	0.12146295223743	-3.13955324541683	-3.68064562389539	0.389448106199975
NaN	1.12052124717786	0.495487255911912	-1.97387441648174	-1.66474274685503	-2.7536291095964	1.90698462916333	1.85024179917201	-2.96619410611857	-2.38985899695089	0.141023600100187
NaN	2.78424316763282	2.9920040896136	0.747573016242296	-0.896844231556591	-0.548430964081653	0.601794613233976	-0.633076494710633	0.279655579283012	0.0777638898502832	0.34226647099463
NaN	-2.65894110129113	-2.76967924883359	-0.877002393980398	2.33381404733985	1.64539584728333	-3.97181464497761	-3.78508270642496	0.66365864839132	0.263212566658925	-1.76856173333325
NaN	-4.13294835298072	-8.68274978944733	-2.7668910188664	1.27026154538397	1.21583355885143	-4.76818895855369	-2.5772081839647	-0.38669668892358	0.158347688490427	0.527971190696364
NaN	-2.04437625436596	-2.74273830440423	-1.99470911011543	1.27529979546059	0.580303108730031	-2.81613990296423	-1.70380789175265	-2.92190082009223	0.904893651127628	3.06692701662719
NaN	-1.61726639248349	-1.04344708209122	-1.37032619503669	0.152832349956243	-3.36544879983205	-2.26954545259036	-1.58072774593533	-5.63245473015673	-3.25483378813619	-3.08521402730312
NaN	-1.34227449292348	-1.6403036704635	-1.13899386703349	-3.17702558121004	-1.29392379130311	-1.81602073145279	-1.08791126052543	-4.98029863188138	-5.05443923834742	-4.67702965663473
NaN	-0.163515871741241	2.17496027171395	0.236576257686478	-2.67235847760072	-0.645826772686595	-1.53680073720155	-0.304482396449701	-3.15723810975977	-0.89049790466907	-0.637521737465521
NaN	3.40678541163856	1.85573796588455	0.345261196298037	-1.56746498693895	-2.27275669406012	-1.23740833915611	3.90949375470198	-0.0487276907425644	3.96977295294157	0.499140713865211
NaN	2.30151499187548	0.0922759720303864	0.568971724908572	-0.686529862038652	-1.85011132646082	-0.57004312667822	1.54858586627499	0.207375165173216	3.14417722128005	1.62541736963827
NaN	2.42719790904114	1.52919070610585	3.38909031614166	3.42035608627857	1.54762908259716	1.18662931834244	2.94243068429235	1.77792482076726	0.713184611827229	0.813473522796615
NaN	-2.39193076469209	-1.30438606871811	-0.745708165696339	-0.0475232539698043	-1.99262101313098	3.96072465686935	3.07848135521997	1.6974992875224	-1.76427768788074	-0.924600911617417
NaN	-3.99589131179195	-2.13297272011481	-2.47377525320038	-2.93718560207386	-4.48078494111065	4.0815684059595	-0.631567408322357	0.836974832846158	-2.01112474624024	0.216006749614623
NaN	-2.01775270304474	0.255994577146321	2.38093028069603	0.0956320293770421	-1.27531379981674	2.71662084862491	-1.90971000796091	0.245280748283165	1.00910059558545	0.608698859453638
NaN	-0.781316127867101	3.93060643986261	1.42073817445146	3.64474053738765	0.253555121381948	1.85489532989675	-0.48865465759125	-0.00426706685985712	-0.596560900147933	-0.405501054765124
NaN	3.94951604619105	2.03852493550624	-1.25287105367776	2.81456091565515	2.27724414586121	1.31300357624801	-0.592188788767529	0.0817435316712166	-2.62418902296335	-0.655851967997288
NaN	0.847685736173011	-1.04552472820889	-1.1598549111246	-1.42705796850535	1.16915714695102	-1.20157326695197	-1.09454879939858	-0.130189996519852	-2.2833242402822	-1.42286356519688
NaN	-3.46671928756467	-2.84957115325014	-1.62111801993191	-3.49067182426963	-2.59400757518845	-4.63004476565568	-3.22732109929285	-1.61604183765395	-2.37122488432397	-2.84388167047107
NaN	-2.10053212496907	-0.786436645181689	-1.22207141381871	-2.07476514840844	-1.59332686544805	-4.23000586106739	-2.50142396019899	-1.61874410442931	-1.75158995188943	-1.84219084660996
NaN	-0.772220140947828	-0.183252995293759	-0.782560854726485	-1.34694967372838	-1.00602057049598	-2.94038542554986	1.15831228894227	1.44273644141273	0.586098562416044	-1.14923190755642
NaN	-0.580334199483942	3.00748378211839	0.378585113629389	-0.812250768569909	-0.677111284357956	-2.23474431952339	-1.5177112761479	0.515817427552649	0.156266534821463	-0.865068661455874
NaN	-0.422122076765342	0.0452012441970978	-0.00267187129957866	0.265799727793519	2.34236693661868	-1.68716389913565	-1.99907905130126	-0.690908909949605	3.60488514817147	-0.0266096009889224
NaN	-0.078902694998804	-1.86830888674949	-0.78127112353903	0.350826280288352	0.596154436498808	-1.13545075061594	0.0411614691435615	0.199166040046907	2.82034138377813	0.0592195620864105
NaN	0.140908003747116	-0.21692090425935	-0.386008705277809	-0.471490271449942	-0.180794152357548	-0.586822213837472	-0.470870922692178	4.53460321629181	5.29445372664051	1.52359352612023
NaN	0.343755249864709	0.452532895101648	-0.103401552186071	-0.441345220030878	0.155994930437442	-0.304939361050997	-0.699036750857173	3.81162068337229	3.95288244793885	0.992012773019734
NaN	0.448547166760491	0.35282696925345	0.955252137471607	0.0719500697299726	0.68476323955102	-0.0225787193327525	0.0336327929735416	-0.110596174838455	1.52062248536881	3.82002908552791
NaN	0.586990505837664	0.61703855688337	0.612377430003497	0.398591118709655	0.77754746118866	0.510101192283133	0.104876819464223	-1.61679870658624	-3.27799775751874	3.61977201459556
NaN	0.789429166371092	0.811421131947245	-0.209019989273346	0.250797081718413	1.2599321817277	3.99469264507884	1.65119722527893	-0.485009273167297	-2.54970491490409	2.08379482803034
NaN	3.78719851659708	2.5464401281751	0.532485458420217	0.573874886592356	6.28443871295526	1.4380599456694	0.669920442902186	0.0841841754277812	2.23066231078132	-2.71596312554716
NaN	0.653981625898095	0.636575999262681	0.1711946046535	0.983603554122778	4.72062689783896	-1.07650780724173	0.0621789334338778	-0.201493870052961	-1.32879053763794	-3.90256471583687
NaN	-0.634943801349326	2.61572609961419	0.565039738342542	4.83264517257901	1.51657336288659	1.20294090499971	3.19304635615693	0.826356920694283	-2.71965937383706	1.06648070998906
NaN	0.118545208312462	2.81160192250372	1.09062822905928	3.4519903684695	0.980787680433247	4.13749164647907	3.68160207575158	2.58474384337624	-0.752102296314265	-0.383215913184698
NaN	0.407889631587585	0.6785339184586	0.558605211907182	-0.849525362823243	3.82153722368619	4.04486659187286	0.690554855929697	1.35472767144234	-0.910149136949519	-0.48749963638245
NaN	0.411591431320383	1.65780370737016	0.704299786732628	-1.37382594854834	3.4859617979862	3.35561259133965	0.979079109902036	0.825723839634392	-0.572710275843765	0.130526527741224
NaN	1.92601629407797	-1.48190040143177	-0.218523905820682	0.802252699971674	0.354316767971092	1.49149112597185	0.596637774267405	0.528916312875933	-0.465735936812389	-0.505026386559026
NaN	0.864732176399492	-1.47101585048996	-0.244678196977443	2.8140002959647	-0.414743628442322	-3.06221731728782	-1.72577805633531	0.114496106625137	-0.263383826285891	-0.0713409672521029
NaN	-0.440790856810602	-1.09311469542756	-0.210331078894581	0.795289199362425	-2.08747301206106	-3.65146187871177	-1.40650763255432	0.862477301057595	0.40705068097182	0.212533293788001
NaN	-0.0672584985941338	-0.701708393011501	0.762156298253773	3.29917187078283	-0.986011111032154	-1.76136955001251	-0.798039997408333	1.69413262267131	2.00798625167794	2.92305691937822
NaN	0.264796820059677	-0.571132885300002	2.18775422477174	2.76496417902861	-0.783127618668027	-1.36348480697123	-0.695553015465256	0.435225892783312	1.25314876444973	-0.861821328265211
NaN	0.248985857287333	-0.555118361552346	2.75434582695339	1.8385733689807	0.174978344294081	-1.19371906053726	-0.0314465687756689	-0.325300964514393	0.413746514276793	-4.86880865608873
NaN	0.27419692494931	-0.326024823635391	2.5904632707897	1.27508731700282	2.10499243228978	-0.675536882821957	-0.114756575262507	0.132960764935187	4.82286593489223	-0.444877321535424
NaN	0.222211535838153	-0.277571805489784	2.51444162654854	-1.57379619045412	-1.60890749907801	-0.554354162816974	0.545103233261536	0.757436420334017	4.58578757398623	0.279162108940935
NaN	2.6389692517362	0.847988015512653	1.28207014606099	-3.91054563776004	-2.39132577265891	3.8134772025263	2.51587126362549	1.05706144966906	1.43258196663988	1.09068918697372
NaN	4.97749145040141	5.31308809267555	-1.58116126407033	-3.59584807182818	-0.0788116719548944	2.39809371477827	3.53950412939231	1.06876557388588	-1.88651943700901	3.6069387113946
NaN	0.0662493221689336	0.679901351133826	-0.486000996112209	-2.45413104202224	-1.72370988789292	-2.19958866602001	-1.52793853690755	-0.564707765937991	-2.63675329505462	1.12907921557843
NaN	-3.31076018918642	-4.89036034663578	0.736642739271047	-1.79342300661879	-2.93758996674605	-2.04724117786746	-2.12233022601405	0.494312944375148	-0.219762847138302	-4.05472234459202
NaN	-1.58163070160682	-0.393854255641255	-3.42354404512689	-2.39557974320494	-2.59130044595349	-0.548190288132438	-0.414965368718007	1.99229444820302	1.16197548791909	-1.95628373430191
NaN	-0.759353344353189	-0.371939014000432	-5.71153827166538	-2.68087900264903	-2.04377078893322	-0.267370920966114	-0.619608809184574	-1.84754785236377	1.72556600419997	0.666032368490778
NaN	-1.02446608011749	-1.13733832156374	-3.56859243363813	-1.61805834760644	-1.42130881449917	-0.246367980171774	-0.439623853413253	-4.4541458814869	-1.67941036548942	-1.85707422157942
NaN	-0.881820165993409	-0.712171109614026	0.816258619337104	-0.417998172535312	-0.6211166312008	-0.0315428365433193	-0.23029365214	-2.70853115415637	-3.33623785274878	-1.75436149381992
NaN	-0.635445100751225	-0.410876275779108	-0.405898489753352	3.49962881436779	2.4083866988066	1.09292779479794	0.128419102458878	-1.10306613665129	-1.81961819237817	-0.0599700727982876
